20599.2073335942 3604.28280544916 610 259.387589327758 7256.14745875155
20846.1440289232 3589.37238031289 630 643.513959809198 7061.98050338072
21004.6558078726 3572.16526483995 630 431.659573470514 7334.8133683424
21847.2370089628 3667.80735181257 660 763.722232982517 8152.51152066008
20180.2470858014 3474.43288380083 610 977.512856229481 6972.61362597218
21054.8819441452 3605.21349216921 630 220.608916637183 7579.14511688995
20392.1711928951 3540.60680289788 610 526.816306031597 6086.88994086722
20373.4576569428 3530.24150700406 610 427.67035332078 6430.69829177464
20328.9710373199 3524.09102313897 610 515.496806400101 7374.94334221249
20859.936482292 3585.73889496777 630 664.758918046336 7548.06986361762
21617.890166734 3654.7296647637 640 294.145088975173 7711.5445060387
20177.1955049462 3502.8832183066 610 24.0208906772838 6969.17959724379
20421.2800519656 3573.52320361763 610 357.348900655044 6951.81608864166
20601.1296569665 3492.46728456796 630 112.948924781586 6103.50227774494
21295.9336787343 3618.3455424871 640 596.707150111467 8336.85534880527
20611.787153007 3492.28209201745 610 969.129739442926 6369.29350357074
20294.6350883059 3535.90470621958 610 573.18504694566 7249.07792723949
20675.6388418249 3572.23255291661 630 394.744602595457 8131.46146759922
20675.7088491205 3521.72280123158 630 118.409534903779 8415.85665684468
21336.238227823 3600.20565128332 640 202.668604178534 7704.10747534403
20450.6185488248 3543.73899738203 610 130.157213855544 7149.31535530991
21069.1616070629 3556.79134508053 630 1002.41617988059 7199.81725808265
20356.2171480768 3507.97499400903 610 963.944024312188 7093.6845629834
21386.9769119881 3642.32732054518 640 106.423629301178 8483.18552857472
20874.0290882887 3514.05285880896 630 1035.30784020617 7130.19286335074
20184.6444559554 3502.12977111051 610 299.895475629577 7368.11778653379
21110.5635521818 3623.69152862344 640 975.799386411844 7365.26226931985
20879.4476804239 3551.17313552051 630 524.458226809861 8172.64993782426
20373.5835631354 3537.25746200499 610 633.178556537186 7172.35693099985
21523.7455149115 3666.63823198426 640 322.500860483142 6472.70584551922
20444.5836785931 3495.56622469381 610 939.798196830058 6567.39063298631
20831.9296574106 3617.22230198598 630 645.573101542535 7645.46966577342
20276.9572330207 3509.41208515913 610 793.479156351423 7342.19720987686
20888.007301814 3599.92936217587 630 1044.12700285191 7175.74175445773
20348.3165062118 3575.11925062979 610 274.541349542894 6883.44458292153
19888.730742947 3493.87242551072 570 598.61282795924 6357.75302328298
20937.0534131083 3619.77096968825 630 374.004149091372 6695.50952632113
20425.9816972239 3581.09143231096 610 306.633253802358 7243.78071374452
20122.5102950598 3464.06687096432 610 468.677441323176 6042.48443389172
20809.0922848617 3618.47356578266 630 651.590855828348 7237.99560009953
20820.1177808448 3563.19642188662 630 753.31629930458 7697.70145677989
20403.061692976 3563.14923149837 610 602.787279240869 6134.10078646887
20640.3098579985 3596.68814016677 610 275.586007866233 6377.9287442852
21007.7302356124 3635.02753354246 630 92.6266228412136 8312.72569178609
20714.6241342212 3554.08465941175 610 51.0449028367641 6753.64325258962
21027.8685711101 3555.02565966256 630 1192.14152725055 7509.52170777672
20384.8338378665 3478.04046177063 610 647.669154730014 7131.70245828881
20831.4299908711 3631.93301917032 630 517.904456725765 7261.73111421787
20724.9250444591 3510.75925925571 630 61.8930306940326 7028.58119022654
20732.0734762002 3544.67106942193 630 682.147163164468 6582.29319820354
20632.199598018 3597.42552719682 610 443.9948749953 6248.52608361974
20474.967856006 3467.7753327432 630 441.199451635428 6961.0320751062
20775.2901242809 3543.94740924681 630 374.418460717543 7083.33740480822
20214.4987934439 3486.99699415034 610 685.476879373242 7155.49358277702
20886.1180334282 3594.64707043952 630 354.00510685192 7083.72811597435
19978.4725849885 3501.47985390492 570 55.4088101722598 6322.4398099895
21015.2632000273 3634.21302862133 630 231.633813960835 7513.3825852981
20817.5921892785 3552.00174528637 630 95.5940223153839 7437.15473106333
20524.4351044511 3592.54946563344 610 213.252875248906 6523.95725796242
20860.9729848231 3622.52972555357 630 176.912066834692 7538.17310640455
22078.3531089795 3667.45076007998 670 794.712738730463 10081.3736183792
20309.3832983859 3543.09830828705 610 278.709499274776 6045.93782071259
20419.1588375261 3592.42780909102 610 118.213595903335 8200.93407283055
20686.1138357833 3523.85610524782 630 201.50355733739 7634.05108561809
20833.1749674724 3553.26770168178 630 979.472166631695 6666.85370641556
20335.1191093545 3529.79874160193 610 632.031598206064 7033.95065959322
20641.2418231487 3540.49751107742 630 295.899953452404 6565.18408195926
20480.838417054 3502.78043062242 630 628.150780067395 6413.18748885063
20391.1548003874 3527.8353747059 610 368.932700541727 7200.33156062166
20825.4810534354 3581.07948373317 630 314.171586185887 8268.68910409116
20420.5060116623 3492.47444345039 610 627.486094667113 7368.29129265006
20828.410616678 3559.14585315739 630 942.918916907224 6554.56237848439
21602.7145739683 3569.86328304222 650 930.972496650212 5592.48229189271
20488.5826808725 3560.50154086734 610 280.67731367039 7175.86920867704
20846.1440289232 3589.37238031289 630 643.513959809198 7061.98050338072
20974.54325039 3563.56476744979 630 420.069244691482 6626.37843265011
21764.2573842694 3644.42148805814 660 731.783360546517 8417.03553265551
20917.604194142 3562.59526302776 630 1263.75485660461 7680.4899301388
21060.9213595843 3601.63171619951 630 222.933488723514 8199.70515580013
20398.4277560783 3558.91660370137 610 311.797000868071 7386.67831319555
20376.6371389032 3531.98025768435 610 427.058461732206 6620.96054254032
20306.4298106185 3517.18974420068 610 506.820684197525 7284.14167095876
21617.890166734 3654.7296647637 640 294.145088975173 7711.5445060387
20177.1955049462 3502.8832183066 610 24.0208906772838 6969.17959724379
21320.1799539103 3558.92827529781 640 1184.03499158051 7999.28969858042
20418.4862833711 3566.91262494023 610 357.886561671728 7292.52264448753
21076.8391177778 3547.50468781241 640 21.398596363093 6495.91853052212
20611.787153007 3492.28209201745 610 969.129739442926 6369.29350357074
20301.3969699281 3536.19451655111 610 571.883722220725 7205.87845531755
20325.8647519108 3528.51966579907 610 293.213478438355 7278.61801642999
20651.4373535132 3561.33169653466 630 399.402181192647 8016.01671049607
20214.8088459978 3479.3026349425 570 216.621185959218 6421.99136672854
21201.4107007252 3519.78144762652 630 17.23816639131 8498.13091218263
21276.1482387384 3575.76911721892 640 179.53995659615 7903.11124059459
20264.628552933 3476.88498410613 610 165.95100525377 6821.86046022927
21071.2204471602 3559.19362806974 630 1002.01995591913 7317.29874740258
20278.607476374 3465.59928830855 610 978.880012595311 7130.59647987419
21393.3720632489 3648.56253598031 640 105.192881867203 8623.53930970547
20882.4797159132 3563.96150931832 630 440.924278760176 7499.03229597952
20874.0290882887 3514.05285880896 630 1035.30784020617 7130.19286335074
20072.7105070354 3461.53534132972 610 256.812078602656 6811.88168129583
21571.2509713573 3653.40561871864 660 887.140051254102 7384.14812578014
20842.5548574722 3560.13044586501 630 678.383234698023 6361.4686620179
20879.4476804239 3551.17313552051 630 524.458226809861 8172.64993782426
20197.927934638 3485.76627372848 610 565.568673605394 6355.53730622112
21523.7455149115 3666.63823198426 640 322.500860483142 6472.70584551922
20806.6563641636 3568.90111468841 630 651.113364435399 6942.40261696543
20974.54325039 3563.56476744979 630 420.069244691482 6626.37843265011
21102.9158839639 3639.29306547459 630 166.454224808139 7565.50947376281
21035.195658633 3522.75459762591 630 1197.91995924376 6885.0558139579
20864.0089924813 3595.13798659919 630 640.075845969415 7029.96043864928
21128.6947785756 3582.00425191817 640 487.025195766766 7566.93000902497
20969.3557521146 3569.73855057528 630 187.689869976083 7994.3816059109
20499.5265689941 3564.5677699057 620 282.576552616131 6537.71907521018
20915.563643681 3473.49166204364 630 1220.94315125583 6469.96514995266
20746.5151726898 3549.15938191465 630 594.85245364624 6890.07454109927
20833.389326937 3468.07449444534 620 371.738113931627 8026.22974307066
21028.2630513837 3568.7121231463 630 466.631087336779 7174.96663376543
20961.7995662032 3568.74234327357 630 189.144058632752 8198.16006891063
20851.2491128829 3601.37968771598 630 401.970160590189 8492.99228372949
21371.7303390495 3523.15398593002 630 244.240383983132 7160.00375297918
20646.0228325456 3548.4239696617 630 114.246751941613 6621.48168600388
20123.0544989906 3474.99748948562 610 702.07006568579 7594.75390093985
20791.693683618 3538.06446960103 630 557.960668103555 7072.21099897856
21179.0939836509 3584.76544436224 640 2.71022155768402 6493.71346298189
20142.3135296438 3491.81146404421 610 510.652477506225 7232.14734484893
21458.3461729813 3643.46241999737 640 434.960646008326 8497.76755227688
20524.3921625928 3523.20294973175 610 707.230905957185 6303.31349258308
20589.5305184113 3528.32391427089 630 353.454101555914 7522.76550496521
20880.5375501735 3489.59761740531 620 378.458752558338 6880.712550842
21341.639014737 3525.44066936976 630 410.542108013902 7608.39495870266
21445.8016348082 3553.77478776264 630 521.978016819784 7583.14695235112
20804.5280994917 3525.88566894927 630 34.8875090732655 6760.75434882954
21049.7878854469 3542.87823943594 630 1014.14758445364 7393.66491249657
20764.1797193812 3527.20205734635 630 889.640480003603 6965.07836511257
21241.7669333835 3595.17276217148 640 46.8400401749681 8133.33562497241
20787.648298923 3536.98226842983 630 407.702585516574 7329.59101666401
21330.7192835044 3549.3818862767 640 889.434149290373 8028.77497312094
21322.4177370709 3543.66039934301 630 579.518593194924 6403.23421915431
20685.2368022052 3516.15156821882 630 211.073900625218 6700.5099987784
20876.8878792113 3596.50883367952 630 340.217119733994 8064.40087165743
21035.6255297379 3595.04933451071 650 990.221215555349 6758.28509821725
20925.1652107669 3560.77007453404 630 533.554643126719 7637.63397347267
21929.4040807672 3603.41165316576 640 536.685145296738 6492.64097689344
20925.6532780878 3576.39212632757 630 1040.79748632746 7637.10864861418
20397.2247894728 3534.95649396875 610 596.141464258759 7704.80694491156
20755.6082320563 3550.95400807951 630 593.102493555225 6810.86332775299
20839.2258049111 3469.86756210397 620 370.614883221812 7932.35693298305
21028.2630513837 3568.7121231463 630 466.631087336779 7174.96663376543
20891.2540259147 3541.00249382067 630 161.991067515642 8552.88301710398
20838.0794011872 3596.31354329212 630 404.504672787744 8546.34792875452
21371.7303390495 3523.15398593002 630 244.240383983132 7160.00375297918
20676.0494019287 3568.4492215833 630 120.025367913671 7017.9888913882
20123.0544989906 3474.99748948562 610 702.07006568579 7594.75390093985
21333.7617007638 3629.35767944359 640 451.160424824727 7972.66718118285
21766.6875013787 3600.1035621119 640 228.875071980495 6692.99297923097
20679.7353031972 3567.48009222371 630 281.918228692826 7301.38942811872
20142.3135296438 3491.81146404421 610 510.652477506225 7232.14734484893
21458.3461729813 3643.46241999737 640 434.960646008326 8497.76755227688
21408.3267637527 3650.52289966419 640 526.299663770184 7553.05130563501
21433.4870946491 3657.89707169784 640 620.509836460313 8367.29107756872
20862.4685380635 3481.16454925145 620 381.936135560245 6579.45928166062
21327.2228999384 3517.23434979781 630 404.993342840794 7480.1488414957
21445.8016348082 3553.77478776264 630 521.978016819784 7583.14695235112
21587.3253966812 3631.27733312783 640 307.107615514667 7885.55367856697
21066.4396125243 3543.71377039908 630 801.786039856264 7510.82579365143
21049.7878854469 3542.87823943594 630 1014.14758445364 7393.66491249657
20799.811877599 3540.69944508783 630 882.783067957319 6588.72029383836
21881.2732418116 3683.0060052872 650 35.4468582547869 7786.52567608679
20787.648298923 3536.98226842983 630 407.702585516574 7329.59101666401
21332.1780262142 3547.91814318937 640 889.995619621161 8026.53561192828
21310.1299317317 3536.2378765054 640 581.883382435029 6413.37066847503
20234.5529871047 3486.40318814349 610 789.99428302192 7492.21694212803
20478.8686782717 3536.4352743356 610 253.492919971884 7844.12800909116
21340.6023445184 3616.46779841413 640 84.9487432011884 7586.28879786809
20857.3937437159 3581.23963184216 630 343.968767859284 8099.52708556507
20999.7317462703 3571.17537843763 650 997.128977404449 6771.14561820282
20240.3346503635 3490.32754606203 610 312.286391709826 7666.78847364867
20925.1652107669 3560.77007453404 630 533.554643126719 7637.63397347267
21356.0392023646 3539.89537420054 630 706.720956880784 6774.46389040759
21927.9023862286 3611.02557259576 640 536.974146545443 6100.81424536792
20443.1615990388 3496.38567600545 610 815.619296907819 6097.21689953521
21024.6377520233 3579.84657011603 630 511.365451520012 6172.43455608748
20395.4968659274 3529.13424068565 610 596.474003300111 7622.8651235838
20720.6519774929 3536.28122013172 630 599.829827882587 6665.79539939048
20839.2258049111 3469.86756210397 620 370.614883221812 7932.35693298305
21009.1407779686 3560.68900061321 630 470.311170571357 7146.11536555233
21378.1184277741 3616.25592467015 640 866.02941293017 7451.71671425677
21648.9334816257 3552.50803224581 640 1050.83949458211 7563.83122810859
21388.7102669024 3601.49138548494 640 66.255569300869 9031.69850433176
20851.3718039782 3582.77130052491 630 428.156361889653 7384.33422819154
21900.6254168357 3637.20696748646 640 507.926394855786 7759.51759895866
20689.518947128 3438.82848608385 620 715.508776356406 6262.0704621878
20847.8494679167 3593.60960858748 630 408.265173225285 8557.34064653775
21947.5953524247 3624.54034022063 640 146.462865879744 7759.6169767952
20724.3091702184 3583.571282209 630 129.312964651362 7180.91919317912
20839.2515591802 3600.38737789427 630 564.237877188039 8425.25401938102
21334.7007150384 3627.11234613247 640 450.979711443312 7443.24702649863
21799.2591046362 3609.99826709397 640 241.411887919605 6201.85063968363
21322.4873726046 3627.83523566381 640 529.313615555879 7946.39315526493
