53617.7049292542 9993.54828338802 1470 1732.99472540885 21044.5704702531
54430.9235616645 10024.9425265088 1480 589.58371077809 22826.8854567256
53632.8934643429 10020.7970529584 1470 1065.88344697497 26866.2219885955
52773.9716922863 9983.40254017744 1420 736.330989215969 25680.9863152682
52554.151091357 10001.5736048764 1420 396.807892210925 17154.591067606
54253.4905570113 10030.3504386326 1500 1226.64154892246 26286.1087358435
52840.2665052058 9919.39464829408 1410 2205.43743979816 20530.1566061398
53205.9966509612 10012.4128945339 1450 1306.20037215048 18254.7646771462
53262.0563056035 9981.94900234993 1470 1768.12476994334 24869.2090370721
53251.1862073828 9984.66697687687 1450 1748.78815477088 19554.1563155858
53933.7503305372 10095.2313390068 1480 366.525199220704 25593.6150027354
53579.5828648645 10058.5252294179 1470 1558.45605685579 16651.9653578779
53142.4208722649 10025.9132459621 1450 1193.95889334818 18275.1323230042
53140.6526043279 10064.6368211056 1450 1486.71921102067 21220.358858226
52503.0393626822 9981.46592649885 1420 807.461535161428 23921.2560460578
52604.6461572075 9983.68343542338 1400 1579.98957612309 17951.1115390517
52691.6415909914 9982.57429132947 1410 1358.89589423288 24449.509981813
53651.054365033 9969.5535688468 1470 2081.96277085632 18899.1086237146
53482.7780406006 10044.9025263009 1450 255.453225884315 23183.0486708351
53766.8716443195 10010.3345864139 1480 584.729330046719 24776.7158103921
52934.7974831353 10049.8688731896 1450 794.701812564034 19308.7177537053
54204.7373622497 9957.58565718363 1500 1368.25356831808 24041.5006139901
53332.5990203145 10011.7489894749 1460 1322.95043018089 25265.6188251888
52555.4947518734 10066.7677446456 1410 1117.82489250964 18133.6080842576
52267.3405543749 9972.18366148591 1410 1261.65673685551 23124.4415167455
52739.2677088709 10023.4138366099 1450 1839.20257615245 15784.6180524629
53261.8634360678 10057.4080628806 1450 1708.63401188354 15603.9048452603
53031.9012261102 10026.7314914734 1450 2233.67049350689 26173.4883692384
54366.3250408254 10114.8893983848 1500 1903.62670022777 17082.293767817
53078.8732575954 10042.6822378643 1450 1477.99980271445 15695.3398636149
53668.842345033 9988.20178766327 1470 1751.64286014326 21069.4337005588
53632.2113480352 10054.9707618323 1470 1913.00108022863 22038.1650619225
54116.7767063084 10103.1583788268 1470 1618.18941512869 14936.33851987
52836.2724886826 9978.56174004783 1420 1608.56029282743 27426.1369187584
54263.7654408539 10073.4708796252 1500 1721.10982817601 20426.6363495771
53581.784461821 10026.0246992411 1480 422.226466686095 23691.9995758632
53006.1669735056 9975.67046568491 1450 1098.25819581259 22061.4126560285
52677.6590008393 9951.61691819079 1420 2193.02402720562 22071.2534400003
53544.9937396323 10010.2979544762 1470 1002.59291842883 14718.0729511108
53705.1714372327 9952.3136473887 1490 1117.18036468513 17839.0730915144
53892.3551880745 10126.9952446206 1480 1325.91385554724 23731.450880504
53828.1141697402 9960.82786423066 1480 1378.06442665322 15702.0566629739
54038.3155472192 10030.9485252192 1500 982.125128655862 22398.7271700141
53268.1865720492 10071.0100822845 1450 545.54137918965 17931.8341015251
52778.4969239768 10044.4256154838 1450 1454.42528027648 19297.1859698689
53814.4428584796 10033.3161319864 1480 1478.90506433592 25855.7077537679
53887.482175393 10049.7406875197 1480 2038.17763209724 19657.7626669143
53128.4893335904 10007.591146824 1450 1618.02355172728 23872.8896076554
52896.4488304051 10061.9216821686 1420 1526.38252388951 21872.6630636487
53189.9355632683 9959.84361670282 1420 2269.5169862188 20717.326964334
53859.9384168972 10004.9527485557 1480 2696.62517249029 25920.6422090272
54074.1418144975 10106.9156872435 1480 1724.06559511396 17039.1669235148
53657.7217380395 10052.2932404371 1470 1611.45947842825 22971.7464591569
53907.7430337433 10037.4040610192 1480 669.674491765263 19260.7480690483
54152.9850628942 10122.4356568931 1480 2268.33235742895 20902.7372626068
53237.9030557651 9998.64738777945 1430 1446.72462107356 18800.8390798932
53482.0263678741 10099.3325635121 1460 1904.04593268939 19803.4622555777
54022.6088356557 10107.7188310042 1490 788.023832117049 25102.981122132
53771.8899489813 10012.4166581292 1480 1478.03218765913 22619.0834418943
52763.8217478246 9995.25846401226 1420 1513.22516899539 22040.3100452
53431.6356654806 10050.1347892264 1460 787.748768261261 18158.0362822671
53203.438470826 10024.7747959437 1450 957.028384929637 28720.0146443692
53518.8739163257 10029.1502498109 1470 1638.15770231541 22250.8964501927
53170.972854299 10028.3430733852 1450 1158.86057403824 19616.8896553279
53101.2707713255 10027.3391319461 1450 1458.09988834952 25337.6887918718
54184.0561735244 10033.1080345383 1480 2010.21156755925 16300.2195295898
52473.3346447386 9980.75422801835 1410 1648.0727182824 23826.027207119
53583.3517884072 10029.1916042826 1470 449.288854538771 23201.9420699743
52689.1707717501 9965.78213088238 1420 1582.1929755862 21952.4339301938
54123.056856341 10043.7236027235 1470 1695.41197420946 14269.7264927795
54261.7502476934 10110.5805994973 1500 1292.92426738661 22427.4038543413
53043.0029998193 9960.0052168221 1450 1557.88016309131 25486.1882196683
53077.632440063 9987.64094846294 1450 790.902419103853 20729.0532918645
54161.7122157289 10075.8485109986 1480 2297.71528777273 19712.1310825825
52964.3282344552 9881.56036300323 1420 1313.12190843641 25622.9821469773
53758.8732652075 10004.568407104 1470 334.518732243278 23373.4785533345
54510.3179368944 10018.7365851073 1500 1407.19513207791 20897.1109599313
53410.0832108771 9996.47721090231 1460 769.787406036968 27237.6084218274
52817.5881905573 10014.939348128 1420 1568.37135014263 24586.5849037708
52586.3415575824 10011.5559596694 1410 1375.97149505002 18759.8490414581
53636.9008562563 9998.40390213898 1470 1740.38324115687 20550.2118169885
52569.4717185157 9905.70969915979 1420 775.687027517892 24468.9840324054
52911.6666787043 9999.05493297063 1450 328.003985346106 19656.0301137133
54304.4680212495 10041.4701363186 1500 1246.26278405613 26603.0210003511
53216.0159116692 10004.4192127024 1420 2343.15020229923 19068.0838124385
54191.0649591589 10136.1038184896 1480 1150.7835061996 23273.2012048191
54010.7232258535 9936.11367131435 1480 2396.98480708265 24751.8939442397
53122.8216308948 9995.65822486466 1440 1953.58306634352 19400.4900150112
53749.982229462 9985.80764921861 1480 1955.92754559953 24700.7988719373
53864.8970829212 10056.030037063 1480 379.776012902591 26366.4942484116
54059.381761878 10009.6520076828 1480 984.5797372748 25806.9310586685
54064.9834015866 10069.999167852 1480 1745.28681054998 17480.4494619302
54109.4664191998 10084.825656013 1480 1007.85089106769 18823.2692199384
53344.849697078 10006.005765529 1470 1801.49289365276 29466.6336038302
52918.8763660282 9997.30438465881 1450 727.433666554478 24977.0457188114
52644.1855701678 9960.02888534866 1410 1368.0288096986 21266.5539630902
54185.6907711231 10017.5160064278 1480 1979.07194653143 18191.4761543442
53391.3416312766 10013.7554341422 1450 273.050171063295 25953.0162966476
54000.9569624879 10091.6587230091 1480 1001.28153852879 27299.6519938842
54563.6261397154 9967.84213645976 1500 2402.90384709031 18649.4980327447
54344.5698656581 10059.1766339693 1490 1907.75855720401 21055.0074056351
54065.1543673485 10056.1193385308 1480 1627.56580120188 18689.1074927584
54032.4047065486 10090.875181297 1480 2288.55299890755 19607.4826441287
54201.1566785197 10031.05737355 1500 379.815239255774 23704.676095315
52934.7974831353 10049.8688731896 1450 794.701812564034 19308.7177537053
54204.7373622497 9957.58565718363 1500 1368.25356831808 24041.5006139901
54281.7707207427 10075.6702749361 1500 1140.28225126441 25353.4656953959
52504.2724211588 9984.74446163028 1420 1127.68263465184 21284.1733768754
52742.6621213654 10005.6948609659 1420 1170.18105863765 20877.9949276063
53740.4113598535 10015.4557962462 1480 2224.54294708067 15001.199095559
53206.008872304 10037.3265338628 1450 1719.3832276917 15379.189201874
53412.5251907387 10031.1108645657 1470 2160.4193773608 22529.8345734723
54294.7991200308 10088.8004912434 1500 1876.0963604779 17336.5833248345
53078.8732575954 10042.6822378643 1450 1477.99980271445 15695.3398636149
53659.8542029938 9982.45685484048 1470 1753.37262888521 20822.179701959
54206.5627938131 10032.790771744 1480 1285.43692705721 17108.291653895
53593.6002759449 10034.6344642252 1470 1920.43178451697 19906.6049809669
54116.7767063084 10103.1583788268 1470 1618.18941512869 14936.33851987
52306.4735270861 9964.22972222437 1410 1404.64057743133 25624.1231132679
54310.9132201532 10041.6226316387 1530 1739.25701688945 21587.2191492984
53581.784461821 10026.0246992411 1480 422.226466686095 23691.9995758632
53543.8648518563 10039.9883600262 1470 994.778190876426 22129.2615683584
53236.0569916985 9982.27829254291 1450 1937.00758683603 24014.658541805
53536.0347467691 10001.3081559187 1470 999.144600467988 14657.8156956607
54396.0637494147 10022.5586681169 1500 1383.10493963132 18199.3589297573
54254.2642481684 10045.7834266864 1480 1824.47693638986 18593.1104063516
54958.4428053025 10065.0372632304 1520 1496.82289001159 18987.1912381458
54062.2144753872 10025.4974344577 1480 1130.86175201588 21657.9268014926
54394.3747105457 10023.7784566687 1510 913.601510724536 22667.8775391503
53952.9609157645 9984.38865736881 1480 809.111146975087 18503.6601140368
53414.5419938282 9959.27530496173 1420 1115.27308174547 20883.0171782683
53187.526619372 10063.8491498498 1460 1375.70747869549 19550.4859926921
53762.5077750809 10006.3875098063 1480 1488.89997579612 26978.8975873378
53830.2425192241 10025.7705013513 1480 2049.19340906304 18734.1123762954
52815.2797828795 9995.31593935342 1420 1872.55620902569 20340.9776249105
53246.119207507 10091.9923647063 1480 869.849594211305 23828.8077423472
54315.1995367708 10049.3316411483 1500 833.951142571731 24416.1456190187
53268.0845856553 10032.6235515575 1450 658.798946816625 23203.9708072117
52960.4450859761 10047.7532275292 1420 1262.11047752249 24117.3695352676
53801.1888516935 10068.0199440358 1470 705.91573316261 21686.8004138578
54249.0451521967 10023.0508771453 1500 2621.7415463674 24423.7487314219
54733.7874099254 10128.3078436623 1530 1977.96330317397 17383.673039618
53607.7428677955 9921.17594635511 1470 1508.77379967307 21643.8780805185
54130.3728297503 10055.5159778133 1480 1528.77669581528 21875.8077101273
54058.8974047473 10063.6903691871 1480 1534.25318537288 19947.8715035929
53270.852249277 10029.4916020228 1420 1650.31606917667 17370.881269901
53827.0489682848 9992.61773443734 1480 685.204071903417 19235.1804325863
54485.4613480458 10112.299516045 1500 2204.34726651849 20106.3879259611
54222.8722873996 10078.8527233504 1510 865.10527063251 25258.8024311135
54224.1697139886 10066.3649421355 1470 1436.49121224937 16002.9916938779
52763.8217478246 9995.25846401226 1420 1513.22516899539 22040.3100452
52903.6036914353 9989.75370891989 1420 1314.91436892214 18298.8236744505
54109.9579007731 10001.306586178 1480 1922.46298248607 17356.0793523608
54656.1180729738 10070.0315594353 1530 1909.18584287229 24839.2642205008
54464.89178318 10027.2095194946 1480 583.046523499458 25453.3853326196
55235.4090680257 10096.9779548937 1530 1682.69199041953 25578.2233263724
53088.156986911 9977.29284481486 1450 675.866001073653 24666.7322395717
55758.4072547517 10063.5142321371 1530 2115.78007747446 21548.7680793424
53060.9626663887 10038.3933357453 1470 299.271959119929 21688.3941026994
55336.3787692786 10075.7375611713 1530 1643.44541615899 24314.9767263465
54010.7232258535 9936.11367131435 1480 2396.98480708265 24751.8939442397
52721.9229571088 10012.6417060277 1430 1799.27709485811 18852.7247900713
53749.982229462 9985.80764921861 1480 1955.92754559953 24700.7988719373
53864.8970829212 10056.030037063 1480 379.776012902591 26366.4942484116
55341.3687755988 9987.7597197439 1550 737.861221451695 22273.0419746291
54034.8068283493 10056.8312799415 1480 1751.09429477723 18500.5878971551
54368.4313992903 10036.095737573 1500 958.013057412364 19120.0211499416
53344.849697078 10006.005765529 1470 1801.49289365276 29466.6336038302
53725.3696371592 10047.516920372 1490 1680.30914975651 25805.7934210856
54456.6251184835 10070.0736582968 1500 2068.6489991082 18697.6306598432
53441.8548622452 10045.6362326976 1470 626.786408030732 24302.8082754769
54277.7873079736 10086.1380633467 1480 774.363498208078 26143.9100113212
54062.8197269853 9973.82904855612 1480 1931.77885959237 18647.4546871454
53378.9153464675 10006.455999253 1450 268.267291810269 25819.6529070271
53840.667182106 10017.7458997288 1480 1032.12932114607 26572.2862154136
53662.2897560657 10018.22132589 1470 1068.30842697117 21118.8373727912
54549.4304131179 9964.73726525835 1500 2405.63581594777 18482.6658162783
53506.7943554167 9975.04964672497 1470 1826.27007247599 24644.9763679475
54250.6030457539 10020.3955783441 1490 1925.84248012621 20913.8922190267
54575.2439421941 10072.1028148888 1480 1118.39779993266 19293.4035091465
54285.0300574701 10074.3053744699 1480 1195.7601334078 21323.212157536
54336.0731530003 10060.9017797407 1480 2118.19050293532 19505.5842000687
53145.4230199041 10007.9023930007 1450 1049.57945573727 25879.4304906976
54065.1543673485 10056.1193385308 1480 1627.56580120188 18689.1074927584
53821.9564518167 10011.8730423228 1480 2207.55142789426 18330.7908604351
54531.1646566202 10012.1516212181 1530 316.30517425876 19960.8202505989
54043.9728819142 10070.0181958293 1470 1545.82529537334 17880.92307609
53663.1701497544 9993.84300531478 1470 1642.72137773487 20983.7364918139
52934.7974831353 10049.8688731896 1450 794.701812564034 19308.7177537053
54519.4971058752 10026.2246779572 1530 1489.40465012625 25052.1949458712
54692.1271711979 10055.2659827705 1510 1298.22852268706 25213.1438988567
52910.8415100402 9988.95957457599 1450 1049.43837701523 24353.6899683373
53139.5112183015 10020.0947845065 1450 1093.80741432306 17375.7620561251
54098.0231441642 9979.11247599402 1480 2474.03802302835 25243.3555222649
53578.3255810837 9970.55202818815 1480 2162.15610174428 13848.2728830285
53206.008872304 10037.3265338628 1450 1719.3832276917 15379.189201874
54356.6295818334 10062.5638398301 1480 1907.24493368706 19539.6155871299
53912.8401165292 10070.3658275632 1480 2064.13372499921 22565.465797821
53605.931633367 10028.4583452035 1470 1442.1540444799 26731.880293777
53663.4461648609 10035.0063661178 1480 1633.08849473057 21722.4439557338
