10302.2965282681 2982.36545758133 517 390.656023888901 6395.86512019866
10353.4595349521 2971.71176232015 540 351.993863065524 6860.08612482328
9866.27714066878 2975.28147038283 478 191.201397125379 7579.14669980259
9970.61892483463 2970.29905742331 466 256.276839236618 6027.46422068085
10109.7641868668 2971.47119483433 497 107.245965363338 7645.0923703435
10097.9871257906 2965.00159219755 470 370.07363260471 6120.912135644
10156.9423119424 2972.02553032474 496 175.919670144649 7427.93989954571
9941.79247181252 2984.30668908195 462 254.294736642932 7698.50487765242
10245.3314689251 2956.18084376247 530 191.20593398909 6885.25915960477
10383.9479332129 2971.38159149933 538 139.231851994758 8696.54533858244
10211.4892484358 2993.46856912185 503 73.1082639144401 7553.09611151681
10046.9558858186 2970.60773160749 445 191.677036159876 7329.54755080799
10182.9557433483 2984.52154143878 435 466.252464032096 5705.91417538868
10135.3337026338 2973.551346826 482 79.4794062802142 6726.35361010116
10130.3627589221 2974.05861424336 540 201.628722332398 7189.7516544074
10111.8669377234 2981.88106184971 432 360.902351808566 5341.68202401854
10037.3504567016 2969.78764496083 459 244.133283793492 6365.05280416154
10454.8543797758 2988.51140885271 564 283.371693069279 7264.82517411451
9920.46942462904 2989.74561951156 468 61.6138555744355 7984.20006689537
10126.2504693676 2976.46514249869 500 259.869046506554 6927.6325969618
10427.8605928795 2973.79167050702 583 118.512125147984 8220.61869532887
10137.0759873641 2979.55516507838 540 198.082238894318 7974.87756287704
9831.02308454477 2984.55050987405 448 270.125928021949 7416.50623123915
10087.0006169042 2970.55224742859 466 151.113044776594 6759.54213310175
10073.1274275138 2977.11319409478 479 216.064712286224 7297.70630497955
9994.16075479847 2970.68698525973 460 281.158079978545 6586.47650956277
10295.1212459999 2936.45135350018 525 351.009124642065 6806.66738465605
10067.3755955317 2969.00069221482 432 261.341537583739 6578.91041401161
10092.5290747887 2973.20086326931 444 425.313655261516 6641.70959143563
9943.39596801753 2961.62253146246 436 308.157670252339 7673.39173050277
10107.7992452405 2967.92330303298 498 194.033946065818 7952.4161579983
10233.7130895496 2955.83998071388 504 271.705870811727 7367.10677355363
9871.9894025474 2977.16286593087 410 174.791068171809 6895.86998981099
10057.9572627867 2972.17815028411 489 175.128536337519 7892.6224218433
10056.3613303207 2975.90331539609 478 198.52356280582 7824.99917530609
10223.3082978853 2940.00951605922 511 180.283267390156 7443.5588878412
9816.5011239585 2974.67159273215 439 211.682447587399 8246.29605761088
10442.5760821603 2994.57941372301 559 196.144185625785 8047.45971790315
10368.4484742616 2980.80401489497 547 222.290549873613 7060.82019594502
10339.182237306 2966.11412248989 551 332.189667558033 8408.05197319267
10043.2966973753 2977.56103086949 454 191.419470184589 6224.30191364697
10099.576935302 2979.12645415331 470 177.335187683459 9077.7671040608
10426.6878268522 2969.78939160235 556 159.956138930174 8098.68484152591
10075.0759528685 2983.12731029633 466 337.440150686962 7412.7763348603
10228.0207061651 2979.91288496621 513 211.230883935793 7769.13468701313
10194.1811482022 2980.87027930606 503 295.667831106527 6297.51228897779
9935.16220038201 2974.01850379952 431 227.470940213023 5738.54253542663
10008.7168881796 2989.73175535826 481 153.175664731757 7784.17976664158
10132.3454563767 2974.74522867811 495 240.329045874862 6148.34917194836
10121.1450256643 2976.62168146401 473 187.538737143891 7594.25071541121
10290.8527678852 2980.63594997725 502 356.687444672872 5682.14757452458
10191.9583767242 2967.95307615011 530 175.852558213182 8249.14216241647
10141.4708592428 2979.26731344474 493 273.609135367941 6423.03997067699
10129.0055500476 2969.53138675573 534 217.646537522127 7023.30939958724
9920.84320835926 2975.51590380353 456 164.214168090766 6866.4725642584
10104.0427105561 2978.56218769549 442 224.660918203816 8523.95723709108
9939.56446964077 2967.53905234237 455 263.98962454163 7592.11178718884
10166.8022483748 2975.63194799578 481 115.965532728179 6438.81404202472
10118.2237411508 2977.25354884331 486 256.70119235618 7918.98121117059
10155.2625956924 2964.55967595993 517 10.704519744928 8194.9223309899
10332.3167669122 2961.75296471558 537 475.989999254778 9092.43470141795
10099.3120415284 2989.03719421793 522 132.952260304532 8424.18867601809
10476.0654035174 2986.52424304796 542 166.384403656478 8087.63287333419
10137.8436491741 2977.6376946643 480 282.630512877313 7476.20493925491
9945.17460971045 2948.84269503286 456 354.788434619613 7558.01633559729
10404.7240667267 2983.53041281081 555 184.668096695148 8188.71072305485
9788.578409312 2986.26953337207 404 163.854231343096 7136.40445570639
10161.9835880237 2984.35810504615 493 404.114960071902 7398.7072840813
9869.36095389941 2971.84144150635 417 364.124186298616 7040.39697107206
10469.0558478261 2987.77159499447 512 332.747529111886 6369.45467243591
9941.12158743797 2994.22223865889 469 168.966651873602 8717.32048051318
10054.9166268549 2979.85004707064 452 96.1008984717665 6874.52779453463
10308.1435609118 2964.07831344302 524 144.621370599659 7208.23099542877
10018.0923383559 2984.14792429979 460 287.400960971891 5985.42800711884
10237.2669968586 2982.02723878761 498 118.92787433683 7314.99645498046
10471.9435132735 2979.0929556398 554 413.038751005841 7405.34176145786
10069.2475581719 2976.46151857628 511 472.16373651309 6634.14263212475
10434.9700893771 2984.28230744616 552 173.055927513463 8151.39548016075
10323.34343687 2982.07406107566 541 226.438554342841 7132.99876352127
10205.320491766 2974.2569830133 526 165.885522967769 8269.53568855969
10122.4855629255 2943.05325454178 517 104.477340189695 7883.52906476875
9940.40752855825 2966.96830620001 440 182.565706964347 6972.99905521549
10048.4000884429 2986.9905126851 457 261.500072910848 7301.7250607291
10011.2609358618 2988.19488569247 461 146.594489284078 7667.09390004739
10098.8971779237 2978.34099260938 491 250.082124539004 6462.17587840787
9889.09599614717 2976.03184643705 429 358.338034532653 7417.27865737881
10050.3709898458 2984.55308560886 522 142.669906399923 7455.76550908283
10304.3337288419 2978.25591620118 531 461.608910471434 7289.49388208755
9818.5241215089 2979.03465305626 433 118.37408278027 6294.24930976153
10173.6489203317 2960.16328121192 529 222.360673896922 6763.84413451415
10093.8390643054 2981.01366967125 497 15.6542835778498 8250.9849159182
10458.0398342607 2992.68684033565 573 312.157690927447 7529.0628897174
10187.5900010738 2964.72654510658 526 235.427666542865 6967.99224422632
10089.786305737 2954.57220879137 481 338.329324321186 7410.73292971459
9781.49964717558 2972.01729748586 435 99.2645891898792 7549.74136602156
10246.1496082592 2962.71478728474 512 318.563682808322 7784.37465981491
10147.1174898071 2978.34961220021 480 237.973789471067 6401.85808862374
10043.8298990293 2990.83648165946 497 365.309059454207 8558.53078566298
10125.4231603841 2956.01926356813 488 339.027831602142 6958.14054090086
10114.0473897415 2986.2557850693 488 204.517237097932 8230.23022224789
9999.63884766402 2994.04856222184 448 163.973363026282 6418.5605923125
9916.04646411802 2975.19619272912 427 330.334832507314 6610.17253032399
10406.61438186 2940.84843510626 567 512.751481078408 9070.58597175431
10073.2798964357 2974.9424521639 454 232.49777196903 6767.26552362642
10383.9417464647 2993.33166302442 575 393.814266457522 6900.22364688209
10218.6600162644 2997.44964832677 554 135.880736929517 8855.82048305272
10310.3955540806 2993.86657319386 571 409.981894279325 9139.09707455321
10299.5862956363 2993.14529978016 570 309.501139166539 8570.3000305418
10387.0769259481 2987.16644483087 576 387.951684666678 7917.37507785491
10684.4104611217 2996.30308313959 641 294.070986681104 8035.46088746605
10335.1264845492 2990.22718909437 560 473.284867847516 7257.13108740502
9967.88943445327 2992.63108733667 507 260.799438528895 8520.72809067248
10728.5225467107 2989.57243080371 686 305.206384369848 8979.54301557648
10422.3835030746 2996.28883178909 574 162.114827783012 7864.39133854313
10390.4056411695 2987.54824932215 532 261.209384277073 6827.96350802702
10823.3071195988 2991.63400846561 677 80.6103647238551 10528.2272826475
10230.5686555955 2995.50076022141 527 69.4364302945704 7662.49586833153
10221.6049464587 2990.20624905804 520 197.350019420832 7927.129614851
10282.1099669095 2995.08769457864 484 488.42529019544 6157.1552621107
10344.5420854438 2991.38880115754 593 198.831490892551 8223.31836566413
10324.4644470187 2995.09172517182 480 436.241402751836 6197.24724460081
10200.3972310694 2992.72691250362 482 212.754917436234 6479.74914187545
10138.0893425096 2989.17984060822 463 329.259614576461 7207.6790399401
10249.9847491081 2996.48514599663 582 14.5652809866845 8398.35070568711
10493.3482344694 2985.35193681863 589 343.752135135521 7878.60534309738
10598.9845846059 2983.46906464816 635 157.793772601526 8021.82670331161
10177.5848672334 2991.70359627272 515 366.018848811877 7392.65893850646
10366.9533038086 2997.52882490293 581 169.132030742653 9696.44192462665
9946.93819880685 2990.68372006634 458 274.281618856319 6988.0595763042
10239.3492925275 2995.22345269884 516 142.792147182856 7674.3501654159
10425.521916903 2992.34617823228 540 349.93128829619 6915.13785842642
10452.7193785161 2986.8502407839 574 218.501567509598 7682.93895467211
10342.3027051041 2993.39106929998 573 140.022289849745 8498.90003604164
10307.3743848651 2994.10626681734 549 144.435146293573 8064.75178988284
10355.698838313 2985.42378955897 524 81.7011438555351 7160.10556832687
10263.5481584991 2995.866367706 553 166.086276446702 8384.4221874597
10348.6086313789 2992.27052787269 573 158.695854650012 8606.06922662424
10252.1395924765 2987.53854964719 520 171.095005721941 9121.32012270538
10463.9496896756 2996.84528096972 584 192.030832941617 8067.8525231235
10246.095668628 2993.2507144535 534 165.684566792173 7685.5543967832
10810.5451891321 2996.10080353932 696 255.665982664941 8464.86291143612
10646.7903368401 2992.77732620269 666 122.564752603581 8396.68957255966
10175.397991706 2994.17650300951 521 205.821011203548 9821.3033673552
10325.0297666281 2992.00798690942 500 399.816444290105 6551.58905124225
10449.3486482176 2986.48080321801 620 272.096163749559 8344.36104392074
10596.2438439494 2988.98492946985 623 403.954437675271 6993.21304094319
10059.3288320208 2995.90900347034 514 143.435391598115 8047.45057447842
10376.9061911654 2996.19249762997 540 361.207587683206 5859.21748336969
10407.2183359155 2991.72496969338 609 208.572193634638 8963.39551195514
10525.238041591 2995.2261610369 613 190.772612962795 7650.1100934631
10632.2265766447 2994.60862133858 632 241.630957617221 7619.72548268879
10046.7132906062 2995.99696341419 514 197.258653984596 7082.00795710436
10212.5931327629 2996.93358072655 539 270.317686913684 9042.66072414055
10300.457386796 2995.87527335531 531 116.788961637009 6830.81072557259
10573.9677430068 2984.01239277649 638 40.5482024036232 9521.61720269938
10769.0470299115 2992.53931366338 686 319.700720102726 8566.82607732494
10218.6600162644 2997.44964832677 554 135.880736929517 8855.82048305272
10403.899106159 2989.00278476578 559 293.73069420431 8207.10833596455
10387.0769259481 2987.16644483087 576 387.951684666678 7917.37507785491
10848.6139363386 2948.68547508749 679 316.638736578141 9479.62648709337
10830.2128644159 2990.64984414265 686 350.190357874686 8175.6546038687
10443.0380689644 2995.62435721154 583 514.8200560547 7492.25845611795
10294.4164106008 2992.62179358966 518 149.462767522298 7881.56145137431
10104.7064179669 2983.43300770481 550 313.460320036441 8184.3914656253
10995.2828243502 2972.37350512684 755 253.868345001759 9713.76855548336
10390.4056411695 2987.54824932215 532 261.209384277073 6827.96350802702
11138.1415594845 2993.49995489146 792 186.465888090142 11044.1638262694
10230.5686555955 2995.50076022141 527 69.4364302945704 7662.49586833153
10858.1791164567 2990.07282319287 670 442.367531692473 7838.22523565989
10654.8044353253 2995.87649000792 593 416.700206306998 6964.53833503571
10559.8038701126 2995.69107061944 592 209.467892898038 8013.81394107837
10433.7841807307 2989.01307626389 594 181.656841646896 8334.3064662393
10433.8703129184 2992.89543648905 622 20.8235122686287 8982.4969579919
10426.5132030753 2963.44887353788 589 318.027319557703 7699.84477447239
10834.4521823041 2930.23297571895 638 245.830405920601 8525.40970539498
10218.6600162644 2997.44964832677 554 135.880736929517 8855.82048305272
10384.4306590943 2986.10498267881 576 386.933136079756 7849.69759925559
10830.2128644159 2990.64984414265 686 350.190357874686 8175.6546038687
10483.8192665446 2970.75976617376 595 506.971710921089 7660.09002452461
10401.7740353159 2984.53932816381 552 177.768153283685 7715.94395662538
10096.7347549922 2980.14200894335 550 310.392025526871 7998.33208217767
11148.6175673963 2972.87878885983 792 224.359059943843 9950.00796702347
10720.9352769452 2981.94513765186 646 104.658512112602 9218.77742602458
10955.8742055541 2968.65999891825 702 384.427096363236 11658.7512140275
10390.4056411695 2987.54824932215 532 261.209384277073 6827.96350802702
11108.0385077133 2983.83034620361 797 192.259223104657 11214.3300369895
10857.9905855019 2989.89588000665 670 442.294966094139 7834.31036550403
10559.8038701126 2995.69107061944 592 209.467892898038 8013.81394107837
11331.8896084854 2990.45111078752 789 353.703950226684 10310.6915179916
10677.0384958666 2989.24850956862 635 134.842526871823 8616.54493382296
10909.1347367595 2982.79460817169 723 267.072641417121 10300.251438116
10816.4248643511 2983.19772443255 679 326.653189884666 8636.23291485351
10532.5616740669 2963.67278617914 605 303.468009018655 8527.2281247496
10409.7508763427 2989.75923061724 613 16.181724535398 8871.50327132025
10607.3901216962 2980.68394194757 613 156.176126234261 8208.48172319624
10707.1969273522 2969.31984339879 627 515.234899483753 7929.14086321303
10496.8007188386 2990.03742565715 603 304.585729527252 9529.87042248843
10690.8527256325 2995.0931816199 675 117.398581789448 11285.605862985
10781.4380835114 2981.45683837854 686 130.697501168319 9393.32911008762
10589.5272967402 2986.02218791358 611 385.850875502276 7736.28362430256
