10398.9488900831 2993.11529260878 685 130.332966291627 7135.6356534702
10278.5730405548 2946.01407183974 729 248.690974513353 7327.68528024525
10756.2728751094 2991.12437700335 727 114.085144749686 9152.80548268568
10343.3840468021 2976.91084760625 698 286.303840816103 8137.76428605184
10422.8756102984 2985.51875186667 763 147.919426007291 9874.72336088018
10257.232207072 2982.2199999828 730 327.716210975157 9855.00092034954
10038.6754506432 2950.44180412505 606 159.958480556084 6636.94133944425
10604.2907332787 2966.53675409954 801 203.303821519175 8604.85726072762
10410.2760366642 2970.23375301006 753 166.250633637506 6815.09786678454
10433.5793414784 2963.05744279086 738 233.022831888022 10336.3550766266
10347.4185175928 2976.45156147932 722 380.247646023868 10902.4695849627
10254.6315960664 2981.37646970868 629 260.20149691051 6667.40966621038
10292.4715045904 2994.90855996539 676 245.732540056234 7288.26466277829
10190.2386496312 2983.31455943834 625 252.899179709663 6868.55299430271
10343.9256769158 2986.55751922135 717 24.1603080139192 9197.45346811268
10239.6961391863 2981.60106042932 632 342.585195451065 7092.08744307362
10265.8795042857 2983.8150525264 686 244.85666268572 7929.29957813823
10315.7855657607 2947.27965819848 682 155.089482423781 7896.77326481417
10341.3424278229 2990.77899332237 665 257.538294100984 7589.18839071145
10199.8414903014 2925.63359126252 659 186.54096578352 7231.22994173253
10094.8891887713 2985.50881134932 667 169.352942964514 9598.09918112478
10243.7343374794 2991.61198463029 723 123.426479151427 8248.11275448625
10407.0666375324 2976.97862089578 724 242.796264328534 8816.93916598961
10509.0805131855 2970.7523331728 733 149.07985835332 8971.87175534035
10843.7373124588 2984.42424506117 838 324.504900697775 10265.3159164671
10594.0069920811 2981.40696046194 719 141.686347256545 9215.90018352307
10192.0320739935 2987.36935038917 661 223.459445447396 7525.54975074717
9995.29310013575 2975.32927557972 601 179.795242094812 8744.86302945204
10759.9955158511 2985.46003102001 794 442.823847019343 9551.55681437815
10208.8877753247 2968.71117550233 622 211.1284095733 7172.51211469981
10664.134778245 2968.27692505627 756 466.63231009791 7658.00323204202
9988.97779617196 2983.72147679181 656 203.161391466806 6265.0345520779
10017.1716802431 2997.27891368996 611 224.385661005929 8388.8978410265
10606.4427244929 2987.09173328756 762 50.2690402570547 10210.5637642029
10258.7566385258 2955.91955649144 689 134.978694344552 8085.58302813429
10631.8897586583 2959.25707058393 735 251.367192123036 8229.27091901824
10252.3455726062 2961.47456469987 657 217.654104331536 8890.64841532984
10297.6715330436 2978.75391448561 715 367.87086308375 8449.0015977677
10587.3172285032 2941.46108213411 805 373.845434638933 10888.8160019093
10453.8567243006 2990.28597491888 715 150.626947936788 7397.15693544625
10030.7329324479 2959.79501927931 613 178.731654691814 6332.87113229565
10386.3395510405 2962.75230271514 679 191.279121444976 8257.015326525
10507.6044040596 2966.77369135611 751 293.783131106659 8563.19837336734
10255.55548583 2983.35545997851 617 276.989493080309 7358.43145820626
10287.9656868486 2983.51538718981 696 286.450893660714 7587.75101543592
10238.7596971277 2987.48032055227 610 259.910364792578 5957.22092153218
10025.6090367901 2990.70952901989 599 201.414769096018 6697.64314809268
10204.4918140993 2985.02480424748 589 400.103581695708 7071.24394375005
10231.6534966061 2965.56125982074 713 292.368287543476 9300.34147530853
10269.0755270668 2984.3253039668 655 247.589289025515 7163.60444490343
10196.1975848322 2968.04988337895 714 73.9119169443202 8443.57508427425
10658.4340030386 2987.80457713009 819 314.961922077635 10701.8632345201
9981.53045899205 2970.41656263913 602 307.148429460743 8172.3906754738
10267.4187232309 2980.53235167023 681 386.461730795754 8893.41001471465
10571.9101913269 2974.28958079639 717 204.328433734698 10376.649847744
10272.281893971 2968.28953269001 662 191.540692612718 6662.79562841746
10189.5197836749 2985.18223778838 707 205.06538693891 8350.27806608899
10235.2585050703 2990.6661261312 705 167.815318134955 7934.96160387562
10453.520094062 2967.86575852625 787 349.710126304299 7842.0656601923
10273.361501754 2976.05058980321 691 257.872421484374 8402.70552955825
10156.4946443278 2988.04169030084 613 283.302992917308 6971.73886716771
10067.4596819295 2929.14129108046 650 122.074321708266 7397.16836767197
10565.0454248922 2955.84255319306 716 307.084232616432 8446.84772847417
10636.1342024946 2937.44998109226 792 272.088956113405 8071.03529208509
10097.2296448166 2988.69643657373 646 156.817252791021 7338.0563754994
10167.2288748246 2977.90120773633 681 284.990996903335 9307.37874612025
10571.9127664329 2970.4354633553 782 310.641508109323 8103.92440958588
10470.1223498879 2985.83796697339 780 151.535345546795 7869.14720595911
10095.5736393853 2973.50593778579 587 288.502327312727 8059.34531940475
10639.337648068 2986.02477795605 776 241.871139606355 9000.78780489165
10400.2768606681 2975.9097479456 718 248.781861656014 8572.04798171098
10106.2961644344 2970.39881284303 660 149.146362129293 8594.49113891985
10041.8360769126 2991.74378596924 700 219.265071251399 8146.59427052083
10191.8100164126 2990.25108628127 641 216.799504020841 7975.50712043708
10428.3545726911 2972.52718520274 667 134.715000257507 8260.77465495134
10373.6212048917 2981.88922002908 679 209.742658422587 9926.14676147912
10353.3483619119 2960.77018383151 741 252.901572885745 6918.47247942135
10141.6770847307 2956.58002395819 662 89.898958747653 8979.82110920033
10165.8324436126 2984.70740788322 624 293.182859697383 7733.40487474317
10391.4767910913 2983.76820878095 711 217.596309542665 9209.53318608348
10097.3547341587 2991.1559839677 659 329.126446086311 7201.5310412838
10107.2308410374 2967.59776321133 663 216.427830473935 8237.54104282782
10714.7750488148 2981.77966223508 780 364.736567666219 9151.31041920993
10028.9137859246 2990.80325560274 647 165.332908876003 8010.37243941046
10229.9320710769 2975.76081012626 652 253.234660096738 8212.3316995845
10238.0266356303 2992.13145558648 693 247.43694922965 8610.93691698335
10752.4655360279 2982.48521938498 815 296.881672103949 11301.1454528425
10447.4453039636 2974.82821131442 724 298.531436651971 10564.9118801303
10220.7034337532 2982.14013624869 669 241.044107478597 7864.03851528894
10580.6768377529 2967.33888302535 768 272.399315912263 10929.3673726978
10783.6208772457 2995.01732275552 780 362.559052817096 8971.24191887346
9994.56345942811 2996.65132417275 597 154.648017396894 8133.29429134067
10436.0487048612 2997.13247573856 716 144.612691657636 7260.14159233378
10668.8509678371 2988.78200356338 773 466.618065308416 8947.9826145067
10815.9852726752 2996.16068432914 830 177.089961202921 9001.83425787752
10658.4690300036 2992.49740521543 724 132.907503516225 9702.46827318654
10388.8026178817 2986.4057052713 740 142.778966034512 9034.49032800565
10663.3032034825 2997.66542865415 866 194.532616261618 10960.4558555246
10767.3850641498 2991.31146521035 870 238.819605393885 9205.43528326598
10347.8791970115 2993.65210161914 714 339.244902267717 7968.01512144255
10619.8572670708 2996.76671018942 837 200.30804069412 8608.52220250188
10265.6328810637 2996.44794130175 653 309.397379989961 7731.57236043886
10340.8901446005 2998.57246626535 796 117.235249715586 9817.36673248263
10387.8325870235 2996.08813626796 690 227.380291185254 7412.63071092497
10772.3055782693 2986.68015821889 781 420.604370328027 10576.2119719882
10748.7881980112 2993.95742233277 816 109.535475132583 10057.6577183598
10517.7750444859 2997.00157568618 774 244.333859095533 8151.45384593276
10363.3592698351 2997.74946238366 721 63.3850954513216 10067.7925171223
10349.0411827982 2997.31581862151 704 256.689521413716 8808.76788709644
10661.1793868282 2995.44637175842 784 232.636197878761 9075.44634364988
10302.2759186054 2990.64914543413 700 194.2893220019 8192.02898191775
10903.8822098778 2998.18905651218 862 128.651238394274 10576.9504339711
10401.8858113592 2995.06074380791 699 274.867952112503 8900.79845057643
10513.5601442393 2998.28030503189 767 288.540067989625 7783.92786438384
10249.8461535175 2997.52952266615 742 122.187218014392 8445.89277501937
10607.7801556331 2997.29444944101 835 117.627443779862 10434.5605980847
10501.6096601808 2980.32113376999 769 150.517624684435 8302.86636496012
10656.9709364702 2994.4351811061 777 283.85534257872 8561.87730627206
10939.2702222856 2997.56716037446 914 334.272408890782 11498.7459500866
10675.6390183931 2998.91592160566 862 163.722853914125 10885.981951778
10267.590713312 2995.83226960161 698 229.912727648975 7595.69909323018
10349.5731533465 2994.32678350414 678 288.188369855348 7883.91724617985
10159.7033009312 2996.4546333835 646 350.977869554911 7452.23917264175
10821.6756511185 2996.80465968991 865 289.941402449106 11152.1454353275
10694.9762646717 2995.72565833813 788 230.243030147173 9245.63937581338
10828.9556977965 2998.51732822828 856 418.415181703474 8581.11971839109
10197.0288046786 2998.57954267882 698 224.887135120966 6443.7408532873
10017.1716802431 2997.27891368996 611 224.385661005929 8388.8978410265
10714.7105239946 2985.67139275969 772 331.274445752827 8428.13032442411
10599.9655499399 2997.22430847919 817 265.946718262324 10757.5500865749
10722.1144670851 2997.42418220692 786 55.3504488863403 10455.4431873705
10711.6350053824 2997.70172313448 774 427.042759561484 9063.94374372833
10474.3054283269 2998.1570050055 768 140.089155490463 9720.07213663556
10669.6981147347 2996.8782600956 831 215.450220871258 10116.1041974649
10377.5886590017 2995.47678647289 784 112.109461341189 9768.32963473628
10531.4221993486 2996.23105403695 760 292.887889746094 9520.28097114136
10437.2514116791 2998.24395528694 764 247.737908105807 9539.74478340131
10874.4063175729 2991.36498647282 782 258.735618336476 9537.08184089366
10733.6712378894 2996.45831206612 926 296.111324097583 13161.528083406
10785.8654039211 2995.75489172933 828 432.223689803199 9024.84117252022
10713.0474790267 2995.95623159793 784 222.473100288743 8992.5534521682
10206.9344938082 2996.892654892 671 156.561479012939 7444.63374821149
10727.3135515859 2998.36780110855 837 181.062920622019 9788.35199758153
10760.2039727174 2997.04714106416 847 363.94312106335 11228.584634994
10733.3637101284 2995.12655526203 835 281.154206019947 10506.3692776651
10447.1285686865 2999.02054842583 777 372.218819575797 9181.08887874536
10585.3291549401 2997.34931722688 801 244.449654958124 9388.00610539557
10580.4068338694 2997.9624206307 808 194.574968648968 11490.8157050155
10888.4264148513 2999.23171943543 867 301.022796366911 11484.8690543897
10276.2529218593 2994.75395671137 659 168.243336818569 7987.4312672443
10409.3800408767 2998.98689688562 681 220.587672753298 7580.48447636192
10375.2583730904 2997.81291820537 795 79.7830410873846 9923.38507397073
10875.4028970786 2997.76354736562 909 479.110857791482 11494.6768502081
10376.589670474 2996.32440339293 663 185.124672322365 6438.34101805767
10173.9884411298 2987.50227476517 735 225.689231542929 9052.37435843287
10324.9467068117 2998.06385293697 757 162.4361057565 8464.89520235226
10563.2631260875 2998.37026510668 809 290.665943330416 8920.12458109397
10511.1871229804 2996.76717032518 816 307.646288139097 9227.29112712506
10482.1946367501 2997.27032496468 727 313.949724883932 7513.29457069151
10192.0452437617 2998.25487622983 610 281.518013537918 7057.78412964265
10857.3769366336 2998.30257622463 852 204.122077880756 7174.16414275529
10302.8743698694 2998.68262316389 734 227.524668542006 8240.25824905336
10963.728055637 2996.57188802489 869 381.20760708761 11594.500377941
10597.4982598158 2993.82524578203 790 92.1972859304523 10212.8538353161
10768.0016276709 2997.47462602205 844 306.997682535429 11748.2786023761
10896.9442835346 2996.65291871303 823 390.843316174126 9159.42481055059
10549.3681915812 2999.3417414023 817 137.808051252378 8932.14105331422
10756.9185388216 2994.86931098949 803 252.136480562514 10570.7582947325
10506.7640271863 2997.57456818204 777 268.493923178175 10065.830715332
10561.4736518205 2998.24143380773 787 293.755651477072 9099.4255571266
10234.1965148384 2997.6554216844 704 158.678233253559 8720.23251843257
10257.941605577 2995.01640442505 755 202.500290611738 9000.6430371405
10267.3490058619 2997.38650235481 666 214.141667990094 8354.11979760247
10642.0369324781 2998.69532088166 737 104.347887525998 9971.1075217719
10705.1436819987 2994.59305404993 822 180.306496131722 12857.5446081146
10772.127224228 2998.40861760777 853 327.431836171325 8194.16055503081
10557.2816420418 2997.49851290327 794 96.0247199770185 10526.7287302414
10405.3491325722 2986.13513769544 760 135.445554474374 7638.72100544549
10333.1461794685 2988.19664907271 693 290.296944774344 9044.22124172483
10276.87738012 2998.2512789596 692 294.577296762507 8377.86739887246
10333.3206912841 2997.42511809671 753 200.016658162908 10046.5466970308
10862.4496732667 2997.18528697414 889 351.044133123544 10768.3556505684
10137.6705772828 2996.55107256778 717 160.85614491886 9211.23495360293
10290.7076305333 2997.97300730309 718 251.955767954756 9862.9297401025
10502.2024351457 2997.75952112147 761 323.795196223717 9674.29245080646
11243.3909551746 2997.80590662837 903 268.764578990251 11816.7494063168
10547.980944618 2996.22548812046 789 279.183343586976 11144.8529039885
10299.7228993612 2992.44804561336 715 248.646000353129 8931.89542620199
10627.2093962396 2996.26242090555 804 249.979636246495 10862.3371688312
10032.5329656451 2974.21793840622 626 147.340782518427 8553.36857091284
10125.9411814883 2971.89603847463 578 380.24986485676 6582.95631156847
10497.5629141648 2958.14329545326 706 355.745189016841 8254.69762359245
10168.6159292627 2979.42576671755 652 211.485541078415 9205.90024522212
10253.6766463395 2996.59258760338 623 231.176516866973 7512.67026372025
10219.2145732295 2989.8151843047 672 146.710878144911 9368.51079445141
10621.8353122842 2982.6951697176 739 254.990751759061 8141.08799256367
10452.5855157494 2977.90306040174 689 291.885427330046 10164.6410249012
10352.5505742613 2982.93655834909 675 208.97964870378 8781.45065203998
10505.9764911136 2976.4915047338 703 323.106925363088 9663.76433471614
10274.5837499046 2992.47955651468 629 293.545490711144 7148.49085840576
