10655.7297203074 2997.43012548369 692 260.476029634648 7522.06510462514
10405.6669031461 2996.69637855915 643 112.985074442172 8720.29822129246
10590.1536424056 2988.91074022476 754 201.888607913799 9638.11564456271
10514.0658757367 2987.53460098947 758 238.601921706445 10131.0425712755
10128.8586699745 2985.53611674866 620 308.723238678422 8582.14575898132
10393.300807779 2990.78832149742 669 95.6633618238156 10133.1605027731
10260.1881595332 2983.79438676906 641 157.709439264139 8439.42405568553
10420.6367680038 2986.47589858108 705 281.999425525037 8131.59288400922
10171.3779446362 2989.41988528938 603 74.8318020015906 8714.49365784199
10409.4393767656 2975.70578847783 710 171.881268715965 10127.7367055253
10258.7447223629 2978.18844460556 656 118.760902059889 9198.49972107164
10130.5383795275 2986.65310885176 665 362.269645202922 7698.54670457009
10275.9869809237 2986.43759640699 712 310.88274340451 10226.282007248
10126.3237098958 2983.25799213295 660 188.524290446099 9177.24124459518
10509.4645271797 2990.05634685821 720 116.728001150887 9980.7489505871
10312.0637868399 2988.64356781699 704 195.488820503567 9663.90721586732
10267.3241117211 2962.20207520855 672 267.116546869811 7702.3632360001
10273.0944737391 2991.32996124398 703 304.895673425634 8084.56957834496
10160.3125695392 2978.78748905127 656 255.170191832885 8853.18707196208
10464.1511224825 2989.05583946134 745 194.280378824997 10125.7838015021
10182.9661201415 2983.39738712308 619 241.014195731252 7590.22077692704
10159.9312181379 2994.98431026553 612 377.553405137477 6663.07655245481
10403.0381438613 2995.50463811106 670 130.442221995446 9110.1336203827
10111.6051386336 2994.15624994079 612 339.648551825643 9223.66064177155
10155.6809172058 2987.11756639964 647 35.4321285705478 8978.34992775523
10225.0120531674 2984.1216999087 640 235.447595695548 7840.82391090165
10572.0432465409 2976.24200660108 719 312.95546072482 9153.4947233846
10360.5436157493 2995.24982832787 724 321.922081437558 8084.42400479675
10367.736261559 2995.15025033438 664 129.489248285905 7955.7299530196
10572.9026967322 2985.0104577047 724 336.761415612853 7829.41849196954
10325.2276882981 2980.02321414636 695 313.78827384867 8540.09990449167
9868.91184691782 2943.36152272462 588 228.852640877302 6198.4946537491
10302.8415694718 2974.11518198033 675 267.733140726673 8701.68758572562
10795.9825482421 2995.56521841621 764 382.675878283181 8486.26502984711
10286.6246273508 2990.59936678901 638 148.844417867476 9180.66817668878
10404.5234574115 2991.20785277809 747 165.741440738148 9643.59538732052
9994.34888605879 2995.12758388172 571 167.431652611334 8011.12100348219
10463.8353554991 2978.44332663037 700 205.492977382709 8710.44304442767
10589.335925634 2993.55733342598 755 274.749379017467 11246.5533665388
10469.5449936456 2977.9475191811 715 368.408408858861 10325.0797516979
10114.0758277947 2994.43654092307 637 134.123319618402 9686.31495790083
10228.9995378749 2995.74707034066 666 218.443168275228 10390.2849160818
10177.2807592943 2984.50715172141 659 150.686000746087 7593.03267757665
10631.7204691203 2987.13986556829 752 261.883508981337 10068.7144754934
10361.9723774533 2996.4641677337 701 63.4401440900166 9076.36768384801
10458.0161717635 2996.89750248013 688 403.22015550472 7209.92147180805
10156.5515046058 2993.1129782197 629 296.906928546406 7109.73265781852
10172.3132850773 2988.73284673546 658 290.620063304477 6179.65424747856
10784.0434244703 2997.70182401863 798 218.553705459064 9657.73262863644
10172.2197331261 2985.87039968535 607 238.328403461234 7884.70788128886
10254.640494912 2996.35230400408 654 186.104284724374 8370.27967778617
10212.0427639084 2976.33711252609 643 333.52758841079 9560.95782036975
10242.5063811124 2986.871038348 655 258.14440254772 9481.91387393481
10120.4619438283 2993.42934415007 604 200.396257288814 8109.25810929203
10353.6011527881 2978.74970561353 743 165.851046362112 8177.04557734561
10019.2257429019 2992.20654354994 597 156.017475815148 9726.64035535378
10536.1110237109 2981.29143600067 700 156.22280644385 8152.89248866023
10550.1603337409 2989.70794633002 755 230.511570317553 9697.08503164397
10187.2781422441 2987.49010946366 636 83.9600900963861 7222.48267372569
10438.5521494752 2987.52125662352 731 157.59562039959 9981.21021995765
10217.9318080019 2987.24966984926 594 395.099486089385 7453.99367515477
10154.3018738762 2989.41203388248 598 248.811611197326 9426.74469885048
10385.3184959185 2992.77841303818 665 123.549412180899 8519.00252418551
10435.9575831641 2984.89101166995 718 205.964969969311 9890.33088892138
10249.9753289672 2991.42430260854 650 177.960047741892 9760.15685775237
10478.4745081857 2987.25872080408 720 20.1112141729241 7938.26454674197
10629.7136428767 2988.33234787274 732 269.801065382886 12063.5385541322
10498.1471317084 2973.85048813284 704 108.74146788243 8395.26136066566
10655.7297203074 2997.43012548369 692 260.476029634648 7522.06510462514
10513.0661431588 2997.2704480755 722 191.978259134412 9582.5688757982
10610.7166960336 2997.36353339988 712 73.5232234018945 9453.53341154578
10735.3856095043 2997.5905424187 734 396.740059402691 8377.20829510062
11067.2198057997 2998.38620247304 882 110.077181961517 13223.949071122
10175.9133859862 2996.71276993302 665 299.667554359767 9235.25070696147
10809.9824286395 2989.8471829774 760 248.390097376364 9761.45807922893
10671.6349744074 2966.73985826365 755 250.816964037787 9737.08382175086
10666.2962096308 2995.76116903959 778 50.4295836222059 11756.6035659163
10553.8823522 2995.27877987274 765 104.30056376149 9293.70890426962
10511.4339407063 2980.40003811332 720 150.790254542568 10308.2045839661
10269.5140707284 2996.77658951277 717 161.707683892013 10214.8372912173
10784.8454439264 2997.12219999313 853 200.771442290462 10388.4602001934
10719.9517891105 2998.5631257437 791 216.558404588 9459.92371179388
10731.3801872726 2997.30983439468 804 290.463080997548 13059.7718354759
10213.5758757463 2997.4274557243 676 96.9099202705924 9984.72711968653
10626.335529641 2998.04522240664 795 158.447814629765 12201.767846363
10696.9334233508 2959.58144906418 788 307.449654493152 9076.13672397759
10527.1475577405 2995.40334573353 772 296.144903922797 9767.61217980779
10735.5910100024 2993.42584527085 751 46.5213147456055 10689.4754066214
10729.4449139933 2980.98559139117 784 467.193838069749 8901.94178520791
11025.1228489231 2996.19986567312 812 124.922666273125 9059.33827196181
11214.9985058158 2994.52506965474 848 349.799551443227 12606.5665111527
10715.5324212262 2971.30020865123 788 196.043570550268 9812.35917496576
10845.5778109317 2995.23832668743 822 367.701603012014 10433.0778810219
10587.9907911474 2997.07457426173 680 132.086246472074 8272.91600825517
10441.7101066544 2998.60612656884 758 369.795860794455 8099.9610152046
10906.9264315242 2984.24316825775 780 69.3526391692002 9833.05935284665
10338.3736881304 2996.67710258082 687 165.628543707956 8932.28305391324
10432.8107682996 2982.40513728948 678 269.539543228159 9370.95024862071
10723.0517281432 2997.20688250246 788 371.030600643899 10138.2454402886
10722.4942800265 2996.09613880015 801 192.90621165013 11064.6871925424
10381.7758133454 2997.65558902984 697 251.149388563193 8132.05766928791
10456.120447771 2997.6725019634 709 120.226527844943 9690.43178849501
10831.1439310463 2996.70165958251 796 247.829914704393 11360.7303567912
10719.0478806413 2996.86052647332 810 290.684869996079 11341.479663493
10535.811344391 2995.97234969395 785 197.167913413751 9184.55332903117
10543.3969935648 2997.9330611332 747 369.390580705284 8825.21578853079
10713.7660330074 2997.49479549912 760 174.007647066538 9434.4865591581
10839.1432361308 2981.37278668443 788 314.974955823224 9736.89727022241
10173.3352766963 2997.69407948944 652 352.195115041266 9943.60920435919
10599.5235890576 2997.18964058087 749 357.563415665054 8898.74720292177
10628.8796149149 2997.5191800685 751 282.628326146998 10322.3003434997
10582.9983317345 2996.82827606972 751 159.82890615398 9557.63474342468
10619.6463475673 2986.22410910478 732 224.911387009896 8834.63264670279
10889.2320797359 2997.26819850743 908 231.680559889991 9794.38088419231
10605.5395967053 2997.60680274846 779 193.459644723489 9206.73313528003
10312.7336493739 2946.46335513869 670 140.074505936299 6878.69101396085
10778.2606871302 2997.45441317924 796 76.2285920386243 9858.43737176826
10719.4894996923 2996.57797567108 778 356.533676472575 8526.37911600749
10713.4266979632 2996.8580628532 786 387.585365056307 9733.2453018729
10562.4157744254 2981.51982126593 743 284.391490334756 8736.66711233858
10264.2436157038 2984.64857855574 687 152.771006501378 7219.49932796721
10587.6568734591 2998.23175640973 763 212.920409917867 9047.62850301716
10343.2216137856 2996.52780913846 673 110.403585791758 9061.65094535873
10456.7523270396 2995.61139396053 725 187.601517523192 9956.23246152094
10710.4388495948 2976.01571646497 756 309.654144431255 10964.699238744
10535.1098222291 2995.6815901509 696 175.317638660877 9867.08791997448
10724.3940114756 2998.02734220601 804 115.56134818836 10644.4596788171
10573.5806711641 2998.61149230805 815 272.130949083163 11528.2672923579
10326.1213882219 2996.46071423838 671 227.861020316813 7965.422730764
10297.1303862399 2998.03900946047 666 121.073856156632 9251.60723476587
10848.1126866288 2993.76254413233 725 255.156256758508 9405.61640687732
10348.522325212 2997.34979551375 759 314.915391802115 9576.85659297856
10578.1905994849 2997.56895257436 733 281.564886429536 7921.35428699932
10823.5273813216 2998.79289763332 795 156.037152765434 11019.9720230364
10768.5976095656 2997.58755935944 834 251.788792446073 12626.9935873259
10824.5256480213 2996.63505639042 837 329.955003847656 12046.378616254
10368.5886717647 2996.05465316064 687 232.085358937298 10127.0737222612
10255.8847571076 2997.85335321345 680 213.269105421483 10743.2202915777
10870.0826738365 2996.44335544706 869 39.9756430721389 9302.8952970401
10214.5386767335 2995.60203189455 656 206.560397696398 8046.57224305279
10773.0996484766 2998.36920735848 765 316.225389504197 9609.71738418307
10984.2448529281 2995.73786466419 879 140.720940888627 11059.5213792605
10742.9712082043 2990.0494009684 793 1.96904017505566 10758.9662378084
10461.2791960338 2997.19016119014 777 339.642388992936 10116.8020624255
10787.8605365417 2997.80449720281 800 355.862594649771 8145.58830331196
10218.2997209087 2998.90704803762 669 309.376137043196 8253.93430687117
10377.4992117746 2996.65031190869 705 222.344148210904 10043.4097097936
10756.0265618328 2998.94219972415 809 202.474296283437 9255.83252508721
10361.9664147156 2997.26233018817 700 311.405566304159 8980.27984858332
10545.4851482527 2973.59406839715 680 124.078778375758 8284.79396754112
10357.0754559936 2997.86837820249 740 271.692991666995 7904.85812771366
11047.4080347369 2995.60384685202 884 421.927402823929 10938.223861573
10413.9405305971 2996.15515662276 696 193.660724900678 10873.4847800881
10386.9292089571 2997.68856960048 746 224.727774493044 8811.51685262506
10784.0434244703 2997.70182401863 798 218.553705459064 9657.73262863644
10676.3566737717 2998.70499557948 762 105.90649851947 10517.647228619
10829.2337306977 2991.18030914986 754 489.986612783219 8755.2077875916
10767.3210829049 2998.90205808412 793 181.742895827134 9462.7172680527
10672.3355190362 2977.41868045813 700 227.010310726694 9463.45962281747
10438.2664340516 2996.34573017637 707 150.765456260224 9612.1006105164
10302.9365597067 2997.7219502221 698 123.068199263031 10279.5055316289
10463.880214188 2999.17838942647 687 179.484486059087 9375.23559918312
10307.3596238507 2997.03999417718 683 362.962913052353 10404.3169674376
10330.0179327421 2998.41444268168 724 269.819600262988 9932.98500354729
10556.1226049523 2996.44800381948 724 464.140183235639 10068.7120745908
10390.7726318308 2998.31887428236 679 304.438889610876 7926.95024100189
10585.0483274251 2979.50391833382 719 489.866941306851 7958.06440360954
10635.8272580307 2997.46913023071 812 164.020094827312 9951.24183227542
10590.5392951483 2997.94027489347 764 148.636754514278 8344.548804376
10796.040646925 2995.79636903459 796 183.191881982466 10124.0155744957
10239.6214713412 2998.29222405905 657 306.522924628866 9409.60687832069
10474.6256336465 2999.52379988059 737 57.0928024890518 8260.35559678575
10445.4340854056 2994.92421814973 770 132.715336447883 10400.4388537498
10763.1504516875 2996.63731244604 759 209.829847106438 9675.71931657158
10224.7866834895 2996.07220823793 659 272.084808241522 9610.91766435769
10680.0593980965 2997.52898500745 752 151.834959702614 9448.77306176468
10913.9754695695 2994.72536015952 851 356.407124595609 10900.8418610177
10455.4098251585 2979.56774400628 688 282.050822786051 8620.82073664423
10645.2505674714 2996.33517120861 755 137.17551000324 9786.27518109034
10850.6065546746 2984.4329699017 839 150.992668662382 9810.62333662004
10435.1365093696 2997.69937720461 711 236.4218297073 8957.40592701702
10788.5615259555 2996.05577557575 788 239.230776030973 13255.1800519355
10857.0804345782 2996.61511322218 850 174.36464313578 10560.8459307581
10636.1898711378 2997.75342135576 768 150.141980457697 10344.7730195232
10629.3774117142 2983.095774519 726 281.846757364987 10086.2595267903
10277.7407285793 2997.96466944231 702 321.430128212061 9840.93029703505
10337.8157523997 2985.4575544228 668 177.762247694637 9836.27410860294
10426.4948852366 2984.11429318802 635 226.040210909054 8345.78663800854
10485.5292519552 2988.12385358663 695 198.545410118141 9073.27834297725
10159.5719155726 2994.83321853681 621 304.367950503903 8180.03258815158
10424.4411031363 2990.18774109512 622 219.216139470605 8012.02853229893
10468.8681857213 2992.26276668999 699 188.332214459381 9529.80532488335
10606.3997565489 2997.35161519771 713 162.656350471586 9607.44963986825
10212.2551422255 2987.32896015879 630 208.98514772398 9463.39830213691
10247.7473345456 2990.8292159496 627 235.09753456202 7684.08000037107
10438.7881055543 2983.77197427388 622 331.92913392134 7851.67636433252
10374.6558545782 2984.6322402106 630 324.218812831817 8450.95375682073
10501.1545764865 2984.535776475 717 202.86218112313 9671.80416777784
10343.1470757299 2984.65520051819 678 187.362787713298 10382.7638154838
10256.5617635984 2991.38573720085 607 190.420052865687 8378.49961206117
