2643.1453645714 672.674181558589 275 4.45833351074885 486.22154715413
2653.47209701613 670.203854529449 286 7.92656109649186 697.98088658788
2664.81584631253 678.983086571583 334 55.2603483774066 452.333921976901
2647.00437127704 673.156893940342 273 12.5669450897453 339.320652763663
2689.83392948599 683.963251307617 300 18.5252703238987 527.896161993461
2635.1445002359 665.204718071599 304 72.7135409210085 509.489900588182
2623.73202673646 677.095090783701 273 6.11659045570859 350.267576155051
2611.54150675833 674.636170222695 277 79.4736825264365 304.368424732235
2665.38971797363 670.964556443438 276 83.8295339954671 233.553953432096
2640.67792032534 670.542673237424 299 36.6030310763992 618.147116726071
2663.5488302347 673.783363511565 283 17.0126731626293 511.63752723207
2824.2485506291 678.118064586372 337 10.3243358297591 528.898377476532
2659.91785404439 663.682918261327 281 10.3713371872464 437.635227613478
2654.2752873148 673.971357654855 285 59.4182914777207 260.406688387094
2645.53064154101 675.300086406313 285 12.1896649844065 476.856986076023
2702.93445359996 685.971201821456 285 60.8580963513209 269.172668312061
2552.98674376564 656.914709743819 283 34.9683520317179 387.004930936427
2643.1453645714 672.674181558589 275 4.45833351074885 486.22154715413
2653.47209701613 670.203854529449 286 7.92656109649186 697.98088658788
2648.27445809242 668.301679461262 334 58.4437400246231 399.370914337121
2772.94990044123 668.606821956278 302 84.6902091331037 224.170000985208
2689.83392948599 683.963251307617 300 18.5252703238987 527.896161993461
2698.24388687515 667.164307429794 315 97.0005061622532 447.493493223031
2592.27683506332 652.877524719321 272 109.034992165819 403.037261496908
2623.73202673646 677.095090783701 273 6.11659045570859 350.267576155051
2720.51343309729 652.668680857798 322 126.216778898268 589.901827901793
2835.95596530026 683.266634275041 320 5.25817642145338 444.01367831787
2611.54150675833 674.636170222695 277 79.4736825264365 304.368424732235
2665.38971797363 670.964556443438 276 83.8295339954671 233.553953432096
2747.51120117943 671.671935211852 321 85.1495760951378 386.509992388847
2640.67792032534 670.542673237424 299 36.6030310763992 618.147116726071
2514.82543434046 643.809133911565 256 12.2104971331916 478.310366794066
2780.89765161717 679.1332946166 310 5.57111804212146 568.832024433223
2618.5405941239 644.398405325868 298 34.5986741941534 355.069574021048
2653.33284618396 647.307123038397 312 116.255409722661 367.78743368773
2824.2485506291 678.118064586372 337 10.3243358297591 528.898377476532
2718.14217958973 652.347096563678 337 0.634084583731053 757.532313072107
2642.38440825418 660.259469651153 281 13.745650402846 406.114127801041
2778.27603633952 673.79257674566 319 78.2416688756773 431.39789482277
2654.2752873148 673.971357654855 285 59.4182914777207 260.406688387094
2645.53064154101 675.300086406313 285 12.1896649844065 476.856986076023
2843.06839945521 670.235369392493 327 58.9899767464724 400.368199216881
2702.93445359996 685.971201821456 285 60.8580963513209 269.172668312061
2602.08019277451 656.864140355186 292 25.5203133648108 347.367744526371
2653.47209701613 670.203854529449 286 7.92656109649186 697.98088658788
2772.94990044123 668.606821956278 302 84.6902091331037 224.170000985208
2801.18633025289 659.927929207474 340 24.8423186431456 440.786578753341
2698.83231517401 668.542132845705 315 96.8872630833381 423.004794886673
2620.18831286254 660.507366787295 283 48.024496385842 345.8382809792
2812.30446022255 678.870413346236 338 107.106383822768 411.98720088107
2688.28244860719 676.328284806249 282 18.7288785065361 409.13992139017
2524.40714566748 637.772454043371 283 58.8239463260872 441.864932066622
2835.95596530026 683.266634275041 320 5.25817642145338 444.01367831787
2711.25774599305 664.231869433234 294 49.4432474877393 317.043223371917
2570.25868161985 659.957071889726 273 63.5839157220299 292.549369725194
2791.16050364081 671.663721811089 318 9.41767986996573 588.549625996175
2557.00945992155 658.251767284622 282 52.1542644538224 491.193921114691
2665.38971797363 670.964556443438 276 83.8295339954671 233.553953432096
2715.78319770995 666.334007123116 319 28.7495624950819 712.80217193573
2769.40045518244 671.797240857137 332 80.9369871981386 409.270381196617
2640.67792032534 670.542673237424 299 36.6030310763992 618.147116726071
2514.82543434046 643.809133911565 256 12.2104971331916 478.310366794066
2618.67541935938 641.876242385577 292 34.5727270654877 352.547411080757
2754.64043608945 669.657302607688 330 96.7587549550316 424.837972395605
2803.27073402861 665.238141018121 330 2.24997045555536 505.352918749187
2846.0302027151 659.901939280376 382 48.5900384679763 820.569210774818
2647.82124020026 652.296090524609 281 12.6993316069765 415.606753654095
2743.26085694004 666.191350823052 319 84.9803432930147 352.340183038555
2654.46137409134 672.745931266343 285 59.3824790608773 259.181261998582
2645.53064154101 675.300086406313 285 12.1896649844065 476.856986076023
2697.52157564305 654.328247011865 310 10.2888231072206 581.807068692837
2843.06839945521 670.235369392493 327 58.9899767464724 400.368199216881
2702.93445359996 685.971201821456 285 60.8580963513209 269.172668312061
2753.7055063046 655.83294461265 332 27.1797589638736 534.26762336168
2653.47209701613 670.203854529449 286 7.92656109649186 697.98088658788
2679.03344229825 642.464897680195 302 102.764439929833 240.457408944273
2801.18633025289 659.927929207474 340 24.8423186431456 440.786578753341
2698.83231517401 668.542132845705 315 96.8872630833381 423.004794886673
2613.34780479307 659.985636124447 283 45.3915836023071 297.480896918179
2721.55162684478 643.531330816646 317 55.7045932562121 508.471541587826
2792.57379943095 676.59373170273 338 99.5120489432246 419.71098632735
2626.69931462336 666.381933064179 291 52.7952274687993 387.680237992462
2682.34653263991 674.641204744989 282 19.8712460670675 358.445274046226
2524.40714566748 637.772454043371 283 58.8239463260872 441.864932066622
2756.00886090945 675.978840259061 309 20.6440038351082 356.780320537363
2711.25774599305 664.231869433234 294 49.4432474877393 317.043223371917
2766.04852094126 672.371303714968 316 79.3473625685328 407.366684233974
2804.82810685987 678.33303097662 318 6.7873484040648 544.242806479234
2557.00945992155 658.251767284622 282 52.1542644538224 491.193921114691
2765.16803729483 670.86024692977 313 64.6271874890051 313.582920801952
2473.02337677967 633.51756013639 271 41.9388826499075 289.445856769537
2662.31233746497 664.892521374062 278 0.0561507313555041 534.975361570563
2753.7055063046 655.83294461265 332 27.1797589638736 534.26762336168
2653.47209701613 670.203854529449 286 7.92656109649186 697.98088658788
2698.9657867751 650.197562965348 316 34.8684234989887 646.205214445583
2532.19276343377 640.434117112053 283 138.010422467651 585.479217402385
2595.60750168346 641.062170861419 284 57.9290827461697 421.133712980961
2679.03344229825 642.464897680195 302 102.764439929833 240.457408944273
2682.68201781355 663.251456444782 314 90.5769495941581 385.403432702506
2801.18633025289 659.927929207474 340 24.8423186431456 440.786578753341
2750.16512805464 663.268851684341 333 116.645271973268 373.433137924172
2613.34780479307 659.985636124447 283 45.3915836023071 297.480896918179
2728.88943642986 646.933989132393 317 54.2924311431435 515.27685821932
2719.93240193791 672.932934513881 311 97.7025711751255 216.930534740553
2792.57379943095 676.59373170273 338 99.5120489432246 419.71098632735
2682.34653263991 674.641204744989 282 19.8712460670675 358.445274046226
2756.00886090945 675.978840259061 309 20.6440038351082 356.780320537363
2733.02692571501 672.777256318867 306 45.2537668969018 325.588610257549
2643.65137605964 660.098791039071 289 102.902704083682 323.220491813939
2804.82810685987 678.33303097662 318 6.7873484040648 544.242806479234
2895.81100704463 662.437275164011 359 85.6377790564149 607.446887740769
2765.16803729483 670.86024692977 313 64.6271874890051 313.582920801952
2670.04799128193 660.432404744423 315 77.7356404358923 414.51453357507
2662.31233746497 664.892521374062 278 0.0561507313555041 534.975361570563
2530.46437899464 636.417745875534 266 84.7236830117499 406.657423556393
2754.64043608945 669.657302607688 330 96.7587549550316 424.837972395605
2770.76804936427 655.15418415288 340 12.4391577607585 504.098347804349
2880.62302386687 657.01272065037 382 41.9326469333095 801.867173600413
2878.6437028788 671.024572485767 366 83.3199202750761 432.261015078495
2643.63836628724 632.33547587022 311 21.7318283999076 346.844901662923
2597.33302567008 637.281517542357 297 46.2322566003156 526.181659210806
2818.09733534888 667.787726545898 356 70.9627262158658 561.036367903598
2904.21951897618 670.946599449004 344 100.137533302948 384.065029511547
2522.64400502321 639.046800355288 272 9.9187241383532 250.186189438262
2759.83865708683 654.606592865894 344 85.0863240852966 488.620391857789
2716.00148831973 683.40222426739 297 25.7152124358372 359.239815286389
2652.23708025659 653.948077652079 310 43.861367261437 657.146051775611
2753.7055063046 655.83294461265 332 27.1797589638736 534.26762336168
2676.65207930111 657.820692896334 309 52.9824642766894 365.294436175119
2699.81320144052 650.27773866135 316 34.7053384705912 625.613818746562
2595.60750168346 641.062170861419 284 57.9290827461697 421.133712980961
2679.03344229825 642.464897680195 302 102.764439929833 240.457408944273
2682.66579858802 667.255514708795 314 36.1629945183946 349.189763830203
2801.18633025289 659.927929207474 340 24.8423186431456 440.786578753341
2759.06603069205 620.813773175592 357 116.129598344186 390.793142538284
2750.16512805464 663.268851684341 333 116.645271973268 373.433137924172
2699.86691411421 663.690035813961 303 58.7043296502984 454.336649471869
2613.34780479307 659.985636124447 283 45.3915836023071 297.480896918179
2728.88943642986 646.933989132393 317 54.2924311431435 515.27685821932
2719.93240193791 672.932934513881 311 97.7025711751255 216.930534740553
2792.57379943095 676.59373170273 338 99.5120489432246 419.71098632735
2775.76104139057 679.427861747042 320 78.0993353885754 374.633795045486
2532.27793416094 637.130000958955 274 1.38218710075982 406.317288871132
2808.06107165143 680.934215787505 311 4.32252824604926 339.809803780603
2789.9225475486 662.239155395871 320 33.6973879086577 343.040635674173
2733.02692571501 672.777256318867 306 45.2537668969018 325.588610257549
2669.23373236054 651.230105558264 285 124.766471441254 286.576368341098
2769.8429359801 668.772957680176 310 43.1393611062565 372.929759115927
2804.82810685987 678.33303097662 318 6.7873484040648 544.242806479234
2606.23947265305 653.971187139624 299 20.3943818161006 424.93204574014
2716.23870175808 652.148550503487 313 45.7942774600641 286.436030734223
2631.58837881908 661.037078470742 294 24.5119277827908 376.431845347898
2666.30285389685 636.606891393654 315 110.28224965912 369.652992408123
2648.48787218778 657.198150927445 293 41.7474146721441 351.955937857117
2589.54367137132 657.981648310545 264 6.56413498738195 353.336987369873
2684.3437801893 676.661717237096 276 145.736933536642 276.419977831312
2767.62011007097 651.029917164949 332 80.6896783357825 552.566286931828
2733.07954913216 671.166995236298 319 107.587384887408 472.637301668145
2772.82269800173 657.899506861774 327 20.6546543062526 563.03419162963
2575.8554145001 651.640229906016 264 9.1984412504924 346.995568965343
2684.3437801893 676.661717237096 276 145.736933536642 276.419977831312
2757.54961304397 656.878845410849 313 69.7781875203547 534.2487324428
2790.25181149069 667.064693287325 313 45.2322740135836 368.76258677561
2843.118330792 687.260925005575 350 20.9460192402727 529.600217699282
2733.07954913216 671.166995236298 319 107.587384887408 472.637301668145
2772.82269800173 657.899506861774 327 20.6546543062526 563.03419162963
2595.60750168346 641.062170861419 284 57.9290827461697 421.133712980961
2835.26230446378 679.563955327147 330 68.7854102371967 372.938142877661
2720.18872485757 661.773374824994 318 9.70529515234076 419.854780972127
2801.18633025289 659.927929207474 340 24.8423186431456 440.786578753341
2900.36590966023 665.23459195039 360 88.9364239579392 547.441427663351
2936.79448391965 676.81857504473 357 80.7284356908188 585.080649102941
2664.17862446949 656.407717478407 292 64.9563752178471 280.40392515542
2575.8554145001 651.640229906016 264 9.1984412504924 346.995568965343
2684.3437801893 676.661717237096 276 145.736933536642 276.419977831312
2757.54961304397 656.878845410849 313 69.7781875203547 534.2487324428
2804.71266645251 670.634952660864 313 50.7982596835317 347.665310350653
2609.99068518713 655.067157081651 283 73.0934742606 535.741286106226
2646.93363071685 650.245762737551 281 41.0389699639304 623.514171172847
2772.41876587182 675.600056693556 329 34.5521568530252 392.760931131535
2942.61238517706 671.872465875682 383 128.154073121112 703.053328255593
2731.88401173603 664.710018107664 318 75.1450720645089 452.886039369947
2835.26230446378 679.563955327147 330 68.7854102371967 372.938142877661
2709.4139735637 657.14521172459 318 11.7788970056622 410.59845477132
2742.31584182365 656.971099731062 340 22.3926484507769 433.168335327713
2885.34351538327 666.031432065599 369 43.3073871243654 610.349349129321
2846.78779663451 662.944277266783 318 103.616208690699 355.862942745544
2936.79448391965 676.81857504473 357 80.7284356908188 585.080649102941
2720.78326128028 674.959504318727 284 59.2259903007229 279.05806551306
2664.17862446949 656.407717478407 292 64.9563752178471 280.40392515542
2691.06449380233 666.21057859107 311 103.258202686133 260.886691983347
2824.69725984862 665.697795329072 306 66.6690994639579 428.7363368597
2659.53378352382 660.788177917244 300 32.7414185593356 338.539514134221
2792.05221568825 665.376877320079 317 25.0954549782722 518.001422273483
2723.48426160982 673.30827454494 293 11.9542864355256 351.224281871154
2592.80786592262 666.350183523099 272 36.5265449415554 551.571163095625
2810.39364636229 661.725391606286 334 109.773555683363 306.772459511184
2804.23392456756 663.24310318827 328 87.8006873529082 388.345059305925
2783.14195214298 632.698809060417 336 68.2181440958427 390.988100671057
2738.84036824374 673.502066284516 306 47.4913619694866 246.510031474997
