2615.54648710363 674.44913893041 289 67.2053621048538 141.152673225728
2635.47985623244 675.185178866359 303 106.054818620682 339.631771588918
2463.35955326665 675.769551030941 243 55.6817644055691 178.440943532276
2575.79597974921 672.404837738865 259 16.5125835307487 139.050339607008
2691.43832239979 677.054774494736 274 0.11810445272767 231.044413442761
2540.87392882942 668.878222325591 248 53.1269377927116 138.553641749888
2622.086958281 660.23447608985 276 100.497093777631 52.9771077382407
2582.1679833385 675.929132181509 261 36.5173378659682 59.1578143631562
2611.95690902657 676.815509327463 298 74.3082265745036 107.893357012212
2592.14813903396 671.774068571 273 91.072110191363 128.049821064255
2624.14208976696 673.728610198181 278 68.9612448747226 90.9548250760708
2746.70004184372 674.214414549348 311 106.641807638606 69.3703486918759
2748.37568585229 673.684848917296 319 11.8044037024334 329.146211213908
2619.11757075452 673.622081926921 283 91.4544036982739 29.4108628560125
2484.66216670119 661.498797686456 239 53.8239461010141 99.1056513936263
2559.49979276634 675.92825425575 239 33.5744097662198 157.378453799881
2597.65331039997 625.442963859591 272 127.490128168034 133.442963859591
2635.47985623244 675.185178866359 303 106.054818620682 339.631771588918
2463.35955326665 675.769551030941 243 55.6817644055691 178.440943532276
2472.14820010472 645.380246002427 248 36.4596080236327 118.471267459331
2616.34564036142 651.051557949563 281 57.0118181388458 130.555773192837
2512.97061032987 635.840516244583 257 62.6371556628841 189.627312808987
2691.43832239979 677.054774494736 274 0.11810445272767 231.044413442761
2532.85139708307 667.503362948794 250 57.6493085471782 78.7645641131195
2587.83436339809 651.017611292742 258 33.6430240256378 166.449858904707
2824.13850088144 672.135554459744 332 141.425528592662 97.9734001995718
2597.47588219807 668.897294378312 265 78.0626459702776 94.0052074326693
2744.28812317795 661.524343270837 341 71.9397369800017 191.685705679964
2808.12425970663 674.577324398551 329 45.6133747394913 171.616590127928
2612.04648407329 633.521608672096 283 150.626984402564 124.24929023754
2761.68154785519 668.548239456368 317 92.4242739792732 95.0526464445111
2695.02380323938 672.485336220338 318 43.1259507427368 175.199861992583
2592.8274071582 664.46928982535 266 29.6916495172627 159.154245676986
2698.17249493042 659.540652543311 294 139.253248019076 71.1823334602029
2600.75038616034 656.638622906111 278 43.669708046889 67.4814893573557
2611.95690902657 676.815509327463 298 74.3082265745036 107.893357012212
2592.14813903396 671.774068571 273 91.072110191363 128.049821064255
2604.35023192191 674.4106058652 267 78.3428439320487 80.836175445964
2673.7268029103 665.686681636719 287 39.920230459542 76.2777053233545
2612.74959414894 667.034806033086 278 71.1537316786576 84.261020910975
2714.59234250624 668.986537723174 297 109.55169212665 74.5703207257106
2531.30734709936 665.560639633433 250 86.5046682763704 120.327726560048
2588.48623420737 671.248220345835 266 66.5393177275052 159.985903383835
2746.70004184372 674.214414549348 311 106.641807638606 69.3703486918759
2748.37568585229 673.684848917296 319 11.8044037024334 329.146211213908
2619.11757075452 673.622081926921 283 91.4544036982739 29.4108628560125
2484.66216670119 661.498797686456 239 53.8239461010141 99.1056513936263
2559.49979276634 675.92825425575 239 33.5744097662198 157.378453799881
2597.65331039997 625.442963859591 272 127.490128168034 133.442963859591
2676.89506506323 672.104552644438 320 98.0844579650162 342.601740833532
2675.89047597516 663.210518377822 294 64.8868888628372 96.9946337294463
2472.14820010472 645.380246002427 248 36.4596080236327 118.471267459331
2617.14663572968 658.318457645823 279 35.6481522974654 132.722860735091
2652.45967242064 654.887056988926 311 51.628778466108 214.055204125217
2512.97061032987 635.840516244583 257 62.6371556628841 189.627312808987
2691.43832239979 677.054774494736 274 0.11810445272767 231.044413442761
2675.59454343135 640.604426885767 313 1.02296362986991 118.005511587994
2564.22273046599 669.507900660369 283 64.5066406709352 160.827048619024
2711.77168309641 673.897355738156 284 57.0563604342356 97.9432307285461
2532.85139708307 667.503362948794 250 57.6493085471782 78.7645641131195
2587.83436339809 651.017611292742 258 33.6430240256378 166.449858904707
2476.47687911277 646.458910967882 248 73.5175233823223 232.78434759132
2648.02514549508 655.852389359436 284 69.5496239375148 90.5439111090072
2613.19219802761 654.253846555905 277 34.5585446303009 64.523695424834
2745.70778285075 669.957944045265 303 49.5354033888393 95.0658570996219
2612.04648407329 633.521608672096 283 150.626984402564 124.24929023754
2830.80666826573 677.762109734324 343 35.6619520876496 236.285709056145
2729.41546927118 683.665380170874 297 30.6056480018254 80.126625513906
2818.40939962454 661.001045492589 330 98.6740671884328 98.7042525137514
2630.0023102379 660.752774018437 291 83.3085662866815 126.658399418819
2698.17249493042 659.540652543311 294 139.253248019076 71.1823334602029
2803.90590049724 662.316486286908 312 59.3991306870219 66.9275250219135
2538.16195112598 633.339912160439 295 98.4364008279408 170.786190919391
2564.22273046599 669.507900660369 283 64.5066406709352 160.827048619024
2711.77168309641 673.897355738156 284 57.0563604342356 97.9432307285461
2532.85139708307 667.503362948794 250 57.6493085471782 78.7645641131195
2587.83436339809 651.017611292742 258 33.6430240256378 166.449858904707
2476.47687911277 646.458910967882 248 73.5175233823223 232.78434759132
2648.02514549508 655.852389359436 284 69.5496239375148 90.5439111090072
2613.19219802761 654.253846555905 277 34.5585446303009 64.523695424834
2745.70778285075 669.957944045265 303 49.5354033888393 95.0658570996219
2554.99948683175 672.862804865084 239 58.1850891217717 127.572779013579
2612.04648407329 633.521608672096 283 150.626984402564 124.24929023754
2600.26645942594 675.36428317725 255 67.5739231142982 90.4784236790431
2830.80666826573 677.762109734324 343 35.6619520876496 236.285709056145
2729.41546927118 683.665380170874 297 30.6056480018254 80.126625513906
2818.40939962454 661.001045492589 330 98.6740671884328 98.7042525137514
2630.0023102379 660.752774018437 291 83.3085662866815 126.658399418819
2698.17249493042 659.540652543311 294 139.253248019076 71.1823334602029
2803.90590049724 662.316486286908 312 59.3991306870219 66.9275250219135
2538.16195112598 633.339912160439 295 98.4364008279408 170.786190919391
2611.95690902657 676.815509327463 298 74.3082265745036 107.893357012212
2592.14813903396 671.774068571 273 91.072110191363 128.049821064255
2584.18970076242 660.21013798462 267 82.2227399626942 56.6282389354153
2526.29593547297 646.545110447894 275 71.1683140092419 159.278949687633
2668.00204142279 671.10065336542 290 60.5203932430097 88.3268682433093
2811.53347044392 665.601855636846 326 143.54110141962 36.6177283283839
2531.30734709936 665.560639633433 250 86.5046682763704 120.327726560048
2588.48623420737 671.248220345835 266 66.5393177275052 159.985903383835
2490.68234348172 660.816088805166 256 50.3572349520725 181.607361126807
2779.02159873855 653.183513226046 339 94.9047875914789 111.325648849777
2749.09562370179 674.302936370968 311 107.563867525688 69.5473923351173
2668.57425538417 662.660664913286 304 32.0279385588703 213.152002764283
2668.4651760684 665.480787476662 320 99.706790858483 329.927380199221
2524.70979764941 646.447292834621 262 135.36155966697 64.4333146679491
2520.19945682937 655.241829891403 256 55.7262871671104 274.991734129077
2623.97038574941 622.048115742845 305 129.467901276979 214.008072840553
2617.14663572968 658.318457645823 279 35.6481522974654 132.722860735091
2652.45967242064 654.887056988926 311 51.628778466108 214.055204125217
2512.97061032987 635.840516244583 257 62.6371556628841 189.627312808987
2637.55425268936 650.235877590209 273 10.2518895980561 98.1294675070538
2675.59454343135 640.604426885767 313 1.02296362986991 118.005511587994
2705.51653734861 670.662747082667 284 54.6487537133619 94.7086220730576
2811.59678654255 657.942189463808 338 121.456755493527 228.179025196098
2587.83436339809 651.017611292742 258 33.6430240256378 166.449858904707
2714.62661555023 658.993109707704 320 124.088058887734 219.856885326549
2607.99009222841 651.782669785252 277 32.5562531746182 64.523695424834
2700.71050048029 644.524331562026 293 58.1951344186342 80.781338853466
2732.72606623892 663.096932849921 327 69.8508533410138 142.667883545234
2729.50014116981 637.224040087643 327 21.4533096858754 180.224040087643
2660.46891517451 642.71256102116 319 65.4116586321739 142.956317318284
2830.80666826573 677.762109734324 343 35.6619520876496 236.285709056145
2729.41546927118 683.665380170874 297 30.6056480018254 80.126625513906
2551.36146599902 653.831757301572 274 89.3310199831482 201.511337750591
2783.97735131774 652.34471360136 330 105.30051797466 101.391588731293
2815.71338704067 674.180231631251 338 47.5684528921578 141.242224281049
2829.06406738088 666.438443221435 315 122.230109307258 30.3505736300513
2722.3151562488 676.705571915836 323 55.5620223144196 223.856525789283
2803.90590049724 662.316486286908 312 59.3991306870219 66.9275250219135
2653.61855538056 674.155342461525 315 66.2904389953837 115.789312186319
2790.38490045071 676.560886195976 327 43.4588230015014 167.872564200378
2750.6495500665 650.278323085951 322 15.1995985536073 115.342844357554
2680.62246568318 661.450092874529 311 74.44585026647 91.9717085411327
2606.21211470437 645.326355271426 273 14.5823537201691 55.641639051843
2668.57425538417 662.660664913286 304 32.0279385588703 213.152002764283
2668.4651760684 665.480787476662 320 99.706790858483 329.927380199221
2901.96560406608 667.603727918871 349 82.7788449146425 117.983658714636
2520.19945682937 655.241829891403 256 55.7262871671104 274.991734129077
2665.30462424072 636.202875217071 305 121.513123370409 228.162832314779
2716.76440790715 664.046408092385 310 7.11058691840899 153.428342248106
2617.14663572968 658.318457645823 279 35.6481522974654 132.722860735091
2637.55425268936 650.235877590209 273 10.2518895980561 98.1294675070538
2702.44577598702 668.588359332476 321 90.3462535723588 154.069532704194
2705.51653734861 670.662747082667 284 54.6487537133619 94.7086220730576
2811.59678654255 657.942189463808 338 121.456755493527 228.179025196098
2706.86422578021 657.272542381121 320 121.100313672216 213.73047085116
2718.5243639726 662.806234739706 311 55.9493957774144 102.385157434343
2607.99009222841 651.782669785252 277 32.5562531746182 64.523695424834
2632.89766678735 632.654712729883 289 10.8016109666912 103.725846671687
2700.71050048029 644.524331562026 293 58.1951344186342 80.781338853466
2732.72606623892 663.096932849921 327 69.8508533410138 142.667883545234
2729.50014116981 637.224040087643 327 21.4533096858754 180.224040087643
2668.57425538417 662.660664913286 304 32.0279385588703 213.152002764283
2636.06045954388 671.536943686628 273 69.4623109476895 94.7354240440427
2835.30851537034 661.344836696071 336 92.0942546500147 192.243926172221
2668.4651760684 665.480787476662 320 99.706790858483 329.927380199221
2802.61572805992 667.112007990569 332 50.6400605075039 233.582117978115
2901.96560406608 667.603727918871 349 82.7788449146425 117.983658714636
2716.76440790715 664.046408092385 310 7.11058691840899 153.428342248106
2617.14663572968 658.318457645823 279 35.6481522974654 132.722860735091
2637.55425268936 650.235877590209 273 10.2518895980561 98.1294675070538
2692.57183077951 663.37940706712 321 92.2464952135316 143.651628173482
2772.17399264247 657.681483622367 326 23.4887076848068 390.403812522703
2604.19797931768 648.786242092021 302 87.4969611688968 209.871139555647
2653.09017401945 658.942467791972 284 29.1588759475494 82.1409481493871
2835.30851537034 661.344836696071 336 92.0942546500147 192.243926172221
2743.11253710228 676.800963082136 337 85.3408995294151 355.096924670766
2626.84493454456 653.617605232047 288 46.3240145389223 212.467929278012
2901.96560406608 667.603727918871 349 82.7788449146425 117.983658714636
2906.91533927442 681.519865969433 372 54.6796380654859 186.930514038355
2614.71610635026 657.38139291061 279 36.1159078946263 130.848731264665
2809.14139940782 669.420642342821 317 26.4591824565841 120.974278403833
2808.74783441176 659.698658707134 343 142.248433459329 182.963352046318
2827.65858248252 664.04721855062 336 87.2939533952197 99.1327810058581
2630.86036759741 632.228249814461 301 10.4095325547801 113.469698287718
2812.99448515868 665.650738980389 352 54.4031889174312 134.146331889787
2652.43121600956 637.764397917756 284 154.682714809029 85.2942840404388
2814.98448348057 645.142158164267 322 113.335144074835 176.6323700894
2646.77582092306 651.81634208123 276 44.2623297998588 215.620265833023
2593.08850999732 638.479653875577 293 89.6349795364512 199.564551339204
2653.09017401945 658.942467791972 284 29.1588759475494 82.1409481493871
2835.40148204412 662.99365128533 336 92.0763632053046 193.89274076148
2626.84493454456 653.617605232047 288 46.3240145389223 212.467929278012
2684.90432902578 658.774338352718 298 46.7807679038398 215.00301095814
2678.84169283902 667.879249851997 294 74.8630055450912 199.616153471488
2783.08682005066 658.825962339411 304 40.1808822021041 243.825962339411
2745.66849349119 649.162609759403 303 121.960176175377 164.903046938191
2877.32463930493 675.132592795724 359 43.2901723368914 134.818102008396
2618.5994029803 658.06649599193 276 98.3264263104721 164.667499769286
2795.17322554317 661.590477855453 317 29.1473587701977 105.609310558892
2844.69116940535 666.130608879695 324 102.972165665695 67.8988630206747
2642.43058283238 664.487564723541 264 137.42323105237 137.9507033409
2633.34294510323 665.133498283306 281 41.6231131352202 116.995585487737
2679.06576255784 670.957583992808 292 10.7654027203701 151.527827190229
3090.68100129771 684.716791542352 376 46.5475639778051 244.378059011631
2827.65858248252 664.04721855062 336 87.2939533952197 99.1327810058581
2898.04393199731 675.218977713481 331 50.1908624949107 69.3653435879512
2783.03067620124 657.851353384673 308 42.3526092145598 82.9592664390296
2842.43219861489 656.998531042404 368 48.7378983213423 124.191450272815
2652.43121600956 637.764397917756 284 154.682714809029 85.2942840404388
