2549.15674303662 666.245105655773 256 33.5764742507652 395.992990130561
2529.00040023572 673.896185883509 256 56.8742765194789 325.626886856604
2625.21068918585 668.737906874022 269 31.7016709814957 262.564850646867
2584.4896319029 672.389616420664 244 15.2068436997272 332.390266192911
2689.32218274359 684.808542395405 303 72.6472922247631 270.397276651882
2703.84345965746 680.638763905597 288 0.24396773925852 520.972336495306
2439.64222455077 671.207656303518 225 60.0006365161573 333.656757960199
2500.6986581969 676.565969929897 234 49.9932270516684 400.963461023715
2552.70523681063 668.964337695952 270 36.9073048006656 346.314025894783
2698.48771846854 672.482876689803 283 0.17722644716104 317.38424620576
2506.02390095393 680.387316553525 227 47.5949530219373 315.348662836239
2686.36058675435 674.889571230765 304 64.3992839787677 464.007426382527
2692.52242366486 644.116785099502 305 1.60963276586643 529.353871345449
2584.4896319029 672.389616420664 244 15.2068436997272 332.390266192911
2515.32164481205 658.86296269214 254 88.1653592158696 438.491056005612
2744.36394133652 669.692009049165 323 93.8328749849636 293.234415653934
2703.84345965746 680.638763905597 288 0.24396773925852 520.972336495306
2532.71790176429 663.101463896115 255 106.730443810254 347.157532869185
2439.64222455077 671.207656303518 225 60.0006365161573 333.656757960199
2511.28387315533 658.391131832822 239 95.0572321677865 345.42307507451
2552.70523681063 668.964337695952 270 36.9073048006656 346.314025894783
2685.49067998976 664.740268593352 293 79.6995711354829 306.595548686327
2709.0798995575 664.186778701698 319 0.191167874050299 470.158812668041
2582.6859453251 644.658461685752 286 38.9144923219462 170.467674243925
2684.34324101197 661.95214014465 290 80.6409806872455 300.928836948953
2698.48771846854 672.482876689803 283 0.17722644716104 317.38424620576
2586.30094446218 671.22283324207 256 32.1456287955243 321.349953529193
2701.15059545616 678.541255932346 308 37.3933158956778 426.240786543606
2441.0413642487 642.217505920894 239 75.5593742812678 325.540748229039
2577.21929393283 664.515956761246 272 74.0253508568863 258.667759131316
2685.92427126163 648.445115920984 319 26.6462742190428 601.81149800842
2627.70219892267 663.793545212505 267 2.17821540446488 416.152475492962
2526.75747398478 653.048319204686 266 57.6177057674111 448.085461406151
2586.98264952444 641.407100476228 279 85.7925816827844 328.434832149843
2744.36394133652 669.692009049165 323 93.8328749849636 293.234415653934
2610.77138914378 639.022092182595 261 110.782842431368 331.1265116545
2693.26960316664 661.57302747652 297 49.3454433733613 291.100578994452
2703.84345965746 680.638763905597 288 0.24396773925852 520.972336495306
2526.97205306586 634.960526808626 293 26.0491443882646 398.098727366559
2511.28387315533 658.391131832822 239 95.0572321677865 345.42307507451
2536.99933268663 665.518442612569 270 39.9299074586186 389.839909647725
2683.31657058473 654.52524553149 293 133.54717071094 310.00138092344
2638.93006106762 640.581741634058 290 121.111962428834 313.766228612811
2771.27722644266 669.713285646569 335 12.161049014058 486.738333502655
2582.6859453251 644.658461685752 286 38.9144923219462 170.467674243925
2596.79030053451 673.775585776058 260 82.2968658482026 240.702572258985
2591.87203430603 657.999589393613 283 87.8441585012863 457.001882401616
2698.48771846854 672.482876689803 283 0.17722644716104 317.38424620576
2586.30094446218 671.22283324207 256 32.1456287955243 321.349953529193
2640.00823742976 660.821282288219 283 98.1928264769431 285.801186407497
2685.92427126163 648.445115920984 319 26.6462742190428 601.81149800842
2623.31035350374 673.459177175567 276 82.5747485004082 202.706102920739
2530.84245871446 657.357993170747 256 38.964904886221 427.156537625516
2629.51298590034 670.031782751345 272 105.847464673815 290.200414056749
2824.15582466836 683.619881076372 338 3.09188145997301 537.330517065739
2695.89109320559 665.380962996604 293 93.6062779661325 295.74611255431
2586.17506436047 674.563224366837 273 40.0745929328884 480.001997034136
2556.40370743589 637.794172278372 261 22.9261841595415 327.076924115637
2586.98264952444 641.407100476228 279 85.7925816827844 328.434832149843
2744.36394133652 669.692009049165 323 93.8328749849636 293.234415653934
2661.48024816302 656.76366513079 294 63.3285574992731 314.134082087491
2527.94525657495 636.512811839572 262 169.077716166166 306.318726618356
2536.99933268663 665.518442612569 270 39.9299074586186 389.839909647725
2683.31657058473 654.52524553149 293 133.54717071094 310.00138092344
2638.93006106762 640.581741634058 290 121.111962428834 313.766228612811
2537.27259294348 624.344773237861 272 87.9155562569541 419.712987316941
2759.91770884083 664.200022361392 335 9.97490883229812 453.351127157303
2788.5318745428 664.965042419521 344 62.8873704441121 251.149095792137
2579.04436816602 654.178782882268 267 57.6641933172034 433.178639882902
2570.49250919751 663.185244686573 263 79.1587201947754 249.942284592342
2623.31035350374 673.459177175567 276 82.5747485004082 202.706102920739
2530.84245871446 657.357993170747 256 38.964904886221 427.156537625516
2824.15582466836 683.619881076372 338 3.09188145997301 537.330517065739
2695.89109320559 665.380962996604 293 93.6062779661325 295.74611255431
2736.15996372526 648.338216778174 334 102.181578309202 479.729296527756
2583.05039065574 673.151015848949 273 40.6759366677411 461.982989300838
2556.40370743589 637.794172278372 261 22.9261841595415 327.076924115637
2586.98264952444 641.407100476228 279 85.7925816827844 328.434832149843
2688.04010588463 647.756922649176 305 14.0007562536699 431.416857982222
2710.54418618755 628.452796437918 289 117.558523406489 435.991017730894
2875.71239732565 668.846654915821 356 124.314406786102 300.626810812995
2580.25937969673 651.036765080043 265 78.2704976763746 375.211103658406
2571.12078644936 657.455010317329 265 57.8538692286366 291.188397636403
2591.65554237745 666.023008215492 287 29.4113149993262 371.338393925156
2683.31657058473 654.52524553149 293 133.54717071094 310.00138092344
2586.17506436047 674.563224366837 273 40.0745929328884 480.001997034136
2556.40370743589 637.794172278372 261 22.9261841595415 327.076924115637
2586.98264952444 641.407100476228 279 85.7925816827844 328.434832149843
2744.36394133652 669.692009049165 323 93.8328749849636 293.234415653934
2661.48024816302 656.76366513079 294 63.3285574992731 314.134082087491
2527.94525657495 636.512811839572 262 169.077716166166 306.318726618356
2536.99933268663 665.518442612569 270 39.9299074586186 389.839909647725
2683.31657058473 654.52524553149 293 133.54717071094 310.00138092344
2638.93006106762 640.581741634058 290 121.111962428834 313.766228612811
2537.27259294348 624.344773237861 272 87.9155562569541 419.712987316941
2759.91770884083 664.200022361392 335 9.97490883229812 453.351127157303
2788.5318745428 664.965042419521 344 62.8873704441121 251.149095792137
2579.04436816602 654.178782882268 267 57.6641933172034 433.178639882902
2570.49250919751 663.185244686573 263 79.1587201947754 249.942284592342
2623.31035350374 673.459177175567 276 82.5747485004082 202.706102920739
2530.84245871446 657.357993170747 256 38.964904886221 427.156537625516
2824.15582466836 683.619881076372 338 3.09188145997301 537.330517065739
2695.89109320559 665.380962996604 293 93.6062779661325 295.74611255431
2736.15996372526 648.338216778174 334 102.181578309202 479.729296527756
2583.05039065574 673.151015848949 273 40.6759366677411 461.982989300838
2556.40370743589 637.794172278372 261 22.9261841595415 327.076924115637
2586.98264952444 641.407100476228 279 85.7925816827844 328.434832149843
2688.04010588463 647.756922649176 305 14.0007562536699 431.416857982222
2710.54418618755 628.452796437918 289 117.558523406489 435.991017730894
2875.71239732565 668.846654915821 356 124.314406786102 300.626810812995
2580.25937969673 651.036765080043 265 78.2704976763746 375.211103658406
2571.12078644936 657.455010317329 265 57.8538692286366 291.188397636403
2591.65554237745 666.023008215492 287 29.4113149993262 371.338393925156
2683.31657058473 654.52524553149 293 133.54717071094 310.00138092344
2545.89855600277 628.657754767506 272 86.2554888921872 424.025968846586
2725.53624364802 652.626152221067 335 3.35819277089689 427.515026642729
2880.59068341522 673.518002991266 356 45.1706444161903 299.494724966616
2623.31035350374 673.459177175567 276 82.5747485004082 202.706102920739
2653.85078799653 665.116236904483 258 118.10460198439 300.30415723782
2742.74295520425 636.462622765932 334 100.914681008377 448.79010346355
2708.93355201888 627.815599498746 310 134.882523969076 334.196753494213
2596.88217474308 673.473122885156 261 19.9767356628744 395.128756932149
2602.68003036916 660.884587108532 264 60.3753354152493 304.137686189137
2524.93012984962 658.412707936674 250 30.6150329425082 226.241353524105
2802.37464476906 660.745714698616 343 75.7668896583193 462.773630737345
2597.73104659696 635.224667725664 302 3.12205927625502 332.089877498405
2710.54418618755 628.452796437918 289 117.558523406489 435.991017730894
2739.95913745077 646.585044625061 332 53.1613223494542 382.27530213684
2875.71239732565 668.846654915821 356 124.314406786102 300.626810812995
2698.62443008253 657.682252937944 280 83.1483536095693 310.978773842546
2691.34810659815 647.499643039773 306 18.1177603592148 413.179740163851
2678.31499157017 640.635092662725 300 65.9109699103511 335.082659228203
2598.64188162311 673.330479366504 272 58.5013980288062 423.516198232986
2640.18329873411 659.348708496133 289 17.8255329269338 370.128092715938
2686.52760716201 669.712100794197 308 80.0717897856978 428.654981221839
2569.91164185374 640.986704122851 272 81.6341683654775 402.477613767584
2665.58249220419 669.940098607968 293 74.4394716144338 198.482977903889
2693.16813693572 668.312312951948 297 58.8708186605811 359.227317771611
2651.8692057097 649.935697924466 294 53.9265242215806 460.69951827432
2653.85078799653 665.116236904483 258 118.10460198439 300.30415723782
2792.5678467991 657.775467196973 339 128.160852878283 450.928056172777
2740.32284164434 664.659264341877 341 108.518784615531 545.104284423101
2726.84987406167 631.777727605225 334 94.7974312244297 435.012622780681
2685.53887721083 671.06606083436 281 2.91474531780052 482.218144151462
2634.05809714961 654.605707751228 274 54.3366236478017 432.502154735177
2524.93012984962 658.412707936674 250 30.6150329425082 226.241353524105
2668.42505501228 659.310253854984 297 76.7583632334031 471.130233252059
2606.71382225891 655.670008835041 273 18.3816399441319 322.145263491358
2676.98208617261 671.44405313332 276 0.279135647823009 414.702896102681
2802.37464476906 660.745714698616 343 75.7668896583193 462.773630737345
2661.18393381172 639.719618349649 284 85.3285857879525 290.24352285652
2754.2407595321 635.287020526771 292 103.59804848368 376.426097038264
2681.07135789514 665.576086850931 302 71.458638022396 166.043147159267
2641.03662289586 644.158728784146 294 49.7570611525178 421.165234841846
2527.25664016463 657.725902896022 257 39.6549959878906 467.589158946696
2792.5678467991 657.775467196973 339 128.160852878283 450.928056172777
2678.70224867932 654.942498814066 284 96.1615939468886 338.79766419791
2740.32284164434 664.659264341877 341 108.518784615531 545.104284423101
2841.47117307145 681.681620414895 339 65.5893785330655 295.463173986532
2762.27536310887 651.994266547266 339 90.417979439243 373.199647630492
2699.32291918879 673.453430000302 323 0.262005202301861 503.413383658623
2634.05809714961 654.605707751228 274 54.3366236478017 432.502154735177
2524.93012984962 658.412707936674 250 30.6150329425082 226.241353524105
2606.71382225891 655.670008835041 273 18.3816399441319 322.145263491358
2676.98208617261 671.44405313332 276 0.279135647823009 414.702896102681
2786.1986598854 655.771324742682 343 69.5407501736614 474.063374223353
2677.78031414494 663.109278813786 284 40.1038738063248 495.029343727156
2661.18393381172 639.719618349649 284 85.3285857879525 290.24352285652
2739.95913745077 646.585044625061 332 53.1613223494542 382.27530213684
3010.32526932938 683.602468466761 403 98.4081474901878 241.859314612853
2776.53510281794 665.111257888923 339 68.8885843847271 444.956025226583
2714.46461572909 662.965435700767 280 80.0999084605505 266.072842791496
2678.70113414053 667.753631295034 276 43.707345426353 296.406136520442
2781.28203311907 647.0752117088 327 91.4216708822735 480.973153875625
2607.15903246499 663.41527906637 272 49.0075716946201 426.156211299442
2682.18442833231 643.691469196136 300 65.1662964582731 365.311073945061
2597.03159039727 646.892152391743 266 86.0345646559602 341.799080107776
2681.27575019325 636.981378637469 313 127.381484038437 428.91706815045
2618.03430125 656.380346767008 272 108.165427389675 360.201930736497
2686.52760716201 669.712100794197 308 80.0717897856978 428.654981221839
2683.18152466208 655.188975991599 297 128.281165755983 376.02600366222
2685.9498278732 640.140797355107 310 38.9341713967177 472.971158707712
2825.57784108405 644.830394819598 391 30.1901264625011 321.722245214643
2703.0194922519 641.634010343382 273 119.547321939224 273.833010749578
2976.91884361363 668.849683073284 379 82.9459504734724 359.473128059285
2775.18658660959 669.663050208295 344 21.7356262583595 483.853397192854
2645.41647853215 669.702937492517 280 89.7084804779281 354.996536176888
2776.36969512904 665.205798306085 338 70.1559912101255 584.511371435067
2702.80620713296 666.152648670897 332 34.1451117217756 526.118306420644
2838.85350340366 660.940849994119 361 2.92317558732361 375.044343868394
2826.99043564001 669.018293471888 332 51.6028567906775 439.452914754288
2699.95554239393 648.211455184445 300 32.8541601149301 486.244193565074
2648.65747547449 659.473298176886 283 9.76706118262771 300.34312870564
2869.08154768206 666.022237760682 332 71.8876934416613 444.223029791138
2707.16989833994 646.406995362125 311 10.0605796250176 382.563455072169
2566.68577119491 666.471872576854 256 74.0528534864807 418.73138101086
2884.29246036698 668.379627074166 342 113.142955946141 466.208916900912
2981.91283024333 654.417192541894 377 148.158044854622 448.710779703214
2867.34415426188 662.571540685558 350 59.8390713848759 473.187728695742
2638.86048232599 660.251789861348 260 83.0900636178123 340.309237673126
