10655.426039658 2975.79598960605 963 236.722467110774 8817.77034510746
10698.5167752517 2971.23969163166 1020 236.928264885512 8440.37202324723
10678.5169785874 2982.81911420066 975 249.009923266402 7796.0452372736
10675.9608063368 2965.38020431981 1035 263.775798802348 7658.07056602909
10705.167699377 2982.5616425146 993 206.995214901374 7968.17391391929
11006.6352677428 2986.49300483076 1085 244.957640101105 8158.64171774702
10897.4096480583 2981.32754556952 1034 380.225931125191 7744.39847742312
10762.0435148014 2977.6143078432 1029 270.108743817397 8901.27680445308
10619.2146128573 2985.33457297752 975 250.298518048347 6852.75253224138
10807.4059406444 2984.7358968972 1017 259.862667773771 7691.57033301448
10504.5644693965 2978.39822661394 921 237.642595024472 7820.91510789694
10880.0420947768 2983.47922108156 1062 269.682911427138 8268.70256730024
10803.7972576919 2975.90505936771 1019 220.810443775625 9291.33501882581
10711.3284792406 2985.94529051837 1012 356.74467991313 8916.75809159678
10758.2779100099 2979.38988445798 1031 202.494220518408 9554.53058354007
10827.0646588275 2978.728484885 1023 296.972726927463 7379.77115229134
10793.0965548575 2987.11594529989 1033 210.321240254865 8466.69884588229
10599.2665887924 2975.18555801461 983 261.647276984543 8485.35401121923
10654.6363651501 2978.64271841954 970 336.510703089095 7867.42452236113
10651.2978110885 2988.8802035078 968 308.022588008818 8791.12635278662
10740.9019356842 2986.00770694302 1004 317.270244825169 7657.3562932057
10834.7507710813 2996.44128117585 1043 208.554634095186 7107.79157091703
10690.2695029524 2977.59462037966 973 268.912054976464 8175.16157479761
10603.5164610506 2973.78135222904 968 329.278284261803 9422.66709914339
10790.0590698842 2997.36764111614 1067 299.502089599865 8703.02141113959
10819.6776354533 2990.14838355713 1027 387.605218480659 7899.62549154169
10734.1465980521 2986.99791001473 1011 177.888247625793 8807.91789454447
10569.0124174533 2984.35734808002 958 245.683506277456 6796.0702819587
10594.564729226 2982.74926487983 949 244.146861280167 7964.44467197149
10625.03229674 2975.80543398348 957 276.988791568985 9692.69899092873
10935.6248986191 2986.04424195928 1053 258.344227025389 8289.63024272073
10841.6595341956 2981.96105955119 1045 144.705439400026 8894.61932762022
10775.5537655455 2981.27227458247 982 222.530050579429 7865.50298652455
10698.4060399057 2973.50906279168 1012 344.782996955332 9062.92481258549
10770.2913480144 2984.31525396597 1044 317.590995573105 9585.52803998214
10522.2145511618 2962.74073214137 955 175.320979769277 9055.4322641069
10671.3058433392 2960.25975836963 1004 355.460669025867 9206.61908272211
10808.3731930747 2983.39549903469 1002 343.237477298316 7513.90159033091
10701.4106218295 2978.69388451059 987 311.764052543533 7893.72192966164
10785.120613614 2986.21945777178 1004 352.709225250679 7710.64388844535
10547.9295439424 2990.75749569145 909 228.25717336697 6752.6209671398
10569.7292520693 2989.02012803425 954 193.725571618576 9618.81364866382
10718.1558015014 2982.23499148749 1019 257.865440434845 7735.75426397846
10917.1635900097 2993.32348863462 1036 198.758177932721 8644.00019790662
10635.171360461 2984.0226723218 957 237.805163893693 7285.1617501208
10806.354892577 2973.51895654881 1058 344.695531763307 8438.82529633128
10756.6217987208 2984.66242837218 1000 237.456174154437 7296.16965509575
10934.3637214569 2970.2925807716 1090 265.342231203379 7187.41856156968
10702.3798390632 2981.11256590456 999 320.487559040943 9579.76678972095
10954.4095669891 2986.68624710334 1070 284.569413065908 7836.25273086022
10721.728554114 2982.04610960898 1007 310.550148963659 7748.91466503999
11004.4429678715 2980.15525490732 1104 340.313917493657 8557.93766268822
10658.8240935134 2981.38147485494 968 254.838075205945 8256.09218155249
10740.1578792464 2986.58604656495 982 246.583386727131 6865.32983010799
10793.2963978857 2991.21077803096 979 132.707086545038 9614.22578545558
10817.2518677552 2979.41814051477 1004 271.51798134559 8144.90480922681
10572.3332714008 2984.94574329365 932 166.80814482882 8858.75172329892
10582.2492252101 2981.17882227381 943 196.916279618287 7945.02464842541
11013.8216403845 2987.38862862287 1103 315.449324182079 8781.64286353147
10677.6124999624 2987.67221295118 951 166.181754264092 9327.27513866979
10890.2098033589 2975.53906145032 1052 271.811041324129 9949.27270443635
10450.8625773069 2973.13357612651 884 209.547654381148 7491.46573862699
10768.0853416187 2989.28216631965 1036 270.061883502498 8157.52372692259
10841.4211663733 2980.29451077087 1017 324.965596904637 8350.68408135886
10736.5624456995 2979.52062660514 999 296.36150275843 9886.55555602734
10919.9111394429 2996.96264950219 1066 216.222274010381 7997.86482195518
10779.4834733338 2982.24507888744 1042 268.251275593655 8353.36094678691
10613.0996002842 2984.22638525087 968 262.063133841066 8232.7641591365
10620.4079179059 2989.24110405333 959 325.845838011656 6619.08437131772
10490.725267107 2983.88456999834 893 312.320245599291 7630.54647400437
10602.3773856089 2980.28964111402 932 216.66173428738 9272.68351000733
10746.1106490922 2973.41104071783 1019 192.443710994168 9448.72044441045
10860.4211465798 2985.68013805602 1054 210.546033249778 8627.0085380721
10733.4637234785 2989.56537350441 1004 245.223263183923 7811.00902343421
10701.4204881078 2981.58187016638 978 296.198549547654 7312.93886221224
10816.9512484148 2978.90793662188 1067 153.644045281008 8749.21353082098
10630.1629703454 2979.1269197302 968 281.897688139465 7441.94705721827
10737.3594045781 2977.80280246426 1015 219.040899735007 9754.43429981194
10713.6206303004 2989.964090707 1001 216.207792914315 6669.11977882583
10730.1594531903 2982.85744139301 1025 256.032240860085 8973.69454314853
10684.1456001946 2985.65237221068 1001 304.160428519655 6923.29108816267
10777.9816100999 2987.85720427916 1010 282.597075634218 6469.32012383753
10622.6485656829 2977.85889084093 968 219.860860006314 7441.30142073656
10812.139300731 2982.59854552203 1027 262.244185652263 8479.78017583778
10620.9506131216 2978.07493261189 993 204.515342507849 8964.59246873877
10784.0459176481 2980.07447133246 1029 209.980185961967 9444.7982910831
10808.3458964487 2996.66118049236 1019 241.70797400058 7660.89216976469
10764.6781443362 2982.64445058919 996 236.66122268067 9187.44849199413
10661.1218257564 2991.91574745875 943 222.577696384645 8696.44289049609
10893.9385931549 2981.19607284512 1054 173.160678095131 10218.8451071018
10758.2235031762 2984.28535007865 1004 262.680798613038 8977.24554875505
10799.7283053133 2980.42032534033 1026 280.034697691868 8487.01003763441
11093.4685515294 2990.63392103123 1129 359.459709604025 7970.43895186282
10935.3588807597 2987.84207673129 1059 209.309063677761 9164.52591091782
10705.167699377 2982.5616425146 993 206.995214901374 7968.17391391929
10897.4096480583 2981.32754556952 1034 380.225931125191 7744.39847742312
10758.3906274322 2971.01403660208 1029 270.811742319369 8554.5582046238
11092.6319828775 2984.84114305222 1155 159.18930270828 8376.68411093066
10793.1559874893 2979.53614196136 1017 262.605072537111 7884.5980617305
10521.579937217 2956.91573751474 930 244.191851642157 7759.28412574499
11155.0330453546 2970.78444461849 1132 328.304026199501 9587.9131309044
10528.7260073477 2985.28125843134 890 275.09066106551 7788.13976849503
10923.1363591598 2970.06656849456 1051 197.843622989841 9687.75479578503
11288.8965764742 2986.47481630215 1148 124.529668183004 9918.34073696781
10711.3284792406 2985.94529051837 1012 356.74467991313 8916.75809159678
11151.4814261312 2990.88089959756 1120 138.390068555686 9697.05707900771
10829.4088957582 2981.17391820511 1042 229.872549698068 9518.08932868344
10850.2057033689 2983.10350299017 1044 257.936811372338 7694.05459152631
10900.8037295626 2977.25605742727 1053 273.994389235069 8566.82364935218
11175.3484729185 2980.68949327827 1106 229.945475654182 7514.93876428823
11247.3037198935 2988.63588583323 1180 122.909030587746 10157.0351705923
10748.3828050141 2983.85733943023 1004 290.576643734161 8730.39965354543
11254.0878749842 2991.99669197872 1179 252.194102932797 11151.3567846085
11066.7143593395 2974.84212328497 1101 176.459031364819 9177.27922372875
10651.2978110885 2988.8802035078 968 308.022588008818 8791.12635278662
10807.9470139625 2988.71582689248 1040 304.367413494581 8056.18675993108
10941.8628664357 2995.23771882931 1088 187.940901733068 7585.37244403726
10765.928200343 2980.91002260906 1025 264.988623196688 8341.17060715163
10743.8973056499 2985.46134698301 1008 309.416859370678 8613.47207583061
11148.55400175 2974.72816951591 1151 279.894312343377 9764.54450984951
10633.6275722743 2965.73600988597 932 324.979522635967 7051.02170251516
10551.556387391 2969.48791323953 950 254.71128329663 7815.12042144621
10944.0629059477 2995.0272507411 1112 269.864037530684 9579.75692859171
10994.9191481291 2998.77691028703 1074 181.196906783704 8884.01840588678
10691.885089151 2990.8498387803 1019 222.036649583882 7258.51906816176
10779.1492967819 2977.3525337044 1009 208.623544691297 9037.7341996271
10908.8635185143 2974.62339419918 1061 386.235479766203 9668.0264484075
11211.9435753834 2985.26114470439 1138 80.2713987720675 8692.33411537194
10704.0926937046 2987.97551865336 993 307.857250526674 7381.54907049099
10775.5537655455 2981.27227458247 982 222.530050579429 7865.50298652455
11357.9652996616 2993.00870653802 1195 230.455529053902 8669.10840566116
10847.263926274 2983.9851636909 1070 302.777615980308 10280.2006217836
10674.7732652834 2983.35564439198 1016 200.364871448907 9344.64757018677
10963.066531547 2977.70833363328 1079 353.285155258135 9489.3334943226
10808.3731930747 2983.39549903469 1002 343.237477298316 7513.90159033091
10928.7953383336 2980.42249251632 1061 268.00384344911 9094.78645294849
10821.1331644766 2984.02105876279 1005 370.969186738088 7627.32473456942
11057.8045833701 2984.14933290784 1106 300.231170803222 8956.87996950337
10853.2601539488 2989.39079406899 1047 267.81757077495 9570.30300207896
11070.7681898353 2973.73825529002 1096 184.586114694437 10947.6159700483
10547.9295439424 2990.75749569145 909 228.25717336697 6752.6209671398
11260.1464929126 2996.81942198005 1164 166.796999620166 9443.43207209045
10725.3937781963 2978.70089598999 999 280.232623009708 8787.303350313
10680.9557646823 2987.42056533382 1015 172.320019285871 9714.25635639633
11023.516631703 2981.7301895637 1106 199.098721262561 8995.04386046255
10892.0020060714 2988.11545574722 1027 203.600527019399 8580.42764504507
10610.6670311434 2973.90372140701 957 242.521024269631 7628.78896367936
10743.3143468063 2972.79036497404 1000 240.017194469459 7250.5258361405
10555.9134809485 2961.2382506862 923 247.058348068508 8155.46079456401
11226.9461380886 2992.03630804327 1138 243.13813232373 7373.28939889925
10809.649508151 2976.14785276862 1030 266.034235707033 9051.91447033773
11475.0879738645 2982.2774758768 1190 484.97862531305 8462.312726498
10936.8906800592 2984.33848562144 1058 393.36608985292 8036.5949810679
11337.8636604251 2984.56856120925 1198 276.147075293933 8651.81420692158
10837.2617809565 2985.82115413843 1008 294.89117618734 7912.29614683052
10957.9206906542 2980.5733644944 1064 197.276908248297 9149.85896952906
11054.6365180041 2981.23038323864 1092 225.833284104692 8225.80936533731
10539.2794818436 2969.80979134203 932 173.169349595023 8224.0238440538
10662.393551265 2984.42760142773 979 227.763845099522 7943.0343684355
10687.1930032219 2988.1467495735 981 337.331997437817 8226.14218207883
10793.4261674807 2988.32754968174 1012 210.758455675767 9175.18143788347
10929.3285102289 2984.0087787136 1085 296.297582954258 9362.15898374713
10850.6165670915 2985.99046850777 1029 242.649710871849 7568.53639429168
10450.8625773069 2973.13357612651 884 209.547654381148 7491.46573862699
11262.5631795617 2988.01165271814 1191 174.899579220921 9859.16619548782
10815.2190241234 2977.46698193126 1053 281.2240371829 9710.57810334348
10955.076628701 2984.95342468908 1071 209.454672447271 8024.99402212175
10735.3202492667 2975.220574276 1018 308.506229997636 8720.98302482296
10985.1265852606 2992.40360002762 1055 493.979795344979 7453.57849231048
10969.1902748255 2986.24561880784 1096 354.632603040284 9290.11231255503
10900.5369411321 2975.52801589179 1076 272.304973061954 8936.42046210223
10689.6203356147 2978.43607929173 999 247.336711460512 8337.05885558149
10984.6308309319 2982.32890565498 1079 219.108688070951 9362.90633799025
10978.7354597251 2983.83111600937 1075 245.584754763024 9343.51961659511
11170.0301944721 2987.30000146115 1138 388.928299712387 7804.45255361988
10935.3588807597 2987.84207673129 1059 209.309063677761 9164.52591091782
10702.2138086368 2981.55081207413 993 205.858261825355 7995.90189808585
11620.3048519661 2984.80492726611 1309 481.159173197639 9583.08138648762
10897.4096480583 2981.32754556952 1034 380.225931125191 7744.39847742312
10892.1859756971 2979.1029880287 1061 245.062815540356 9336.13997237746
11063.2321221681 2977.63613932221 1155 164.847308539863 8183.76103613563
11010.5519736954 2973.56256171515 1092 220.767195484829 8106.99230158302
10978.3153828683 2990.3198289689 1069 263.103399402401 8674.13457763262
10772.3629979344 2976.66653165691 1042 223.89950539967 8581.34466984297
11342.7261999088 2983.23361661169 1169 317.351269663341 7454.52649974395
11311.0902636359 2980.45711389667 1198 209.96638631773 9739.77530828706
11407.0386019148 2979.43127642533 1231 205.390712797774 11685.6289526383
11190.1151357756 2980.07753317142 1132 308.41772091997 9045.04769933851
10604.1528578757 2967.87218922691 925 260.574756913363 8451.91127254594
11073.3339686171 2979.95270819748 1096 168.938079572572 10039.1532123867
10885.6455195021 2981.57912133446 1042 376.519146650672 9017.83504658668
11162.0787160538 2988.86634763511 1137 269.99775639266 9157.12676586893
11420.7010223963 2991.03497708136 1274 86.5787330974204 9670.79397352644
10829.4088957582 2981.17391820511 1042 229.872549698068 9518.08932868344
10850.2057033689 2983.10350299017 1044 257.936811372338 7694.05459152631
11030.3953775088 2987.80913728974 1079 302.628065030227 8994.00330110585
11249.6373551657 2986.6714755948 1170 330.894093941727 10028.2585673031
11397.8355200449 2980.14567319725 1170 315.58078002059 8301.51027666084
10894.9340862513 2985.27969795558 1038 251.323711464728 10468.7856937876
11644.7187753019 2984.67009255976 1324 275.874156734454 10630.3297969021
