10550.0330669037 2988.72873916361 914 255.290880492616 1991.63157218203
10590.2561579803 2991.30228717609 949 244.318390079743 1386.00023491186
10618.5565908241 2989.56937268396 993 252.082386714963 1887.12359736897
10664.7932463625 2967.21413758618 1004 342.847172691643 1852.80372367152
10699.5702498431 2978.68867758821 978 161.710207579643 2460.30673672253
10582.0358546583 2991.84636480023 907 272.004760228952 2001.03797355874
10730.2683403406 2961.3695294637 990 261.627931675216 1782.29480443921
10685.9670081292 2981.61798124998 999 261.779361698592 2715.81760665865
10877.4117850294 2974.18379810843 1044 327.877633063873 1434.72477033496
10812.6998346851 2990.42448725746 1032 158.649511669418 1942.04593556404
10963.0796839031 2977.3563159426 1092 306.535331308905 3332.72272139479
10933.9419836687 2986.19736630385 1082 376.223098387688 1747.05426926964
10616.1844555903 2978.06727243488 954 203.062364540808 1776.9798395202
10638.5393154981 2971.97986880406 974 242.025973054302 1650.56004214784
10676.9675978956 2975.5433165411 980 236.87776032393 1598.08395597294
10776.6890716847 2983.3271699529 1047 256.352204958367 3917.36455976361
10727.5426423627 2989.17005884992 1024 270.912388862259 2719.83877243895
10855.217687362 2978.40132061274 1062 227.983614989415 2634.86726523655
10765.4824515181 2983.89580816573 1031 214.418746843662 4001.20051495115
10587.078722758 2981.48868417048 952 155.231555902628 2737.16524963789
10645.0452702236 2963.08026621883 963 234.581040360439 3503.37371173253
10800.4059609161 2984.81379744638 1035 255.880597384642 2058.85933843656
10817.3059129922 2990.11818921705 1033 292.994155611209 2266.17014581478
10638.2776293161 2986.13047900323 976 227.246412229021 969.552468977824
10754.5864407512 2968.4341254033 1011 226.460256329478 2275.05427108598
10722.5329315222 2982.81392928544 1017 229.127992083371 3782.09690079654
10734.4016526655 2987.55455390061 976 281.780926776179 1218.9838264174
10712.2065886296 2980.06417452481 1024 246.126024764424 2734.86960093051
10886.675196875 2978.05575561275 1070 289.770441650386 2879.51016165669
11057.5873222502 2983.93747661264 1129 232.078361647276 3279.60809154786
10610.4577190744 2972.00265900969 957 193.033364905587 2329.69463735121
10954.1250484284 2979.07897357134 1077 338.140644294474 2102.33765418444
10631.0973209811 2971.49481017516 997 189.309258027946 1957.414484747
10630.523554337 2979.21347522311 921 228.772030663375 1778.86575650572
10623.2244873575 2972.77185388729 957 295.872598324117 2602.751384758
10764.8833024751 2977.52696016763 1035 310.410239877495 3426.63188955651
10760.1058099055 2967.71466067021 1012 342.785727153214 3267.70627976537
10816.9978495751 2978.6390940939 1045 308.956279530135 848.332943029209
10755.2762656971 2965.51587187429 996 294.894741929236 2687.57081107223
10759.0942646803 2980.47124057478 1022 245.171735862901 1567.68080351063
10819.6388732797 2985.00224067774 1040 247.839662966811 2641.73925596252
10708.30663474 2986.61084739648 1007 257.927103252256 2646.25461348416
10715.3064550988 2991.36196766432 979 292.399426989247 1390.45577644008
10657.1941629567 2984.93830838628 1003 139.095791503488 1557.21332463015
10800.4881359562 2993.02198208571 1037 324.76831581077 2293.59904708603
10635.2164458983 2981.40886133236 983 139.404042504687 2651.56358369061
10547.5622009333 2985.55867848744 932 288.999280547102 2053.95677499226
10786.2274664203 2968.1711802406 1038 242.133197740603 2896.4091603326
10726.0727095208 2985.68434799 966 165.253395544495 2585.72695792944
10650.8938242024 2973.89734016679 1018 265.951444942143 2015.15124210902
10713.0908746259 2971.56324086754 1006 294.030830223961 2459.29059896472
10695.6495827277 2984.89633443705 989 324.747858692543 844.967656738374
10827.3885330233 2972.99406902788 1044 193.329990469862 1356.69904585914
10824.2452949215 2977.32695484711 1053 258.254358773901 2263.22827331319
10716.1437658262 2976.2429854825 1014 226.811592939437 2212.79943829687
10728.0545740489 2984.04359189036 1014 195.845480256558 2061.28245179274
10607.8586506456 2975.89480383891 957 265.339410353693 1542.16719743151
10782.2677113566 2984.4406814702 1040 201.164504478086 2700.20454208528
11047.2929792853 2986.70610290329 1141 278.648448118249 2568.59416663772
10734.9262439295 2986.73062779852 1004 296.754599413436 2910.64149294538
10680.3059616973 2990.25344130226 937 320.976164416923 876.290084702914
10736.1234261322 2992.10787501502 980 308.673179534193 1430.63502907881
10793.6336930084 2984.50057023219 1015 175.932802137172 2663.75102864634
10557.075709232 2978.68423972437 935 268.952739468203 2039.26436527839
10804.1671264354 2977.46631291183 1019 219.527708937176 2262.54381647542
10755.7489274195 2985.98839519494 1002 184.231209588545 2180.59045797354
10662.7900459417 2986.95099076086 979 214.135014194045 2476.71246099678
11027.0283005788 2973.04135094333 1092 302.71148033914 2200.96187441567
10724.5687850082 2983.13978062206 1007 179.62613961709 3374.45969960986
10737.9619578599 2979.81784534777 1013 260.788793131701 3438.76485368547
10668.526566503 2981.69042807946 1016 206.093130396197 3215.63582057372
10612.6241480297 2978.011238079 957 308.794554516807 1295.04866423077
10629.3621936465 2976.38780162298 993 288.824565763676 2061.93507414106
10584.4716043412 2973.90484512549 943 281.172940651232 965.562486059645
10722.1335576374 2979.60512340343 1014 275.140169966467 2949.41433448489
10878.3164473075 2988.00528248253 1067 188.762460710136 1312.73647306412
10785.6077129803 2975.10465404374 1015 226.304094089144 1941.49385991507
10502.3230647592 2967.75191049288 923 264.472674686332 2247.59327508771
10931.4160623785 2981.06998714249 1053 375.630898507089 1519.35471841355
11217.3983630438 2986.34551390107 1139 217.035217645458 2446.87760097303
10882.5507352782 2977.81352337924 1052 362.475627800259 2509.00640783373
10618.5565908241 2989.56937268396 993 252.082386714963 1887.12359736897
10853.6970820904 2972.93803508233 1049 347.999628831424 2405.92619702208
10781.4669702844 2987.55523194062 1035 320.393304053753 2571.97811002675
11117.827939781 2987.99705061926 1099 181.197370165311 1715.07967654095
10927.1111091025 2979.77012773391 1088 213.347360257829 2696.03828281388
11134.8443127294 2982.1691026198 1132 316.083356547672 1409.43889678714
11247.1042315885 2981.03644460065 1147 140.175807991108 2282.5040620782
10874.5770606065 2978.91700364971 1053 128.030131144884 2227.15064912621
10594.037683852 2974.24588975546 915 403.474443469334 1902.44689328094
11294.2207401385 2983.50765582756 1180 313.218485726781 3206.01884757648
11365.9318401485 2993.53142079018 1207 178.038314215444 2455.30221802472
10983.654522566 2989.67657034307 1075 270.942997692691 1733.3449703696
11042.7726312385 2974.77348722356 1109 223.527369332673 3865.71785100535
10734.2175933224 2977.6560805191 1004 252.493532248642 2707.8938051969
10900.6364281455 2995.10470511146 1061 238.049519775509 2527.74371139653
11131.4476919848 2981.47896743932 1138 277.606616831708 2240.41203710265
11230.9437870205 2982.88117113565 1138 259.840367558297 2259.33500367861
11095.434447212 2982.24366707836 1115 104.237210118871 2147.41151339449
10985.174934996 2984.19261714142 1106 237.5614520799 2133.27666110208
11126.6051975339 2980.8388793911 1132 229.442976775192 2710.54724156582
10659.1172738784 2967.36846450661 974 219.58721400462 1528.07818080709
10824.050353174 2983.58479408129 1044 206.324357207695 1234.19394070104
11061.5590680813 2976.88518960638 1098 372.148989434506 2039.68982119368
11172.5352048095 2981.54563687667 1164 180.171581119281 3740.2784365147
10917.0764436979 2985.95928863448 1067 234.436591788464 2614.16217660331
10854.495411512 2970.7338376132 1040 300.959117999995 4217.95396490401
10844.5046468341 2978.44633930163 1042 199.210918264448 4292.82828884005
10830.6668917764 2980.4205564591 1032 265.598672712012 2627.1563921763
11059.7771307154 2981.92181579127 1109 194.224920783521 2340.8217524905
10990.1228709649 2981.12161455977 1106 196.728146127637 3025.21397104463
10670.6589917318 2974.64335143941 964 232.757459437052 1844.29564276778
11088.5830396631 2987.42500681035 1122 200.420892721693 2077.63232381278
11003.0178010604 2994.58434410629 1070 237.101544430519 1579.52464980216
10638.2776293161 2986.13047900323 976 227.246412229021 969.552468977824
10971.5416199608 2990.92987886898 1079 192.88719365946 2607.71622309667
11030.3315514305 2981.18439407214 1092 415.688066143017 1686.49477702482
10765.8061163263 2981.63531561712 1042 220.800063784931 3505.09097895175
10675.8424063294 2975.79332070354 961 282.538223547327 2701.57982248482
10747.1614792905 2980.04404631278 1007 357.921492246304 1601.85368853123
11020.2055719114 2970.60631092336 1129 239.272482854231 3226.28342879075
11248.2220144742 2984.30214345728 1191 104.415017298455 3415.44544125656
10901.7626190167 2991.17477753332 1053 134.648273002946 2212.68675757752
11175.0230165308 2990.59813228105 1135 295.628810512014 1929.81888013573
10834.9691403827 2978.75123165253 1061 182.756575228317 2301.21121609473
10969.2936753233 2991.91339436123 1081 205.892463296829 1806.56092125993
10800.1067401698 2981.2964330572 1004 296.504319231553 1609.53950999559
11180.4777386817 2984.71309238888 1109 234.696534216366 1297.84920170701
10744.6172407104 2979.96191103787 1022 247.957840424928 1676.38021442913
10981.3864841019 2990.39172506557 1092 276.672415590713 2214.20905888034
10879.9201400027 2982.72074911989 1070 260.719508558722 1051.51633408123
11049.9406778301 2991.86389162852 1086 203.182717033853 1690.92602724678
10800.4881359562 2993.02198208571 1037 324.76831581077 2293.59904708603
11035.3583183439 2984.59500775618 1122 62.396703247852 2837.25307596324
10989.0421003818 2985.50323382446 1072 434.375605025175 1948.29581974882
10678.8730174388 2966.14839952889 1004 263.728502128121 2550.26385102715
11011.0947953913 2980.58091518428 1106 110.400869543719 2998.68543966004
11143.3720064462 2979.55504817358 1128 238.583638073835 1209.58216777505
11038.114947426 2983.08410410129 1092 296.060882688431 2356.52127007413
10930.5566018233 2988.83818288519 1054 257.169692654609 2072.21572747145
10998.842431675 2983.85913328551 1106 160.333672289818 1835.58220887657
10770.6694008975 2991.37410716518 1024 202.311368676621 2252.19783723949
10972.7897845253 2990.07330362789 1059 251.676007047165 2009.56639217935
10888.7534622259 2976.10123095181 1071 245.839756187862 2611.16875853905
11110.8763079681 2974.2114618253 1121 279.612521312009 3083.48013560717
11012.6159382578 2974.15196617014 1106 169.755496752557 2552.36414305421
10983.8672216599 2997.13512223483 1079 146.614313269772 2012.72749314932
10854.8798449919 2988.41553870966 1044 217.800159336578 1624.80156405385
10776.7615305938 2978.68740448416 1040 202.224169459966 2677.1914341411
11246.3135207998 2994.47398307736 1173 355.251490263363 3091.22692810211
11095.1159494052 2981.69862755337 1099 227.436058274869 2732.31252279072
10612.6716033909 2977.57192769878 996 258.253304648703 1594.44355721091
11081.434427285 2994.46712843212 1066 373.461809489232 1285.34406515803
10735.2755460398 2975.40973444385 1008 188.171313672142 2191.66004990868
10662.7900459417 2986.95099076086 979 214.135014194045 2476.71246099678
10712.5092016467 2996.22550901645 1004 293.788258032149 2618.48769713168
10836.9821582994 2980.72074370069 1061 173.673836639474 3013.04258998446
10612.6241480297 2978.011238079 957 308.794554516807 1295.04866423077
10928.2784534276 2976.8899237999 1044 413.504258564058 1968.72567122522
11132.0155319234 2989.66575006518 1101 403.115632012386 1659.24425644942
11144.7283287526 2979.20223278803 1112 157.19129935991 1537.07120677571
10583.883265161 2976.01141337757 943 248.013115582604 2199.31918052765
11218.0039396943 2989.69776871809 1139 216.918674364736 2274.49316558436
10887.5040428684 2978.03159941088 1052 361.522363310064 2509.22448386538
11469.9321314161 2970.39059061779 1239 447.756627558343 3237.84047918535
10903.9411167146 2991.87407904179 1061 197.160109099816 2391.70141203106
11373.9140781995 2975.96766283439 1229 247.88382125123 2989.96589324709
11358.2904213581 2986.83064974641 1170 134.920344009134 1647.12156367583
11108.1089835064 2980.8580680516 1132 256.64700669979 3196.71264191002
10927.1111091025 2979.77012773391 1088 213.347360257829 2696.03828281388
11162.7640991093 2973.20734565053 1164 310.710191153614 1383.15138273708
11496.431822217 2980.28648573466 1309 92.1926908025208 1813.60783367824
10848.4746844639 2977.28566811784 1033 133.053535775703 2728.23492905561
11597.0557201171 2982.71166011855 1324 254.937866656567 3050.04569490474
11076.4833171535 2986.89836991883 1092 230.457398093086 2644.25780285101
11360.6588213013 2992.84698416097 1207 179.053107165743 3014.93386213928
11093.415858132 2987.41448694485 1114 249.819418814129 2160.88476662785
10962.9867212541 2979.42036490595 1061 287.900816627989 2322.70350019241
11042.7726312385 2974.77348722356 1109 223.527369332673 3865.71785100535
10744.9018501418 2979.89070704945 1019 250.43734606504 2866.55588260017
10940.7406252961 2995.36715918879 1079 230.331463435317 2859.75054359456
11379.7802679428 2983.65229794828 1239 229.814990305746 2716.28973400263
11607.9793219783 2981.62208046882 1290 404.96141262623 3245.46208524134
11236.3684645433 2991.10445356191 1164 243.53732266096 2308.85267226922
11143.0793251686 2982.0687657378 1118 95.0679490809611 2308.40485301218
11250.5161095827 2986.1884344045 1190 251.218165395236 3137.89664224402
10985.174934996 2984.19261714142 1106 237.5614520799 2133.27666110208
11583.7726505998 2988.82216717809 1312 193.329647084723 4648.74409199829
11107.1837135024 2977.96179768814 1099 289.902655037003 1011.2176349047
11552.0076185053 2987.41828726755 1300 388.063887485566 3053.88852448861
12084.7161947219 2993.70870453132 1422 507.468513421404 3739.53742599963
10854.8254496871 2980.09858073966 1019 235.494200937452 1767.04255203639
11050.2948802881 2990.88913626878 1084 331.400391480486 2013.98170357584
11399.0943817658 2977.66012215557 1188 427.658907009933 1833.83557717538
11107.750473317 2989.97550727919 1094 387.540044177192 1782.23669414773
11548.1442729278 2991.13814350681 1274 331.948842092672 2758.62462566588
11306.4861379808 2981.31990529571 1191 231.729319335701 3054.89793892631
11589.774474495 2993.69103319298 1274 457.000996420892 1763.88186510783
10917.0764436979 2985.95928863448 1067 234.436591788464 2614.16217660331
10626.9362659265 2978.18168071228 953 333.083850850571 1950.2289202911
