2821.47380389464 718.538214146993 470 1.52671651751367 237.91429323522
2782.55310113898 701.759739360705 450 54.4548120682347 111.890174041388
2816.42292801265 699.026916191584 470 23.9118459094969 172.394762212684
2884.43177550285 700.51230525812 550 4.80432836890552 334.182191137911
2858.44966610181 699.736100690814 540 16.8163973739785 279.296352715093
2710.84252330518 704.260212483224 440 16.2714588204951 210.15245283309
2948.31601537285 707.500469600458 560 1.61239469826476 334.295183509425
2815.59857348899 713.213062618424 500 18.5899306706558 178.636599600267
2748.48158054349 690.280633060988 480 6.66052871749461 200.002106013628
2693.96194854573 698.779606643193 470 67.3670971995385 158.232067146166
2910.30402570922 697.563636818575 550 78.4954560355737 173.65397623366
3021.89765350213 707.342054922177 577 3.44432410252803 230.667389114458
2983.18995107044 695.190313367939 560 12.1437396318405 213.247991815313
2999.35029560086 699.30184145285 570 20.6044381867786 185.764591059105
2756.33582162115 707.232469600621 470 4.64492675804147 354.395786586354
2719.95126083797 700.534142306324 480 31.4937548527531 316.937699326586
2717.23466336592 707.368190816792 470 22.540993359049 371.493928271283
2804.88078224782 708.525628915436 490 27.4809842446983 177.120051088475
2907.98462558936 709.455871302584 550 12.4792886107521 256.661021617139
2856.44359766351 710.829629319053 550 55.995299177551 215.220590173148
2860.94025320791 704.585515669657 540 25.9968307340397 263.56383832914
2824.90023356621 700.765314629148 490 3.37436514837351 149.434804241169
2808.58589442613 708.689279807988 460 8.31006148842846 166.427255271352
2914.29861345867 699.062738291564 540 0.230353649489328 253.993070406042
3052.94093959379 701.78999908218 620 43.9154207176047 355.291470985872
2873.04827713354 674.308096330752 550 83.6176714536959 201.387484283703
2807.67828554434 710.345005306474 470 4.18166526189943 221.527875554182
2815.38733068668 621.790561257827 580 43.4532206691745 240.323004873621
3047.21105603935 699.259584675308 587 135.212498094328 154.141191664595
2850.23881479912 672.261151224838 550 52.9767274863792 184.474621390166
2765.05457387492 664.533504434723 540 7.45129241044304 266.501108097005
2791.93248805269 707.144904167839 450 52.6497482150805 117.275338848523
2820.10331235604 647.219547254727 540 105.951715318698 144.799183204018
2720.76636038432 625.616334928581 520 99.4652735037243 303.767288992114
2874.80523426161 695.296070311644 550 2.95169964324174 330.687108804936
2862.8725052006 698.3074554105 540 18.5187489368227 302.212655571369
2837.27425296668 687.926596854467 504 6.57061954629637 169.422419163196
2710.84252330518 704.260212483224 440 16.2714588204951 210.15245283309
2948.2694457979 707.824475947843 560 1.63031933602032 354.344888602643
2748.48158054349 690.280633060988 480 6.66052871749461 200.002106013628
2860.1733597883 656.958581458118 560 108.961064429175 209.574010812724
2693.96194854573 698.779606643193 470 67.3670971995385 158.232067146166
2803.19709403901 663.659132109047 550 37.2699788143276 115.976174270636
2942.15442182424 684.718381678562 577 34.1375082860456 177.439996951952
2517.739642945 620.097666724749 470 27.3892172242755 132.803287050493
2613.23793822219 669.826297101039 450 56.7067448004818 170.174441868998
2884.12280396258 641.20718937902 570 16.7380307211153 288.5131076082
2999.35029560086 699.30184145285 570 20.6044381867786 185.764591059105
2753.53805426772 706.48991347649 470 4.10649617983027 340.683005965701
2973.65237253862 673.163441893824 557 27.7630134005778 181.401920869634
2717.23466336592 707.368190816792 470 22.540993359049 371.493928271283
2803.18017254422 701.483559736659 540 9.78459958307596 503.084204416439
2803.81924566984 702.206159635251 490 27.6852770543817 159.438950288663
2749.37146933315 682.459984102341 490 43.0044047645982 153.136062026306
2907.53630961086 711.665941293802 520 16.432643797557 188.474173273661
2589.45211747375 673.019497465323 450 53.9350586114509 253.784210477662
2755.86313549983 649.120264091589 550 31.0689258720177 170.854904577299
2917.16617169412 707.838200298384 530 78.9467932650873 157.904754811472
2912.45456483026 699.537885027301 540 21.5413463696561 220.158100724559
3049.60546820465 698.35825557697 620 44.5573324857349 357.480649649354
2815.38733068668 621.790561257827 580 43.4532206691745 240.323004873621
3047.21105603935 699.259584675308 587 135.212498094328 154.141191664595
2850.23881479912 672.261151224838 550 52.9767274863792 184.474621390166
2763.19380274884 665.23710657914 540 7.8093979806235 262.492437194892
2826.47249878011 646.62198563468 540 108.403216316336 155.299625412468
2613.42562454394 627.954179170255 480 70.6785944820665 163.327228102883
2715.64965230436 646.895308850355 520 78.9832820409842 130.707742456164
2837.5526695393 695.889913734412 540 4.2175597802347 332.468639073237
2862.8725052006 698.3074554105 540 18.5187489368227 302.212655571369
2837.27425296668 687.926596854467 504 6.57061954629637 169.422419163196
2759.9234808363 637.275187809494 560 74.124715050261 219.529024617845
2748.48158054349 690.280633060988 480 6.66052871749461 200.002106013628
3193.20184288248 692.683788240776 596 44.869702975097 251.909320489062
2693.96194854573 698.779606643193 470 67.3670971995385 158.232067146166
3138.62278128284 698.619317903145 660 77.937441111579 229.661598586997
2942.15442182424 684.718381678562 577 34.1375082860456 177.439996951952
2711.76152348818 639.193143430792 520 32.4613025569706 221.198271748339
2886.33790502785 639.754384809194 570 17.1643271198882 285.60749846855
2894.04506060484 653.602151438067 560 29.2996818009062 185.523660682658
2999.35029560086 699.30184145285 570 20.6044381867786 185.764591059105
2761.78610232426 705.104748669356 470 5.69383376840872 342.263338991001
2856.38338267447 665.427514950804 560 57.8107985416881 210.443805066203
2661.24998157564 658.108621419365 450 61.9562272449733 117.556732233973
3008.97791819633 708.305897830087 600 72.6902511812264 268.708214071551
3002.16943815407 675.712713895063 577 22.2749015640507 290.532625969157
2943.48824582022 669.437096416595 550 7.74770369390039 328.983642479089
2703.7138704495 703.818128110941 470 25.1430711690314 346.196580965897
2803.18017254422 701.483559736659 540 9.78459958307596 503.084204416439
2889.96484621913 706.120206118411 550 15.9471967674643 196.671546569156
2907.53630961086 711.665941293802 520 16.432643797557 188.474173273661
2875.60494979056 684.356818230682 550 9.06114287844977 291.669147126325
2893.60084078881 683.801187237682 550 19.7112977234646 259.653687004882
2589.45211747375 673.019497465323 450 53.9350586114509 253.784210477662
2755.86313549983 649.120264091589 550 31.0689258720177 170.854904577299
3007.25167746192 703.282715227125 590 1.82638422678364 304.861197688544
2941.26118027008 685.008711726302 570 15.9975106434482 208.402157394592
3068.12846100899 697.853108583631 620 40.9925808584748 349.52287103311
3028.08490520168 711.729163921989 570 2.29733117846529 357.701728647118
2904.67284507341 698.930423540335 550 34.1639649190645 247.708057910276
2815.38733068668 621.790561257827 580 43.4532206691745 240.323004873621
2795.61733757889 618.321037723789 587 216.777916611932 151.828032281161
2763.19380274884 665.23710657914 540 7.8093979806235 262.492437194892
2711.40179541159 662.937818273631 480 67.9273878427484 84.651103288086
2918.77020031244 678.13738094101 560 101.333699921003 166.169906997231
2834.70872145095 653.691510994059 540 106.818154524298 181.947470582446
2892.12800450523 666.146877058494 550 2.00498572184947 318.046163549518
2824.03386571388 658.681972133136 550 39.6020515824917 302.367571082171
2759.86558447594 640.061619218783 540 10.9959181473164 209.439880635564
2613.42562454394 627.954179170255 480 70.6785944820665 163.327228102883
2843.82991015132 673.122998201906 530 32.2637365508449 136.588666364025
2837.5526695393 695.889913734412 540 4.2175597802347 332.468639073237
2862.8725052006 698.3074554105 540 18.5187489368227 302.212655571369
2759.9234808363 637.275187809494 560 74.124715050261 219.529024617845
2969.89166273143 646.43649312014 545 55.1336523450431 251.793659412989
2748.48158054349 690.280633060988 480 6.66052871749461 200.002106013628
3193.20184288248 692.683788240776 596 44.869702975097 251.909320489062
3197.26675882374 703.209282238488 690 66.6514023717163 224.851332121754
2942.15442182424 684.718381678562 577 34.1375082860456 177.439996951952
2898.0672599868 685.949024210018 540 26.2999948602803 211.388885115958
2811.25095597053 654.86695338446 540 6.19591518108541 201.683983264132
2923.1791087266 712.689787044636 540 46.4009169350945 195.891250596256
2967.88408109702 681.698913988781 620 32.8578960215271 300.430447446582
3051.8507198668 700.4198801442 627 29.5587727298864 356.74986908964
3110.20210540644 705.85448411601 590 12.2997608669065 290.228972908175
2841.54337420921 637.537072826621 540 141.449042231404 114.852271973478
3000.62264890188 698.892012071851 570 21.094167200677 185.354761678106
2760.1895684575 700.986245333523 470 5.38658068249409 338.144835655168
2856.38338267447 665.427514950804 560 57.8107985416881 210.443805066203
3057.63428040764 707.417870509775 620 63.3263299077313 280.161829816658
3002.16943815407 675.712713895063 577 22.2749015640507 290.532625969157
2691.49451381378 649.329089821056 480 114.95461065225 121.868771808483
2779.66983933737 693.877462201944 540 0.735468112599058 463.638077362627
2889.96484621913 706.120206118411 550 15.9471967674643 196.671546569156
2907.53630961086 711.665941293802 520 16.432643797557 188.474173273661
2937.25380161669 697.797931825001 600 40.4433681756718 288.450615431722
2915.17015339751 677.628562900614 587 2.39907244785142 260.899259343432
3008.13253000087 689.464576211945 570 1.54250521925382 282.698532479609
2808.53736707838 665.001575716066 550 2.64918864357941 363.847171948182
2875.75276407959 680.181724543006 550 23.14616168766 244.24374640213
2550.91026342865 656.706832397697 450 39.1002920727799 253.082653348679
2906.33510223726 695.18964406511 550 33.8440633787276 284.863460849516
3027.90487254755 716.014026986991 570 38.2009611677734 232.865918915216
2797.00360223519 617.514605358943 587 216.511129854438 163.438630358926
2867.64770561535 673.346716802399 580 12.2927649986711 295.613695226529
2711.40179541159 662.937818273631 480 67.9273878427484 84.651103288086
2918.77020031244 678.13738094101 560 101.333699921003 166.169906997231
2892.12800450523 666.146877058494 550 2.00498572184947 318.046163549518
2824.03386571388 658.681972133136 550 39.6020515824917 302.367571082171
2855.11857762992 660.977777853643 610 55.8721534066851 318.310025092561
2843.82991015132 673.122998201906 530 32.2637365508449 136.588666364025
3107.94831979866 709.291812513048 620 81.5980930818745 330.844090353381
3107.4786681674 688.484292923065 565 2.95521497904637 271.247777272272
2837.5526695393 695.889913734412 540 4.2175597802347 332.468639073237
2862.8725052006 698.3074554105 540 18.5187489368227 302.212655571369
2766.59702970005 695.442768850045 490 5.54149906195801 187.253499349987
2956.95574556745 669.498537125665 590 40.4927754921449 242.42849869691
2759.9234808363 637.275187809494 560 74.124715050261 219.529024617845
2927.01696319661 687.556181882566 550 11.5370074515346 223.590730808799
2919.0839426333 694.403428431206 540 6.41672815201447 288.203304970451
3004.93982263176 685.242900979865 600 114.510900397441 265.280994117631
2630.01745952058 654.724686373012 480 29.4589594381239 179.549418010849
3204.20261803689 700.612406475921 690 65.316595643792 253.945937142172
3171.6962929754 700.405550708306 607 31.8035139793449 200.299058594537
2802.95033414058 651.524585155599 540 4.59845976509756 320.475990390819
2920.77069869125 690.436656696627 560 56.5832488647505 263.748996050794
2910.58955518138 678.087613534489 580 92.6167125576485 256.724503951107
2967.88408109702 681.698913988781 620 32.8578960215271 300.430447446582
2762.46470828967 620.107248621973 610 81.8259550592914 277.10175985881
3158.27042610152 705.487163210231 600 6.20174439495863 321.424378162818
2939.32958556131 675.562840019204 570 32.8900227403883 116.956242466114
2760.1895684575 700.986245333523 470 5.38658068249409 338.144835655168
2861.64507353835 671.714506191815 560 56.7981856628036 209.035486687911
3173.222895059 700.647329953468 657 144.107693192385 328.330534535885
3290.43478078331 693.826525912935 650 31.7390256660071 341.486033503598
2866.95367253932 672.588984284124 580 12.5598984541845 294.855962708254
2722.87972065367 676.502675691916 480 65.718460099997 86.6331103726002
2918.77020031244 678.13738094101 560 101.333699921003 166.169906997231
3059.53088489951 677.506794743344 600 59.7993314681213 203.356176669303
3123.4892234522 689.483470693613 660 32.508539454165 336.487688732687
2843.82991015132 673.122998201906 530 32.2637365508449 136.588666364025
3089.75613860776 701.562357752883 620 74.5959192767321 312.092139259554
2808.46002985561 688.664388309178 470 25.4443063743287 155.133456027775
2841.65149702695 695.312835482941 540 3.4287400624488 330.160326067354
2881.23393466522 685.424376807554 550 25.5860664328919 254.962735555689
2835.31370209594 646.93513918852 567 59.3990781059243 254.058633326191
2813.00885812653 702.865248906809 520 3.39046148324715 307.717165230196
2927.20624659479 694.225399569247 530 116.083977088247 164.970538231419
3032.80096942577 718.41777231371 570 39.1432154513113 286.029157771894
2831.38519220501 714.165363825079 480 112.949041235882 160.137553959121
3173.222895059 700.647329953468 657 144.107693192385 328.330534535885
3290.43478078331 693.826525912935 650 31.7390256660071 341.486033503598
2868.70661556844 671.605291684369 580 11.8851903676952 293.872270108499
2719.33739066353 677.683976559018 480 64.3550166510859 87.8144112397022
2932.78439982329 652.568219287327 600 50.8741122509689 177.784457471967
3369.21779248162 712.91094027936 690 27.6370433179065 405.218319177058
2843.82991015132 673.122998201906 530 32.2637365508449 136.588666364025
2894.11301187818 635.231928593309 580 131.485454004219 340.841670339017
3085.45963676197 697.968582714355 620 75.4227814424789 301.310814143969
3137.05657614486 685.047852211597 565 36.565401258969 247.717544710537
2808.46002985561 688.664388309178 470 25.4443063743287 155.133456027775
