9857.53916263195 2862.24054678513 1050 222.302166558043 6996.8834316941
9691.75694778944 2864.20971182773 970 142.069999011681 5811.10925472814
9506.94410811667 2867.20753724226 920 186.953738871965 5190.91045449765
9886.76892899653 2865.13462477854 1052 180.68850026932 7380.90613254999
9819.05454495123 2874.00833083307 1041 251.109667398442 8134.37543470856
9915.22125310637 2866.99105694417 1087 215.99197039273 7174.51357461709
9635.91125805191 2866.6289819896 979 204.392561335728 6487.17100955878
9813.96653988594 2851.96724883827 1011 142.814755968715 6080.99940612131
9724.81414892571 2856.37194590242 1008 120.173925872366 5589.00250684623
9644.78680264449 2859.53046255585 954 153.282626497034 5807.40181743636
9811.9852286177 2849.18111715449 1032 228.056597790534 3397.54979947868
9718.01387202804 2866.14240906069 1002 298.59935588785 5485.71453265177
9611.23308701438 2867.91411821599 989 179.820493713863 6224.16225772263
9732.73481322834 2858.83582081812 1009 187.160671413396 5889.70884965463
9737.30172862886 2864.28526926039 992 187.495146919538 5767.92076559655
9885.0500363412 2865.02776371703 1056 347.33214308601 6718.96090504376
9707.21638997676 2853.23494815533 1008 220.098562150774 6036.70168999768
9656.04586215968 2863.7505974927 968 258.862653267504 4666.30427551557
9835.71204711632 2869.25758249581 1015 235.255920257686 4755.87041344245
9891.57449446814 2861.38349592063 1077 194.138507739019 5306.67759499167
10041.3703372081 2858.40235119406 1083 347.97314735287 4761.47782027377
9831.03895866841 2863.05554459265 1029 255.475769408449 5617.27693966308
9641.44757029189 2857.60979927581 975 292.972783847442 5319.75272416705
9690.63309451578 2854.75580560436 979 245.341688023683 5945.42254823245
9797.80027574571 2856.03187008156 1030 228.698154818956 6528.45290520012
9791.31625097751 2866.10576300683 993 250.24218901751 4884.14774022693
9919.33653812533 2848.6660060058 1036 325.776499416195 6855.10474975696
9717.29603603443 2855.86651700976 1020 199.253180078329 6464.2346929049
9846.28757284341 2871.54021705922 1048 186.779402200237 5856.44452673365
9855.99958041424 2842.38791228936 1088 172.076157335516 7629.89273698178
9913.83366088054 2851.43585948456 1049 170.670624248828 6420.00732892524
9720.91095328529 2861.59707744432 1014 255.776296189026 6991.6166024418
9848.23181220318 2867.40158886389 1034 187.889490104367 6467.27493627649
10091.7403986694 2873.67956335022 1148 248.059321954295 6633.1454430582
9542.66599764307 2854.11585848042 967 170.704090265037 5557.15235238471
9676.97988479011 2863.66911173143 986 327.737547743479 8020.78249850731
9744.3060981136 2862.06921948916 1003 241.520547287554 6616.30354014021
9854.69007024642 2864.76012214777 1051 198.460080459893 8033.08421692165
9654.19766280325 2874.64265825892 977 244.81072176555 6249.7489846072
9949.41394762775 2872.44654940308 1107 221.13391038026 5648.18348475135
9822.37768833427 2857.16245834768 1029 221.845996949918 6500.86919291259
9788.58910578841 2868.73277121468 1052 256.706495258713 6362.38618371897
9766.66243142931 2863.98306031891 978 282.639944409882 5193.45587737096
9754.37769682477 2875.84359810546 1005 274.717648773997 4490.45164832328
9944.37523320218 2867.42650180808 1072 204.739114340108 5596.19140453317
9659.7238971486 2865.68707625333 961 240.401686020619 6026.42748714772
9660.78212439316 2865.11982217336 1005 184.069198594953 7025.91883154503
9792.12254866678 2857.18845362914 1015 275.100579915282 6182.74927468065
9814.00349309531 2869.27904271049 1031 199.372226850101 5296.22013765739
9775.28728937943 2875.54344591296 982 161.884712908609 6426.10990090762
9747.99787376021 2875.75292130496 1000 254.248335235243 6335.03996257288
9944.80728661417 2862.4254978021 1069 153.487159220273 7450.67813885783
9908.26737811777 2856.66581228166 1069 207.057696552106 5924.63513608525
9911.13189344622 2868.6317904938 1058 159.216833570618 5423.83017663665
9820.27807405512 2874.74731676564 1011 179.880324516359 5269.17561159205
9652.52825404408 2870.98804272042 953 149.146345576195 5730.22236449959
9998.13991154836 2864.65885189419 1098 293.232438494116 5337.03671436784
9885.17602451102 2864.59656731024 1049 242.299788963083 5027.22619240468
9823.45271075397 2858.17299403141 1044 240.000255428091 5632.19253175809
9634.15631382122 2861.75294799636 958 265.28435058183 6135.73083874515
10026.1537782079 2866.11860807499 1121 199.567530239786 7165.22405875606
9652.24172962638 2864.40689147094 979 161.155305924621 7819.68017326765
9659.99324755502 2864.17434428627 989 168.187636994235 6348.5681557645
9719.78157452669 2841.89090071873 1015 260.023426735323 5605.61305195691
9543.42778833607 2875.15982384443 956 222.869282511996 4491.43181414547
9634.71725800664 2861.16201951458 961 212.120485876092 7893.60418795338
9536.36705011186 2859.11539051692 930 260.515958680567 4523.5357900981
9663.42103820603 2857.82795370922 982 220.472735765343 7256.80112073212
9701.47198986467 2854.67659463777 992 215.055470912909 6524.8704905452
9661.33934845185 2871.16522876483 989 241.208932094612 7343.26028565411
9696.33126974101 2859.65772527485 981 181.090372274705 6444.77619062068
9683.80830350124 2858.55284179798 992 232.258649997205 5442.18355820586
9665.7944640545 2862.69420529004 966 241.257535119395 5740.98978670276
9632.20017577271 2854.58862054561 959 251.832326085428 6636.15409706569
9919.38620656991 2862.83005834394 1074 180.224488011429 6131.89703504056
9889.96496783543 2861.05910268726 1066 191.70593125132 6496.98921308406
9553.14807570724 2869.3619022426 930 193.528500646837 6799.16614089793
9774.80825776119 2864.78664774558 1032 296.631934494916 7360.45816453143
9423.61639729983 2868.10962604441 900 271.19095573527 7210.19940603475
9816.41460305732 2864.56568224551 1030 188.407809358284 5113.32244820839
9682.24763209078 2864.08722710856 1006 270.485082660234 5523.70982141567
9686.77612244984 2867.59543791201 962 238.142524356416 6841.30710118047
9720.18000764453 2868.8479014629 996 207.915765819002 7236.25649082794
9808.03242591188 2865.14249227235 1041 271.461995796492 7938.73709631192
9737.36696532648 2864.33623689972 1014 225.45928721549 7632.33200679158
9655.7162880831 2864.94367818313 959 325.137028354703 7152.77039464111
9668.63689213963 2861.32987893882 986 200.389476174552 6992.74618268866
9815.11239491276 2873.06777303062 1059 262.092196620443 6750.38570793663
9988.28187354391 2861.92627836112 1094 184.524082717071 4996.05097350969
9808.02855438013 2859.61400487504 1029 89.7346355453428 5950.59251530476
9870.96205929825 2863.60676986795 1050 156.658853322345 6335.21536685519
9811.41756700088 2860.1552189665 1005 262.211486059723 5045.45897629085
9772.54884586569 2864.82565918173 1024 161.970285613345 7017.14537505577
9575.21862681261 2867.35517519877 947 187.546126182761 7582.47263832347
10041.090711951 2868.45910415837 1101 74.840684753112 6922.1996953719
9891.9505422007 2867.21075280407 1048 112.859216085916 5322.01437640349
9886.76892899653 2865.13462477854 1052 180.68850026932 7380.90613254999
9937.73216562002 2858.17765762566 1088 156.953995843213 7171.45754969901
10286.4039693552 2865.62740764495 1194 79.2051806767716 8254.00314030786
9755.76740531921 2863.91081483425 1016 204.059318699388 5994.62597122102
9940.94528748299 2855.0246641979 1110 199.901560867453 7783.36154918234
9861.28575328569 2856.92965596274 1048 93.9099533677071 6031.16252421914
10082.0343036194 2867.46571135764 1125 121.073523157127 5983.80383358848
10046.5892362439 2869.40404213987 1110 318.35572242782 3889.65694136432
9718.01387202804 2866.14240906069 1002 298.59935588785 5485.71453265177
9684.42038612144 2864.09768368879 984 237.877779132594 7856.78005034907
10012.4251132459 2854.12651615188 1071 368.360213055147 5271.89935663062
9664.46679991673 2878.13656564532 992 200.310159363288 6278.1704718921
9799.86437448872 2862.6308530028 1014 174.241581325308 5599.83259039066
9737.04645308439 2862.77033444251 992 187.544274720977 5845.68305206953
10132.0766406569 2857.49773425518 1154 442.412727418439 6170.06968096205
9777.97008087995 2863.89940462654 1011 206.482007987735 6100.68842882493
10142.1075205729 2865.26057822367 1150 445.947872819262 5373.45002569226
10081.6201524314 2863.80851275002 1127 187.930883324504 5112.49692776598
10164.9480098342 2859.74990062266 1145 121.13239493543 7598.24377232552
10070.0507136573 2866.74685228682 1137 201.721177076174 5586.31265889223
10594.4597697041 2870.30483634472 1309 264.367664501927 7155.27249160283
9616.94690077314 2865.15672865823 946 259.638235051122 5913.4385588311
10000.9931310906 2852.12165826503 1110 223.778208409759 5679.05475052407
9919.1534706677 2851.08570507599 1088 205.343721567211 6777.55003727877
10027.7170632399 2870.0310619999 1118 114.371931973091 6599.62500631297
10023.1578117875 2866.19173593557 1106 140.390053889712 6808.91513692163
9872.16128041052 2858.12680914475 1049 334.220011753945 5622.24092984732
9846.28757284341 2871.54021705922 1048 186.779402200237 5856.44452673365
9909.66360361972 2865.28209841091 1051 218.122204708633 6409.58329435826
10071.4231921925 2856.67508653964 1153 130.617863918853 7062.77889568102
9951.52936867321 2855.11126395551 1067 166.087850470956 6677.04975408455
9618.11095135321 2865.44044678363 959 199.63616721943 6531.06043265755
9959.12237075057 2860.09422497952 1108 209.932487523151 7193.05468998832
9848.23181220318 2867.40158886389 1034 187.889490104367 6467.27493627649
9825.66388007919 2874.62997428621 1024 169.2932099627 6387.56488149285
9692.14783777219 2856.81065678259 996 324.818473831059 8568.64766334915
9854.69007024642 2864.76012214777 1051 198.460080459893 8033.08421692165
10000.2781332716 2867.0542933969 1120 175.983447724966 6879.44336393841
9912.6097192382 2849.89985228497 1107 228.216887436267 5556.48554940096
10361.0841050689 2856.67969910597 1208 192.264101150475 7508.81771633311
10187.8612000924 2859.31907854748 1176 179.866544883277 7221.12192098157
9852.24466910233 2856.74576027082 1048 327.87917067623 5195.11390917159
10103.8681943153 2867.16420749484 1140 207.458171172203 4294.31519063992
10171.5634481042 2866.21472353331 1159 223.012818079207 8250.4306610807
9800.3829256107 2869.43838272017 1010 257.114247721054 6286.4090606231
9659.7238971486 2865.68707625333 961 240.401686020619 6026.42748714772
9792.12254866678 2857.18845362914 1015 275.100579915282 6182.74927468065
10320.8982650337 2864.40277335591 1215 178.063463894344 7098.4762088098
10115.4060070928 2868.71991758201 1162 195.54463359172 8972.08282728517
10048.1012230343 2848.27553862261 1127 133.608231887664 7093.81376913161
9770.15938939707 2865.37876104298 998 234.082575149717 6988.23912868085
10116.0906000745 2866.97944600757 1136 138.213447210283 5556.7425654308
10101.5735815305 2854.47295632703 1148 281.461288936331 6288.00831884262
9964.64855790083 2860.29808107624 1097 148.917546694284 5624.80865010193
10271.4586172579 2867.11388698985 1136 353.539796563862 4912.34306724462
10048.5513784965 2856.44523814457 1143 210.858187428922 5274.55824628617
9864.14871508384 2859.99358735719 1029 221.986346404125 6225.13716555868
10233.7112713539 2868.00996210658 1162 126.179246635412 7302.25166092784
10008.6952124309 2842.8929194547 1118 311.300127567115 5387.2014434406
9852.17447083816 2863.57340667138 1032 223.326736701177 6486.70915990892
10093.7080360729 2861.5312870718 1149 186.566707252036 6458.0819208016
9861.70612982596 2861.38044802938 1052 232.710033333106 5933.12734385104
10141.3235203061 2870.75985847299 1145 107.80419524525 4815.91684103057
10302.0205933575 2868.87606878552 1192 102.567334194928 7113.94045046835
9737.61081366669 2860.57942025383 1009 192.31861185669 8074.68572409422
10102.4596740947 2872.15265924883 1116 208.351798729433 5765.12626398083
10128.8217418452 2863.20982238718 1139 152.667732256528 6982.18023683657
10184.8423683631 2869.22632134011 1139 116.454931641193 6991.54721803226
9661.33934845185 2871.16522876483 989 241.208932094612 7343.26028565411
9789.2502453437 2869.77526027096 1000 216.854902659394 6485.24633060512
9804.80014920994 2854.28884574447 1029 208.973758433981 5246.03810789654
9656.20760717944 2858.28249894099 966 243.102526585229 5478.70269237232
9889.96496783543 2861.05910268726 1066 191.70593125132 6496.98921308406
9779.38385656839 2867.70259208324 1030 149.989404319998 6837.9426314758
9959.73047667159 2871.60448685604 1067 175.622670455456 6073.72639453544
9680.31902062344 2867.57539597054 992 221.788512842747 8126.27483316105
9816.41460305732 2864.56568224551 1030 188.407809358284 5113.32244820839
10102.5159897316 2868.43797665376 1144 231.122410540469 6417.7786818604
9673.4264574968 2861.96754999039 976 266.910665224832 6516.34685342946
9990.46964284975 2857.16715356629 1101 221.569206287386 5624.99218042408
9804.1682711274 2860.47783204985 1024 247.021444737712 5501.48561249777
9466.28000309745 2862.28250782862 917 208.511374091792 7001.0469830546
10041.090711951 2868.45910415837 1101 74.840684753112 6922.1996953719
10402.8262997277 2865.42095306118 1251 14.5411307090233 8016.38333441028
9952.25291266464 2853.72136458951 1098 168.086101736522 6905.79739294436
9937.73216562002 2858.17765762566 1088 156.953995843213 7171.45754969901
10084.1525789753 2861.17560675896 1136 259.784887570156 8044.69247517045
10272.8619355717 2864.22280906427 1166 104.544429953468 6737.08222616126
10976.7103653801 2865.45295113385 1443 381.042078104244 9837.26670758863
10109.7747463308 2865.9043323342 1128 115.734872468187 6240.11517823145
10046.5892362439 2869.40404213987 1110 318.35572242782 3889.65694136432
9684.42038612144 2864.09768368879 984 237.877779132594 7856.78005034907
10131.738283787 2865.76810665452 1149 253.261567639513 6989.69851591128
10837.4828204839 2866.90718662542 1439 55.3403089086901 9767.99221165233
10330.1347979368 2854.03358382862 1162 490.64672770878 6823.71268407326
10116.2312233042 2865.71981140591 1178 83.4282034429644 8319.92550999043
10331.4539803644 2868.96298756864 1203 204.433811528231 7246.79712608769
9968.24302263685 2857.79869438923 1087 200.809308760265 7086.86128752079
10448.2935266172 2861.88726401642 1245 3.52553346766175 8521.19974925338
10402.8262997277 2865.42095306118 1251 14.5411307090233 8016.38333441028
10333.6228269915 2860.77106300055 1205 94.6914275040489 7818.17595566465
10194.9669824661 2865.72924196884 1139 233.648690610597 6260.06581937182
10486.3309773121 2857.77762003627 1232 358.136728053133 8519.38189513327
10059.9694198604 2865.28174176909 1136 133.42942529632 7155.37008753929
