10064.7190228166 2945.53828656894 657 341.469960449156 7421.61696733112
10053.4553633159 2918.1612202631 657 244.49405508344 7875.86690044092
10314.2477669677 2981.88245505072 657 422.224229793575 6668.20059372872
9655.24439449624 2710.07820255295 657 300.528545552257 6444.66878622772
10370.9690899223 2968.39692262972 657 480.691583918903 8653.6216799144
10110.0122651198 2942.75744721272 657 153.179094686945 8173.1777054515
9592.95769047437 2774.57027011498 657 238.076794066399 6934.41197601621
10054.6934239938 2944.12227562026 657 150.377629096918 7262.76570587874
10087.9858143913 2928.80014582359 657 234.707464471087 8444.3025438537
10156.6904541369 2931.50926148092 657 312.46257502311 7336.19716247217
9886.15569732404 2825.66413164814 657 332.041294373717 7163.20279705284
10066.9169967313 2942.3329470254 657 167.351372127234 6777.51392333123
9337.36854000747 2668.00467450968 657 15.5836610881458 4858.6002961221
10132.1171535633 2953.19544581721 657 144.247450380003 7729.70166462641
10064.091161532 2901.37939257894 657 169.525695044945 7332.91105806632
9320.40201056669 2660.25492598101 657 499.904674122516 7351.15817064635
8688.96206229961 2494.78638706148 657 349.818858075699 5352.5888704531
10013.9605374038 2910.89993869912 657 214.16415301906 7174.45201587451
9383.99946403798 2682.55717554612 657 112.836015889593 5931.98290006108
9403.65272698169 2693.52378842944 657 30.3336538731547 5153.56084603285
10194.877408425 2933.41615502894 657 392.048032379539 7219.41733136653
10085.4232579095 2949.55219728432 657 200.53671773243 6421.18944538985
10087.140012599 2916.11707589882 657 308.152361625103 7158.03557439315
10153.2456916432 2951.43570330678 657 321.942386660358 7129.26817358143
9795.36376967882 2788.21390354656 657 346.988623837226 7409.8356806046
9680.55076652562 2765.87826838983 657 536.393088415117 6361.55706577037
9573.61860530901 2767.71396088422 657 323.25976227174 6244.02272992846
10087.0453286229 2964.10494878967 657 111.507608126253 6874.955517085
10160.6762702904 2920.20027331181 657 384.595565494827 7657.69284379308
9653.1637948992 2692.49099155172 657 429.780565670223 5994.71600526741
9881.53271811544 2815.96305690887 657 238.044452198851 5971.23351814177
9896.37851927534 2837.54122145982 657 252.922808578999 5996.98760348132
10075.7024476235 2941.14975764219 657 262.397154498754 7556.90640466706
9434.41767147569 2710.06678803099 657 403.77104871692 5510.85638915806
9455.49702406252 2733.67516001205 657 250.040438163701 5785.12119600243
9923.6948486122 2895.02897448475 657 248.542319863249 7427.22809002538
10042.4094297295 2921.49498955728 657 105.369788006131 7866.67091060203
8631.33725396932 2495.5791201591 657 436.304124565942 6546.54186747699
10075.4399979852 2927.8653748605 657 164.391362138742 7161.32700681499
9913.6838389836 2811.99665689175 657 281.931237831944 6515.25321130179
10214.1139626147 2977.29267205935 657 284.215668994961 7272.81600295002
9853.49628607239 2854.75384899164 657 242.826450220703 5953.91981737787
9535.22372876702 2727.13904049855 657 105.157936572571 6082.3621423907
10113.9160891381 2949.52248279611 657 153.341653937405 7998.25861471076
9455.97862736253 2712.07713941599 657 43.723494778334 6987.37934893936
9748.96867709178 2853.28046626136 657 93.6458914484391 7428.00171575287
9749.76607484382 2813.76392616789 657 381.483177031187 6784.76856043121
9285.9284756673 2678.34538318265 657 355.926039003149 5053.22670135233
9077.60560863498 2465.38514672684 657 326.977619888504 6189.38044621236
9579.954950236 2687.49272882449 657 170.694477073345 5397.15793040569
9754.43910254838 2795.819281063 657 262.786430996617 5108.50710855823
9836.93537580642 2829.29977350796 657 322.642486531539 7041.84814945541
9755.66617339079 2826.16820421486 657 62.4538932457436 7167.24340173865
9623.66075347829 2689.83627699044 657 322.335523306454 5218.62338256705
10136.1931489964 2974.71551429878 657 152.853286218796 7028.68600029876
9354.09414014071 2687.12382986291 657 420.867078938015 6162.53839959221
10228.9890141967 2986.11579406706 657 227.441385633299 8028.50020169023
10187.6999726507 2945.42571544932 657 241.4926858165 7589.49609407026
9882.8421637474 2876.49940313992 657 84.4365501628675 5898.76649995173
10053.4553633159 2918.1612202631 657 244.49405508344 7875.86690044092
9821.4660833329 2817.10726262471 657 144.466848465181 6845.92423021017
10036.8221682543 2897.78307573685 657 275.564932777322 7719.78634626328
9211.86703610077 2659.19308998097 657 359.418014599464 4532.32023074661
9781.81141302254 2806.26039295589 657 223.802531521991 5825.19648427407
10314.2477669677 2981.88245505072 657 422.224229793575 6668.20059372872
10006.7428406125 2870.44181381771 657 266.58547407834 7286.49060636722
9675.92992460412 2802.61323729257 657 325.493872211802 5804.26221358601
10270.982600598 2987.75877287725 657 394.615303635176 7972.73482785085
9585.16043974321 2668.96497554984 657 385.819551891883 5663.75263035783
9992.52743245403 2916.08915159244 657 172.536660141811 7009.89611509589
9480.93825192669 2709.35010883452 657 409.570459764064 4706.67458928453
9538.85805051074 2752.39753582129 657 342.771353750358 6235.36845551886
9888.62569789233 2858.23415074927 657 210.271147434462 6047.58500088987
9288.00527367847 2681.90399161182 657 220.549142196911 5772.0785996224
9654.05286659352 2722.18748352897 657 341.725420870194 5295.72344078011
10092.9894924047 2940.56348194697 657 180.301013415658 8218.16235795745
10121.6915726254 2964.73035085204 657 269.321437889485 6624.10031727751
9736.55720742166 2829.62584289927 657 103.458301112556 6268.43873720365
9648.02684770882 2773.36312568923 657 35.8607561312287 6673.31196724848
10150.0133126146 2962.26170892296 657 160.929925405566 7648.38398083491
9763.21304320503 2780.55383524761 657 302.658713374333 6223.42111225851
9973.10214682265 2882.1377550905 657 238.02370865657 7380.60133861015
10201.3603988642 2955.44347284903 657 320.235396574816 7384.59868999954
9686.65486860231 2742.86872935572 657 294.957495049257 6145.41626753027
10138.3726614042 2949.12282843348 657 295.299582464662 7734.86052307647
9702.49224219533 2773.19579620973 657 248.10132778592 5459.84375796036
9793.87565952862 2759.96215559375 657 413.49243104786 5944.62792164498
9822.76904026422 2818.50700006141 657 280.756549967669 6311.97970574221
10121.0270672782 2895.87961726733 657 465.298542048562 7060.83771402108
9657.93905075977 2723.56281821582 657 361.722334904368 4646.06491615324
9609.66118595051 2682.81387889143 657 352.617869657737 5685.45351106423
9818.27860205299 2775.8875269206 657 507.532306249616 6016.82471439271
10091.1200691647 2866.8696057767 657 319.787530138275 5832.20585148912
9879.68402540546 2857.99584084672 657 234.656356519833 6477.64183368962
9640.3267452905 2769.42378080998 657 145.880716978764 4968.27242064115
9601.5229820852 2777.06164445986 657 284.699571641587 6883.05160272576
10245.0317604705 2983.56650244937 657 321.292468156865 7096.61953653813
9828.20830088684 2789.46389004162 657 249.497434523918 5844.0591647621
9583.98495458424 2763.75434806588 657 57.6095257609199 7065.25579146044
9569.37447635018 2766.73135286167 657 424.513860288624 7464.20573831488
9320.07071606727 2682.28610354006 657 278.072808290227 6201.36838598177
9439.69673333642 2617.08614982942 657 418.719603273977 6559.07473652165
9464.87845407951 2714.29244509756 657 27.4867511427109 6659.43330329612
9319.70843744366 2655.8595687381 657 508.250301623354 6277.82180298773
10140.0629139667 2974.37892005669 657 163.778778214292 7501.27506203768
9159.66602669628 2631.6070651058 657 402.57835858247 5581.74525098092
9666.26911383522 2774.62782156337 657 190.507385210076 6249.53168434847
9655.24439449624 2710.07820255295 657 300.528545552257 6444.66878622772
9790.24831706644 2642.08251155349 657 691.310204205066 6888.19672231554
10110.0122651198 2942.75744721272 657 153.179094686945 8173.1777054515
10059.3481961091 2951.73836151513 657 211.014763825657 8306.14731008993
8016.36329221057 2273.29803900145 657 588.870825050125 5348.71510338606
10054.6934239938 2944.12227562026 657 150.377629096918 7262.76570587874
9923.92841823987 2852.86757560393 657 334.355475892513 7098.98010214239
9657.04521409747 2679.3219157264 657 404.778571416357 6713.98100250482
9309.90158306156 2627.73344784698 657 659.86857605996 6264.84681312256
8558.43018850863 2369.55566502343 657 763.857732837267 5147.44628602804
10088.0694692646 2950.15784744524 657 179.359613907511 6507.48744041069
8831.35529436398 2533.65785046631 657 482.086342414415 6170.53796995223
9337.36854000747 2668.00467450968 657 15.5836610881458 4858.6002961221
9560.72587133246 2781.77289794453 657 196.490391248679 6647.45853893529
9257.86605671772 2677.52620169281 657 229.598442686746 6744.72078866161
10064.091161532 2901.37939257894 657 169.525695044945 7332.91105806632
8295.31213567893 2341.20256646833 657 181.214848299732 4331.74467438776
10013.9605374038 2910.89993869912 657 214.16415301906 7174.45201587451
8995.98616911698 2572.97132384125 657 167.542120763574 6420.07254466781
9383.99946403798 2682.55717554612 657 112.836015889593 5931.98290006108
9223.98642181484 2600.39439918327 657 4.24314267764057 4650.15676796976
9930.63817001296 2890.62090574824 657 268.420233245707 6422.69264882782
9056.03764578083 2523.86004301376 657 705.336394655482 5875.91375870465
9932.29586337307 2868.53331799969 657 373.786295179114 6977.02761065096
10085.4232579095 2949.55219728432 657 200.53671773243 6421.18944538985
10012.8797150149 2877.60693978182 657 345.833045039148 7234.34750033911
8861.37376105017 2515.40190929711 657 652.248653872895 5712.31546694286
9471.74127225208 2627.24608305406 657 413.888604659125 6773.30620772537
9159.94803072927 2592.36601016131 657 636.583131632743 5470.19805038342
9573.61860530901 2767.71396088422 657 323.25976227174 6244.02272992846
9681.93020119792 2828.14129185647 657 189.472050750117 6178.11411336253
9764.56035723729 2696.47402506818 657 593.994337119852 6651.27452138816
9923.28721292477 2856.67365536135 657 328.335093677249 6765.24152125582
9598.59084888554 2672.57952103252 657 440.283134027375 5844.32547916535
9636.75471376347 2755.00630020114 657 335.30586573711 5712.35840562708
9423.88480778061 2700.29594286341 657 524.452476819779 5472.17856409481
9772.9627587111 2715.29940662929 657 420.333101686055 5776.66168230672
9798.94131820967 2843.79666008319 657 319.023753368771 6367.21140841204
9434.41767147569 2710.06678803099 657 403.77104871692 5510.85638915806
10033.3478983129 2912.28232696931 657 301.387435449493 5747.80561415231
10118.6621167598 2950.68997052886 657 368.612202989038 6756.47800131888
10021.8438171236 2911.69580834598 657 109.32764199749 7371.38117842909
8559.90039562606 2481.26347710369 657 476.569139929571 6576.01681055189
9836.30718639148 2851.38906487451 657 72.3491000416015 6787.27583476077
9236.5721720266 2622.64228445551 657 110.929105654856 5802.80638150959
9756.474131826 2802.73646254502 657 300.9074164316 5522.33999300584
9350.26227258983 2665.29446442331 657 200.513693595873 5677.02109547323
9577.62724951323 2677.22671746376 657 275.409108192035 6068.89037990711
9650.35559910724 2765.82036565744 657 172.271023554684 6575.69402194898
8823.53613730365 2328.09640790697 657 280.517315318135 5914.19467677729
9670.50838532511 2794.20223069157 657 396.736326490846 7057.95332821908
9285.9284756673 2678.34538318265 657 355.926039003149 5053.22670135233
10207.3288726613 2980.94829872009 657 124.737979338201 7101.76064227498
10139.0747955275 2952.79267752028 657 201.656693738905 7829.40471683391
9077.60560863498 2465.38514672684 657 326.977619888504 6189.38044621236
9754.43910254838 2795.819281063 657 262.786430996617 5108.50710855823
9554.74108224513 2735.61112566129 657 155.273469410075 6229.84094896869
9976.4738011593 2886.09390208724 657 310.113534916806 7233.25603237876
9191.33949416281 2608.78345606049 657 60.8295511246769 4865.1150849801
8944.41239431046 2544.22284191413 657 271.7539170271 5634.65070345017
9623.66075347829 2689.83627699044 657 322.335523306454 5218.62338256705
10136.1931489964 2974.71551429878 657 152.853286218796 7028.68600029876
9268.84228225922 2654.90327321178 657 437.273806636947 5979.13897867325
10017.5375451851 2874.34134383757 657 268.135239818099 7116.70498700397
10187.6999726507 2945.42571544932 657 241.4926858165 7589.49609407026
9936.88587196135 2871.67179404944 657 206.964019626404 5835.02000230045
10053.4553633159 2918.1612202631 657 244.49405508344 7875.86690044092
10036.8221682543 2897.78307573685 657 275.564932777322 7719.78634626328
8896.35488205033 2530.3541038436 657 207.243818797302 3664.83994506227
9385.84992256116 2672.33211581928 657 30.7855408524301 5291.8532811307
10314.2477669677 2981.88245505072 657 422.224229793575 6668.20059372872
9731.32135463503 2723.68320402023 657 319.590363768237 6103.71183382085
9675.92992460412 2802.61323729257 657 325.493872211802 5804.26221358601
10202.7712080918 2949.26331847413 657 407.742592243604 8002.32466660681
8638.58476250063 2345.76177162895 657 28.3374832311973 3919.68545858656
9387.20445594346 2566.10693478932 657 324.486445691444 5502.24762806677
9250.22705570994 2668.32364977586 657 345.115919731442 6749.69272417904
9887.62805663182 2823.04578118117 657 315.062473011305 6469.02017125402
9422.16733858466 2691.58818369152 657 420.880927310246 4715.62782146213
9025.91774951122 2557.31086901677 657 104.302549462021 6532.27792343798
9008.83899732854 2586.37323001705 657 73.0944739039987 5525.57774438003
9650.34088318816 2766.6408600075 657 155.080417603313 7228.53336617095
8469.77578955734 2196.42184039881 657 378.017479835652 6092.60755831408
9706.38661971143 2745.72515748227 657 331.653785386751 5436.94948449997
9997.40340716418 2903.02001443059 657 293.240706484865 6506.3295909348
9471.06029832834 2644.39055731399 657 335.974791386586 5572.96177051281
10105.7038662341 2864.48835253958 657 409.81286983087 6839.69665138646
9757.77783576422 2625.32237490103 657 697.559151245252 6793.43974114001
10110.0122651198 2942.75744721272 657 153.179094686945 8173.1777054515
9676.01508945864 2750.92179968422 657 284.787254596978 7285.84100318438
7596.41761041546 2103.96480288096 657 83.7747518813753 3654.47950839804
9775.78347937064 2742.81933125767 657 464.609797122543 7153.15056106223
9471.06029832834 2644.39055731399 657 335.974791386586 5572.96177051281
