9910.06161114308 2973.54366676527 617 328.339004045575 6407.04247354315
10009.625361723 2983.50440034263 637 213.358478192162 7163.25397856501
9805.14629215989 2975.15722756091 671 77.9857014072073 7710.256336977
9767.8084766432 2981.40557971414 631 213.855506398232 7103.92048839773
9876.46215436887 2981.32100025472 683 199.131814735151 7648.91307969434
9995.53516776563 2997.185390577 698 127.915094765957 6358.7643660409
9736.8952022816 2976.13620163244 609 315.523279799429 6739.32626790606
9772.06944493107 2995.22392878497 630 252.518527624799 7725.6307536881
9601.59387473748 2991.15779709064 564 290.549319179956 6195.88543308952
10233.0789183916 2991.84892089339 723 183.190827665501 7762.176601175
9959.12176785752 2984.56220239945 638 169.54180571916 6207.90191483558
10078.1375188187 2978.88701237144 651 165.765204554961 6228.9526192041
9668.97889305739 2986.77089906523 604 298.606767341482 7084.3680677508
9712.43154410833 2985.3103364992 570 287.838177379187 6812.33474543799
9928.91317197111 2985.68946034323 656 223.817297791548 7227.4984183223
9981.8654203379 2984.87641942093 653 217.873209420455 7104.49867493428
9737.07695250626 2991.27430563229 582 207.663324844414 6323.53886453728
9747.03924898994 2980.96470797834 632 206.888651855414 7902.38679513456
9653.80692232949 2976.78849768423 645 159.643155217439 8311.79753943533
9866.05725606999 2983.90572452287 673 286.591079372597 6104.52830573278
9573.9875296757 2975.65618704019 587 85.4345678732032 7029.25305233899
9785.39147066467 2967.32122342581 627 173.695496052156 8733.5566649412
9869.61321982897 2975.09642693656 663 182.622050164576 9024.20216681317
9766.49230458447 2982.46191245086 616 245.96524532877 6942.30559672011
9867.30505891185 2977.67920207013 636 159.592177962864 6990.00518500159
9813.95742818208 2972.01807456078 650 260.04154330768 6937.41773809284
9739.14794386255 2990.09379345396 591 120.476201217797 6370.87965630275
9938.78789050547 2980.83808333534 619 364.291712465706 6205.78023867967
9851.41761556447 2982.43864276282 642 256.799880441738 7496.20574885889
10026.0005143824 2993.80503912828 695 296.433291546165 7161.70459457487
9887.02838879508 2989.85801390948 645 253.450293680753 7218.80311620238
9962.76749777379 2986.89875719943 638 290.933922243172 6582.91871160409
9956.0317716906 2987.55221569857 658 210.465606191795 7145.69162856203
9837.95845971163 2969.93021833929 626 237.252617337105 7439.30370592657
9989.04718315534 2983.44886503833 616 210.020466928456 5780.80362939848
9982.732742542 2972.36182485597 629 228.57267861101 7013.28313250667
9895.03533990485 2976.51602416926 665 204.019482913593 7493.40486108171
9894.94001886729 2982.0934589805 615 200.069549734163 6424.844028085
9610.98620455955 2975.89303310386 594 81.6669560156264 7012.95038818722
9941.13633239215 2986.78548548459 700 123.468530456354 8370.87235395193
9741.87696574591 2982.62631573765 612 189.639215238468 6144.9465921254
9772.98284843018 2976.9399668051 573 226.791700999832 6523.83897866685
9971.10904102624 2983.25818171971 674 267.096655413606 7474.4710270072
9856.25363128311 2981.50686724821 666 317.588059536263 5161.4786336681
9887.00685386355 2992.24304055774 636 272.697359603131 5361.75330087943
9764.52063300098 2977.0520594289 605 203.633986167517 6592.46176979247
9953.86172548719 2985.40161436027 621 311.741490558196 6096.29790443285
9935.71532916714 2980.57581515642 614 230.495227744787 7415.75980277536
10084.0607971638 2983.11779201989 650 266.356539008182 6582.97174089109
9915.65140943215 2983.37100328705 633 238.100853713522 6290.17212093011
10032.5876981354 2973.88142212218 654 374.440227157258 6906.98290856871
9876.54915961604 2983.76563404593 624 189.310363713164 7176.34833548977
10002.2640376134 2970.76733056077 662 271.129659976062 8257.66633466455
9603.23309394675 2974.56675954343 548 262.711441262154 6289.61611674101
9933.70695958032 2992.86506195535 635 216.067500854334 6398.78973646274
9833.32722360936 2986.20660258316 609 195.013288453114 6835.21005310126
9937.35425960794 2985.19792286772 657 304.428248907936 6980.51018109042
9992.77583450752 2992.45527475658 665 109.903582096832 7621.62044703045
9823.08469941396 2977.55568944725 643 74.6853880932229 7554.78036626986
9945.00197597323 2992.58659675596 636 268.538567116369 6730.12900920263
9858.84992572084 2988.35296534064 653 139.522545049252 7775.61021174318
9975.94744834499 2977.14582385982 663 114.602474754663 7467.8853672469
9841.52748535589 2977.27976762808 637 166.665718607573 8504.24667478121
9862.87064886956 2975.3198785705 628 324.88938785763 6839.29190189251
10037.8719510618 2988.29728765695 643 150.695002231773 7370.14634708014
10195.3719459937 2983.44335598629 725 249.548619002337 7985.45804880067
10021.3584484121 2973.17832723029 666 151.459361711797 9564.43248625405
9916.14220205933 2995.31456770481 635 244.932467267214 7388.81442986012
9695.39817728577 2971.59300492581 543 262.541828166042 5521.73234115832
10020.7899192195 2974.86057241333 678 247.287536188148 7990.53804269039
10031.6100700004 2991.57329080587 686 26.2236873235587 8780.96225829796
9747.30803401608 2972.62970374083 630 222.79319445718 7538.54622894333
10145.6463446158 2990.33776271421 738 130.719176715534 8233.6356948817
9858.01268572406 2990.75068779774 631 155.631677814701 7540.58320961305
9722.14291451359 2980.48513082471 604 196.669427320709 6689.31379823892
9865.17295176625 2983.50134761825 673 257.05304251379 7467.57496095467
9666.85001308028 2993.12107106484 636 335.591140942483 6794.35914083538
9779.79659788423 2993.25454537619 633 249.404195123072 6510.26465937307
9792.46361432214 2986.58189009463 629 217.612727997094 6239.14069375787
9825.81786396599 2981.81920315276 632 181.009370780428 7750.59126962229
9892.15967584496 2983.28041690321 652 152.137869612952 7768.55065311599
10079.4477299871 2997.53625339668 758 46.314940610528 8592.16111600501
10394.1986670839 2995.8622394907 796 134.13229608996 9428.77510788033
9981.57274847791 2994.3727172397 723 222.18339266167 8247.87216235322
10221.0296857933 2991.01673535151 729 247.377189849694 7811.35648646738
9981.30270197596 2998.18370990606 709 292.220007227909 8716.34762782894
10623.6990399934 2958.50604169681 826 369.695481916573 8620.13029789012
9978.13188336318 2995.30259289672 654 269.09725887914 6935.77622003956
9648.95716599124 2996.16993094541 569 281.434249528267 6235.98250392761
10601.8109782957 2989.91665327066 786 125.668424510635 8513.56961710812
10342.0724956165 2997.3833501299 719 85.9051239236675 7218.69954216541
10016.9990412475 2994.75041440654 691 265.977052022883 7744.10416684278
9965.62625333635 2993.46016960891 672 228.605493278038 7920.79911708621
10061.6468558193 2994.56555872259 638 161.70605109217 6845.56302938762
10940.9862232188 2994.41991507203 870 191.230464648186 9686.58392941774
9930.51795158588 3058.95368365511 659 122.452019904638 9068.2484249681
10002.6813918942 2997.44490703768 706 243.225624476275 9931.77600458477
9999.93841766136 2997.06715391048 691 178.596910760509 8863.03616434262
9948.59219281007 2996.13366721851 705 240.894525114144 8557.98629378823
9720.75458306952 2997.31650806294 649 106.272577446418 7598.02770905387
10031.1915362556 2956.1926915154 663 154.066406995301 7318.41817315696
9944.65297322941 2993.89363928963 674 285.5428282911 7311.39771683187
9975.5536833558 2979.80026437749 667 159.454977549265 7673.08155866129
10028.4446293924 2996.84466738834 687 38.0779610529552 8243.39486216316
10599.5702514619 2982.40474824704 808 212.660105704501 9212.75935363699
10002.4880278229 2997.85457687535 720 300.958271694323 7443.34825715634
10281.6356246024 2993.8987904212 723 251.43066837445 8034.56015192801
9968.40256681195 2996.13759829586 650 148.761404879888 7857.40721120769
10025.2800350919 2994.76761667275 706 235.899382621413 8175.47586343841
9997.16296303821 2995.73384813049 669 220.556389726175 6549.16887957145
9990.62275111991 2996.85715444813 655 220.197245574881 7397.74938232491
10393.1173059827 2985.52505307329 720 161.604431101569 8100.3434425335
10152.5743308646 2995.06013916863 717 289.22705133441 7835.01190758356
10237.5164482272 2994.21773292525 780 78.3070075929289 11063.0208526268
10046.2515906421 2997.30546474444 675 141.391998282291 6705.54098923822
10548.599141222 2997.28494069726 800 381.631910903859 8118.49184493401
9928.00362586886 2990.13857082397 592 338.807610473447 6584.56190429113
10017.0717120245 2891.29793808782 715 263.954735115674 8181.13203911118
10277.6837532778 2996.84427280514 756 449.711937476069 7030.45475334753
10276.6977335133 2995.75900073249 692 197.701314847614 6007.74241446565
10413.9640895565 2994.68658077586 775 67.4088218350997 7991.58955617567
10094.8051446543 2874.80908062785 694 249.562842475978 6786.62801865577
9763.52511394763 2922.03261820665 648 284.242466238293 6930.62349600257
10240.2178492611 2993.07858367209 679 254.544393370984 6795.77438392752
10375.0860358274 2997.59671283324 753 182.179230316838 7760.51202681396
10319.2018276339 2996.02049586616 703 104.12181803395 7674.05717783676
9848.58823340982 2993.24935877375 634 222.872281217451 6889.76728762467
10092.5806008587 2931.82115443126 716 173.248972238045 7780.40169511357
10055.8011846168 2926.9498997565 772 50.8657203888408 8293.122106372
10527.107833603 2995.27882203306 809 108.553915067444 9319.91686015117
11284.2539765155 2972.45777229497 941 119.908321298268 11325.8639728778
10233.6724482514 2998.06231522146 783 173.666782819395 9519.75214173475
10289.9649538376 2995.5382319387 758 152.152195589182 8667.28279195346
10246.9894499513 2984.40770065288 748 188.250338881848 9051.61441320523
11479.0087142376 2995.23662266415 948 300.560164152898 11658.005791504
10460.8917565585 2971.99264899021 753 454.911620707994 7060.74051122514
9991.07877481456 2978.58750054808 673 215.592915211691 7577.98434329478
10685.8402444941 2996.00380282566 831 109.496984690816 8253.86986566252
10342.0724956165 2997.3833501299 719 85.9051239236675 7218.69954216541
10498.3449285357 2976.35272311685 797 106.573800879372 9116.78713898606
9871.23299361571 2922.52593017634 712 294.029740969191 7326.81174379116
10015.3077237805 2994.40149006558 694 219.044289833159 7888.58262951673
10592.4378611348 2986.43050198556 812 107.726058498949 10055.2552639734
10027.3865239086 2951.30036744254 680 381.754044050289 8406.79356719312
10939.9305819667 2994.87615533013 870 191.433622901873 9708.19519377972
9930.51795158588 3058.95368365511 659 122.452019904638 9068.2484249681
10406.2521425307 2991.38407318444 746 86.1695292770429 9721.62659256958
10360.2317081446 2984.78931350502 793 109.258434677932 9096.30933879616
9776.08182960721 2976.12096439795 684 174.495255358695 8038.42409940423
9955.28153415434 2986.40215569147 688 61.1378446660718 8575.50850331208
10463.4019313259 2966.91869268951 741 185.325810039257 8482.93333119727
10031.1915362556 2956.1926915154 663 154.066406995301 7318.41817315696
10990.4747557997 2967.01562102056 850 260.947273825898 9984.86726789373
10601.1080174854 2997.18560372109 829 220.493650986808 8769.74507932811
10438.899261057 2997.04201130179 814 147.032306624193 9871.08263147282
10008.6046903492 2977.58470791617 681 289.978087439664 7791.82488632375
10859.1887198612 2995.97124410435 856 81.6780338069926 11638.066800804
10057.8725398705 2993.86320044242 696 49.4047690771052 8679.48383579265
10523.8740973339 2995.56327060408 803 188.908888466116 8969.60714920051
9839.41030947369 2993.96655822362 618 316.984626498485 8961.74265282518
10488.7928686441 2993.8829441944 831 306.903347995164 10776.1628002726
10222.8928880023 2938.75594367799 737 254.105462507253 8408.46448410547
10041.0920924314 2926.76864367265 770 293.528915996474 7150.44504512167
10556.839117676 2997.22344905348 838 246.235621996846 9071.00543664841
10637.2921148182 2985.44216466084 869 91.2083308650473 9625.00169733774
10467.1995622405 2997.55284728633 738 52.7678783526737 9035.59637519431
10286.4416864997 2998.18689598535 736 219.535966388426 9089.20592019347
9960.47042097901 2994.49602254775 686 267.239781709567 8424.65718026581
10333.9735410369 2996.36788796768 743 130.334651648455 8484.2815933311
10041.1401730442 2952.79318225012 691 212.092971714458 6845.48837846943
10320.0367307921 2953.30000056136 766 386.678610361325 10637.4541109988
10336.5772721194 2986.89474124738 769 139.111530526556 8209.18022419403
10609.4242755585 2960.0726716145 816 119.976135397509 7643.7493126084
10370.8170855365 2994.03906728935 728 323.600831626912 7308.84977540324
11151.1311370277 2991.13912359389 930 324.420769964242 10684.227993379
10547.8454596657 2985.60456339815 825 135.915998907311 8530.65297400187
10289.9445048059 2996.47026935771 718 149.647213389088 8749.46304617291
10446.8637673768 2973.69186724156 821 38.0180972378657 11122.5950707923
11183.5106818757 2993.35314422476 944 354.105540995884 13421.1731404466
11017.0992756039 2994.57792640231 900 424.378080398719 10446.6300438862
10406.7231669407 2996.32751825521 769 72.0192110785578 8284.2936137314
10250.1691212454 2994.3089060579 714 267.193687883135 8550.92683270833
10396.4179156248 2995.10015476317 745 126.047671160197 8551.77374216093
10811.8313048204 2991.24708843521 855 107.131064475794 9275.2026622826
10277.6837532778 2996.84427280514 756 449.711937476069 7030.45475334753
10293.4441796963 2995.25520212104 692 194.478459777042 6070.18524881588
10413.9640895565 2994.68658077586 775 67.4088218350997 7991.58955617567
10646.1362310718 2985.58644933915 828 143.459125424066 9378.61329837201
10540.4471823734 2974.20598236487 819 337.399326650352 10115.7895788118
10616.9874818381 2994.2492922721 817 465.391878972548 8910.76358053661
10445.2443091065 2994.99586984244 752 206.677356265279 8138.52974134667
10359.9254131383 2977.18170251118 737 148.855959020211 8771.0780840276
10413.6921250607 2986.22516218717 743 221.15925342752 7287.07984926849
10571.3041806212 2975.53254131693 802 144.417030744643 10486.336920686
10563.0415187762 2984.0115869791 794 197.97575891402 8230.33591866014
10499.0888154513 2994.86015682799 801 411.600910220426 10538.4648436373
10364.8493066574 2991.17631579615 742 171.163076733574 8439.35723164986
10095.5154816165 2909.0710604872 710 124.68370835514 8947.99357739519
10384.8942115483 2986.63562497195 749 127.996810482986 7915.21869606335
10539.869326233 2957.7319680252 768 479.765050525625 7599.16467078188
