10575.7017227963 2981.03504162275 958 250.294477443061 8792.34528526361
10848.5902245911 2985.95350698892 1020 280.261390739229 8570.64675606252
10804.1767936934 2981.68977524778 1040 350.287312525305 8731.67388097953
10818.4518693694 2983.99072007278 1004 307.953322214035 7516.89436941425
10753.9904324747 2986.17320629878 1032 231.739912580586 8136.57073445418
10552.8530730828 2976.57133503741 898 263.036707998301 7096.98808362021
10916.3784219048 2980.95305654653 1046 282.134921916719 8680.1277020645
10797.8568473241 2991.92740382491 1033 209.471771302279 9774.34134664759
10747.44044947 2986.20317985738 1027 279.510362880643 9062.61803938729
10697.7216852797 2983.86757007111 999 311.810487496627 7664.28803475661
10749.9951725605 2979.3162143011 1014 355.950555241042 9399.22190330056
10785.3253432979 2981.61549493314 1013 257.784366286707 8957.56966618998
10825.8643267522 2994.57018237445 1013 220.406458318463 7852.79395852743
10630.1379047927 2978.54686826518 898 346.376594427124 7216.57033761057
10981.7302156497 2990.89222004402 1067 250.543574899756 7963.55188935212
10882.6411991454 2980.98123786343 1063 231.903406645497 10011.4200565243
10807.0245149836 2991.81734445639 1045 209.719081022634 8572.03305500578
10687.4807649434 2996.61850129226 980 198.983803706774 8218.42735654132
10798.5567930227 2979.93409218027 1027 191.884576135157 8700.83594755768
10588.3307629164 2983.63412504738 982 246.391236042644 7900.66824474492
10883.4212948802 2982.12150986355 1030 323.49940023544 8101.14550018546
10976.7020469984 2980.87220813177 1081 284.89930870333 9273.30828896622
10623.3163537115 2983.18737026026 918 185.869897552961 8339.18689015372
10856.6272735995 2978.14338640163 1057 262.593324128145 10663.0384046242
10711.9758507702 2993.23172129675 983 169.677122970819 7968.83413868975
10890.9817305459 2978.10856588072 1025 230.305800684482 11263.761328412
10879.907441665 2972.21775870332 1030 256.610473367519 8748.55290327016
10820.5887396998 2976.0625537994 1039 374.747734225265 8747.77720426665
10460.4619460274 2980.17422960903 907 233.061719148521 8749.15956226735
10824.4018103403 2986.61992711002 1030 252.005350741855 9214.07158566448
10966.1698043081 2989.23126429539 1073 262.219112913537 8645.94031174755
10686.4160526686 2988.60376119356 958 172.163755701254 7017.71270252412
10674.9316202152 2982.13219939722 1018 215.537174102711 8118.07436482415
10662.1244509409 2982.90494884605 986 204.578064467516 7267.74953417046
10749.7120915807 2973.75403010785 1019 277.428006117989 9676.96270823529
10865.6473367515 2980.30729231756 1070 342.161803050102 9984.23393288023
10758.54156989 2996.24391557336 1018 301.478413913144 8715.26219765286
10637.2368491461 2965.47725364597 983 222.223415154451 9554.72940592383
10807.8852855288 2974.80223030339 1020 250.288655004874 8953.8070707207
10678.6516930902 2980.7058220119 993 261.620349028689 8119.12851464987
10797.280251083 2982.93035828491 1029 325.913960714005 7957.29231690414
10953.466356141 2980.06849912856 1090 218.526447998964 9306.9140730687
10666.1957629017 2971.42218863096 966 190.655324104382 8102.21525333977
10630.7801284477 2958.62871983839 957 326.52410592925 7477.00215049039
10664.3489070656 2966.54695182572 999 347.48959666985 8344.41706085871
10834.962463969 2987.98653394714 1051 307.989434972841 7940.59924080576
10767.1347956267 2993.09133813671 1007 334.458269755173 6615.95742734371
11022.7354882643 2994.88682787946 1086 341.843945327279 9250.25089096622
11077.342729394 2985.47579560427 1075 322.940984660732 6990.31576882248
10854.4727148956 2988.18709512534 1044 232.086504281731 8594.1212083235
10645.3433608901 2986.2720920202 923 295.976272612476 7040.58793087527
10734.6640128542 2980.81198860045 1002 226.11624948789 8425.46349339729
10520.3820551382 2976.75427665578 907 283.76099684199 9095.8766182282
10896.5636822219 2983.55106774973 1060 184.50672500496 6689.96932320607
10971.4550801903 2996.37004997707 1079 260.300732600581 8209.36199572777
10848.7316753161 2985.9589072035 1058 268.134043337084 10805.6353645434
10653.508727204 2973.68741613961 993 240.796234907122 6209.43895246348
10801.8494777329 2993.97907687242 1072 107.739371984858 8619.77571427924
10731.5084964208 2992.60280357643 979 194.123530492913 7813.77632444538
10633.4697644005 2986.42838990951 993 274.01367115097 8913.09200850809
10881.7682383498 2984.14753962734 1053 175.002165385813 8509.47352767316
10626.2331489374 2977.08979265194 973 301.754055920719 8337.0010189339
10733.632478029 2975.4694651771 989 376.169554871777 8202.12966908515
10837.7298497843 2989.53977994222 1020 264.725996163187 9004.60600330608
10749.683431976 2993.10541708729 975 169.190785854536 7835.66060372573
10891.635371153 2993.4724141682 1027 276.851190671797 7231.46455901826
10959.2796024088 2995.54935322959 1066 319.015588119557 8780.35428178767
10749.2041824179 2979.0714649339 1004 403.444091998657 7548.13485491802
10606.4094072433 2985.86945901398 957 226.598203585319 8614.2370402148
10521.5712145205 2982.50616971856 897 280.708361342115 9191.7624547603
10557.2580540955 2994.14137610801 911 175.329331304507 7149.01085893274
10580.2858104115 2975.33991758749 938 267.399378089849 8705.63744325582
10720.4317828035 2975.08764212398 994 317.182734790431 8389.98810572252
10746.5464790587 2983.42404585741 1010 215.180304055102 9889.03920621019
10768.9057676605 2995.46473117745 991 192.860677918105 7536.6829572807
10539.5373154666 2982.19017474987 922 166.894827423441 8642.46056893544
10641.6573091251 2990.28976550206 937 248.410316254559 6703.966792697
10939.7447429943 2972.30173192654 1055 396.426088877724 9953.24931240729
10902.0310087961 2983.10912392832 1033 297.748819423797 8621.69688793543
10671.5918416203 2967.51856013364 963 271.900161227443 8685.22192903
10841.3905566522 2979.04995429282 1021 398.612023658213 6651.59985604611
10741.7953298814 2985.34347178613 1048 265.612477199663 9522.52122988841
10855.3628417009 2981.5430220572 1034 239.704988519984 9245.3100994012
10960.9822610928 2995.80141407924 1062 246.446858888 7816.51052383787
10764.2674875078 2981.78711330674 1026 316.205848395431 8045.21001528763
10616.0252349259 2985.38632949614 968 296.528264847968 7240.70795402734
10664.2617728671 2975.06269983446 943 269.908033458055 7183.47501258146
10791.1965422733 2994.17906972067 1040 223.630674279074 8962.00195457466
10740.1501761422 2975.0122031507 1001 306.586771067164 8100.86531106541
10743.4247597458 2975.05672342155 998 204.084372406754 8160.16612524931
10777.1794465956 2985.68917511532 1007 211.254330180057 7682.12735986913
10793.9348889519 2960.14679698563 1004 342.431747704415 8605.59510356639
10861.0159500989 2989.39497603057 1042 374.073399652049 8483.64845211462
10854.8639459272 2992.64810592643 1024 220.821968815881 9741.83697957275
10732.5186039799 2984.3302181984 999 254.507972680025 7881.72347819962
10715.9106127788 2991.36993701675 973 252.846157057665 7300.54633304034
10860.712540836 2975.55887756362 1070 242.002479227474 9063.67879640524
10591.8310830794 2992.71932607994 937 294.896070327684 8273.21258650708
10855.0648984496 2984.24034010126 1074 173.856157947723 11262.2904926152
11028.9196132973 2988.98055329812 1092 233.4996395266 9690.84703900006
11588.8041952733 2978.73410166572 1328 55.3228157092999 10741.2721400187
12024.2051564764 2996.36621897196 1458 167.353602221527 10325.6866607758
10922.4024157747 2987.52163294673 1060 395.792375681174 8871.33045814061
11327.9421862721 2967.040857203 1239 148.57028138555 8981.20010311972
10886.1018130561 2989.46921430033 1044 272.267947509321 8808.83732071901
11266.699508191 2995.3175079465 1164 221.688023901611 9053.82136297558
11149.7819463499 2988.15820552044 1132 234.033895136573 9350.7093683507
10636.4447519532 2967.65517726149 976 221.375106204705 7321.17560673415
11314.132528722 2986.37579426953 1181 118.130830083757 10393.8339687463
11288.7441206477 2988.46316659534 1183 182.542098161736 12549.0107679573
11193.7965876863 2989.06895244841 1134 401.021380649018 8925.5565042051
11374.0194191654 2981.25988868892 1132 574.876807204628 9192.94877850609
11648.8215447492 2986.43008881987 1334 149.989148001105 10337.3230445897
11444.0308305855 2977.42714586034 1300 149.144268548285 10560.195275131
11142.4912128033 2983.33535898669 1122 143.146856741809 9948.97402477261
10808.4892758614 2982.69088179606 1050 344.693359812115 9303.53645207776
11684.119588647 2985.01194312542 1352 103.818399800429 11567.2645074641
10730.1309542706 2960.97064260327 1013 236.540036044918 8470.13631781693
11448.6743396523 2990.53525072352 1274 100.546615451175 9510.94221971228
11770.3189689209 2969.25604658265 1324 686.272898319178 8650.38479683355
11162.2777977585 2985.45887586664 1132 243.966224277007 9019.73214966067
11933.0656739949 2961.8640695333 1458 67.4589805780204 8970.07498017707
11086.1784682226 2985.24355314286 1120 192.732640948219 10116.5862191707
11344.233267744 2990.07426976757 1217 106.333208350227 10026.7290837151
10740.1120619622 2991.59162615336 1005 188.854905872909 8250.81129944861
11997.9553213742 2982.07359313421 1458 38.9397782679644 11356.2808346963
11171.6387680081 2984.05879057017 1132 270.619969781406 10719.632012853
11451.990561077 2987.6643630194 1300 80.1798303905548 9677.00066368539
11509.562862863 2983.49445319743 1302 202.998399293548 9716.87993007553
11116.3089785205 2983.86880351031 1119 299.882380101594 9738.03877034261
10598.7527770246 2988.43144877414 907 247.543250226554 9151.15833135143
11252.6034161804 2980.3918893827 1164 64.7635459149716 10164.1035002662
10856.6272735995 2978.14338640163 1057 262.593324128145 10663.0384046242
10970.0822096667 2986.93251133258 1061 120.004531041332 8561.29037992547
11190.1850977544 2980.00544191012 1106 444.664457360765 10072.4903269538
10949.6741384843 2974.5335024837 1055 283.463687493605 8555.15021185999
10875.6458036463 2989.9384142107 1060 268.395726334699 10002.2567843431
10912.8355573413 2986.84468761143 1044 410.253550890083 8780.12360570272
10680.5053278992 2986.28381375305 1009 190.714350562821 9551.86794151123
10824.4018103403 2986.61992711002 1030 252.005350741855 9214.07158566448
10654.2012709401 2974.55629514633 958 279.899084493925 8047.9059080747
11656.6980907978 2982.11813635322 1327 129.326882217584 9955.85644875062
11433.8763710477 2985.78031157812 1217 28.3149503596725 10498.9506908949
10674.9316202152 2982.13219939722 1018 215.537174102711 8118.07436482415
11882.8476123134 2981.7196799398 1441 30.3502174739591 8722.27908300193
11041.413811475 2980.22755226056 1113 183.171942230766 10124.1894638806
10857.9057296994 2981.05455695713 1053 256.606130753862 9642.45851883897
11386.1824848056 2981.79254586336 1149 540.286254802851 9967.91283159646
11876.4536818124 2873.82611493064 1458 177.984857664775 9431.46051523622
11437.2624695778 2985.87952688058 1191 156.48548449837 10491.3041991663
10637.2368491461 2965.47725364597 983 222.223415154451 9554.72940592383
10987.9590659826 2984.75448135695 1062 215.633439798543 9167.8099559389
11888.4454517884 2935.53016017441 1448 28.7954316125714 11187.2823655258
10739.2203192459 2979.99195533616 1004 227.461211860987 9011.61848539514
11045.8740976439 2990.16908822655 1108 254.094204286894 9397.81937495066
11312.8334015299 2986.63363786963 1164 66.2098525276715 9145.68369578365
10846.3771863136 2987.4605641509 1044 244.748896425996 9466.11251443306
12109.7602792081 2982.35447492122 1441 60.5251144109972 9306.80625385257
11117.7793911725 2984.62998137207 1138 263.25454478637 9802.91284785942
11506.0307654726 2989.22933708097 1207 278.118642416517 8992.10777388846
11780.557270999 2926.85707192726 1458 71.6395895157567 11143.5470394185
11144.1032547052 2986.42800405448 1138 161.531208949681 9960.0963802424
11033.1577790778 2985.36261286982 1079 423.594970104351 9704.7756752278
11827.610295276 2986.16145102361 1379 27.4074990266246 9888.0738225363
11331.0831710065 2981.07673207057 1138 501.463087039797 10235.403343874
11035.8075042492 2991.95282037555 1109 173.546306756767 9932.00724184595
10845.7893561227 2985.35136637374 1034 267.833249214083 8985.07807399325
12002.9717612509 2983.02216442386 1458 2.39103651684453 11802.1567332959
11060.6043268174 2982.28601829541 1132 301.221334152764 9592.45466024682
11125.9613829766 2988.26531398388 1092 419.994971121437 9010.4165515742
11221.8869356522 2996.96996115376 1110 151.125127339169 9876.39745101932
11665.6504712471 2980.80914053728 1324 161.538847358325 8607.31676231323
11022.7354882643 2994.88682787946 1086 341.843945327279 9250.25089096622
11374.0736834522 2989.07606956169 1198 129.703092830807 9795.31087636622
11697.3363519093 2908.98918971759 1458 84.7313233983491 9562.00731940357
10841.3700521002 2995.16125269134 1016 287.570391501164 10529.4571493616
11077.342729394 2985.47579560427 1075 322.940984660732 6990.31576882248
10854.4727148956 2988.18709512534 1044 232.086504281731 8594.1212083235
10645.3433608901 2986.2720920202 923 295.976272612476 7040.58793087527
11108.4516791362 2986.63873942088 1095 154.180779571993 9457.37997010581
10522.2075136748 2967.16212116761 932 283.409687182811 9125.43314621496
11249.4809998198 2987.15315636439 1140 116.58775556602 7209.29389286101
11744.7151852555 2897.11953553202 1458 95.7019364527737 10315.2060106175
11799.631451838 2941.06268570203 1448 172.60360223463 9274.5114098113
11193.8801379946 2985.88690555631 1092 472.125693576162 8942.24742977684
11159.043657776 2988.05801184522 1109 197.23851411343 7565.69775319423
11117.7318418816 2992.28818525076 1112 377.319504359758 9797.13164755441
10854.6127235907 2990.27809722296 1033 298.010784318545 9157.31106616234
11128.5673845347 2991.48143305108 1133 233.493152945601 9473.13507945362
10973.4184190452 2990.14596420748 1079 147.567944177289 8233.01972936902
10949.0945095538 2994.58011035574 1062 162.045218451415 8616.91085543937
11047.6352307053 2991.47500836263 1108 220.655187472136 9431.42302672486
12329.1763246785 2970.50888250905 1458 945.146421092387 10306.7677848063
11558.8768480323 2988.44137568337 1324 125.941191641918 9891.86074639139
11450.4841812192 2987.97060520663 1290 144.02928696581 11180.536033511
11063.7924986156 2990.91459870818 1086 290.091421974057 7957.04844222033
10891.635371153 2993.4724141682 1027 276.851190671797 7231.46455901826
10934.9735558523 2985.81911030143 1072 185.847111836657 9479.73988823199
10959.2796024088 2995.54935322959 1066 319.015588119557 8780.35428178767
11825.7509146861 2981.47037801259 1400 196.262576775251 10254.2693561746
