10752.9041420153 2980.64328836044 1049 279.288081791546 8707.86396112555
10836.2964407715 2989.95073768429 1079 158.775836301307 6320.86484953724
10630.6019837228 2969.36456402979 982 266.199331439471 6134.55749890398
10596.6357145136 2991.24867772887 947 311.102857714266 6119.13269205427
10554.3904678132 2986.81014991876 912 205.839916133472 5702.07253357792
10729.5311470372 2994.62051081717 985 202.213037208161 7058.39597669005
10544.9718610241 2973.81381336898 970 227.643662293578 6658.17717379956
10683.7954724934 2969.92506457295 987 198.301878624362 7846.52458340896
10829.1341625043 2978.97331214328 1045 307.569719426817 7592.48690011628
10576.2416179509 2989.82276409217 943 315.964555454091 6567.32507946711
10855.2306044554 2971.50172949038 1071 367.233250318479 7569.14440642863
10775.2724251849 2977.22041945504 1019 205.648705941741 6527.63365744028
10635.6940466339 2968.0050981955 949 281.005904123959 5840.4195937908
10687.1606777941 2977.96741725638 984 232.120560250527 6304.09005252741
10914.432904714 2978.49001351277 1076 292.671357931176 8382.8567078207
10899.9974037208 2981.43132824661 1052 349.737676571047 5020.42936895433
10712.1235859671 2993.63883611801 994 190.56005985105 7613.67908219645
10741.0231053185 2975.13521170012 1029 298.45192424579 6939.67953000901
10687.6556142927 2980.87609401474 1018 331.530510132589 6009.38654914833
10855.7164624171 2989.14968682901 1017 176.877697123584 5471.9500097059
10862.2188959433 2967.12517428085 1064 199.422704300111 7816.33154265366
10902.1618992114 2989.7982250181 1074 254.648804263108 7596.49430822338
10619.7833323581 2982.36262419776 968 271.511013539205 6637.73318204991
10946.5415132032 2973.38176966248 1053 242.70403046061 7008.05826222465
10861.2452374237 2979.07171194706 1029 270.611180343281 6818.75143924296
10997.7891757936 2983.76517983864 1088 221.286614163684 8221.56883257227
10766.1330710529 2993.88225213859 1019 115.016185460482 7509.23371169707
10795.410155523 2992.38644300081 996 199.977487575455 6114.3577013741
10926.8580363275 2989.83889011845 1055 278.091869197398 5550.63414452695
10851.094445319 2982.17996134725 1045 203.287539745331 5698.09138212525
10542.6237184139 2970.51225398414 932 201.537059859026 7562.76610055721
10677.6292196897 2988.9592799984 937 210.711128769011 5571.54390619274
10677.0193241528 2970.12253618593 1017 204.844943722469 7987.00236303924
10877.9236557463 2995.7167928795 1063 238.733728235241 7751.04467307181
10742.616043292 2982.19152123327 1034 236.194804974161 7765.68148803988
10846.311664086 2981.07652676385 1038 238.429095338653 5601.81922592207
10700.8167764365 2985.97620340557 970 266.598559498688 5882.05310387294
10903.3715216399 2964.25506464934 1061 327.413094866718 7550.17064835493
10818.229521345 2988.56451271186 1036 145.260577731946 6905.92260267398
10652.6829474851 2978.90100384478 968 228.118404859103 7472.10646515531
10819.4664776588 2985.66326102646 1042 271.224487714499 7699.22392325719
10541.3834436188 2987.47760405934 907 144.94711265533 5931.40693203503
10677.014921845 2979.23615669439 1018 253.807716347836 5908.87750452717
10692.7356526707 2987.2042623474 989 190.543069180121 8054.10787793248
10761.8542366746 2979.49495561926 1025 340.168167467473 5586.84278901062
10756.5470959174 2990.39668501703 1006 257.21453375711 6113.01244729752
10642.8083960889 2988.81889426481 973 225.797471284592 6288.31188577854
10900.4693187783 2976.65680908208 1079 366.88280327663 7891.89246613115
10655.3555184296 2983.45251012159 998 304.018332660747 7437.03259569493
11135.2437603626 2980.52461822789 1132 327.171187510601 8728.18257397565
10846.8454325254 2991.86609492998 1057 216.531062648832 8103.18192726826
10703.4741770068 2987.73135355498 993 279.841230023077 5175.55389260107
10819.1878947822 2991.26833904642 1029 284.695930623773 5463.71379790209
10768.3240568061 2973.17837693926 1019 181.802235110347 6542.2345915889
10622.6033576775 2984.2748412502 943 280.681971181006 5750.99324039434
10703.6115161122 2991.56184114927 1001 261.667848982493 5100.77857136932
10944.8387548411 2981.31848692691 1066 319.943799643162 7340.05089995742
10676.7271199456 2986.75557202585 968 224.856264356369 6130.78971921581
10761.992569874 2989.22881581729 1037 271.125251477833 5871.6467548436
10830.2926225084 2978.46956082015 1026 244.982044797369 7154.19005999097
10748.1914763128 2978.25922807586 1019 301.123609389345 6966.07319377431
10673.8667870778 2985.83721220926 990 250.744191310184 7613.08122406556
10774.6058311563 2982.32168669932 1055 291.941137234148 6474.88374080513
10974.8000578161 2982.2821588895 1088 245.942402905999 7378.30124136087
10724.8421669119 2980.97355974115 1021 215.215985219872 7448.72583292741
10872.3837619347 2973.05733287133 1046 346.064456181095 8299.86372772183
10634.1463973725 2990.85334751901 982 250.880834573967 7822.82619794392
10984.7105070446 2996.57351972353 1053 205.505795850652 5473.27517932492
10644.3184934573 2982.51074184568 983 235.23389099661 7407.39523795798
10883.0837482492 2983.15862519168 1062 220.892612061 6261.98556682807
10744.7039457433 2992.81687167205 975 220.564904791604 5853.72090646676
10785.1284687227 2986.99111955251 1025 170.758344462724 6249.16220564858
10663.3884649747 2983.49568205682 1027 254.428191334895 6539.59206631273
10981.1992105724 2976.71225652346 1080 253.680950077373 6620.09937164393
10750.2035389069 2982.61381283655 1024 320.677711990854 4673.41231040809
10719.5782937424 2959.64861878981 1019 199.237301387238 7210.52193738229
10652.1194295894 2978.97878832766 957 343.121224996625 6223.61744051665
10732.2522229156 2969.64208995564 1004 250.10451469483 6739.07024383926
10720.4506591922 2973.65560351234 1010 257.962164374221 6812.66684573477
10711.2098702431 2997.2924049443 997 218.382235295589 7039.94491302606
10736.4933447504 2982.68436364116 1040 334.51011766344 5970.81875098494
10712.8617736096 2974.28079202467 1013 298.254424694187 6155.86431254736
10903.6323924564 2975.8905611288 1050 223.039066153882 7761.25265541296
10655.4328999152 2974.69466941588 968 276.909311415689 7053.82072755256
10714.2652937712 2982.62044077158 1040 367.735073663183 6297.51200342752
10720.783800807 2982.91343985996 988 228.210555724483 6154.01977233997
10760.6776077573 2979.27670890057 1037 241.36992742471 6029.86725945242
10879.0498102066 2976.39847910521 1061 187.330850248825 6929.84170910021
10861.8120835618 2984.40680300302 1030 172.159049041455 6691.44119872085
10878.3564794838 2985.74132362168 1023 265.609054020432 5814.24225753915
10743.582964446 2987.24198332559 1027 138.620361425713 6166.47733125588
10576.2728718455 2988.97949950263 937 248.718178061722 6350.49857090692
10798.1564695572 2975.63394892078 1027 280.195267671114 6727.2881401697
10823.5758555665 2986.95081544496 1054 274.160983939853 6908.00590920827
10645.2151433461 2980.05579526501 938 313.30042173342 6818.77232392885
10723.9621862592 2992.1622006903 1020 322.436732260043 7150.44061735467
10726.0177158439 2986.89861083649 981 215.807548357216 8001.55980191131
10949.6180121072 2988.2390661045 1024 211.336716629604 7162.46574153781
10805.3971617894 2987.53204283336 1021 236.689524313279 7932.96968028243
10617.0587217513 2987.26328268375 948 392.427274537885 6170.832092267
10768.1464604499 2977.46468686294 1019 306.688213393561 6017.38408284193
10656.7532984584 2981.51807828806 965 158.394805862121 6868.77016092581
10684.127074762 2983.99753687638 975 278.154035425513 7164.22189967607
10886.8739906785 2972.76901815013 1075 311.257244045859 7606.62416121264
10562.7307326191 2981.26153755572 937 217.983625468945 5458.2267737019
10941.7437616876 2988.31804033441 1038 300.627383450573 6349.20360382024
10882.0387220696 2984.02219519724 1053 204.169075784312 8646.43439027749
10703.9760416155 2986.11033789058 974 301.863503531783 6055.17273762396
11515.5423561033 2990.13792600417 1274 132.518289058878 8778.75659663414
11149.3008665051 2986.42738092124 1135 98.5381064830281 7245.5045200364
11078.8409017358 2990.33602399857 1106 179.935711447447 6226.04797440546
11547.5345958249 2983.70014549231 1300 677.104007779079 7269.40137257539
10729.5311470372 2994.62051081717 985 202.213037208161 7058.39597669005
10929.2768327576 2980.85941642943 1072 359.405362395439 5841.49695781022
10698.1301373469 2970.49138791831 1006 251.300303790653 6923.43410686457
11367.28351888 2991.957329303 1180 223.605703510676 6806.93338933882
10576.2416179509 2989.82276409217 943 315.964555454091 6567.32507946711
10709.9575910284 2982.67154589753 983 290.314813356183 8195.50535210315
10941.8687014326 2982.85897161134 1080 350.559740781186 7733.79949330205
11078.3563125176 2994.99712295314 1106 214.572536975204 7754.59603970247
11673.1932405161 2995.66961544387 1328 81.3390911666613 8049.14123077473
11244.0628635129 2979.9410311923 1180 124.944684638181 7848.97147125496
11851.1561933499 2984.99098951619 1328 715.838865394024 6044.49484095087
11195.9048239625 2980.30332620311 1181 188.994833420318 7898.83240701496
10764.4694452631 2990.34500079601 1030 180.486094532551 7692.16765817282
11636.1241292594 2972.21769329785 1399 126.189651871068 8429.2773095739
11999.6233099119 2956.15446055992 1448 79.0422093879836 8292.10482591916
10936.9175117768 2980.2667586102 1078 334.164603349617 6565.54924447903
10878.2115950918 2981.10737296577 1053 213.833585158353 8113.42574366135
11170.6755337997 2991.05018429452 1109 116.263795574761 6202.75526276036
11682.3898059602 2980.39330009481 1328 94.5439529501083 8215.55471273336
10967.6412315599 2996.0452246 1092 242.047300877186 7578.74363828933
11606.5427938109 2979.70935217369 1239 618.983872439259 7857.12353198961
10619.7833323581 2982.36262419776 968 271.511013539205 6637.73318204991
10989.1730872723 2983.40350414737 1061 234.499580205699 7108.27560707354
11089.1852513514 2977.05641048415 1109 203.697431221618 8146.83164687998
11040.5378576371 2991.92021021284 1092 220.634637061353 7948.4083299994
10795.410155523 2992.38644300081 996 199.977487575455 6114.3577013741
11881.8390479014 2980.0765704139 1338 645.664231932852 6405.5557475054
10979.3081863348 2987.94727858771 1082 178.612793782253 6465.16448000517
11772.4377696656 2984.27927706073 1330 35.1407646554307 9496.09176017994
11930.3449794975 2985.6466249298 1432 79.8801412910472 7159.65397090073
10713.7060443812 2979.82728859611 977 242.395314053709 7184.38175150606
11779.4833606802 2895.49131099781 1448 65.228482123861 7311.44818803709
11074.4012286156 2980.57199580736 1133 172.342716287596 7879.79559502372
11537.6277612239 2988.49167746234 1324 105.385250412757 6853.74578434402
10700.8167764365 2985.97620340557 970 266.598559498688 5882.05310387294
11202.9170394022 2979.30862781034 1191 148.425989740317 7805.46609121387
11013.3522699977 2991.29380102682 1085 136.969610299918 7505.66561478444
10818.229521345 2988.56451271186 1036 145.260577731946 6905.92260267398
10909.2350736863 2986.68783455481 1050 311.851219047807 7126.0375337561
10965.3720669204 2984.70925451859 1053 221.459520643995 8108.40092528206
10819.4664776588 2985.66326102646 1042 271.224487714499 7699.22392325719
12134.960932383 2989.42654061426 1458 76.4058825214292 7692.32952440655
11130.3911828157 2990.67771189896 1109 274.513419472557 8151.19268321576
10520.353093546 2962.53095339134 932 148.994405413907 5931.33460873285
11111.9378511206 2985.92553221929 1109 170.106759583166 7350.03283004771
11168.3858076951 2978.45191849772 1138 99.0041541656397 7950.99748468988
12024.4399733122 2979.55849811358 1458 13.2084357346074 8943.80141591446
11608.0580332534 2982.46379580621 1330 190.963900880355 8421.84984432426
11307.9574161159 2981.38026937582 1191 192.626513736684 7423.30005344082
11656.0754574731 2986.21842328649 1328 615.804145052004 8356.70298644077
11392.7555911787 2985.64239463766 1274 137.754772473506 8766.19683764944
10847.101963766 2984.47945517419 1019 239.147784355456 6943.75440454619
11596.829392305 2989.01574108761 1324 135.745211494336 7242.35082711603
11402.4866656573 2985.96927714005 1200 83.8010435909905 7115.15822012849
11409.6736989195 2977.6924480579 1239 268.8863746276 7811.17005283351
11238.0270290317 2979.9974364282 1205 191.883148162323 8089.35760507847
10944.3361076216 2990.40399238028 1092 197.768973478748 8360.44949354986
11126.2509444711 2976.37700475555 1115 182.680724234367 8322.38645172895
10936.5461561721 2982.89903241964 1070 312.035343639986 6788.56740083121
10799.792619715 2979.58352074657 1019 261.304737081247 5088.36238994048
10861.9986528764 2989.55169741987 1035 276.456996387142 5654.89864038142
11265.7011922223 2982.2461506717 1138 139.525179727595 7232.18240373199
10916.2053958314 2995.87348513907 1033 224.178232593408 6199.01733245505
11761.7183592088 2989.16005162474 1318 102.138016407129 7468.04075717943
10948.1003287135 2983.04241617109 1066 315.334431334464 8370.41508989387
10714.1001877932 2971.2520101417 1007 259.649303176344 5588.06322364763
12011.8205756411 2883.76456059364 1458 730.625293949401 7539.67034619192
10910.2687719903 2985.02759553911 1093 242.58948307575 6355.04218314715
11291.8988962928 2979.96870481501 1191 151.657599126535 7426.51557754649
10816.1129482335 2988.7996664802 1039 304.829698954478 6698.72176833972
11721.7830603293 2873.89408616339 1458 121.027604122741 7021.84964432743
10805.4057032884 2967.0436458016 1004 363.547799736195 6474.03543146564
10876.5948553873 2989.0749197217 1025 224.955174428374 7656.79499758325
11262.2257239794 2980.93296393902 1138 475.880541414638 7132.49162935518
11254.2568712131 2981.32902816243 1138 554.473131778979 8207.69551548452
10673.8667870778 2985.83721220926 990 250.744191310184 7613.08122406556
11815.3032697598 2881.96442990494 1458 236.013471616058 9371.50625626905
10988.4742526539 2982.0183554973 1105 250.782140326551 6658.41055535938
11869.8473337907 2901.65772627882 1448 73.6904743322095 7300.00902360106
11995.957287744 2985.49553781991 1441 29.4102338412552 10120.4659990958
10746.179154974 2986.34043413046 1006 283.540266917328 7982.71897312734
11052.938578011 2986.47901396894 1092 311.316665626049 8668.22197952054
10845.1619947067 2995.46234603878 1058 210.270863932591 7909.67979352962
11314.6738931508 2994.31242529123 1163 142.004312586946 5388.6544741844
10868.218924712 2991.58608024742 1012 225.031074153944 6551.42657757893
10869.4382639578 2980.63280860993 1044 321.882531062181 7432.84178326702
11012.5891119614 2979.73876272473 1061 410.742016077842 6591.61440834189
11063.8283903778 2977.55867134348 1106 216.30587574894 6149.5281003544
