2983.71334826804 712.540796962416 525 0.449573762547112 276.106074298705
3039.98981651157 694.334657311135 627 23.8686194623597 308.171310348193
2671.98780393087 693.763017180439 480 8.7795889997935 395.111063810497
2980.47123824306 708.845309411775 590 21.3464952259804 213.350759533138
3076.235242276 699.139732603845 600 6.27201791361639 240.393772722938
2928.58284940022 699.939721557604 590 0.244637465972495 303.499138854502
2732.54872136059 712.776280379233 440 35.8310069993082 159.158511523196
2653.78372059147 696.231477754934 460 74.9630591367807 148.329585095428
2747.54852965316 683.018851782358 490 6.39044366535004 345.905634560001
2767.1162753024 703.994742041878 440 8.70058618979032 262.483464381269
2863.39286980213 695.482723621672 580 20.1285070167136 235.761059575736
2844.18463981428 694.764184841676 540 22.9689953605113 188.76239680661
2604.14237503479 693.144620224461 400 47.8128440220271 322.665760782675
2670.67731975854 691.905117933595 440 15.7528484447366 281.927125923449
3011.86518585647 714.264894549623 570 10.9246175427975 207.689937643138
2697.00777474782 693.473235265521 430 57.4646970086451 243.767767983717
2710.94450488186 697.123802962329 460 36.0954484960347 206.718700215917
2672.60943499559 702.76456449684 440 61.1619279835804 301.708214260422
2922.90294399806 657.131394430155 575 23.8555092790804 224.790669619893
3064.67175868347 683.200657263355 657 19.1185774766691 271.410264095219
2861.62563006502 682.118476141101 570 24.2467649852466 424.630945351217
2882.33872922286 630.277471590316 605 33.4190063121355 355.788093892625
2981.32608948485 708.667815336104 590 21.6755276223554 212.818277306127
2855.03247725434 672.965297758773 550 5.96958393174365 277.259472506485
2878.20853582304 628.281358217427 600 120.496715039197 201.899724817873
2886.86138643704 686.499415048693 570 15.8139611158785 280.777122884929
2980.02741795429 704.909971245829 610 35.5016389650754 290.154124165896
3119.58877918838 702.583734891825 560 0.349509189515051 267.899859883635
2732.54872136059 712.776280379233 440 35.8310069993082 159.158511523196
2644.59987997017 640.506427860964 480 104.028321429691 164.356584698987
2653.78372059147 696.231477754934 460 74.9630591367807 148.329585095428
2877.4851081023 663.575037018711 600 95.7352985915828 254.112813453445
2936.09928082018 707.974403819001 587 0.248653898457383 347.191781289789
2767.1162753024 703.994742041878 440 8.70058618979032 262.483464381269
2878.80960860653 653.639296711372 560 4.51508865185044 244.957510195889
2844.18463981428 694.764184841676 540 22.9689953605113 188.76239680661
2715.73735284679 700.294969966087 440 56.5495120255268 244.771488876294
2657.9356441744 683.142587057075 406 28.511022426909 293.430145890435
2716.02406687772 699.590541911121 480 23.1663172715659 212.805363213721
2619.7515018416 660.135421383996 460 61.3389641240263 150.059754067512
2681.84845851961 630.692210261508 540 74.0890457806527 245.608196015782
2952.1754880395 664.83045449988 570 58.8807041361394 144.160574500196
2997.49058759479 701.518123188949 570 8.15822481750672 196.528275606121
2672.60943499559 702.76456449684 440 61.1619279835804 301.708214260422
2974.64619376707 709.5885768323 580 13.4687137324775 307.004551331555
2930.55235534408 699.38691270667 570 32.296963861124 225.904058834233
2937.88721818246 694.898254747528 570 43.6115241923989 249.631356069246
2734.21904744109 711.093861349949 440 48.0128817620325 236.334139940256
3058.57685456343 671.074211160357 595 34.13164267471 212.199901760916
3263.49369011198 690.755133545937 710 53.9496774280644 282.676722180177
2760.77035274797 658.862331461989 540 49.6443665289774 194.708874846454
2861.62563006502 682.118476141101 570 24.2467649852466 424.630945351217
2868.15782258128 627.277471590316 605 38.8772398233826 362.345054523417
2971.4626445139 707.125494189021 560 2.88016956631825 257.30878309043
3027.34392322981 702.69924370969 610 12.8193913889622 307.020510133028
2702.45169603934 654.681810550069 440 15.7041670009813 255.373054634523
2759.75890818749 658.864983071675 540 40.5868643054927 267.457447316302
2878.20853582304 628.281358217427 600 120.496715039197 201.899724817873
2886.86138643704 686.499415048693 570 15.8139611158785 280.777122884929
2980.02741795429 704.909971245829 610 35.5016389650754 290.154124165896
2718.48803679571 705.829777042908 440 30.4190469869581 152.212008186872
3224.33275895888 667.763442561479 640 74.0711136154686 203.295043488967
2684.65444923786 660.249088325794 427 85.4042540191479 114.042436940748
2910.74002486013 697.043442037107 567 4.63173718653564 325.329857726
2836.95044358371 704.763980311203 520 56.4683328899496 101.713790216513
2767.1162753024 703.994742041878 440 8.70058618979032 262.483464381269
2878.7038741787 653.1622568014 560 4.5354372519735 244.480470285918
2844.18463981428 694.764184841676 540 22.9689953605113 188.76239680661
2715.73735284679 700.294969966087 440 56.5495120255268 244.771488876294
2865.01213169854 667.213078114043 540 25.2292974575224 84.5083821723005
2821.9180373614 619.506189921472 560 214.428081934023 226.89655366568
2525.5724455619 637.426076455239 460 119.902688384673 243.442402067923
3023.11616260766 665.705883467949 650 83.73990131446 283.058858632621
3001.68776316008 675.90981206391 610 71.3156349517573 207.338787505314
2926.5920356195 677.935670126095 570 2.00008703582595 285.182455417731
2595.64688143486 652.112881498756 460 65.9779004842076 142.037214182272
2998.26522818455 709.057686723452 610 42.1044248845643 400.711444962068
3058.57685456343 671.074211160357 595 34.13164267471 212.199901760916
2919.36845318029 664.78198059924 590 93.5877037739191 228.129119039964
3264.51651850764 689.796166677843 710 54.3433642611096 282.86233648625
3144.26389074915 704.265401831614 630 79.9046287796896 214.983421073859
2867.87661807333 634.370584484454 570 87.56027822543 318.204450834172
3030.5494321162 703.867088128428 590 2.27464150268217 279.527847175409
2721.64818876093 704.001928141138 410 64.4301734233414 225.970510272785
2919.16105779532 704.160027306977 570 13.1740667559031 482.104440265179
2882.33872922286 630.277471590316 605 33.4190063121355 355.788093892625
2971.4626445139 707.125494189021 560 2.88016956631825 257.30878309043
3027.34392322981 702.69924370969 610 12.8193913889622 307.020510133028
2702.45169603934 654.681810550069 440 15.7041670009813 255.373054634523
2980.02741795429 704.909971245829 610 35.5016389650754 290.154124165896
2718.48803679571 705.829777042908 440 30.4190469869581 152.212008186872
3224.33275895888 667.763442561479 640 74.0711136154686 203.295043488967
2684.65444923786 660.249088325794 427 85.4042540191479 114.042436940748
2767.33801067044 648.71028559286 567 32.2294676847868 244.652791120302
2889.18114992531 702.388845592143 570 48.7736870533063 301.456741064091
2878.7038741787 653.1622568014 560 4.5354372519735 244.480470285918
2844.18463981428 694.764184841676 540 22.9689953605113 188.76239680661
3016.67995778504 683.75291687069 593 64.0136845218411 226.882082668904
2918.72498428521 686.792867316837 540 14.89225415757 140.507800935789
2821.9180373614 619.506189921472 560 214.428081934023 226.89655366568
2814.32833544932 646.193342613092 564 8.96727683600862 188.801831386748
2831.33508808425 640.108374552423 530 78.8503634842797 218.513808588693
2963.83753859932 688.089245997663 570 10.5518259595463 149.655389557424
3017.56668472102 657.507844440763 650 84.8078988316972 272.838947306158
2969.79753858747 651.275954435335 607 102.557276442331 250.434020772713
2844.5136691825 653.128371028056 535 51.9378808668589 128.517557572858
3058.57685456343 671.074211160357 595 34.13164267471 212.199901760916
2919.36845318029 664.78198059924 590 93.5877037739191 228.129119039964
3264.51651850764 689.796166677843 710 54.3433642611096 282.86233648625
3144.26389074915 704.265401831614 630 79.9046287796896 214.983421073859
2867.87661807333 634.370584484454 570 87.56027822543 318.204450834172
3030.5494321162 703.867088128428 590 2.27464150268217 279.527847175409
2721.64818876093 704.001928141138 410 64.4301734233414 225.970510272785
2919.16105779532 704.160027306977 570 13.1740667559031 482.104440265179
2882.33872922286 630.277471590316 605 33.4190063121355 355.788093892625
2971.4626445139 707.125494189021 560 2.88016956631825 257.30878309043
3027.34392322981 702.69924370969 610 12.8193913889622 307.020510133028
2702.45169603934 654.681810550069 440 15.7041670009813 255.373054634523
2788.22351980692 663.591434060505 520 13.5118845403409 216.566602983881
2980.02741795429 704.909971245829 610 35.5016389650754 290.154124165896
2718.48803679571 705.829777042908 440 30.4190469869581 152.212008186872
3224.33275895888 667.763442561479 640 74.0711136154686 203.295043488967
2818.6873397982 703.543358044601 520 43.2273428236646 162.953345674762
2684.65444923786 660.249088325794 427 85.4042540191479 114.042436940748
2767.33801067044 648.71028559286 567 32.2294676847868 244.652791120302
2754.48814257377 699.726007066331 480 44.1120925850045 224.966285656638
2855.75258239772 707.238915035363 500 52.8498595880808 135.36761731582
2889.18114992531 702.388845592143 570 48.7736870533063 301.456741064091
2878.7038741787 653.1622568014 560 4.5354372519735 244.480470285918
2844.18463981428 694.764184841676 540 22.9689953605113 188.76239680661
3016.67995778504 683.75291687069 593 64.0136845218411 226.882082668904
2918.72498428521 686.792867316837 540 14.89225415757 140.507800935789
2821.9180373614 619.506189921472 560 214.428081934023 226.89655366568
2814.32833544932 646.193342613092 564 8.96727683600862 188.801831386748
2831.33508808425 640.108374552423 530 78.8503634842797 218.513808588693
2963.83753859932 688.089245997663 570 10.5518259595463 149.655389557424
3017.56668472102 657.507844440763 650 84.8078988316972 272.838947306158
2969.79753858747 651.275954435335 607 102.557276442331 250.434020772713
3103.39544678111 685.498075713305 630 51.7419821126722 215.816559918955
2840.54591770356 640.765794328336 533 16.6538623212886 197.012360379467
2879.4348693609 669.838432143933 550 33.1595206547004 72.4254820312792
3049.67443252856 664.932858314644 610 72.7600854007121 273.961963258071
3094.50235936801 655.300483574468 645 0.386533354951098 231.78478952017
2919.36845318029 664.78198059924 590 93.5877037739191 228.129119039964
3408.55587914714 697.393702245317 750 67.8370747098439 278.236460485883
3148.94170476801 702.650566638748 630 79.0043830520196 194.524080302397
2736.5774426981 661.155182281686 450 61.5570371635318 140.850617604469
3240.67471357157 710.635557349545 640 24.7908396885911 263.736452216893
2919.16105779532 704.160027306977 570 13.1740667559031 482.104440265179
2884.48703622313 630.891211402045 605 32.5921225621978 357.015573516084
2897.49306666085 663.872914835378 560 49.9547521174717 187.45314749127
3026.28478971209 689.310344306221 610 13.023221729483 295.810074611648
3161.1796191585 719.949484649992 620 17.8520558330818 301.943929186691
3133.97888157991 676.413791268258 570 5.74870904497828 398.334006713285
3226.04214161344 670.191082678991 650 130.1931377276 195.511363338335
3011.81142579696 679.381982401047 620 6.51370111637145 383.541959063839
2930.75111999855 678.676159570775 610 16.535183038802 265.094960375511
2968.10889550106 674.928684698799 620 62.1958508387323 324.699877914381
3017.5078462482 630.778264357812 623 199.234468622575 212.69181028077
2763.00680932315 640.568338151548 550 40.3801932980169 239.045318048101
2879.58376812142 682.764258772364 560 43.5372690068825 157.404557231663
3224.33275895888 667.763442561479 640 74.0711136154686 203.295043488967
3076.07741428061 650.583622704957 640 59.6081338987908 255.206195908896
3012.59100246657 694.72172812819 597 14.969492592898 300.614094104852
2773.82256417004 632.394339464066 550 95.7897680971232 232.865343816688
2844.4801711618 644.712758912597 540 29.6509051808697 232.88683651464
2955.19574508415 679.712201448686 600 36.0691722915071 310.235179714189
2877.97053373071 648.963849345718 560 4.2531743819365 244.480470285918
2985.57935044845 699.317963827853 600 84.6413039197821 283.355817766425
3025.96502014042 692.669492478086 620 37.9559742504327 357.427700216261
2918.52333309972 702.988492893102 560 8.6625071673261 239.403827256782
2833.5028933206 693.887724033145 540 33.8855231942543 292.422790146269
2816.58704200235 624.489383336685 530 152.648849589777 177.311882402102
3135.17172952547 696.032859539207 592 104.124383734612 156.725645098198
2925.23270453765 690.830049588314 540 13.6398428110501 148.582165478744
2909.97286272385 653.492738868741 584 51.9209009330336 181.646690881738
2952.70157858462 685.560230518488 570 12.6949424636044 149.672173066839
2849.77276511645 617.943777175331 610 124.317438541402 284.229003619994
2899.55433112497 660.641001998602 555 41.069260020672 134.258539151973
3113.05290173293 678.839789175463 630 2.89804807131459 354.925297189432
3247.2442591074 671.645185836989 675 0.509782972952914 238.771902881867
3002.83986770355 673.033262013662 600 121.61393778784 241.257120149965
3462.79748948388 694.644118227537 760 57.3982719334447 355.214948170783
3114.93845839607 673.134990017858 630 85.5483108674065 190.627095898392
2657.74022593141 677.902662726953 440 76.4118959532748 134.076828593704
2736.5774426981 661.155182281686 450 61.5570371635318 140.850617604469
2994.26869480315 710.92995478737 600 20.0347486149669 296.162090023234
3240.67471357157 710.635557349545 640 24.7908396885911 263.736452216893
2975.87600644484 690.302164057428 600 67.9559985657412 301.180841504794
2919.16105779532 704.160027306977 570 13.1740667559031 482.104440265179
2971.21816846177 685.011251189313 600 35.8149273123262 188.153207141442
2986.57723328675 674.910941747057 610 20.6649445264942 232.231582195079
2967.67739384939 703.022347448482 573 30.0540355394479 474.359311927287
3134.45822153495 706.651165063668 620 78.4253228064508 352.21522747564
3075.90304770211 664.83025989971 620 34.2635396617201 242.172194974693
3133.97888157991 676.413791268258 570 5.74870904497828 398.334006713285
3266.24750745415 677.050070362535 680 145.668190254936 227.974605847126
2925.98621597183 673.628161570203 550 64.9739673982611 116.897327259373
3111.12656003396 689.037427716115 670 57.1709681400228 411.99518524799
2968.10889550106 674.928684698799 620 62.1958508387323 324.699877914381
