2723.38209629554 693.136529182326 450 36.8808530621355 442.689131280489
2685.59308782202 696.142974965038 430 14.0863852144421 280.514650572554
2791.28656393316 698.512593279159 466 80.2508472077978 183.396645886293
2666.26969868346 706.987435270852 430 73.9409258302468 189.911146276543
3014.67143063461 708.529016085648 560 1.38735886143152 456.883773679217
2920.41871390177 703.886879362883 560 12.3291156997222 319.199153426418
2694.38634978144 690.341829825585 450 12.1119022476466 323.530391099802
2665.80943900344 686.526582804082 440 35.9859413413487 302.004168629686
2949.53784792564 704.538843837501 560 41.7751731947519 313.661690858667
2780.40279467809 705.17695978448 490 4.7109368441028 424.235035183354
2741.77040823031 698.544460607794 445 73.2367903106301 181.527893227686
3030.06110358089 705.2824417738 577 2.69014508942168 477.693597121264
3027.10633672107 692.44458671528 590 7.11999939091049 344.782133383205
2717.24221014302 708.926840978557 460 29.2238304800891 312.582288109114
2927.95833414714 698.896465862754 530 83.0063915734536 208.313703130144
2668.77917806416 679.431116405732 440 15.8641800358529 288.673394320494
2723.20289659157 652.879532104709 517 60.7744510970412 261.371891620542
2749.88714244763 637.994743294699 560 46.0336007365948 265.355708712496
2826.77154536103 677.048079789698 540 3.78823629650327 352.693626247519
2704.82596723289 661.154566278093 490 81.7494228611385 316.329989339834
2736.66187557856 712.662823807699 440 60.3939450705037 201.094521619902
2728.09663920349 643.620738360812 540 56.3810237708929 406.118891305804
2730.71183744212 661.768462034641 510 12.6417039998641 280.590399735041
3017.39132184137 714.822004442084 580 27.8402479638797 307.182950012099
2760.72872656296 689.754648282365 480 97.6411038564079 199.663981590717
2920.41871390177 703.886879362883 560 12.3291156997222 319.199153426418
2739.0266284957 671.598644621037 440 106.651719215866 130.466008428385
2727.30022419453 656.565906718919 500 34.8269567356492 204.450972274841
2943.01714943567 681.980188775862 570 2.96338221928093 469.655985698832
2779.6815150332 701.797446619994 490 4.84974717648248 419.107408937131
2741.77040823031 698.544460607794 445 73.2367903106301 181.527893227686
2846.40519044413 616.507001517976 560 124.257803190167 387.411290344149
2711.43982634791 713.713086550115 430 20.0867423608024 350.351270526219
2570.62039770391 632.23489972253 490 88.0171285607596 307.842917203463
2698.26243376804 696.181600873472 460 21.918511147255 299.837048004029
2857.25843954071 653.824505981928 530 28.5781606387368 273.660843412225
2749.88714244763 637.994743294699 560 46.0336007365948 265.355708712496
3028.74765651459 705.211007107931 610 23.966748573209 554.351735640245
2915.03253010472 695.829778203257 560 5.64861801967738 458.724648088777
2894.84478789463 664.400249186693 600 80.1755830605131 535.659287466679
2826.77154536103 677.048079789698 540 3.78823629650327 352.693626247519
2914.91257550862 700.577294647679 536 45.6202980072702 251.488292057535
2736.66187557856 712.662823807699 440 60.3939450705037 201.094521619902
2865.87807106744 689.804172383645 540 59.7900186579259 243.377656282562
3171.34230301456 704.953164926437 625 25.8177314275275 609.989835081435
2818.53060615693 627.544181964411 580 76.6200260337478 378.879173043371
2730.51955972404 640.391067975081 540 55.9147324993029 386.740868991418
3114.62506805754 687.427521029764 650 119.739409712604 573.051560494372
3084.86791398086 707.957908684431 560 12.1219606572765 274.243441566551
2859.38084738366 668.840814678377 580 9.36595643436745 354.703205315891
2717.98397345483 672.601657401191 490 88.759962364012 297.448050742369
2880.48690680181 667.7280252802 580 54.1875149226595 258.201462911962
2920.09448599245 693.573577657179 560 12.2667180094814 295.590885696631
2739.0266284957 671.598644621037 440 106.651719215866 130.466008428385
2727.30022419453 656.565906718919 500 34.8269567356492 204.450972274841
2947.50503064392 679.326003611332 570 1.23599593683287 467.001800534302
2603.29361969939 636.215684752798 470 71.6415707789217 312.650458324301
2758.21834841107 691.971455457038 490 3.41142950814961 409.281417774175
2884.75853583541 634.075431266473 587 26.5399092409878 337.862959083984
2846.40519044413 616.507001517976 560 124.257803190167 387.411290344149
2695.70491356599 705.99677196667 430 23.114927737573 387.853793103629
2570.62039770391 632.23489972253 490 88.0171285607596 307.842917203463
3157.58788897487 672.193393646819 645 91.0263443919987 735.248078901396
2885.08096897764 656.933644247945 530 4.646041060659 278.315533130925
2890.56993481997 660.151038041055 570 21.4963977461327 361.520342830814
2951.61188866084 677.177318996218 560 119.212687727669 226.133829334309
2938.77822477047 696.668430218426 580 14.8122001758854 351.818714503023
3167.11499576191 695.603559677102 657 132.364138890817 599.543968337763
2749.88714244763 637.994743294699 560 46.0336007365948 265.355708712496
2956.31528554637 645.365817126031 610 37.9063648653916 434.873114899788
2864.68033198734 647.004768548308 560 9.30826138235705 314.474907234864
2894.84478789463 664.400249186693 600 80.1755830605131 535.659287466679
2899.4327497632 666.027245416278 577 77.4403475830289 244.575299314653
2810.44747219737 664.08323274056 540 2.49490239370075 352.693626247519
2696.59839330498 627.322687651988 540 115.574345476148 392.338206302305
3214.67243229101 711.651977380579 636 16.2406950297825 607.159908294551
3053.70054441618 691.330128351642 590 83.038599680081 318.720822505506
2736.66187557856 712.662823807699 440 60.3939450705037 201.094521619902
3026.55814601926 700.334170897023 610 73.9660920422791 293.350694165148
3075.10149659093 689.84462791241 615 11.2253722362785 445.005804120296
3205.66858792262 699.690292751731 720 1.92687600975233 829.128910777971
2730.51955972404 640.391067975081 540 55.9147324993029 386.740868991418
2738.86328717491 613.245092145679 560 15.4819660717349 300.642368161898
3114.62506805754 687.427521029764 650 119.739409712604 573.051560494372
3271.93799106991 716.943607513133 570 13.2538682359822 319.229140395253
2859.38084738366 668.840814678377 580 9.36595643436745 354.703205315891
2928.37816565934 668.800382709138 590 44.9708378582522 234.818106770514
2785.32834144805 703.682177613275 470 181.028232686394 196.100009122463
2920.09448599245 693.573577657179 560 12.2667180094814 295.590885696631
2852.73111492113 628.992620055657 590 70.946867341127 307.50696878472
2727.30022419453 656.565906718919 500 34.8269567356492 204.450972274841
2947.50503064392 679.326003611332 570 1.23599593683287 467.001800534302
3186.80167554354 681.50617677058 630 148.627208779956 369.126617935011
3003.02596361994 707.951218488922 600 36.3653521201591 420.82973094875
2504.25606155234 631.36604275642 410 52.5817838268957 270.195699015776
2758.21834841107 691.971455457038 490 3.41142950814961 409.281417774175
2846.40519044413 616.507001517976 560 124.257803190167 387.411290344149
2570.62039770391 632.23489972253 490 88.0171285607596 307.842917203463
2885.08096897764 656.933644247945 530 4.646041060659 278.315533130925
2810.13379225306 654.941089667177 550 36.4213611590129 321.356699848298
2951.61188866084 677.177318996218 560 119.212687727669 226.133829334309
3053.73450547708 699.256598671313 630 70.1212905381181 339.129839399693
3167.11499576191 695.603559677102 657 132.364138890817 599.543968337763
2746.04053383236 637.870552363333 560 46.7738809097607 267.781885463579
2872.8420615895 680.678871031751 570 36.6245252854516 461.009248102516
3203.58202665407 669.22982341822 660 50.2866448275179 513.006938420684
2813.2668417295 652.857440856149 560 26.162246377916 375.676703622147
2732.59386004595 634.791647712064 530 5.0410823825731 211.995711068362
2899.4327497632 666.027245416278 577 77.4403475830289 244.575299314653
2811.54572403481 660.05252025394 540 2.70626105836057 340.601488787659
2725.21198971044 662.573903460819 480 12.0905475938921 343.243134417932
2696.59839330498 627.322687651988 540 115.574345476148 392.338206302305
3209.13940637439 714.052180705216 636 17.3055263639136 619.160924917738
2736.12444109988 712.320950340844 440 60.4973743841486 200.068901219335
2679.65345447964 662.409503769878 450 50.7387252812374 204.616598957969
3026.55814601926 700.334170897023 610 73.9660920422791 293.350694165148
2946.37651186359 673.742999762986 590 35.1219810942795 404.237115056867
3241.07470852871 705.488273932928 635 13.2840918204039 495.490805486206
2730.51955972404 640.391067975081 540 55.9147324993029 386.740868991418
2662.48973666824 646.436719505208 480 105.229441281791 270.034863107868
3354.09838312516 709.512051892203 720 73.6527487399297 655.172673329353
3271.93799106991 716.943607513133 570 13.2538682359822 319.229140395253
3152.7446990761 703.860613388165 620 69.386337763426 384.94301161039
2927.99205639891 622.485845581437 570 282.355585058579 369.458607650507
2849.93139759864 648.279703790804 550 38.7276378982639 345.130937177863
2659.96095896546 615.399021305996 550 85.9838527849019 394.315155518394
2892.13917747185 673.232025409082 560 9.78269359393149 308.130993380604
2949.16759651371 650.13350638672 599 7.70203349035754 330.531459315568
2908.67828677914 665.198057442095 590 48.7620813164144 234.818106770514
2819.78050111367 699.390990767218 480 174.397911467358 169.57728172139
2879.35809596956 685.0923178168 560 4.42699609430361 267.118355696835
2852.73111492113 628.992620055657 590 70.946867341127 307.50696878472
3179.9294920844 691.136035172735 620 16.5449418508423 572.125998115394
2947.50503064392 679.326003611332 570 1.23599593683287 467.001800534302
3003.88141759308 703.758313626065 560 49.048563308297 308.224319164672
3186.80167554354 681.50617677058 630 148.627208779956 369.126617935011
2805.92976666796 618.995050989006 560 142.736072738142 254.283647248777
2964.27909079513 674.718451426892 590 106.645592487202 324.497232870932
2921.96895718174 704.013530072029 570 20.7659239578917 418.181988024415
3089.92191250661 701.132414607997 610 82.2099623810796 417.220975269844
2947.44033220479 681.832408302035 580 65.9358753654281 341.874970434891
2978.98070935837 658.158876384849 630 84.507665308813 276.87327938416
3095.59912423675 681.159992164371 600 22.4291057968265 492.191746176694
3016.07253233692 646.270755541073 640 161.432274529977 463.442082283041
2756.51951842548 635.504823595059 580 50.8072439602113 246.946485278101
2858.44420642258 680.068376180899 570 31.0827882478712 460.398753251665
3207.60499794115 667.325232032011 660 51.8350871978776 523.293164262057
2813.2668417295 652.857440856149 560 26.162246377916 375.676703622147
2732.59386004595 634.791647712064 530 5.0410823825731 211.995711068362
3163.68388080012 702.823178158562 640 55.0858506938124 684.831222440266
2899.4327497632 666.027245416278 577 77.4403475830289 244.575299314653
2802.22497813406 652.437685061074 540 0.912482673413328 328.167251315935
2791.85570235479 681.70819494506 520 58.8915987955175 364.438831458434
3053.67163098187 663.631729174762 620 51.9809155150288 470.696342384067
2910.70371590814 650.572605101414 580 46.3475634242656 422.342624915465
3209.13940637439 714.052180705216 636 17.3055263639136 619.160924917738
2832.85019089594 702.974494865057 490 97.7271328390303 208.024511720794
2815.94420415577 647.770689128272 530 25.6376326804395 214.80052982331
2972.97473627277 672.687769962634 560 66.5940152737668 301.569408866593
3026.55814601926 700.334170897023 610 73.9660920422791 293.350694165148
3022.41481809059 676.386556985228 600 3.39895593171343 392.567040131866
2910.33831514624 676.577929346736 560 38.3205580290856 428.47945928424
3241.07470852871 705.488273932928 635 13.2840918204039 495.490805486206
3155.32571240027 709.144978302018 620 106.076598414122 415.469570751991
3254.16053404149 694.676430664918 730 7.40540337200033 806.035187591285
2817.85002644891 672.185895395584 550 28.8027207586218 484.521924101402
2915.9234413648 668.212542883988 590 20.233738841272 550.692450753534
2662.48973666824 646.436719505208 480 105.229441281791 270.034863107868
3233.78696946642 687.977568428605 670 27.3448640316227 485.02215858717
3184.52711487695 705.328772320267 560 30.0760992026836 284.384634816656
3152.7446990761 703.860613388165 620 69.386337763426 384.94301161039
2927.99205639891 622.485845581437 570 282.355585058579 369.458607650507
2929.70864632079 680.954238500786 570 23.3744992232826 413.839243294703
3249.24317744144 654.013143978577 640 171.203785841241 336.308916932863
2927.64863526585 662.077478406865 610 11.7534319283929 648.928299441082
2892.13917747185 673.232025409082 560 9.78269359393149 308.130993380604
2949.16759651371 650.13350638672 599 7.70203349035754 330.531459315568
3013.62910590235 670.100175492474 610 25.9953798244419 577.226978611777
3178.83343706299 689.010328727658 680 58.1325177178643 283.875612804074
2891.18256389599 707.034596517571 510 160.656578078002 177.220887471744
2844.82302372726 667.686050821491 560 2.2192816575543 259.746128215129
2788.21748710829 675.078485072333 497 6.03440980192025 261.793735409045
2850.39403718569 627.618934719824 590 70.4970965212369 283.421056372398
3109.63488457706 656.629135209906 620 30.0731453731558 477.559772082566
3089.92191250661 701.132414607997 610 82.2099623810796 417.220975269844
2947.44033220479 681.832408302035 580 65.9358753654281 341.874970434891
3162.64618132752 703.666301418357 670 49.1612287480696 375.648566692028
3095.59912423675 681.159992164371 600 22.4291057968265 492.191746176694
2860.46869128519 675.541916360956 530 55.2847406420684 218.895225379388
3016.07253233692 646.270755541073 640 161.432274529977 463.442082283041
2796.55699310363 636.491505382785 550 66.217675148944 247.933167065828
3045.64983547639 707.379154416392 610 23.9494043978808 656.696178158796
3207.60499794115 667.325232032011 660 51.8350871978776 523.293164262057
2790.34052153326 695.888704152598 450 54.2375216986905 434.935817290993
3147.49577424476 694.441203086331 640 69.7249622512742 451.629528170126
3015.38422753866 673.822577785164 570 49.3819492161432 309.369336408716
3163.68388080012 702.823178158562 640 55.0858506938124 684.831222440266
3137.51604353593 709.719772514301 637 31.6211963332811 321.718935557734
2802.22497813406 652.437685061074 540 0.912482673413328 328.167251315935
3000.23799583836 685.240181630641 600 18.7884077164869 431.031438101427
