31278.4808610771 4780.29385437869 840 411.915222761877 4114.27761206206
31100.7435229352 4744.705160663 840 402.579627667812 5248.70731295194
30167.6350239174 4725.56967097337 820 247.118576082942 5375.80133180798
31335.128960512 4770.27870603757 850 431.511073790879 5503.52050468111
30799.6404767061 4837.87168699817 830 210.35841515277 5100.5972664578
30358.6613399759 4756.79265743658 820 569.13701270679 4317.61711621733
31408.544062322 4827.18648625966 840 707.998587752003 3992.77401338351
30211.3085932108 4729.57627731044 820 265.693807475977 3085.24600947906
31201.4850936935 4814.52258277545 840 425.587926932512 4946.83807132242
29931.8021923188 4635.30900334162 820 244.860551613732 5083.12290353375
31541.5618762006 4892.19747810429 840 393.187626655815 5593.77013524399
31395.7996296387 4849.31237050609 840 427.415919304558 4211.15762925241
31143.2927411925 4744.65582808439 840 381.144758985365 3950.75930693949
31512.9884893576 4860.35916084477 840 699.734055339919 3996.91638941469
30173.8597989458 4727.01339724654 820 227.565498519071 4813.44471878753
31159.3468674732 4745.61347175824 840 415.463599911285 5086.24605142268
30665.9073387302 4766.42496608985 830 216.97713029307 4232.27425345356
30104.911313464 4693.51018151379 820 273.734355009791 4670.67222068959
30977.312456552 4688.3171086717 840 426.115745198982 4991.28197451253
31236.5546114975 4770.78629230656 840 417.054265929603 4292.71710841386
30802.7492598129 4810.46584757011 830 469.117165096943 4538.52970462554
31183.5145363687 4757.6153438944 840 428.808768956176 3773.11996374311
31125.5254375511 4735.08699603515 840 428.297646184311 4895.74430663464
30908.0692553613 4796.72248584805 830 467.582710987422 5583.24629934595
31210.654620867 4768.8195017146 840 429.931260967636 5451.22062061185
30229.5955538386 4748.28595007252 820 224.869464275675 5784.68364113699
30906.5320462667 4847.37989269678 830 160.670691019299 4284.71628976852
31399.4370683128 4839.90145934097 840 383.838701416638 4519.23122409266
30771.2998889113 4742.5151601297 830 468.882383013492 3736.96841818747
30608.978392202 4736.60575286284 830 194.675269808258 5528.80074818448
31300.0340559355 4788.17372821749 840 368.987973287381 3948.95272257035
30203.5681166367 4748.91417836654 820 261.334673781364 4924.70700481857
29174.9953384661 4662.38455492833 780 360.084062033788 3399.66780498375
30746.2628629325 4765.15591125761 830 477.989424596956 3951.80844730119
30888.6933043681 4786.40996329938 830 473.631937254067 5049.04536387421
30842.5519157855 4781.4009545094 830 494.871418517818 5777.99263939787
29531.4168204158 4723.34711291844 780 198.94049575991 4629.99983273263
29864.3881684409 4785.51599002824 810 335.226460231193 3701.40785684547
30139.9653127266 4743.92395106339 820 214.16316093529 4375.65650320035
31004.3222628507 4692.75985699264 840 440.600824367707 6022.77267360148
30471.5701808505 4662.66188577234 830 493.182560419621 4060.14514170015
30894.2049589987 4799.79918712127 830 485.280132116736 5394.04314619733
31105.5768297484 4742.57571093903 840 444.220606339124 5812.31897298192
30679.9960877849 4771.11511550352 830 193.460290578363 4695.69804263819
30142.7334965366 4699.72621938388 820 579.28685859505 3541.42539392565
29822.8606885586 4775.30609697866 810 303.915541701256 5795.67685908512
31155.3227817777 4769.51029711319 840 443.945444821154 5458.39496472843
30129.7513465381 4707.97916913365 820 257.998169510565 4593.60669047467
31362.5366541006 4814.77051456255 840 386.25017882977 5123.3689159324
30127.1005055501 4707.90607462616 820 232.931427218541 5005.94621256264
30237.0539536723 4785.2894083049 820 239.156902240683 4309.7939726056
30693.9558434955 4814.30436053861 830 241.416150994989 3341.66722996588
29796.7882180649 4761.79994320591 810 301.216729499351 5046.6209763544
31342.3567058997 4788.96341244149 850 413.267426885216 6462.24223808509
30821.231384397 4832.57853518667 830 184.617398499513 6683.04619533186
31834.8200828781 4855.73550877935 850 322.296246772987 5328.53842470828
30592.1456834562 4718.42416122376 830 472.589214356983 4849.04358035575
30167.2386913466 4741.79075326897 820 266.064244468513 3893.47560563389
30229.6456514747 4745.57844643474 820 295.239973138935 4299.00089092924
31468.6419477127 4876.14405293636 840 414.379309844925 4466.43596761672
31104.071225514 4729.61316564079 840 392.301120076376 5407.1762482029
30129.872337501 4700.49104091956 820 251.027587599289 4150.7247328982
30879.6688408855 4772.89708206056 830 433.112378878671 4747.73150901212
30806.2095814335 4766.8595548429 830 487.511728301994 4789.62185093837
30112.9954264528 4749.35454583597 820 278.05180953839 3909.03877528154
31020.0962993877 4698.83344833564 840 432.489851451914 5688.53828685219
30580.565401041 4723.00090143176 830 189.659982496514 5288.02609338656
30877.6997821445 4837.58741939256 830 487.974604697022 4672.11279600852
31169.4694813373 4778.0458765118 840 423.660803497934 4516.39040950804
31073.7750568734 4713.55813592871 840 413.124918777988 5263.58482168464
30573.980115274 4746.89141538871 830 175.883383157874 4521.8005650128
30285.4646639633 4744.12140486674 820 550.475384243889 4676.83374580236
30293.387440196 4701.65580683956 820 563.939141716487 4741.75856997037
30348.378109673 4782.46926674022 820 258.672706360513 4048.65631985976
31132.9598084742 4748.22214127717 840 435.397042070381 3965.01725054345
30872.9396321769 4789.93992536875 830 452.778143805655 6197.42088725007
31229.596706603 4797.65414147592 840 415.644481246595 4718.20156365205
29873.7754157411 4726.77844341177 810 294.56462804853 5569.98790509021
29862.7657343168 4796.5811273987 810 301.937682771915 4125.46473080202
29720.810061478 4693.83905930162 810 341.153530698387 4111.24853961528
31515.4624111853 4894.07927965966 840 391.049099063096 6170.08755064199
30221.1652955735 4734.38960231936 820 254.37119694551 4969.57446428403
31392.4647972061 4824.4982960014 840 415.052906347794 3949.2070788326
31547.7083918596 4917.61441806883 840 410.394216428207 5156.97512906011
30223.8637809357 4690.87835503789 820 519.396151616986 3700.10501968443
30323.7561888751 4711.8272734964 820 495.933883055514 4885.12283190199
31213.7629870735 4843.37658019856 840 141.565187430872 4091.76453567456
31024.2966790357 4710.14666501344 840 442.221066743264 3972.9474962467
30951.1103041189 4787.18772376961 830 434.742109258424 3576.59126520144
30466.2873353262 4813.19024362625 820 223.49975823214 4443.68082859015
30382.399248381 4744.15649461749 820 559.680162854499 5169.1193562452
30874.3760625853 4794.38998217482 830 500.030334585017 4943.62759739389
30664.6957036145 4762.08506959985 830 171.728892224594 6942.33063210588
31285.5301767854 4808.29110033261 840 402.595524182576 4872.18623824104
30106.3200732662 4736.39481209973 820 243.185262899682 4281.26993943154
30782.5761123952 4784.0586220534 840 502.247781228429 3828.11813737149
30442.0065687351 4794.07072344482 820 223.149515093985 3703.56611852169
30644.7269682558 4691.32888449472 830 484.565483663686 3294.09929384974
30014.6572882852 4756.61109484497 820 269.544195133224 5036.83852433571
30742.6272764773 4779.18268631804 830 513.849248567756 5500.67698351373
31175.1951457075 4773.21739584544 840 457.459419972964 4803.41198313814
29874.5764976616 4733.32093159173 810 289.424228996351 5078.43741633477
30380.2453147183 4797.58020831248 820 278.835701105367 4606.77522459097
31043.6525919831 4732.47696352102 840 434.362644703069 5171.92412513974
30720.5535848004 4789.81362811424 830 208.085378061094 4464.9635364072
31243.518823617 4789.60515016198 840 422.819322907018 3714.72807427281
30964.1835650824 4675.85325523313 840 438.290369465213 4800.03505541982
30226.4409193891 4735.90927787396 820 214.531385354196 4894.65148091498
31291.2146301811 4801.81931484821 840 383.395914718064 4939.19370303341
30663.9976146853 4706.12492831806 830 505.050585235897 2675.58685950971
31096.7391227474 4865.19267760198 830 431.215753250095 3147.79828512207
30519.1335487761 4687.22323747899 830 520.138308215023 5922.4462158266
30412.1079259395 4752.72153171719 820 561.84206142462 4464.22869682641
30327.1974390831 4781.12287249923 820 568.130561039286 4680.08428840117
29743.4637090145 4665.07269795563 810 575.580629665171 4808.44796138959
30556.055622473 4714.04275172372 830 160.619498965677 4256.31379878926
30705.5223633586 4777.09501406871 830 167.049794192607 4716.33762424877
30879.1697835107 4828.77311279511 830 476.652222029085 3789.6734244212
30243.7881944273 4753.44578988761 820 225.583042550431 5405.57023618485
29567.5568963638 4659.51806768129 810 316.53552367551 3824.74808606891
29766.1584435258 4700.38154666883 810 296.160288505293 4468.55115192043
29861.2682138138 4727.51398601424 810 293.455522114441 5216.72095086001
31221.6086128682 4772.51595254586 840 417.401147639892 5914.13153766932
30617.2585749991 4704.6606795576 830 470.951000194846 4693.76569643497
29511.4985048704 4649.65716986843 810 329.269919301677 4326.8953734384
30207.6060992614 4729.40068849278 820 255.346724645576 3933.14514113179
30400.9523114913 4801.60504163528 820 529.402595603836 5122.11874124528
31111.4276354913 4728.98205994725 840 381.549467443531 4766.71327930602
30599.4909418966 4713.12295482642 830 160.978748550759 4714.33306093889
31386.8667163839 4830.72467289347 840 387.597858832719 4058.21593460839
31393.7737739692 4836.83596250122 840 376.379150950523 4239.34065420478
30728.525755462 4756.58620366305 830 460.510467565685 5376.21942307899
29648.4406623387 4713.92440468251 810 347.468727344492 3641.29583973248
30130.734296534 4743.66705027861 820 311.560809863534 5044.63786596973
31437.0552178976 4847.31756113285 840 379.003546806776 4455.97047653358
31209.4269323657 4783.34132746915 840 416.070046434755 5301.73003591587
31172.3147418179 4763.84376919239 840 422.526949759405 5138.32213897407
30685.8135172228 4708.60246195803 830 474.875216727822 6334.81493848021
30763.3632323565 4810.89808992469 840 500.307531109655 6180.85059082851
31215.6353040843 4812.82049126144 840 404.653829695228 5777.3007296859
29895.3178037191 4662.70868411249 820 281.635186112999 4311.03180378129
29634.884646167 4630.5505121645 810 590.294732764171 4816.26948974623
30231.7655192773 4762.13963123679 820 256.408260947928 5004.40997762743
29586.1502179359 4603.96001360349 810 591.194331373005 4984.77796941979
30663.9912900863 4734.08986835099 830 494.056173632538 4087.67701923073
30844.8808786751 4846.78518546806 830 224.33026010944 4839.92967559657
31319.5997568916 4815.75247913975 840 431.59537752574 3981.4739767568
30088.0265667376 4649.71167361505 820 559.953924011715 4797.7476336485
30821.1698125763 4844.56974496079 830 206.08501215593 5551.01310454469
30591.0082910415 4712.31728621415 830 472.538448463157 5375.0751721326
30371.663490251 4734.85478545795 820 559.527784319174 5259.5196124269
29539.3552517168 4653.34966790478 810 305.5139793227 4096.85579723557
31226.7153518727 4856.07144613618 840 117.991350957077 6224.60550958643
31039.5753301333 4710.47170695682 840 424.152430704563 4737.7704549758
30852.5387793973 4762.20674871524 830 479.692009291467 5423.82813633328
30644.7880457738 4750.48088493371 830 175.77714909274 4032.75474409427
31020.9255393502 4696.30532640134 840 416.355996104024 4199.64124231513
31278.4808610771 4780.29385437869 840 411.915222761877 4114.27761206206
31119.2369472448 4749.60903149266 840 400.267949629109 5049.04321796383
30143.2456183276 4708.42496272331 820 237.972548986749 4485.31798436209
31355.4686302725 4785.74038258569 850 439.13844995106 5545.40432297216
30799.6404767061 4837.87168699817 830 210.35841515277 5100.5972664578
30343.6709028699 4750.23448574361 820 563.51559879204 4607.77701837401
31408.544062322 4827.18648625966 840 707.998587752003 3992.77401338351
30167.4654932747 4710.22153866671 820 271.174194967991 3473.58875064856
31125.0812823572 4788.90635517804 840 435.138403349547 4406.16811706119
29929.4276922869 4632.28684001089 820 243.970114101769 4894.43428014371
30278.6961104688 4739.50953793473 820 213.418136213019 4303.95196043267
31495.4002947053 4870.78648497288 840 375.877033595077 5405.25601147807
31254.6496941109 4771.74668238875 840 402.978535149555 4256.83358444755
31116.6379149001 4747.11843899791 840 399.293312499833 5234.07700985227
31265.6016724353 4768.20937754027 840 407.085527021211 4125.17852379359
30882.8763985088 4774.9740221129 830 484.240744354363 4701.61817009757
31192.218601545 4739.95306240691 840 409.618972314301 3779.73893527612
30872.2879450337 4777.40800051311 830 480.27007430121 4711.35408369841
31182.0058499651 4770.81971344195 840 391.122320616715 5103.04965637546
30144.2956476486 4707.35935251059 820 237.84129532162 4456.47839173417
31225.0041809692 4729.19008919782 850 398.434946299903 5228.12576591325
30809.4259674467 4839.10408179657 830 203.288012153608 5660.24769352055
30071.7549152848 4852.86853757344 810 284.055584473606 4483.88809723263
29773.6374777143 4697.77134415376 810 612.532249680056 4255.7202735269
32103.6251883167 4903.21148973556 850 624.331528542525 4098.86877366171
30903.7635370717 4775.50877996018 830 489.441273529763 4215.54833764948
31155.6781344619 4736.49565833002 840 414.186530699683 4615.8021803457
30788.4764740462 4733.90250998533 830 448.840772680872 4725.78775605385
31182.0058499651 4770.81971344195 840 391.122320616715 5103.04965637546
30144.2956476486 4707.35935251059 820 237.84129532162 4456.47839173417
31265.170511296 4753.44073071992 850 413.497320172442 5461.67201930884
31282.7850919009 4774.25414726348 840 398.298161019809 4703.33795362013
30788.4764740462 4733.90250998533 830 448.840772680872 4725.78775605385
31182.0058499651 4770.81971344195 840 391.122320616715 5103.04965637546
30137.2948105894 4706.28828469873 820 238.716399954014 4455.35561098217
31247.2373745524 4747.5923169305 850 415.738962265395 4364.06504920351
30828.4159595972 4849.33613848486 830 200.914263134796 5203.29746742789
30352.9205475299 4816.95180401074 820 248.909880442967 4629.87447829058
30368.5822271835 4769.8766071077 820 538.164155996406 5258.06087611149
30823.6130679298 4751.08237065686 830 499.460082172492 4590.04830169717
31063.583835111 4765.14805797246 840 442.825584255323 4029.48187923836
31271.0097743379 4797.01064787538 840 456.02462628418 4709.08148225501
30797.5832969266 4759.22656204152 830 513.021010416326 4585.86091536505
