31315.3560595015 4809.47923162941 840 423.985488941884 10569.2103299099
31418.7774599387 4818.12435683039 850 429.023967621355 10751.4295820034
30397.1195903163 4782.95949727982 820 235.340313112702 9815.91037335985
30330.445045215 4738.51913266972 820 490.450595901294 9792.75647741913
30139.8294840943 4691.19579756049 820 568.207633608771 8921.70654119175
30596.9279162847 4751.70000924141 830 225.156976444243 9481.12747409823
30858.3708302435 4841.34565263227 830 181.60996781833 9503.18185565809
30194.9383146027 4717.41042036062 820 551.373526305542 9955.19683604815
31176.2072629675 4741.04507518827 840 403.05529687368 9658.27909370547
31033.379072038 4709.67883359154 840 411.630244414364 10568.1969784385
29846.2498036073 4744.2908242074 810 285.134102445357 10349.5957370514
31230.1976433133 4790.89411743558 840 404.514850236187 12154.1441511013
30351.7232493157 4762.79566789948 820 230.919847921038 10900.0473115851
31313.7941485492 4790.5860557194 840 418.461177362859 11183.639399599
30540.8778961717 4684.86878932761 830 485.223595341353 10617.5109172842
31266.3842038295 4787.00505509445 840 389.73804890955 9499.63197144609
31099.8400410719 4725.44938792293 840 417.234475009275 10932.8973634303
29841.357518189 4762.89937180115 810 291.166378939085 9018.78932166904
31330.8154208068 4804.29788605716 840 408.506340211825 10164.6064752536
29201.5203353573 4668.94972639698 780 385.130470620004 9186.789301489
30810.7606426464 4751.89616304186 830 471.502596132465 9921.91544135364
30537.3839208904 4701.54829126334 830 192.93883628995 10262.0013662173
31156.5244300851 4784.11723996973 840 447.082278715379 9556.81080018593
30785.3591652738 4812.36058517534 830 164.467970856222 9864.68755865492
30230.684934329 4797.67599285666 820 289.623693921454 10710.6018325651
31347.1988321993 4811.64126378996 840 361.78611826077 11194.8556772316
30345.6569385873 4742.08016845042 830 507.902065726116 10544.5372530783
30611.6584096198 4735.99487417278 830 187.407684702608 10002.2888734488
31128.0047353071 4741.47541167596 840 461.20121947192 10604.7566233056
30208.1585941495 4769.36726424939 820 246.246336424068 10547.9422577868
30887.8589156137 4816.03363367902 830 481.513318760148 10707.3925072622
31421.2893718353 4800.5175551383 840 407.24038898718 9189.66435494032
31133.0089498025 4738.56259999781 840 421.408269021527 8380.54304132736
31127.5467317442 4729.13837553085 840 426.871514570916 11071.2705256719
30835.7319569378 4817.88827588398 830 501.589575278865 9293.53633564868
31374.9296262253 4857.88221510798 840 422.100823924012 10395.6663634196
31214.2306811945 4785.17792111297 840 443.662784512826 11632.452646857
30686.9902430892 4742.96700887353 830 480.033759288777 9869.95870902932
30640.2030828408 4693.8576957738 830 459.555092910504 9609.28793896105
29500.8543092611 4654.68485268464 810 321.279101716743 10137.4347714692
30186.8882052052 4718.4886925907 820 228.089471200935 10419.9780779443
31259.8447048035 4800.39740092969 840 410.016612228243 9786.72896792846
30880.6500804782 4782.68523562633 830 478.4574684185 9703.41923412402
29689.4056413691 4659.48784638094 810 273.618871579493 9078.9305925997
31027.1978558742 4721.22408247185 840 452.958253101372 11312.3528636163
30652.4602479721 4771.01968665921 830 218.629220648311 9751.58779094907
31009.1134806978 4718.33257271796 840 451.466830885962 10667.989524792
30137.086348126 4726.80808377716 820 274.547608930732 9833.87987421762
29371.2293710562 4594.07684088764 810 341.435316317306 8131.7084607842
30737.8407706825 4784.028173994 830 164.250278911006 10290.9640295453
29744.968270306 4685.68480929995 810 301.582407585843 9940.20954948208
30676.7496875376 4777.51825740573 830 173.996411592639 9869.48806642543
31133.3463685624 4740.28505353882 840 417.780399219273 10757.429047334
31392.4728890212 4831.73066147851 840 353.582611039586 10626.3095072655
31065.0814092052 4722.65583664655 840 436.223642969288 7974.12674766915
31202.1783490328 4788.82501167805 840 442.051307923509 9318.17065647421
31084.4932739372 4773.45990071615 840 416.926114050511 10401.7354874922
31025.361616835 4708.18828144427 840 395.572388399505 9670.65108304166
30046.904324254 4699.59487355348 820 238.940956408735 8674.92250604009
29640.4556958507 4685.15418928219 810 302.064476456632 8975.15169680166
29171.9601009419 4636.96621054333 780 339.302826334026 9743.1672168558
31269.7947960495 4793.12519808019 840 439.719232369405 9528.83346925268
30699.7489660159 4781.77187194255 830 171.351422756731 10132.9534317275
31243.7456479672 4788.03493145824 840 415.926913264504 10861.0166313199
30148.8352762224 4728.33356119982 820 215.046847724148 10288.5268214213
31280.6074205821 4803.75693360262 840 420.231032171873 10000.9317552828
29816.8205884473 4768.62074095692 810 321.473148135181 8378.28223147201
30301.8033430058 4788.42236103487 820 244.618128200163 9830.97567170996
30186.7579201694 4727.08181896797 820 230.061635170626 8963.46663768277
31118.1507351054 4752.98249648723 840 430.601000482476 11312.7075744175
31384.7744450641 4827.90296155289 840 400.475084087151 10279.1476319428
31265.1339140698 4797.86622836653 840 373.276794224115 10708.6362002941
31102.7360722957 4738.55495959751 840 435.489938803196 10283.0945085135
30753.8835410723 4796.43155435213 830 199.830995513319 10011.3551890908
31164.0300017519 4750.16624049643 840 383.737587609079 10858.3819273334
30276.2275026348 4736.51103522623 820 530.267980299239 9218.1221247002
29170.6052314375 4656.99903365658 780 350.266720366595 9646.99638900681
30765.9077511871 4800.49556053459 830 215.230077574606 10577.8126662887
30073.491131067 4709.15999245248 820 245.609778375212 9468.55874670865
31314.5630664527 4833.35462099996 840 426.283210581008 10209.5137514595
31432.845589973 4842.09082746131 840 395.761259778289 10947.1905293849
31235.987866423 4850.12535634783 840 101.144216119803 10419.8010764291
31157.3118195806 4744.6789430293 840 385.57943943288 10359.9812014614
30896.5388847239 4768.6918924382 830 413.396349849493 11454.1056067536
30546.8294988703 4710.90099599787 830 196.015619427254 10214.5956869115
31407.0413958995 4822.97208423412 840 412.322093489146 10909.8937493099
31121.342107614 4721.98209392153 840 420.442009374433 10285.7269402428
30686.8590521198 4765.85219336938 830 170.213514952913 10480.4529002063
30824.9536665789 4819.61330940306 830 176.322874044922 10319.0506428028
30271.5256354363 4740.83709885992 820 229.086214967168 10375.5884859867
30707.0358127913 4739.07725577717 830 437.375117137024 9114.35071697757
31100.2897474278 4746.57672086953 840 441.513246057091 10482.4014031998
30813.9410200188 4806.78632425933 830 496.124790446722 9136.5774709741
31284.7874935843 4809.77958045656 840 402.163860548762 11431.07875719
29874.6498903846 4757.80162305284 810 274.479925499476 10314.1657989545
31396.4005756288 4856.48817903698 840 424.749020524174 10694.2803890355
30743.2667022286 4723.12546402806 830 460.901535172447 9805.68011342469
30749.5255417596 4791.95847186673 830 496.648376503234 9625.72846838016
31447.1877977906 4789.1098876965 840 698.687040643549 9871.42056765163
31288.040182273 4804.50334556668 840 446.636956717693 10765.0853287437
31271.9633239103 4796.2083586963 840 397.093854075878 10294.3702781376
30170.590246679 4700.32659449159 820 537.711187639351 8571.29699966246
30806.2297949967 4733.63996131647 830 414.133708378447 9623.29428437499
29985.8356840752 4758.30306876378 810 266.432878585482 8448.88219332763
30902.7349236613 4789.46934296233 830 452.257649673881 10162.4644347048
29522.2813647343 4655.6201752199 810 319.871087469865 10436.1269330686
31184.0710210194 4773.99943411507 840 458.351382974368 9875.99135794192
30737.3065685907 4732.01113462553 830 425.095608622657 10292.1980754613
31223.2796729807 4790.46754386234 840 411.16807869197 9861.59308697745
31015.9831182664 4689.59567758767 840 444.066307007371 10038.383968437
30836.8382498998 4787.984712737 830 469.859730041759 11212.1611695285
30601.7438862808 4770.21320689061 830 229.543031502142 10755.7429416946
30589.7318110969 4718.24645591913 830 529.891022899339 10407.2803666337
31169.9532126425 4822.05564485977 840 464.74381775062 10073.3307389974
30244.258008057 4683.12758448333 820 542.285817174238 10186.2798920911
31209.1534824822 4767.9112966234 840 429.20241276433 10592.5431697419
29758.4095961307 4732.25091491912 810 299.218369867587 9395.21734393228
31180.4527390463 4760.6415371558 840 395.307806121269 10052.9095201033
31344.2063522079 4812.44258091759 840 360.526670296053 10611.1547198339
30328.3832736016 4798.78005295201 820 244.005105349669 9637.17245468964
30286.6772202854 4769.59118741496 820 214.371521844419 10148.7724131233
29893.1451143381 4735.12855448177 810 624.15315881004 10458.1033944662
30183.8862769894 4766.11169660188 820 243.394243105767 9219.09048017321
30680.5820341139 4718.03293988612 830 513.388951404782 10189.3966774585
31344.4421138619 4832.83295095978 840 428.546882233741 10903.0547909484
29599.0299047666 4685.40181179928 810 307.607684933391 10119.1856164619
31199.7008976248 4778.18521607348 840 436.227638110023 10753.8635364288
29877.0691058156 4729.6300595957 810 275.323441381179 11304.395662445
30748.7476720529 4804.85373877922 830 190.986716896642 10564.006556274
31098.8391928256 4741.83463006945 840 432.684455704008 10979.2025021774
30167.790938616 4650.50574730049 820 522.291114671773 9617.54400186613
30581.9830399027 4731.61850777781 830 212.988989390418 9760.42311709066
30561.5824291447 4704.7675814213 830 183.144347133212 8512.67078900437
31304.0427614685 4827.80603240756 840 414.163125811056 10547.4879349971
30032.9466324224 4657.61992458363 820 244.847369677924 9135.48794612044
30374.8291227208 4633.76762931762 830 481.313986000937 8790.2439169879
30679.6232658774 4689.74412032755 830 436.709531307004 9880.42085889882
31878.5509386179 4842.76239235028 850 647.176051943425 11646.2119053414
30991.2832285732 4676.29666744778 840 411.246119538032 10436.1238365693
31104.8923761778 4753.4082463799 840 428.07151857644 9896.54359412894
30226.0457435716 4699.78919311511 820 530.6013957664 10058.7800714472
30127.5443814927 4685.55195667019 820 506.467778198326 9537.77423666459
30071.442487606 4709.57881974013 820 276.436242366651 9614.90596747727
30879.9612773773 4750.58753368698 830 425.293843204296 9087.21493996543
31207.5807499618 4817.20125020212 840 448.037976095353 10961.4244234018
30273.7139327684 4747.78998824664 820 577.881311636178 9611.02142658259
30702.1880935013 4768.29847415446 830 168.811718383874 11214.7154251564
30369.5932277414 4776.81230362583 820 554.000262479258 10870.6341381556
31381.1638908895 4830.31935578191 840 400.435892458568 9904.00130813919
31466.8804255241 4887.39427555483 840 423.164055211168 10392.238922722
30601.9928104157 4829.97176419417 830 208.768296872172 10460.2575236473
31492.4005001835 4879.83219833835 840 403.655180218883 10304.1685430996
31166.495107004 4764.69686704199 840 425.349490472792 10261.039185055
30826.1173381792 4823.16802350834 830 148.334416852806 11559.5485862719
30254.3894621796 4804.74334939099 820 305.691801463996 10714.4461795418
30357.7691115532 4726.98653190231 820 542.118454050382 10862.7685385134
31444.5729170388 4866.40711129545 840 429.873756054532 9952.61473583751
31174.7703764646 4754.08915091347 840 417.31994554047 9575.8684733741
30405.1985942575 4788.11546697277 820 202.695524215363 10121.9435027782
30768.5194814977 4802.71669956921 830 189.780089964027 10062.6004883469
30908.5712263959 4797.51058663102 830 452.604291105779 11001.7318553376
29883.3380651416 4748.50468629797 790 263.521747360617 9534.90069356607
30731.512241864 4722.40404035917 830 462.416583580262 9373.08745142109
31804.9563083226 4859.64772554267 850 359.173478273036 10924.566950739
30705.7168759904 4704.60379196012 830 496.024947280637 10260.4332768398
30349.2690331565 4754.4462179973 820 218.197905209904 11312.1627295522
31086.6237096593 4713.19323197235 840 387.143424331384 10850.7996693466
30878.8007612554 4845.16426340017 830 498.693504359167 10937.0211518442
31127.3532090625 4724.9594715103 840 389.526787783447 10334.3440767713
31319.0636474188 4803.24510065153 840 423.522040452214 10657.4061917
31069.2766665042 4736.58779888122 840 472.711566800672 10361.7147937899
30391.2701348233 4777.61570421895 820 236.071495049333 9730.45931545656
30330.445045215 4738.51913266972 820 490.450595901294 9792.75647741913
30139.8294840943 4691.19579756049 820 568.207633608771 8921.70654119175
30598.6057912203 4748.96807686016 830 224.947242077295 9283.08264738483
30858.3708302435 4841.34565263227 830 181.60996781833 9503.18185565809
30197.5560223224 4713.94237905412 820 551.046312840581 9936.87386958339
31253.6624184955 4781.19508801901 840 432.10098019669 9570.22730277945
31032.1991498871 4713.53424575697 840 411.777734683222 10424.1979005496
29845.3055996252 4743.96072075499 810 284.780025952068 10723.2643213588
30616.0835840226 4756.49078374611 830 174.222078002181 12045.790260221
30380.0583203318 4774.55243857231 820 227.377964044033 11160.8477868854
31325.8116399733 4794.4446999978 840 422.967736646865 10974.5741539479
31319.0636474188 4803.24510065153 840 423.522040452214 10657.4061917
31069.2766665042 4736.58779888122 840 472.711566800672 10361.7147937899
30391.2701348233 4777.61570421895 820 236.071495049333 9730.45931545656
30909.6011248559 4770.4098044792 830 418.056085946186 10446.4457406583
30598.6057912203 4748.96807686016 830 224.947242077295 9283.08264738483
30822.065273776 4833.01279596967 830 186.148162376763 10067.08973174
30198.1977792202 4711.69955760288 820 550.966093228364 9662.07898535647
30679.8104455733 4740.05791921077 830 503.428690682904 9551.69098969056
31057.2516603604 4741.23781840421 840 474.214692568652 10818.8047610492
30835.3206779074 4832.36486238175 830 180.565177163809 10215.2433989754
30909.7900270652 4802.8961365305 830 487.134107178292 9498.6665716346
30679.8104455733 4740.05791921077 830 503.428690682904 9551.69098969056
30685.3744613109 4744.35982663973 830 502.733188715706 9437.33071852435
31057.2516603604 4741.23781840421 840 474.214692568652 10818.8047610492
30264.8182513073 4724.61880023094 790 217.764062929311 9727.83137255343
31402.0570856475 4856.07171885484 840 425.600724855501 10403.5858169778
30527.3413858533 4722.34768824114 830 198.22309006467 9531.27089680877
