69937.9401550599 12625.0540553208 1810 212.71920825736 27992.5546627362
70265.7520698281 12801.3886230439 1810 1007.40458724373 27761.4420526461
68924.913961314 12552.0716411665 1810 1536.13792705361 19799.1210486883
69676.7424903988 12563.0306550466 1810 1014.17744687141 27104.8871962164
68604.6674656334 12510.9165545741 1810 1120.53781212064 23601.5248415628
69157.3908362019 12582.6304915453 1810 844.880838007382 27949.810896636
69873.661234368 12591.3663945751 1810 420.406041349588 27370.5290137594
69996.3329744844 12620.495579032 1810 274.156963138668 25200.7094764969
69608.3739830482 12574.7991620163 1810 922.368647367983 22723.4368459783
70280.8569733968 12729.0962103461 1810 689.301592432164 16202.5330831071
68848.1881413286 12446.8231086171 1810 1051.13747176879 23393.2259020137
69054.7995575329 12352.2847622227 1810 892.336719364237 26242.2955687382
70340.8360614811 12752.907692303 1810 177.378132317674 22391.4033463024
70888.7241545481 12802.0524598533 1810 211.377769528164 22770.1073733618
69512.2021588756 12539.1211209411 1810 819.733025137956 23750.6132542202
69817.3911760194 12565.6236740322 1810 1054.36745977192 24397.0141092711
70018.0319282013 12642.0915992131 1810 1042.38690725594 24451.6106365231
70421.2369213037 12829.3888513111 1810 353.548540717555 23006.7059981341
71103.2214366092 12954.7633653866 1810 78.5375068546928 29894.8022610481
69486.3719594338 12592.2593346517 1810 1103.11335261221 29090.7474179303
71000.4502363053 12781.0344335048 1810 772.770932144984 22996.052435957
70686.8730457609 12709.3663536552 1810 95.891498648065 26006.39140602
69372.8491643781 12590.5238497634 1810 335.779841207977 26438.7221735727
69371.2587888362 12710.3743426768 1810 994.266323433358 23320.3347719706
68450.6094204841 12471.5908419188 1810 1798.08205987117 30033.5637590908
70109.2054167825 12617.4293384009 1810 265.237037540206 30735.0492909089
70407.217122093 12870.1067121431 1810 1189.13309365274 31881.7034075899
69527.5818764331 12606.2547306633 1810 1548.82062976388 23506.8985909558
69851.699381798 12689.4869142531 1810 966.890043350038 32890.9177535116
69649.3464435794 12689.2777882163 1810 775.125942862331 25137.7449033564
69489.3393744521 12482.674907881 1810 1365.3297366847 21518.0307604409
69354.4146986232 12444.0646517269 1810 853.183167420524 26864.2380604624
70616.1673170041 12915.6664764599 1810 937.334566954387 34594.6233973814
70626.6533703493 12931.1018398963 1810 500.924546676019 24948.3832162487
69999.3837504041 12453.4219175355 1810 95.2258709709113 24457.9320688639
70489.7140984187 12806.0625180631 1810 692.759546608228 21719.8585700695
69872.0553758039 12593.0375313328 1810 1371.310107928 28627.3661954978
69896.4629293566 12529.7376202395 1810 795.161149647853 21917.4851684111
69215.6546615379 12635.6990126247 1810 639.129290053177 26150.1866134671
70628.9635427691 13072.8820556211 1810 598.015346718408 24895.2073487294
68959.1631273479 12796.7752290392 1810 991.768645038281 27098.004850021
70093.5508328703 12590.0323089051 1810 881.366261782044 24093.7147546083
69808.8855567476 12793.5518962177 1810 114.865843062989 24370.9103511114
70544.7995891951 12716.4886831638 1810 694.556673803028 25826.4415593172
69261.4372663976 12629.8804109041 1810 1066.21508269825 20963.3932750741
70548.2637788877 12903.292612815 1810 416.158996164313 25487.8304138126
70201.9822990463 12346.8957270428 1810 1381.56750902713 24953.7259704359
69329.923286766 12491.4623065912 1810 361.873692497229 24505.5690949162
69938.8561165149 12768.3746663701 1810 494.674717815375 22601.0771967744
70304.847187244 12676.873068487 1810 1433.25583334784 29139.9203212344
69693.4234551261 12475.3165207192 1810 1193.89008594777 24419.4459851906
70271.9434888491 12925.8947084282 1810 52.0794733649091 29301.8175925934
69585.4588753689 12583.8416230662 1810 1216.75048683681 21817.7081111814
70985.6827666079 13017.1098686019 1810 357.162108304445 28977.9085542217
70133.3874636453 12777.5079984257 1810 675.298112246808 24272.0978917736
70133.5301734407 12754.507957071 1810 914.616128190721 26341.8383512852
69186.4728458641 12720.7614093879 1810 64.2885806653576 29524.5836055095
69746.6260637403 12759.4844351706 1810 655.799914194951 28885.3570357463
69893.8452491754 12767.4637793164 1810 1012.06957776482 30849.8857869554
69767.712796547 12600.87745057 1810 142.584811632183 24421.1584144971
70238.6584170896 12833.8682055777 1810 513.725304140498 27266.4588130515
70092.1390816044 12805.1989523319 1810 1054.97936890565 27136.3641873719
69939.9139064354 12734.5239948528 1810 131.56345931547 31725.6985592919
68562.4247330889 12472.6690500524 1810 1094.89650764864 31295.2033923322
68404.0753477108 12415.4401024309 1810 1755.14481644552 21053.1989081992
69490.4719978103 12617.4036396828 1810 863.785579241956 21389.7710939034
69139.8297659399 12443.5417258532 1810 1598.49336760833 23724.5485254325
69699.8590635107 12658.8374590801 1810 1201.46684244735 26697.1269951751
70759.6113479868 12696.0343972554 1810 823.731860224296 32071.2829427347
69895.1917479801 12684.883139922 1810 753.753606137212 22434.2421716704
69772.0319576513 12628.4957270317 1810 31.3414198509818 23984.1844886041
69323.286137162 12536.1396253824 1810 675.910627576715 19205.1347188803
69568.8225746207 12644.0199058109 1810 406.109082148061 23441.151368957
69792.6393982306 12738.3132806465 1810 1200.26316320154 22724.2793222929
70260.0991954127 12801.1855191806 1810 882.066164836224 26074.5239024371
70002.4544710618 12628.7353529131 1810 1149.7527768863 24297.3572643273
69165.7106739353 12406.1280758702 1810 378.452664866392 26253.3646210751
69821.6044201875 12601.7237395177 1810 1089.18044294095 17520.4504275705
70386.6438887415 12664.8818187602 1810 811.871376904694 27725.2065091939
70285.7023174918 12789.3757743335 1810 637.207506302118 30446.1332535507
70435.9273207535 12631.9159748944 1810 244.417854393767 24798.3788544287
70383.2860621102 12512.2278976298 1810 319.620787243044 22694.4773398913
70396.4929764362 12623.7601542723 1810 1403.89939177057 27887.6115663224
70088.9828837896 12703.4038063951 1810 336.069578520075 26929.0585582297
69374.5283423334 12666.9984879713 1810 743.550682115024 20824.6170584846
69496.6576687109 12537.6472213878 1810 1451.60638775482 23022.7307752141
68810.2758497996 12374.4727271954 1810 208.161708167769 20282.050878756
71162.6272202344 12934.8521713435 1810 822.969501633308 26436.4524059386
70246.1592013902 12746.2219460953 1810 432.226815773187 25544.7538544464
69361.3761325562 12521.4414305272 1810 1059.98198523189 28710.128182435
69919.7632782596 12419.1233337765 1810 1332.61367521043 29087.4823594508
70067.8542887171 12599.8059880946 1810 804.149545715936 22048.3530383937
67309.2147108254 12092.0393843398 1810 2254.95494199543 24091.132191976
69329.6817084139 12565.0928538354 1810 774.626576704234 26904.8566308405
71486.3028706934 12881.3308956138 1810 1331.61683117809 27340.5859454196
70588.559614091 12984.4958321094 1810 590.879701847782 30963.9534363302
69534.799538194 12400.7143106334 1810 946.623235352801 20920.3734501573
70501.8307919217 12943.9899630283 1810 490.55402124309 25490.4195336012
68919.4064513993 12252.7074593035 1810 1250.79383579367 22595.8925571694
69338.8115397053 12454.6596075269 1810 1182.46361565181 28609.0023627136
69147.0151147913 12325.034028022 1810 1238.83754499854 20818.6803179805
70933.4358185361 13009.1592944098 1810 2.71218733782916 21361.3218957737
70742.4088019367 12961.1169637244 1810 265.696146738283 26973.7608856468
70293.4807008168 12815.1921409945 1810 435.870637667675 27402.5824278872
70153.9826385327 12786.0417714596 1810 1025.54421573912 28634.1371632507
69804.0748011012 12627.123251975 1810 867.72720913442 24329.5310183975
71020.0704782834 12854.4463757588 1810 843.097321804233 30433.3658526625
69887.7399345573 12781.5863872599 1810 568.536138840592 30757.6137446887
67781.1116677017 12169.2173722961 1810 1775.80541165436 17042.8236171075
69784.179886349 12433.8889395571 1810 993.856343122809 27147.4558560821
69775.9424088838 12657.4797359574 1810 670.007450205773 23505.3052885733
70227.0440464542 12722.3296833938 1810 279.954426760136 23457.8541127921
70416.7021694322 12874.3325094955 1810 1156.16842231928 24443.2353562735
70027.9497043427 12763.0949580529 1810 1154.19615931008 23635.0214705881
69101.8929549136 12346.057427113 1810 86.5750838148197 26947.4360435311
71137.0757653819 13040.3244221515 1810 361.920379028426 26280.0845200894
70458.5143064683 12457.1787818874 1810 1658.09822271304 26269.5780171777
68560.5487081303 12533.633528665 1810 983.236506392324 21485.7221127868
70164.63659303 12707.2424620963 1810 1477.81654668488 32832.1343902032
69674.7951197933 12508.0120613502 1810 1247.06456539968 31911.4775485473
69923.8425462941 12617.8790091152 1810 1216.37905613897 32424.2801504774
70385.5964834563 12707.3585459791 1810 926.853948103775 27225.3543388915
69137.088696521 12432.6103127351 1810 996.34360299176 28702.9569360421
69709.3537981014 12627.6465246601 1810 1365.47542096351 26468.9642255813
70234.3111637549 12768.8435317222 1810 628.42273695582 28241.8274278322
69223.9164065716 12594.4113975186 1810 527.111560766263 27808.9106153729
70337.2278776955 12755.1141231519 1810 140.561440366499 23956.8268301599
70589.3012706773 12799.1033725051 1810 867.772493298216 24600.0592638428
70569.7980372339 12892.206011812 1810 948.358635512301 23814.0961552088
70269.2197072403 12602.3044621497 1810 873.140819429734 29121.8507567789
70849.3193932762 12938.4103761766 1810 162.783662304921 25435.2931975961
70258.5903230366 12831.9026188453 1810 841.592538774583 27165.4488423299
69220.3681116208 12582.5210428522 1810 1646.29555909399 25683.7584829573
69944.287437716 12581.5150057605 1810 397.916319946045 23899.0930488937
69820.8332455904 12570.2877714344 1810 681.97962351824 22382.343273722
69073.9486758457 12531.8357004647 1810 1165.19847027101 25716.1839222834
69118.1365351076 12362.5245234526 1810 1181.26577874778 28204.3315428544
69439.3524851627 12435.1463326595 1810 1605.18977890811 35023.1171147377
71010.8073785031 13133.8088573416 1810 300.682826526203 27816.2500166
68688.0662746204 12573.403085301 1810 689.722996483858 24186.2723646434
68818.1393390862 12465.1813780317 1810 830.540560058167 26276.2908662318
70676.2920742676 12705.3801446969 1810 572.548707625294 23904.7214580924
68979.0146981513 12566.3126183712 1810 339.983415572016 28499.5301102574
70293.3793407255 12896.9856259978 1810 661.300034801079 20459.6263297889
70542.9804464005 12894.3496565822 1810 979.117157636632 26944.3471073424
69814.3821426142 12655.7593662839 1810 959.119701918004 26224.7773001862
70748.1199736086 12752.9360047684 1810 85.5999707090759 30554.3428417265
68882.9764363424 12500.9479882336 1810 305.520909388675 25448.1009043331
70239.4084512314 12858.2424683762 1810 143.73594691367 30854.5202120038
69225.3099298984 12563.1705633458 1810 714.484293537156 25049.0853232843
69638.8047273931 12551.7136822177 1810 1104.69044622553 20631.2948131737
71123.0397389187 13019.038967892 1810 542.069834586819 23059.2304882224
69570.701808113 12657.5218327276 1810 1519.78055442004 26249.7614644699
69878.4426467135 12648.5040438045 1810 1146.26205319166 21481.4618029148
70751.5926510742 12571.5720792308 1810 868.89785002085 26027.5114979654
69920.2989901843 12809.049781496 1810 672.735598714109 28921.115063505
71217.1101102417 13018.2993851573 1810 206.117135042296 32343.3822181567
69937.4394614885 12643.6272630334 1810 474.096298447026 24473.4596063719
69990.7781662424 12732.6147585046 1810 1263.86019212637 28391.4373743614
70994.4591734164 12846.4259245767 1810 781.148352568736 18703.3715603618
69189.7139762602 12357.7833463708 1810 1109.97513485468 27592.5360708932
69039.8088143754 12516.0451573567 1810 89.2406884179072 25594.4058177227
70633.0684979596 12592.9297139685 1810 181.190213106389 26537.2874988577
70421.1191890272 12656.2692921477 1810 1118.30811639188 31141.7246932342
68983.7387500713 12263.4481336383 1810 1182.46534215342 30911.0375139713
69042.1966155649 12518.2460181793 1810 1515.00930297685 27779.4418751804
70664.1666844356 12945.6089523718 1810 1124.474502884 30428.1822280009
69687.325873649 12713.8150658119 1810 838.266865601283 26106.8671577327
69735.5326933774 12306.4843459532 1810 1403.34425368756 21992.2934092367
69580.2913905857 12483.289694349 1810 1044.53185065669 21301.5973959686
70116.4784461222 12651.2523768068 1810 1483.70069525792 21323.5156278579
70077.6121912265 12820.638216479 1810 49.6896721839421 23311.4160917712
70248.0325992891 12762.2311647191 1810 1094.76393450267 25025.5551645037
70902.7243348393 12617.5047271415 1810 1054.26951930743 22418.0483738844
69465.369706265 12658.0609127011 1810 695.611120021793 22510.2753385989
69497.5978463147 12666.6892239628 1810 145.405250145513 32745.9106861236
70508.2105390526 12761.9343330867 1810 790.692440406847 26313.9692609005
70271.5076875978 12689.1366415295 1810 489.854059560068 27183.5326072212
70766.8996483565 12876.773503328 1810 619.070151933392 31681.2389083509
70359.2882024733 12631.2130393198 1810 407.756041696277 27706.426260386
70468.0360811731 12831.6186965967 1810 805.627951172977 26074.582217333
69876.5378550262 12688.5472928738 1810 482.517741145144 20268.6089163046
69880.8622812652 12594.4519096482 1810 1207.66463163682 25269.4000328865
69038.7930965265 12427.8424474578 1810 751.77613433927 24923.6260065726
70071.4480540463 12676.0290473339 1810 751.985851792728 27479.8171287595
69253.8200492468 12618.1946869238 1810 825.444076079257 23185.4826000463
69462.3819815367 12679.0143906328 1810 273.598572716461 18355.8520315647
70671.885691897 12969.9215239097 1810 109.966468141973 24261.0377793514
69422.870208365 12395.419935903 1810 1434.79496482616 22780.0975054335
69336.8480892168 12472.8126542461 1810 1065.18677817306 23842.7573050561
70502.3848550587 12681.3793299474 1810 690.701375669054 26280.9506534621
70222.0385981695 12783.6033073632 1810 1211.17897891686 25439.3806931221
69793.5503260821 12843.0818185424 1810 90.5672316600903 29143.2792075258
67998.0806982843 12246.3833572567 1810 1412.96630479002 26254.919295963
69707.772222731 12500.8683361219 1810 459.122278647774 23542.3624154061
69756.862165912 12405.5378418847 1810 267.178283332651 23974.1945767664
69819.1236826622 12803.9666029301 1810 517.730833021556 27332.1385079593
69630.8528893907 12704.1024856121 1810 543.465569373828 28252.8500320603
69960.1384569842 12563.156541412 1810 1445.08446287765 28581.9801844723
69730.7952385761 12496.5822847036 1810 313.737548099865 22657.0076230346
