69374.6673228311 12653.1761639172 1810 277.764914020598 40088.5501429369
68876.6250393522 12364.4467945217 1810 1255.8843555625 37293.1467015709
69476.3091613508 12671.2170261079 1810 833.627039476443 47211.3443331064
69849.7119096645 12528.9966423743 1810 724.19303246836 39249.7516513251
69003.1451726273 12498.935419296 1810 34.3372092924728 40994.8467316852
68902.8935570145 12645.943884107 1810 239.747723860524 38509.1647123257
70249.6455390876 12677.1287406107 1810 713.741217228644 37509.4345347156
70097.3382165352 12927.3496112067 1810 193.899805606725 37714.4569060627
70142.4865647944 12699.1353926381 1810 870.66436795525 40125.7747148555
70325.2148338648 12640.6846030069 1810 1331.86789877416 44523.0325372217
69396.3749307868 12900.080044877 1810 619.109868548959 50849.0621789327
70246.3032269032 12605.3350191504 1810 1749.12038593046 39914.480453516
69763.3452196399 12731.1763720943 1810 643.457429582768 43762.7793213399
69220.5270325966 12380.084016032 1810 1190.91023950338 43689.0479349203
69673.165499295 12440.5940287186 1810 981.98295502433 37962.3287837081
71324.4348901784 12857.53254585 1810 1001.0917767951 42136.297580356
70375.8935751535 12642.2194910144 1810 502.665646714166 39094.5465187873
69280.1637857858 12394.2067476086 1810 1493.28203997357 41255.8908330143
69829.9115814782 12690.898012747 1810 856.351732425507 44245.0761708598
70577.6755778891 12745.0052828967 1810 413.861653387505 42066.6929859533
69325.7506128435 12694.9847226291 1810 152.597529953648 45263.7653380412
70353.3965650961 12716.4221398519 1810 513.847419664819 39906.8468699586
69427.9042283187 12596.860612226 1810 330.606337012548 42457.9191511181
70456.5583048514 12865.0054013773 1810 1216.39833882933 41103.6617752925
70875.2522874765 12963.3426413076 1810 107.691759334391 43239.5483718181
69671.7137761621 12525.5123340057 1810 1006.61737247917 39192.8803204335
69800.3449749792 12600.7719359001 1810 947.713406919718 39499.9231347406
70202.2295628729 12725.3001872835 1810 315.992401063078 36097.1257561224
70138.4653919 12717.2555578884 1810 791.595592789025 42350.1394297241
70212.0718813542 12865.4565991217 1810 359.700207710626 46268.221623317
71347.7098123557 12911.6641755984 1810 1032.97521029044 48863.5323868879
69302.6538407553 12351.6422844064 1810 776.151537839722 36597.8538249737
70315.2008977368 12510.118743617 1810 1839.84391948974 37335.8984652321
70028.4155695836 12625.1977043266 1810 1356.02902249397 42152.4463561701
69205.7589081129 12607.7001883809 1810 1175.28574638093 46335.5064507254
68853.0359114347 12353.419008468 1810 1825.08840900164 47080.5426510315
69995.6602714853 12701.7377356926 1810 1140.32188895719 38854.3655311908
69575.0412626407 12482.8998057979 1810 971.204649033669 42943.2973416884
70303.5488974701 12785.7055025961 1810 369.682357064048 41608.7561121645
69103.3660877691 12373.9595008865 1810 1876.41501772247 39886.0286293415
68791.2586774502 12307.8281064488 1810 1112.33205383562 44294.7638259328
68938.3582170311 12303.0637243505 1810 1520.67876947366 48729.542162965
71004.4993579111 12883.9128095908 1810 801.532787538556 43231.8319559083
70513.8843489424 12973.9735427685 1810 952.415422846601 49205.6513401432
70350.8625754225 12833.6872292985 1810 194.847506053131 45118.1254570478
69418.5671980348 12685.7041348995 1810 616.407225694089 37106.0610187422
69315.3019479109 12516.7598453434 1810 252.506093602258 47663.9006897087
70294.2602939145 12578.1523208354 1810 1336.37623318223 37983.689178097
69929.5528407911 12730.7114786756 1810 860.16508863815 44848.5437688299
69994.728821583 12475.9069816556 1810 1163.61379598775 39702.9231295043
68668.2269885901 12287.8900834016 1810 514.781897783611 41811.9980707831
70083.8990925479 12712.0916887139 1810 1412.94412687335 46578.8618920413
68864.5230805988 12403.8624025927 1810 477.724991695924 42077.1459578697
69273.5119505061 12573.768354687 1810 597.729641425387 38932.9696854643
70036.9955555282 12735.5612286433 1810 90.2303057740937 40603.7896217716
69300.3469636643 12537.9910658897 1810 743.13941719116 40758.0752924791
71342.6823504413 13108.7531877219 1810 285.367191624657 44846.9502567155
70502.3063204655 12771.253128126 1810 479.338881780002 47652.5122287876
70229.7403087642 12630.9223245186 1810 593.980163400685 40060.6191175215
69240.7878663351 12540.7129869501 1810 853.038243140633 40587.5748884098
68462.1255541103 12305.6157960511 1810 736.846368031707 45331.6115447898
70180.6076071008 12417.1633658537 1810 1061.43504733931 41134.9470763512
70060.4810727168 12741.5249206907 1810 632.373258752279 38103.822953689
70521.6848981335 12948.2623179504 1810 1105.21933986544 46574.8215037805
69678.6224161618 12682.0722035466 1810 1389.18278318875 46231.4177163854
69191.592720893 12420.414428305 1810 570.156164071189 39452.8965378731
70389.611070121 12846.1616474617 1810 193.862139165565 48605.7168758799
69497.4415522996 12619.7906112221 1810 1705.2458309445 45690.6585599642
70260.9607873682 12777.6271211781 1810 344.407561087481 33954.7173493732
68217.1056994206 12277.9490273213 1810 1104.54794203447 37577.1590613909
69503.145022025 12544.2961950691 1810 1020.7557907652 31837.5247208058
70569.0703804566 12847.1919971076 1810 382.463254556107 45408.0988576831
70069.6084612888 12774.3508631383 1810 1352.49285460664 49027.8479579358
69821.7170160187 12686.6545558823 1810 345.866605654033 45241.1088084949
69502.9541420084 12623.1048037218 1810 1013.48450743846 41274.4783511434
69492.0019282525 12690.122389294 1810 307.886996715331 49345.5758416698
68498.4550920105 12296.2935912147 1810 1118.87784617438 39671.9052134375
70554.7259249214 12836.7229765454 1810 1.88047920005556 38948.0649562261
71085.4381654354 12911.8633329479 1810 781.934966147146 44315.7209016563
69698.5461400635 12663.0483629323 1810 523.873702260997 45971.9323696764
69803.8462407021 12531.377133002 1810 1494.8085046586 37766.64058416
70871.9166826207 13035.5920686205 1810 582.15814671503 45580.9038440863
69607.2973675846 12410.074331713 1810 656.876063587257 36158.0663301046
70512.9706717657 12678.5293950665 1810 944.591531003889 40580.4700640393
69466.6958669222 12715.0977815648 1810 574.215593702804 47960.594074197
69374.5792773927 12423.0917436396 1810 1700.45362286866 44128.2172075539
70647.4829251257 12973.6343236664 1810 468.585131739135 35308.529563241
70847.1795498255 12897.4763420714 1810 373.406071034764 44286.2505015183
69828.1699650769 12506.2624954488 1810 962.58284316869 40909.4151053415
69093.4843849799 12305.2368456628 1810 1173.00839510882 38179.9517160576
70222.7216605605 12669.668684404 1810 248.64394063858 42009.5547240675
70066.5407953652 12509.7308159974 1810 4.74156922728798 39164.2517593831
70891.8913619572 12899.8018188488 1810 789.989016283329 47607.7752256346
70241.2733706222 12564.0790084659 1810 257.525493285928 39467.4079485589
69861.3265548065 12524.8806954567 1810 365.327790246034 37314.4270935989
70754.4842330312 12758.8942264657 1810 1167.44605651873 44194.708789655
69767.7122695306 12511.9068076394 1810 1031.29000336713 44337.6840235194
71329.0822652889 12951.0201495975 1810 1048.26148914685 32599.7920815185
71038.517056748 12813.586542349 1810 909.723715844892 38374.7082003686
70991.4170250313 13027.6258132272 1810 33.9152862404808 45372.6431947603
70578.1923462812 12830.8049235782 1810 590.1962203086 39831.9847964176
70148.013130806 12777.9639107335 1810 314.135989214705 44664.2094820603
70429.1146649985 12633.858722408 1810 772.705839831724 44196.487152272
69373.9627124981 12466.7925520888 1810 291.560090211997 37755.9031200972
70122.5187219327 12792.4560790007 1810 702.249032509488 45125.4108647432
69401.80384195 12385.7314386798 1810 1080.14328039151 36046.3463366423
69243.9475101934 12675.9090006949 1810 214.513187623465 45144.7716063225
69472.9461454015 12554.7113261968 1810 1280.96650552899 49992.1821808941
69820.1795146689 12566.4905807212 1810 894.08910013616 39986.3889883045
68414.6317510488 12413.69510228 1810 1211.30587715126 41994.8061511623
70543.0698412086 12853.8316872628 1810 429.433589907074 41410.4508629488
70370.0481522824 12641.7704512334 1810 203.671584890393 36953.7625503767
70542.8368517522 12753.4648747133 1810 441.432892731504 39105.1913806173
69194.722724294 12414.7280857946 1810 1483.53671724674 38909.5988938589
70055.2000001399 12737.5444954272 1810 545.058440400284 43390.0134966477
69204.7223886136 12530.7881649086 1810 1320.21154483195 41224.9884658489
68745.0052156992 12457.8640836911 1810 1251.22714174992 47579.4760156123
69010.3872839383 12647.6699437936 1810 1008.53426953506 46520.3847583683
71061.2544396014 12940.2234829803 1810 519.59477227191 39316.0368464501
69892.2269666407 12719.8834608966 1810 683.880807842092 44293.2069149877
71398.7489976819 13116.8470866662 1810 216.047213916259 49514.9570704513
69945.8470799376 12840.5642667093 1810 458.399673435781 42991.2997314132
68977.0439684972 12594.2345742491 1810 376.930139871565 39469.3272908318
70876.6582284139 12936.6525477953 1810 1012.70532270964 42416.2999146474
70117.3423503975 12832.6614425022 1810 852.324563326485 39023.1899863147
69708.9535453643 12575.4791287665 1810 705.77859955145 40828.7428279336
70550.0264614886 12787.8662019502 1810 49.2023176483963 40913.06703836
70279.631817643 12707.0990672655 1810 1322.69780790945 43069.5288110966
69802.7884795615 12796.7241406759 1810 1093.04310986015 46378.4517997581
71260.1751339888 12922.3583996582 1810 120.285564715032 41154.1353576469
70603.2990052639 12988.0387948093 1810 440.287424505377 49923.9888806814
70027.0454969848 12473.603922791 1810 1073.07748468114 45425.8846215844
70199.5311290183 12704.0995850798 1810 1148.9272467845 44357.9846201104
69496.4956953689 12673.8042704375 1810 144.211362267019 43559.4769893938
68944.3698506253 12417.2791439036 1810 1245.16166202098 41741.1276223811
70787.2384881817 12817.517939617 1810 273.632599216422 39347.4748815778
69754.0741398657 12649.7019132025 1810 33.7026169164074 44723.7457939426
70716.6231613817 12905.0896607879 1810 719.874696234903 47532.8965304673
69989.8629502032 12672.3800226366 1810 1238.65406437208 38755.7884275165
70513.2857134108 12913.1512408925 1810 162.724499498296 47389.4870122709
69286.3732825205 12478.3419903573 1810 1147.2756470066 47513.1464709698
70186.0953231242 12771.0254800803 1810 262.809589377699 37962.6091045348
69825.658990295 12768.2986832108 1810 329.125404021039 37259.2123964859
69583.4539156992 12630.2268133374 1810 557.4168601774 43340.3172669279
69709.7222279937 12672.6781632654 1810 346.68835038804 42175.3711221027
69255.6326640858 12532.8821649376 1810 1033.38401990854 37053.0499968901
70265.5868159615 12730.0597740602 1810 307.706872840727 46732.7576197561
68531.3491007697 12418.1999393929 1810 1307.36928113855 39312.297497159
70370.3490580452 12777.1955421121 1810 1584.21048080089 44692.4236387334
69005.2873860791 12570.8852201841 1810 905.745310613525 44105.8028058899
69264.8386986234 12536.7183838872 1810 1345.61381593321 38895.3680799008
70746.5527846132 13064.6400000444 1810 1156.14034057876 46658.9056724528
69109.4048502536 12425.0375655293 1810 1559.4318828822 44140.2596752354
69895.3733129895 12743.3467569889 1810 1561.87146628919 43305.9965092569
69674.3482568869 12561.8741822968 1810 1385.8004976888 43646.6586821696
69957.2559238281 12717.4346383098 1810 1068.3393384342 40911.8604250318
69812.5202118723 12533.8001541737 1810 1505.29973124568 44285.021333089
70141.5366729759 12754.5744536894 1810 1702.13866863647 43260.694303876
70056.6184183581 12877.1827164845 1810 52.8917476248516 48007.5060771296
69003.7095003549 12379.4673220684 1810 224.382307316624 36138.240798432
69531.274114363 12861.5913202668 1810 453.951289224318 43430.9162491219
70432.6297841126 12662.7593314289 1810 196.666717774504 48746.3546422075
68722.3001014362 12440.8174638319 1810 600.873756489896 40811.0640967703
70546.5032006964 12860.8517535878 1810 1103.78352000772 42256.8874654
70287.1286340373 12596.7937784194 1810 1274.67956589835 42849.0826962805
70063.4517468162 12624.1384740441 1810 679.348644187544 38363.94086667
69684.8551646917 12631.6708311457 1810 1139.98259458231 43110.022983897
70104.2710993268 12845.4617879993 1810 612.330828642836 38827.2861663042
69637.928523694 12516.9061408211 1810 832.756510618203 48736.463615632
69464.3005838686 12646.9644093521 1810 714.553077150895 39603.8441400154
69842.1270516145 12673.1599201668 1810 693.158396991883 42655.8224969382
69672.9350147177 12608.8118457216 1810 4.55217367978184 39430.4409497548
70413.6362636752 12684.9821466627 1810 989.142165157389 45250.2388532832
70603.8309039584 12936.6602671532 1810 249.002894488611 42436.3518517687
69905.9992984173 12550.8632019899 1810 296.740128078778 38497.3734568948
69749.639342261 12723.5770543003 1810 1225.17569837775 38831.9645267569
68868.9897965658 12375.4781448704 1810 1620.71922504772 44100.3879432402
70336.5392520935 12837.9288764675 1810 729.886517799519 42745.7543621157
70117.5718943943 12672.4024949699 1810 567.842983523942 41319.5523239021
70090.2227834511 12569.852746844 1810 439.169106323399 41020.274026721
70301.1262955648 12744.5287437201 1810 1219.49052886683 43936.3356594859
69103.7695939118 12508.2996155524 1810 1147.92657193812 46965.8654703407
70351.983954107 12841.892665946 1810 652.075889732532 45180.6308610788
69554.0082809435 12483.3044542722 1810 1499.88020912895 41306.1058377862
69149.4546512892 12437.8733076613 1810 970.270924970942 47879.710722808
69536.0526836308 12512.1180095944 1810 818.321551029292 43203.6922175681
69743.9766302292 12513.8552140428 1810 217.517220759333 37307.6103918828
69821.269885873 12611.4233621035 1810 229.944507946331 43794.7910823859
70547.6528640367 12888.9844857179 1810 51.5742001253784 43653.9737139943
69682.9022981762 12537.9787730004 1810 818.614816840101 40746.3578589812
70091.1262470504 12624.7371562445 1810 1329.84346866811 46197.1547171315
70077.4831210969 12806.3788233308 1810 637.001402994552 46483.6115375133
69893.3679805691 12686.6800575997 1810 537.724698638867 37912.3519541935
69845.3874415593 12641.980984216 1810 233.937598969653 42456.8785413161
70136.4053231076 12759.6612603771 1810 1.22775959582941 49114.1750971974
70249.8205491364 12640.8448114199 1810 1237.37630982239 38314.6092271689
70134.3768208241 12510.2378792197 1810 960.821452119511 46346.4949725771
70177.4483991079 12691.8376884214 1810 1308.34834614793 51376.6032051915
70898.3668487747 12647.6182980456 1810 930.503566549629 50315.7624869543
69512.3516109086 12369.0647951402 1810 154.872727477679 38586.9970647608
