8024.7691895557 2101.93618264084 645 182.261615084549 4111.01950145018
8853.42659302357 2496.44738138292 645 202.518355660051 5735.79209113219
7834.32074298382 2272.74221064995 645 267.39383273477 6138.61737914764
8063.7816157911 2271.72536838621 645 481.782400357759 4065.14381536392
8034.47810227932 2270.2123823038 645 434.978756633148 1966.99537787942
7522.85267688343 2269.31101312348 645 513.911654308595 6121.91578613714
8751.08564399355 2415.59529758215 645 836.382923238599 3510.90970267619
7297.96728473954 2104.14353190396 645 727.062303640033 4850.00531455991
8360.18803832418 2376.79689074409 645 447.244805389257 5501.50701595818
8176.89762637205 2090.39760539579 645 828.264286072446 4337.61637978192
7211.01536838161 2024.21461923812 645 568.434267651769 4832.06748415855
8502.97534177833 2394.7374193223 645 23.4928007917781 2186.44346910388
8378.7493762873 2450.32950516187 645 320.796844750406 5863.85085376661
8279.90427368321 2245.75623468103 645 539.217772280283 2283.75434250825
8090.73174185404 2248.48792161542 645 679.119861113527 4642.790228815
8294.90695810147 2450.82553098753 645 63.3648407603489 6229.63533385089
8641.7566803947 2216.41701833128 645 877.39612167583 4842.7206115302
7741.12701767335 2017.33206376322 645 394.721819219742 4171.88624285597
8231.33009711362 2175.7485039784 645 881.141684545595 3481.12143393198
7837.13778370148 2151.71767642505 645 452.567702360413 5956.94115164144
8475.31240647283 2411.02550144885 645 68.4721071156205 2270.00492462794
8835.05409604429 2257.30499697346 645 856.189625279203 5844.6528648527
8095.8766107624 2397.11660940959 645 350.215856768058 4062.48136591549
7638.66301567823 2184.04122123332 645 209.405189046353 3847.91620844392
8478.27133950154 2368.24666258855 645 232.722781404331 1473.63649405801
7457.0958403953 1913.10756395185 645 196.097336258167 4439.87591140313
8693.35404026306 2331.39579456202 645 631.812773495724 6408.48791812508
8334.08237400002 2269.1969650945 645 516.267859113353 3453.00914511852
7858.4462995245 2083.16435865756 645 76.4463466662125 3268.8089001631
7602.65578151327 1967.87052163252 645 697.648825292242 1674.97465781476
7867.82677960661 2313.61483791391 645 295.948665354365 4848.73909905004
7129.49941556572 1998.00452444326 645 124.762220114952 2706.1085463312
7915.8968471704 2012.92886184523 645 780.194574689787 4066.44444563373
8459.94315250017 2301.66368901819 645 362.819690583025 3488.95212908917
8393.5206935542 2334.09143552668 645 1014.5042552297 5378.38676485132
7990.34307897456 2349.78920363161 645 205.637540772217 4423.30131250683
7885.59623182823 2156.55892413115 645 712.408289813334 2052.41156024139
8378.60918548732 2401.02004556654 645 843.100552791303 6905.73698727615
7023.9344030136 1845.44620814694 645 426.590053539081 2460.76751903794
7748.12248068872 2071.28708823616 645 964.51531008609 5917.7267786364
8088.71438185771 2159.34148810538 645 1007.08929773221 3686.63662104618
7657.22279196752 2105.84559097615 645 37.613704335692 4794.62957914015
7188.98071372994 2081.59562916592 645 792.900321211865 5739.09750124604
7998.38168015721 2131.72055797917 645 156.810362886428 1222.97862455766
8251.24309314285 2181.04617300783 645 413.722765870694 3483.31603431852
7687.63749678396 1929.33814503448 645 749.438467430875 3137.39177529937
7731.04516862634 2347.97548955715 645 181.559282935867 4812.30637140155
8024.20967151903 2048.157044531 645 766.213817925553 2356.01236814617
7851.580982536 2299.43536654902 645 191.34268346475 4774.62472424682
7658.43938916179 2004.10849686474 645 549.330349689399 2419.46675403673
8137.64328365654 2170.71374387791 645 208.999240498666 3480.68624781518
7663.31833704356 2140.85828565655 645 127.399952219137 1901.04236160549
8055.95918218105 2212.11799188114 645 566.753483388121 4560.34026726213
7982.8829524769 1971.92047413231 645 575.580630205519 4286.22488031379
7345.3249960663 1852.16092670147 645 615.670422746492 3967.8215702109
8547.91142027878 2318.40651983304 645 1064.48892753485 3846.22437083271
7984.75373168202 2264.47716757186 645 412.597862239187 2361.5801253646
7292.83356846486 1921.3168559255 645 352.485049804128 2345.89482791906
7603.80727248465 2147.67754589634 645 770.735350065689 4336.60342333583
9518.14978917148 2959.95003661984 645 217.256293226081 7212.85492241009
8840.9989625689 2570.31707203571 645 537.147745448015 4633.69340981089
8317.5630279761 2217.812897599 645 440.647851749892 7104.48706406845
7209.88766141831 2050.90902478828 645 6.10931638763577 3450.31186611343
7683.0098153295 2130.2610039724 645 748.136711372527 5141.72354881585
7351.77837476369 1980.75651401094 645 831.285950765823 4467.33240742232
8312.9679807729 2276.26732926694 645 1035.12099759661 5366.83030704379
7607.35898973124 2047.73372935736 645 832.195699924769 2858.65000268997
7901.47035311877 2196.53831021101 645 583.809148375661 6030.05823049398
7701.16486318274 2053.41563768187 645 438.954781659942 2715.33077845032
8803.10049100489 2376.21638791094 645 715.89304822506 5732.90687616838
7847.73080311912 2219.87832906103 645 887.54836206404 5573.48402457253
8112.34745293816 2133.31801029778 645 1010.04343161727 3550.65357584026
8730.11087344632 2296.74669750281 645 281.146216605386 3133.50256097397
7745.66554030997 1929.24165587772 645 209.591855403052 3468.85610483259
9192.58971581994 2415.93755654591 645 552.982576787082 4309.63859306649
7786.90153650689 2294.37996403236 645 237.724123735831 4195.78006519237
8065.28787028387 2118.02235874367 645 1004.16098378548 2565.21485657595
8104.25178846558 2117.39277005164 645 390.777528809652 1895.04161681902
8035.25327574696 2291.70871960503 645 76.4741925497693 2684.18070366043
8736.82321950025 2231.42411810646 645 971.949619658581 5648.30602638733
8169.49311890326 2191.82915049484 645 327.11135004613 5901.36062875082
8605.05618517833 2448.02703284868 645 1071.63202314729 5750.0096661052
8404.00498362834 2406.53630829763 645 70.9466501900854 4754.85228190438
7930.83693938642 2285.54822646226 645 105.802901493865 3591.5117470129
7631.99275346436 2287.47676465404 645 679.574210288125 4257.9720748816
7813.22495777886 2311.31085376419 645 562.100336992701 4800.60056736617
8006.53971775566 2099.92293624092 645 309.822599110671 3465.8739621843
8036.78669711607 2127.27842137425 645 295.738233728949 3056.19968591051
7804.13960273948 2217.57342136732 645 548.758282221796 3670.64216157485
8317.09508217436 2346.85517736625 645 238.277616986853 1828.80419358013
8374.90055932013 2338.44078354105 645 493.327545625042 2849.57798471393
8236.16086957744 2317.97888465612 645 33.7067579271555 1333.06331617947
7561.23110153338 2050.2214878878 645 941.153887691672 5967.17659108601
7806.24346532545 2141.7048218997 645 771.547332223547 3796.25843995227
8387.50894547945 2333.62445518676 645 929.714444393295 6344.8443546433
8346.84904910241 2257.99630866723 645 410.654912927304 3202.67088976875
8709.85783009566 2263.34353512018 645 805.748822823372 3737.2614420945
7928.31493136452 2183.39171162434 645 362.049340516872 5422.15072092039
8171.05837905201 2381.23722921508 645 377.85735961745 5654.29732848049
8420.92968096542 2263.80068424754 645 30.6237995231792 3164.78652845035
7269.24748629734 2006.23043079245 645 652.99200640343 6292.55593571966
8149.02126727964 2143.53786423441 645 23.4065814308395 2823.52365799749
7590.8353311831 1948.50353291775 645 830.130242606251 2292.86741563694
7154.5580429215 2039.16125041703 645 345.058177527056 6041.71186483056
7923.52836617318 2252.79550792538 645 945.550153350114 7719.05596987499
8535.36069296292 2211.44593266033 645 95.2470761789714 4145.51858845168
7943.39556265052 2106.23247348199 645 544.784717030723 2537.64265928628
6991.06650301029 2072.54641536345 645 671.558654521309 7113.38945088229
8171.45774026194 2013.86208178417 645 753.229933340232 5974.46440499193
7979.5940951644 2425.48380822485 645 480.185336775048 5999.14031663779
7562.15034211112 1952.08389917302 645 794.23156956079 3261.63863027842
8360.08465492074 2188.87893557362 645 319.400817345683 4198.4929752602
8424.95540065403 2332.19320643765 645 183.476431875318 4121.79115153853
7150.72283098102 1931.10256794951 645 802.891120047061 5700.2500130331
8601.36242485631 2486.80219338097 645 140.72731402895 2576.19805103757
7912.1991240369 2183.08888901774 645 985.024890504613 6683.73756568521
8399.92804839334 2333.59441613091 645 207.70032415477 4914.67835394987
8031.4475713244 2294.97435586008 645 266.269489170149 3218.85777213967
6900.31311027407 1875.7796887377 645 614.301024045689 4426.44605052176
8109.91831410633 2302.25597581709 645 860.164729291573 6537.58945201925
7233.66145413719 1866.60200994106 645 533.799535375115 1363.33856066546
8667.31120004195 2530.41623203904 645 834.07420343812 6151.04116784327
8074.15459660246 2416.25964923317 645 73.5818483129183 5666.0275826062
7599.98482145078 2152.00337085738 645 35.7936468454113 2226.916630233
7195.21404778509 1949.355979718 645 311.940171863206 2403.11208529009
7684.50373500803 2115.52932160519 645 131.058878931085 2605.94821458622
7653.70581094814 2219.33408904674 645 97.4707737374272 3690.14015735347
6968.08930978402 1993.20136877509 645 328.056621531835 5211.86155739566
8588.98616304543 2145.77160681527 645 599.559747729161 5627.69270544798
8588.08047369113 2507.14932633669 645 694.994503503307 6465.4486595002
7991.025493044 2220.20521586362 645 202.430087527323 2025.00642984374
7819.56329709632 2050.03377139523 645 204.34600562735 1695.67826822129
8159.49760302265 2384.77169975522 645 287.110025900569 4807.86145384311
8154.18388994229 2242.85135712316 645 558.813272330743 2258.0502182711
8566.17590061179 2188.00868705982 645 110.027792857265 3031.26970099767
8451.09997246297 2434.03937216553 645 589.450914300448 6454.98158828089
8289.08548415964 2174.65034988837 645 634.360404571393 2807.4869660138
7986.72915071893 2037.30333237207 645 510.773620906159 4635.92561774833
7564.4744564981 2017.14139544843 645 750.024742754824 3576.0490643008
7449.09875681929 2027.9976157981 645 791.5575537957 4906.45638096518
8641.68284217814 2653.72893451986 645 222.363753877817 5512.21742026031
8421.41728887155 2162.89315468138 645 805.264915329689 3774.24426385517
7306.61643796007 2023.73713340975 645 390.580932718945 4355.74023372437
8143.93472878882 2288.81220055485 645 548.94084220034 6904.12053729905
8576.57850669588 2226.42850234028 645 396.969045474016 3884.84536123068
8633.94285791968 2281.3414024241 645 515.120881687008 6082.15950756634
8589.03927689938 2280.17735053632 645 1003.78547460096 4616.58357403792
7848.25071327453 2090.03670983735 645 122.709465985995 1513.36076074061
7427.17827457737 2077.89262812389 645 924.397284322172 7817.63684468239
8410.87022584648 2398.36431891744 645 115.611626935311 2383.54691523019
7761.20799058396 2074.82654365836 645 526.700687433294 3699.27135896603
7981.37199355924 2244.61289329522 645 465.712147291546 2516.92508821058
7950.16016786877 2199.46933858389 645 676.199409960464 5014.9147261366
8308.94656579775 2354.78003568379 645 1034.61832072472 4929.00618480381
7806.26504178094 2118.16910518551 645 729.405622737116 3912.23445263318
9458.82673414725 2765.94722620867 645 124.382878154775 3853.60002703943
7756.46775902741 2043.92351159574 645 672.528844265027 2757.06101721368
7925.28407670367 2364.21716477028 645 401.487665632107 6285.54959539152
8179.67374641645 2178.46263566228 645 752.131847038638 2904.45229976733
7168.90068125302 2023.46554988341 645 710.845870927858 6110.2766261866
8754.10761786665 2254.23540490558 645 1090.26345223333 5073.82829343699
8187.71706288326 2107.93152643583 645 1019.46463286041 3600.92616649657
8140.43569084053 2129.88078846693 645 466.313172890815 5112.25019403349
7790.87930342741 1963.02962817941 645 810.576127173507 3769.51868879833
9001.29592816024 2666.53951049498 645 89.6928159325523 3271.18041868513
8024.97825513772 2266.41137662514 645 999.122281892215 6902.57701617084
8307.02798783934 2296.43866743396 645 285.149559583349 2586.21874811511
8523.54560181735 2507.99386082642 645 380.816304515041 3640.42058305688
8224.80053979927 2411.22700914947 645 272.46380919203 4332.86133075417
8632.0739851973 2440.96735390121 645 467.270331664683 3671.8128490484
7906.91879324007 2212.99062187474 645 740.471088982517 3581.63089999878
8540.95116921326 2229.75056205055 645 1063.61889615166 3732.6488303549
8161.76107608668 2187.66333444718 645 145.30983078388 3680.04400480729
7978.30090323057 2365.17005635872 645 322.22235989071 4990.2608349039
7803.18897996771 2130.09867077804 645 109.050929389836 3335.36363063289
8093.26220396171 2339.52964283356 645 531.736442742861 3078.41323410583
8433.2749315488 2258.09044456645 645 72.5944654230192 3601.14711843901
7755.61598357991 2033.62128770447 645 569.015758200266 6457.95728868518
8690.28483514802 2351.83940694322 645 1082.2856043935 4583.65907615176
8354.90102872959 2232.54077373097 645 18.7901796173717 4136.53325069571
8465.23536678771 2354.7566655563 645 992.937047436746 5307.0508871701
8323.87262595813 2204.92055771588 645 534.570799950967 6319.04413146812
8519.86961013003 2276.92924699533 645 127.537770871432 2732.62849518888
7453.37837681563 1931.49857622131 645 194.499674452486 2000.98108953865
7565.80175168338 2281.30051189282 645 482.050541470771 6816.59344561775
8421.21045795551 2382.73889905647 645 233.352798768633 4656.45216578754
7313.53784077774 2175.46794650096 645 644.819033825751 5225.44872184289
8815.87099979703 2485.20045411016 645 597.770436398838 4850.60507509638
7807.1837803045 2109.97489286004 645 440.894952832963 4827.67964379372
8107.95362064644 2294.3449481472 645 213.412349462227 4656.18821517841
7567.0050777343 2054.65864689544 645 750.429692790372 4770.5853152981
8525.84506660199 2381.27159516349 645 380.321567097619 4103.39899534503
9496.48908215532 2564.41410609874 645 448.254747945703 5150.03818855146
8478.78769549041 2432.81260273665 645 260.872356140804 5522.52747149706
7885.59814597633 2127.23744368719 645 650.658204999448 5674.39369697662
8284.79952697591 2411.60229109658 645 169.234407244689 6566.29695076063
8175.48973896075 2159.11088456329 645 409.800047200152 3699.15594205423
8538.8408972989 2253.74098277692 645 711.695069053779 4184.48157724996
8312.14902165633 2172.23397528202 645 490.679456847582 2391.71194478677
7087.65307460814 1953.40736586013 645 6.08567027424112 3167.11363487598
