14340.2396424821 3991.95729975907 1013 45.2857158974141 13459.7491919205
14813.0040459901 3975.67342941771 1144 167.6186239226 15942.5600829113
14385.4714450238 3995.31596283057 1037 12.7224914078365 16355.5453931621
13896.3622365181 3996.02675283449 937 67.3467073166441 12613.4005305544
14537.6252422721 3987.78586890588 1110 89.4217318046949 14627.3309311818
14710.2334768906 3993.32326865374 1155 23.0180505441881 15747.0907662537
13976.8871514178 3985.64769215642 969 266.974092229817 14073.6917214471
14444.4789343714 3992.24900128745 1107 15.9121258098558 15930.2923393514
14357.2290953827 3995.70913791655 1034 32.4643199191237 15166.1274724042
14695.2959462403 3973.94890502589 1121 33.4518072177129 14528.5305527667
14055.8934174708 3983.8840621337 1011 195.512289274051 17705.1720758382
14153.4304464331 3991.89027335622 982 18.5289183613722 15876.887812465
14697.1159167511 3995.90647588263 1113 55.4500643601152 14503.4452870603
14329.0569521117 3995.28239136279 1065 65.5533652734698 13966.4738747979
14825.6487223348 3990.35672890713 1138 19.8217659562686 16164.675779391
14386.1328747101 3991.37330193955 1070 112.479042555432 13675.9709733628
14696.3752788024 3992.61807463465 1099 23.4488696104074 14950.4657140216
14076.4907149642 3992.74976484439 1013 125.46782178001 16368.1093053295
14328.7418375355 3996.470565273 995 58.6605033776486 12445.4643212816
14314.8871215509 3973.67743447144 1085 138.934709393297 14470.0412830564
14154.8835975258 3990.14660291634 1034 157.065157509526 12502.1033947212
13987.6889367403 3993.62596035466 943 54.2035712711236 13611.0506641298
14402.3702000907 3996.11183195036 1058 27.6479725507602 14856.8474616899
14342.7743686728 3994.6186025368 1070 150.633403337977 14055.0238085398
13807.3847342947 3988.87189719523 937 320.334819886968 16056.6552093263
14339.8763430268 3991.00005310054 1003 30.8188845941497 14531.6483253607
14099.5941255653 3991.03955429754 1001 125.216848840065 14234.1046570235
14510.9993601416 3994.81399528027 1106 119.533220499848 15805.6869549217
14471.8008190478 3997.92213685081 1083 61.8105482276073 15242.8829501284
14232.2960293122 3992.84338737785 1013 2.70955414754371 15678.4974571502
14802.4542856398 3992.00090461368 1150 114.809471957441 15798.8128900782
14869.3757705841 3995.70628307006 1159 16.7083623192948 15645.6699095963
13680.3811999698 3996.54460647948 945 192.218190504468 12109.7697518783
14786.9782412764 3996.0111157127 1197 95.8257088709988 14707.3664525085
14331.0488963292 3990.97735490167 1075 253.412406956466 15514.387357258
14171.0974526832 3992.63205465411 988 64.2675900226773 12975.5340170846
14177.7069471079 3995.30883582996 989 176.563668348674 11770.5757785486
13956.9066763932 3989.67641669449 944 2.64728503967285 13935.8833014453
14910.7115162723 3971.63130468991 1204 0.818500278449392 15207.2634826588
14511.2729087651 3977.84042856971 1065 38.3039473584834 15296.344492046
15244.2154860642 3993.41997571446 1214 5.92166244769169 17231.6552852982
14416.1605421835 3992.99773522889 997 1.10536071650313 14505.4264741745
14396.6822937748 3992.45710105313 1081 48.8011875309323 14466.5471327075
14446.4308884952 3990.527130588 1052 32.2896484581574 12842.3476888829
14166.4345091093 3992.42868420381 1041 99.1049382332499 15016.2676155907
14837.8684333957 3994.28079491443 1165 51.5710253672378 16103.4591957554
13829.9181816317 3996.87581772836 910 55.9450674771194 13166.4850478355
14361.9676383109 3997.94792089985 1019 56.9788407487808 12415.3814212438
14772.4579240757 3992.71282894981 1127 3.22347200629292 16725.9160170479
14547.8717009608 3995.8433557442 1100 30.8422564488606 17235.0527872702
14378.1602023386 3986.46076773954 1114 126.531892902516 16406.8862391744
14268.7080800874 3993.77680920085 973 5.42185233494274 15658.9945460197
14077.2642831097 3993.31114253286 997 183.868288824026 14050.1521771955
13872.7728922142 3994.030176407 982 207.306923532956 14415.4993408519
13840.0118339907 3998.40501330247 930 105.030883585758 16117.5323068017
14760.3079987801 3988.38097819134 1166 2.79651375357253 18386.0386427132
14039.9610439346 3995.88765133491 954 47.372269922857 13080.9994560877
14116.9180961954 3994.7591873098 1085 169.349392176106 16859.3432388854
14275.3021930908 3991.32611092561 1032 63.1983316061001 13256.0146549688
13887.3733842719 3990.19926300883 955 109.056236351106 12624.1856733144
14849.0502290103 3993.27889462777 1172 84.9144568140691 17320.1896091281
14781.7514184262 3994.82121296312 1117 99.944765088637 14019.9837874145
14306.6664852401 3981.13694510458 1071 185.390228414449 17171.9765951334
14154.8072795031 3997.50697261387 1001 97.880804742076 16012.8103316102
14452.2213284842 3996.09151039299 1040 17.284958981284 15347.1352926678
14133.6624742907 3996.48399885223 972 54.02404862449 11726.5666665388
14131.5384977471 3995.078834497 1000 118.309973946778 15127.7998410542
14282.1900510794 3993.50175596493 1051 19.9744211095694 15513.3855071458
14659.8239008624 3993.89157820865 1117 9.93496016398399 16288.0751474941
14019.6058427762 3997.27109607829 1001 161.181064415347 15847.0924180523
13961.5503138896 3969.76195308843 989 248.065415535452 14536.2464099298
14341.4139300181 3994.49967724015 1029 17.1424266388713 14510.5775228957
14707.1537698695 3990.0939730252 1127 41.6578655389733 14756.8851741972
14340.2396424821 3991.95729975907 1013 45.2857158974141 13459.7491919205
14479.1065178388 3994.66281443466 1101 71.3206471843696 15800.4770020484
14538.8835317093 3979.75564642473 1065 70.2520239149151 15761.9114147012
13941.6742090247 3974.65277633118 951 73.0107038799651 13513.9638554907
14545.7475986608 3996.03167724874 1138 90.4370263532783 15069.0728929175
14690.7439531157 3976.63746332511 1142 20.581860072323 15852.5110924176
14439.6905949432 3979.10065690994 1111 115.265502344679 15950.039303997
13976.8871514178 3985.64769215642 969 266.974092229817 14073.6917214471
14662.4185480528 3993.61666361299 1132 43.1545775200366 16945.354800567
13984.8381469364 3967.21749389458 970 72.0124233799511 13830.9391112665
14477.239179159 3975.66154394512 1104 56.2954453597274 18200.3679174286
14695.2959462403 3973.94890502589 1121 33.4518072177129 14528.5305527667
14010.511396617 3985.34155350816 1035 189.839536667329 17424.639264105
14153.4304464331 3991.89027335622 982 18.5289183613722 15876.887812465
14174.1365249459 3944.19275153311 1065 46.1883118777469 14218.4511485556
14825.6487223348 3990.35672890713 1138 19.8217659562686 16164.675779391
14179.715137457 3977.63909253889 1039 226.443228550133 14046.6021818787
14410.4543443645 3981.70114781096 1079 96.1151753810248 15182.7401663513
14744.4483095677 3964.00771095055 1143 156.789390174898 18398.2855801656
14144.5696379968 3994.91543328977 957 2.66818609881329 14379.6751491146
14042.2740777327 3938.54566747377 959 53.811860199284 14102.2039902802
14661.7295626953 3973.68543999776 1099 27.7795841237971 14899.7238849732
14097.8594177763 3963.0637585054 993 175.947058880406 14240.5019983782
14084.3083856755 3994.62471729302 1014 126.445030618921 16943.2437150454
14282.5420393104 3995.8450597647 1005 52.8855285995041 13149.0242941284
14400.3248956323 3973.70411810773 1101 106.895544112783 14768.3853340855
14148.435341577 3993.73318800839 1034 156.259125515933 12527.7268212242
14297.7063355293 3962.69937339955 1076 145.006407568418 18630.8445606775
14402.3702000907 3996.11183195036 1058 27.6479725507602 14856.8474616899
14300.8643619335 3991.62941412352 984 39.1806443037594 13138.5303180536
13959.5766450376 3995.26026115133 950 50.9411311017052 14948.7315733131
14104.4016002603 3974.68122321029 1032 178.280722744561 15486.1796558727
14368.918131207 3986.4383579824 1042 21.7789435265922 17201.8373819425
14097.8515240119 3990.68217045301 1012 124.999023645888 14711.4969364677
14665.2124927848 3966.71729415259 1147 58.5555212856334 17238.3541979091
14567.2486902413 3987.6703710996 1075 5.29832843364511 14892.1529909152
14471.8008190478 3997.92213685081 1083 61.8105482276073 15242.8829501284
14001.0437229896 3975.73322649844 949 34.6820979612166 14803.583182994
14240.8609667747 3995.59787605373 1026 3.78017133035291 16380.1840284619
14786.303108641 3959.8818532753 1153 112.790574832596 16037.7870469571
14895.9026800076 3994.77104432472 1159 20.0242259972279 14973.3991418
13584.8028493399 3965.63306766943 921 180.270896675722 11358.3924242184
14398.6082902835 3992.51352323351 1095 203.622357992165 16525.2167966873
14689.6418764287 3995.18650485714 1183 83.6586632650365 14360.2959936915
14370.3759157571 3993.8353928012 1092 216.914597629563 15447.72195298
14170.6812877118 3997.20961292265 988 90.5780269897541 13344.6712276512
14123.5190559141 3970.49864488382 993 49.8605241941987 13458.5434312617
14307.0721920991 3992.32989665703 1032 192.734323972577 11709.0381759961
13971.0773905442 3988.92257428741 954 2.66673276695769 14255.3582952588
14333.9015155054 3994.26069572189 1023 2.06854311875145 15837.3933663232
14910.7115162723 3971.63130468991 1204 0.818500278449392 15207.2634826588
15244.2154860642 3993.41997571446 1214 5.92166244769169 17231.6552852982
14512.3419905494 3989.03253640816 1094 120.55979750392 16624.1021864089
14395.7309812282 3991.72003956211 1081 48.6822734626171 14709.7920396625
14518.3176153327 3992.99480549937 1089 5.33212589409959 13777.3538974492
14706.5996529687 3995.95187076032 1135 27.669986423987 15883.5811206013
13903.20730991 3977.98354525509 926 28.4616443727825 12998.1333952011
14491.9593847103 3990.55485808227 1089 73.2278090487098 13664.9004407371
14403.9436361012 3991.5027390523 1118 214.379822860759 17284.8657049821
14772.4579240757 3992.71282894981 1127 3.22347200629292 16725.9160170479
14448.3665682802 3982.94823392441 1032 12.0545271065371 14852.1735324586
14037.6408756646 3990.01860466534 1048 155.660519800101 14629.9144552572
14547.8717009608 3995.8433557442 1100 30.8422564488606 17235.0527872702
14360.5814400828 3992.10673493641 1025 47.8284405975039 13349.4065506063
14380.5290599826 3993.33119726982 1100 59.431564758678 15676.2456604563
14545.7475986608 3996.03167724874 1138 90.4370263532783 15069.0728929175
14734.2664498728 3990.3616833069 1161 26.022172166955 16356.8336881633
14601.4855223357 3994.68581914503 1160 135.489868268752 17701.1386158684
14312.7380855728 3996.82173442521 1092 308.955458999194 16479.4907734576
14722.3371941241 3993.33321339549 1164 166.523740501826 16900.363997882
14427.0812050547 3986.83579975537 1097 280.849828951772 18030.58014204
14662.4185480528 3993.61666361299 1132 43.1545775200366 16945.354800567
15146.6986048095 3985.67118776892 1224 25.7306122407417 18273.211244204
14335.5265795821 3973.94698967515 1069 76.8375374164598 16503.6677972182
14110.793689717 3967.31854955949 997 24.7790948372506 14285.9608735547
14880.2644072339 3974.67767503027 1113 73.490110696971 16092.530616803
14729.7491050401 3971.69257694361 1113 20.5318726677879 15365.2806314681
14010.511396617 3985.34155350816 1035 189.839536667329 17424.639264105
14163.6997134156 3983.08260665676 991 14.6779432429198 16592.4964812662
14738.3674555837 3993.7148936643 1143 60.6065067141885 15582.6650288082
14507.1600124593 3995.28074958975 1109 66.368608217083 15947.2054235345
14174.1365249459 3944.19275153311 1065 46.1883118777469 14218.4511485556
14851.3174897528 3990.4318992607 1148 23.0303618835114 16333.1182954018
14104.3526982354 3942.03455735715 1043 217.02292364744 14218.6592583443
14210.3514163668 3957.46113878374 1039 74.9747455375609 14864.7808987129
14410.4543443645 3981.70114781096 1079 96.1151753810248 15182.7401663513
15038.6097352658 3990.43872982089 1211 193.559568387157 19857.5526771026
14233.6363308719 3995.90754858665 994 31.8809821167433 14938.4954552197
14558.8320825593 3994.64674488859 1130 69.9833361377409 15757.2889587008
14529.6362023525 3990.42284167939 1086 44.0600982560932 15227.7594099222
14881.0686952263 3990.06394642026 1143 0.36219255742003 14486.913751693
14475.7696840856 3993.8745466426 1048 34.2307090144272 14618.2100921337
14282.5420393104 3995.8450597647 1005 52.8855285995041 13149.0242941284
14661.1090510071 3989.45401048424 1138 71.2571633171076 14829.8377930118
14123.5060108804 3979.37566882752 1034 153.142959178859 12430.5434868411
14214.6949105434 3980.17197135253 988 30.9236689050581 14523.9853254464
14643.0336382656 3971.7970845204 1127 107.521909759087 15489.9638809668
14466.408640906 3990.26454758227 1131 275.002629683169 17190.0537780575
14396.4477315619 3985.02895325986 1048 28.3882811168603 14825.9409666299
14380.5655345402 3994.67551470913 1060 155.357299071413 14438.9846182907
14238.6112245874 3953.17306756879 1028 73.1490980069709 14586.2031600975
13965.9577037002 3977.55710538193 968 319.122189630325 17620.6521495098
14784.4347446654 3973.40173898626 1135 39.9481113889124 19074.1363549337
14518.979050922 3963.81292948294 1077 2.45423296298804 16016.5707726359
14858.0840065296 3990.98736001706 1152 109.753278911299 17317.9721750081
14324.3441265613 3992.4302590226 983 42.115614882242 13144.9370772463
13959.5766450376 3995.26026115133 950 50.9411311017052 14948.7315733131
14121.1930674071 3969.44423504654 997 180.379656137905 14258.9721968886
14337.5303181835 3991.90506932167 1030 125.326426087169 15140.8014320525
14407.4921021049 3984.5468705343 1051 26.6006898888295 16895.163591443
14806.1069443035 3949.04378855268 1137 161.316698751217 16999.1479924566
14865.567299085 3996.85442483713 1167 83.5998720731623 18179.8478571967
14698.2219224454 3989.17113977027 1132 42.2975200904473 16965.2338946519
14636.0800920297 3985.59608702666 1082 13.9022536571952 14850.3208496765
14618.8407230694 3972.84815808284 1118 80.1905362303003 15037.3823588157
14180.5315108992 3993.64184803102 1017 12.2461244725196 15128.1568614387
14240.8609667747 3995.59787605373 1026 3.78017133035291 16380.1840284619
14411.2789438578 3991.63485155468 1052 96.7921289918486 14500.3393233608
14418.487066414 3928.91769459078 1086 71.8912280516968 13552.2965041754
13584.8028493399 3965.63306766943 921 180.270896675722 11358.3924242184
14570.6132254302 3996.03288895035 1171 204.861804586973 16537.9749411952
14731.0668383575 3996.18041489271 1176 88.8367835061385 15111.1822428868
14744.2241957784 3994.67390088588 1163 263.645632632225 17255.5225666386
14103.0348468551 3978.68092726034 988 82.1222218826647 13295.7815585418
14432.7215494095 3985.32805806883 1028 88.5108358811233 13697.5348483549
14307.0721920991 3992.32989665703 1032 192.734323972577 11709.0381759961
14371.4767836747 3983.92803789836 1044 66.2493090941955 14464.6005377943
