14810.3684975959 3975.1911692174 954 214.109459381873 15632.0725015888
15533.0408765831 3996.67356141721 1057 6.8133407650987 15597.7806776675
15552.4655411903 3997.43667713366 1123 62.9419862346022 16597.6143804878
15832.0635861261 3995.43116788018 1153 40.7486192130625 18143.4127175604
15606.8582856942 3995.82988104555 1130 60.5637644520946 17228.604805802
15126.1319321654 3994.4268484862 965 125.366156102221 13617.6827857481
15775.8134588396 3986.35591025649 1072 12.1514700821169 16522.301034115
14835.8426316733 3996.85260302155 1014 105.110410743667 15216.4532772824
14941.7192513541 3995.13102936239 963 114.110732507124 14930.8562500679
14699.537226027 3998.22235491409 966 32.3930488050676 17857.457036771
15223.9991813113 3992.665685116 1063 27.3417095472396 16803.9564863894
14904.9830466477 3995.28208122846 967 17.2481246654208 16341.4822969533
15452.9858464689 3994.58317117487 1083 26.6025224785162 16923.4562662413
15612.946273832 3992.25354167497 1048 11.320018495252 16148.5983586546
15585.1783449116 3996.25258014463 1107 78.0982084640686 17070.6326990854
14630.5127051362 3995.62499324515 965 120.017285498866 14306.2578192489
15089.9316177876 3993.63804126326 1109 139.226954184433 17702.3147701572
14340.7639547632 3999.02040840518 919 271.09958429156 14012.8089745457
14708.6434134694 3996.30341988728 960 44.88000152836 15374.6391209936
14675.8009015174 3997.09307215828 988 269.831264389379 17921.3306318486
15137.0130489055 3981.92025714176 1059 147.586392771665 18590.1580755676
15168.5095481412 3992.13782562272 1017 107.879485492033 13522.4176870457
15064.9682781329 3996.53699357274 992 90.8249676976679 14840.9344728087
15408.6862567846 3994.04249403453 1088 12.6511784697623 18014.0964835072
15642.2403204251 3998.96651994681 1031 4.97838931867886 16206.5049532902
14415.3914954398 3997.64469313181 904 259.291999065052 14187.8445036533
14729.9511180441 3995.45868422358 951 80.1958206667064 15856.9150983324
15113.9808010762 3997.09604933488 1080 363.471183112022 16439.7075510945
15010.1838749661 3997.49980922255 1008 53.7956813092489 15328.2178414801
15596.9222465125 3993.36008409151 1065 103.450251258208 15231.6526976494
15433.6333674676 3994.1287474773 1075 86.8652670372853 18835.996390202
15288.3965512237 3994.91484044676 1070 73.9084809318651 17310.1473090329
14510.9199348518 3995.41596189922 877 85.4962056735581 14142.9468921735
15052.2787757386 3993.60540672491 978 13.7557465918553 14694.4311273467
15352.800773251 3994.24646174668 1002 55.359111731472 15508.0248346803
14734.2441636802 3997.58530607113 915 53.1040775928734 14627.1952866326
15503.1199775363 3993.12090198873 1094 35.475688452625 16443.2192612411
14500.3971212862 3996.88355539985 943 85.9724630377182 15672.8664956065
16001.447106327 3993.62246461358 1173 153.852270707685 19466.2955665701
15038.5687309189 3996.8846046656 1055 154.257935359754 15700.3634954388
15360.0127923872 3995.93719964129 1054 102.744516687808 14823.5904864383
15091.3322527161 3995.27335802078 1002 7.5151229611638 18336.8793170692
15815.7657274264 3997.03286995932 1136 42.2590880665148 17869.0680929016
14794.9528197982 3997.13793458315 974 91.610810177935 14712.5697826572
15471.6855762817 3992.34249592718 1072 8.19674168920028 16192.0586332361
15390.253493742 3998.50667559994 1106 32.9700201998633 15679.8397763848
14999.0174744755 3996.27002514845 969 8.81549880922444 15427.1615726461
14727.8407439839 3997.32543111713 955 162.124664607152 14690.4502031449
15237.6392722334 3997.13607025491 1069 29.1008248001351 17555.4466246754
15231.3420997301 3996.83818810784 987 28.6304804291408 14042.920754597
15026.2373049743 3994.70357957883 986 32.781619714701 15162.4089397874
14875.0974754494 3997.17570843649 941 16.0132468398413 15644.6461124031
15173.3318794319 3996.46570797859 1015 18.3990789292338 16106.6506953088
14927.2579696138 3998.20975542747 912 17.9218869333304 15208.3332198807
15773.1921378226 3997.06369733855 1119 100.684562043537 15226.5883681393
14614.5668079812 3997.2625490725 907 91.9102094550049 12975.6993347089
15652.2231576126 3996.22783486112 1127 99.8800939101702 18088.8027243734
15257.3934019116 3994.26992711048 1081 165.045735665109 17461.4242630884
14558.0329574125 3987.41069947051 875 3.76782404075198 13867.9238000963
14926.8184089035 3993.57647319413 986 169.268300401158 15744.2097192358
15668.2242297655 3994.61720351573 1161 56.3228340992141 16853.3668511738
15276.9240244108 3991.11429525242 1009 277.392182202797 15666.6598884955
14960.2575529856 3998.95025005554 981 259.734476444986 14179.3306100181
15324.9839352442 3991.68881145022 1025 114.867004310234 14865.7823798983
14739.8346271022 3994.98100450093 915 124.052627812668 13671.1933954607
14486.137964645 3995.39743967853 916 99.290128309673 14681.4073069017
14956.0615894893 3984.49639074394 936 70.3996733980562 14858.7798946762
14991.0441980274 3997.39146153449 942 52.5518044143264 14668.8212543715
14695.0364827603 3994.20431855638 954 164.336679022784 16356.7176859644
14955.9028401439 3998.88905775481 937 20.1195818359597 15081.1380912783
14680.1990052811 3996.44563432253 965 113.856750651531 15554.0245267933
16158.0537693567 3994.47522915012 1137 53.9350112799705 18777.8051954009
15061.0993755025 3987.24698147401 997 0.365688276509673 17778.7788467611
15525.6338097795 3994.70543387345 1096 31.5047963878878 15803.0681345352
14651.2453126694 3994.40764199815 908 227.153618221635 13588.1338662956
14995.9440988309 3997.13228659999 1032 14.7460341359017 15995.7243393501
14509.1758269652 3993.61692170441 921 134.686589170142 15462.4196629327
14567.7190114011 3993.72536525615 940 196.507474885237 14768.2991210703
15387.3011484751 3996.90313259366 1132 131.967587579144 17191.598223232
15320.4411544638 3997.78774462369 1029 4.23572154367866 16052.8771075835
14867.3447661952 3995.38635886566 930 26.831419588153 16439.2767423057
14931.9416607632 3995.13801288907 952 164.922599683576 14155.9970451236
14850.8917072583 3992.38526127794 980 81.8655690031619 14952.2945713106
14579.6167285533 3999.78892855633 926 74.6281059390192 15740.866738242
14810.3684975959 3975.1911692174 954 214.109459381873 15632.0725015888
15496.6074996261 3997.11881770149 1058 6.84917559374389 15321.6776463193
15290.6939560235 3994.17144730682 1080 45.1935853642112 18222.5538880005
15552.4655411903 3997.43667713366 1123 62.9419862346022 16597.6143804878
15402.7314131847 3996.47533201509 1012 1.07404125392304 16425.8544653927
15782.60865147 3995.75299003164 1181 46.9304860450827 17545.5713188177
15475.1263846591 3991.74157324402 1112 77.0302520814744 19088.0012455458
15335.8672308769 3972.20974516298 1100 161.866492324148 16547.879450235
14677.2176787987 3988.1087468651 910 121.12144656097 15337.4708508341
15138.9994021229 3985.37686328005 966 137.293397629693 14367.9399583564
16009.6114310073 3997.43917466023 1179 0.742573384755588 17246.2729044077
14634.5089353666 3996.22930807437 940 132.049601843667 14430.8992916695
14835.8426316733 3996.85260302155 1014 105.110410743667 15216.4532772824
14941.7192513541 3995.13102936239 963 114.110732507124 14930.8562500679
16104.0756594328 3994.30144921599 1182 110.599030275535 19218.4238323583
15156.1948971235 3996.87659596106 1024 98.3037369341062 14723.9631954504
15503.0868250056 3991.18680664068 1155 174.554048674402 18663.3534166008
15210.1127804671 3984.02183022424 1063 25.6059094417083 16502.9081255333
15510.9964719282 3994.14519024942 1124 4.84853793125239 17581.2293223663
15866.8259785144 3994.88460995596 1195 3.6127549351113 16601.0809271545
15467.4621179391 3995.58574361698 1076 92.8127368356277 15406.8668113387
14863.4966803774 3994.7275081695 1028 149.140282404018 14472.4885809043
15089.9316177876 3993.63804126326 1109 139.226954184433 17702.3147701572
15456.4750965697 3989.49898334677 1070 102.427069954546 16271.9406133792
14425.2241278593 3990.40278594451 914 281.65710592857 13817.5984347369
14789.4065873296 3996.08523599928 981 54.9753982608891 15487.9656746755
14730.0914145534 3993.46301374508 1017 276.617578518883 17314.6615093036
15426.2785517869 3995.95330050665 1099 111.428204911486 20319.6444916707
15276.8823941645 3992.22151657546 1027 121.426091244945 14186.389016212
15104.5952327898 3997.40417353876 1018 33.8466049413935 17312.0262822427
15484.9990923044 3995.87507003713 1115 22.1902829097394 17961.3641670819
15642.2403204251 3998.96651994681 1031 4.97838931867886 16206.5049532902
15250.0487361239 3994.49075237254 999 11.6881699526375 16539.0598248366
14451.9930868034 3994.57164417264 926 263.867197985509 14012.8451455744
14724.9143576177 3993.41419992364 951 79.5662256134074 15561.2350884206
15113.9808010762 3997.09604933488 1080 363.471183112022 16439.7075510945
15266.4010483167 3993.16612284665 1063 21.7685346404348 16370.4428727221
15596.9222465125 3993.36008409151 1065 103.450251258208 15231.6526976494
15433.6333674676 3994.1287474773 1075 86.8652670372853 18835.996390202
15287.0156930745 3994.89562382142 1070 74.0810882005142 16658.92359976
14510.9199348518 3995.41596189922 877 85.4962056735581 14142.9468921735
14935.2669900795 3978.5580794074 936 22.2794823068966 15085.4992999735
15450.6884339347 3992.96274396321 1095 28.9217455024204 16839.9763177312
14758.9106975859 3993.69166267175 983 53.6582660002562 16477.978757769
15070.0493022705 3973.54418373107 1035 39.4831788018055 17408.3123481183
15494.440605874 3996.32866959703 1073 44.9274640763463 16909.031250961
15330.3656706115 3997.92341438609 1090 44.8340829750575 17035.8558594371
15526.0857741472 3997.01543388474 1138 214.09647415099 19374.7014180401
15453.791761612 3995.68200717981 1074 91.0221455347137 15044.7381818165
15172.3142555379 3977.53231703538 1071 320.546757920797 16864.1055365126
15367.049916076 3994.15165028193 1093 41.9798308811578 19361.7025617663
15949.5230312431 3988.79283550922 1143 92.418076997762 17692.3158383763
14931.5365880445 3997.04920957214 1002 108.683781208721 15151.6761066446
15465.5894822078 3989.64961501088 1072 10.4827769669237 16373.3374532018
15496.9240311992 3991.21821518575 1144 268.935832687237 17192.3658745207
15638.7128336389 3997.48381346825 1134 64.0274376869686 17001.5051574334
15252.7477758505 3984.0982968338 1065 166.903530308394 16951.1855833704
15002.4121885384 3992.75430139256 989 8.39115955136549 15412.461301547
15032.9002305952 3993.4805162804 1076 207.812408421359 16789.1928869982
14745.7324761628 3977.99376048231 978 155.415265040083 14827.2018982312
15361.8992861073 3994.89569376255 1080 44.6333265343783 18262.4332948581
15605.8342384107 3994.41924380938 1096 35.5659969061012 17060.6718376029
15775.2894822388 3997.17940542703 1145 216.648450873752 18134.0143444544
15408.1000591086 3994.44461950068 1041 6.53573550682745 15700.7920814186
15067.8508424117 3995.11470585862 987 27.5799275350294 14893.0259683563
14957.4240669064 3996.67845171499 922 56.5350570736248 15480.6719918927
14975.0062521211 3996.46285940306 949 28.5018439237965 16833.3333957426
15454.7870597659 3992.85894071274 1081 69.1783330860353 18108.0715804268
15113.8613836119 3995.30679861269 1027 10.9652669517363 16341.0953318493
14899.7044929799 3994.94443574564 999 30.7944175449911 17655.8893965648
15209.381798935 3991.40319046777 956 17.3435917318229 15591.2993561289
15784.6934437077 3997.06499935917 1115 99.2468988079067 15128.4300822633
14333.6156347204 3996.86148142652 922 328.478304081414 16236.9196703767
14947.3050186451 3997.92406767362 978 50.3179331220135 14513.215185798
15078.1632104313 3997.62708666051 1123 60.8664522138426 17752.3768943345
15508.9577865667 3993.82981503837 1064 12.2295925426508 16471.7631341214
15652.2231576126 3996.22783486112 1127 99.8800939101702 18088.8027243734
15118.3459222558 3995.54408742603 1101 262.486326242281 18747.0776133516
15277.8766900936 3994.54160831804 1084 167.606146687856 17062.2911222258
14814.2896647019 3986.93272983901 1063 35.7999124519356 15765.1315568526
15247.3416412554 3995.77158118007 1095 208.44783827287 18309.1772985379
15105.3411520045 3994.13948016125 1045 102.32227173829 16132.7578749715
15837.9989055851 3994.65562957157 1207 7.34266933314143 17289.9667109374
14869.0110024493 3995.65372272137 972 60.2894795079574 15501.6024121385
15575.4146464565 3991.46937252607 1071 28.2305179600085 17213.2459967142
15481.2789075565 3992.46526180971 1058 60.4793574073483 17601.6776329905
15576.7915347841 3974.87357772325 1061 41.2247983519937 18059.3067052434
15484.6508579904 3979.23634707625 1074 117.142244062255 17019.5799991265
15372.3135984524 3995.00637547183 1068 38.8095816334016 17933.3163017922
14586.5458058091 3999.40271975127 948 213.02050804792 13954.7118719249
15324.9839352442 3991.68881145022 1025 114.867004310234 14865.7823798983
15213.642740948 3997.53472099257 1034 111.152332280657 15956.3418876299
15167.5640656295 3996.50198378882 989 110.259795416964 15561.8619286454
15080.1406710466 3979.56355532568 1036 135.626696928957 17890.4096106491
14875.9009698178 3996.81842905284 928 141.060920652108 14404.7447700658
14585.8226991852 3990.88307094002 937 61.9083528570936 14777.9670365799
15255.854890814 3995.91831643699 986 135.806682118443 15384.5572778762
15116.9333243307 3992.58400186272 1063 319.607611118385 17443.1012090395
15260.0766005232 3989.45234909712 1000 18.9227541023513 16098.4231894334
14543.5693937273 3996.91518141871 938 145.403292893656 16081.6104404163
15575.0904058019 3991.27000677619 1092 62.7210738177639 17944.0429488119
14902.9359302362 3994.91763528249 915 39.9821730513593 14179.9430133979
15371.6340577075 3989.12287729624 1064 76.1160511742892 18945.6912628604
14731.6095376134 3993.08708431574 1002 120.283067193066 15911.6556448418
16158.0537693567 3994.47522915012 1137 53.9350112799705 18777.8051954009
15275.2696163107 3996.20430697434 1064 136.49231593142 18224.6618289374
15258.6070010874 3993.30665714898 1040 24.3227649216117 18207.0968274287
15641.0124076667 3988.86695178397 1121 45.9271211237892 15911.3742457581
14787.9980950236 3994.50951116864 957 244.247716015906 14332.0827378396
15288.1843892021 3993.65798445228 1070 51.2760704323011 16113.9385821084
14967.863476355 3994.1304527652 980 37.3212793510568 16892.6812210902
14594.4333234314 3988.85577255475 973 199.846763889015 15752.6501102017
15258.4079737883 3986.02934523883 986 36.8788114984266 16211.2992125123
15312.9202254362 3958.48016667276 1132 122.669972199287 17003.5626980262
15887.0055050033 3997.19070748224 1161 108.583603047059 17658.0331253131
15567.0247793423 3994.42068319385 1122 183.113548850479 18165.2612609887
