13446.7477105087 3502.65842102352 928 723.47884273474 10844.7103151632
14196.1261623735 3714.57536493023 928 38.2296767288715 10988.3054751974
14541.5351328132 3902.66486105101 928 50.5477191728778 12613.1730295459
13970.6076087888 3621.69140574985 928 326.285279307621 10458.8863436917
12873.0610410161 3325.95597864033 928 219.458034830351 9952.77441152538
14060.9675792504 3731.79190159154 928 392.306445553982 10538.8236474766
14152.900176699 3619.91082618006 928 225.729333004595 10479.6015226767
13995.5381036721 3701.63963165942 928 468.380794826284 13431.5592868723
14200.6707790891 3775.38216008059 928 251.976116725236 12370.1791863353
14004.3936217631 3661.68950309414 928 439.160874294399 10490.0777886659
14559.28908343 3958.19292710857 928 123.54440817606 13300.7139939405
14107.996427688 3717.20654655318 928 82.3663749651364 10207.2578447415
14228.2647140897 3802.68976012332 928 29.206348070061 11108.3824508209
14012.532583481 3780.58511384874 928 34.5909823278466 12134.2999779709
13572.2860859312 3364.48683454823 928 153.003366155646 11185.4353419721
13674.7828580828 3623.2040578435 928 664.459721505222 11423.8530023756
13739.4931909835 3661.87359616138 928 189.620754296519 11450.3397122906
13922.9648765412 3690.17070293902 928 570.79554689853 12772.6963721419
13465.2148112948 3489.47599307663 928 597.448171537343 10346.7887215892
12811.4065773607 3346.6051965771 928 244.709719097814 10581.751085485
14617.222786823 3946.80489015807 928 59.043634438287 13548.7828964311
14211.4334234089 3813.29908288312 928 44.3744569248199 13209.5387758501
13879.8534705694 3602.28225657701 928 543.204635249213 10086.1318519623
14401.7538254267 3850.60191969751 928 57.0525349052805 11758.5682836009
13929.2643768297 3715.57577472522 928 479.515864027862 10902.6432854286
14086.4150995373 3775.83630477295 928 393.119013548576 11868.8823250123
14215.8558253241 3794.86713766632 928 125.043254720973 12473.3692264642
13611.4290690673 3617.16493269279 928 62.0702650521143 10549.9557194558
13862.2214370441 3571.4485405576 928 604.958081354275 11110.9047585458
13803.4974248679 3612.79740331669 928 599.534136579026 10275.8008853783
13099.3734148658 3347.20453434726 928 282.272226604329 10237.0350455772
14043.5183926387 3679.48691398098 928 134.644025944861 11589.2842750133
13393.569344029 3542.52590234422 928 133.258997648674 12711.7154493889
14700.1765552971 3945.08936727172 928 25.671940718421 12655.2157155215
13588.5347875955 3543.55420127687 928 610.474345487015 12479.0242528696
13710.0411025105 3668.04596680593 928 94.2122425774446 11864.5989080905
14333.3340617621 3872.49935151253 928 93.5281951975621 13826.4640014998
13518.6250382004 3628.04820842486 928 57.9525753712178 10596.7828214219
14407.3886592116 3853.73428906434 928 158.184629988368 13248.7723300842
13474.2748312278 3460.38705514502 928 764.962842706864 11427.5890982589
13745.1409614774 3621.01464385436 928 541.322451111787 13008.8167682087
13176.5473992547 3527.41615238172 928 144.717957193192 10470.7000781379
14261.2156647453 3824.34272600266 928 33.2037105084623 10726.3487497368
13164.4408737694 3515.00685167063 928 152.533971799417 12173.847957687
13911.6219350814 3704.13708242941 928 35.1302566925972 11406.6547918347
12417.0578501694 3116.15957719199 928 1228.50701291482 12349.0544889524
14051.4292861136 3776.97963090903 928 85.1911893877923 12342.0847946204
14012.5450604973 3714.06437401009 928 462.29364014355 12041.5969908348
14494.1314891026 3905.43213051046 928 148.681188143627 12780.0062689563
13666.8027702793 3567.73749992177 928 549.720252676127 11740.2873250724
13754.1674600173 3707.66716120072 928 126.633021900203 11151.2712558553
13116.7830115583 3359.03115974587 928 966.133288949008 13575.2905797603
14285.3937566445 3779.75606870093 928 59.1940429618471 11289.9073306395
13749.3919400093 3599.0883347877 928 83.0151168161703 9040.15076021263
14450.4455124442 3915.82802513225 928 104.267969053461 11633.3166162653
12665.4593266245 3273.130269277 928 249.737620621983 11483.7364098695
14261.5069915285 3762.41447919034 928 282.399735845356 12977.805560829
14524.0863487149 3917.60654201796 928 19.3067235582403 12400.1199117913
13490.2181242373 3460.19445841128 928 501.401286024502 10862.9566713094
14410.7715645834 3775.51502703252 928 3.99169278563977 10770.988244586
13685.2088784004 3421.78398624935 928 201.139172102965 10992.7276432243
14210.7176787643 3745.10820167805 928 256.87171757447 10471.4625225578
13854.7382918256 3563.40294082195 928 33.1856278986206 12621.9637698301
13964.6978812783 3686.37041163616 928 454.077974048838 10122.3353992328
13217.6488506772 3388.56813234165 928 864.652600784505 11169.5003059365
12859.7879720958 3337.13355351173 928 189.34158928199 11096.2590389196
14349.0477617718 3909.91443105012 928 125.717871057082 12521.724526856
13994.3303685391 3740.33372695268 928 320.354759164386 9517.42661973776
14025.9410736543 3677.38748638975 928 34.2077026928189 10700.8888034117
14065.2250181598 3757.44243000105 928 57.9128432345874 11613.9372255062
14472.9798479981 3853.79652064968 928 25.1600332427895 13228.300349523
14705.5406001531 3962.42709560143 928 3.74852114759119 14216.6095089253
14244.6602470335 3733.49270769998 928 173.820610049708 11326.3558649723
14203.9546616328 3786.00743985126 928 120.426710901287 13311.1268421649
13178.1693098503 3476.38552772554 928 309.710958615226 10612.46039177
13829.6025489372 3454.57210650805 928 164.015290243254 11475.7502629097
14262.6016887558 3790.83047205392 928 315.212239476958 12703.0020850379
13035.4636898622 3446.39329368744 928 342.989640769705 11589.3063961713
13990.5836910944 3685.48589617165 928 295.264585666608 11210.1196841408
14547.510732881 3959.29646559783 928 160.560619488635 12969.9557133568
13747.260948095 3584.57897220618 928 579.261634901899 11262.1589353468
13483.4972949372 3559.32409124768 928 693.149968528764 11356.2908719649
13567.9362928279 3532.50946231656 928 226.025599300059 11146.6911569073
14279.6728527936 3812.94832037521 928 102.412249686701 12467.2210945175
14529.4756321306 3937.74966269507 928 174.851352548405 10914.4654690214
13202.0122036015 3334.11035820215 928 996.835693921747 10386.9713311643
14205.4633880065 3733.07804078697 928 224.429128709025 13916.4068682813
14564.675613819 3928.34052730387 928 10.5743929951295 13826.7413296676
13727.1879900633 3591.64443917799 928 584.503953053799 12010.7285245118
14520.7778879754 3980.66245285022 928 181.94301404925 14086.8949706984
13378.6715235518 3310.54282462636 928 254.931928112982 8963.34567682306
13449.407655551 3540.47621048257 928 239.87524559219 9836.11992661533
13792.5029176513 3668.66736407148 928 58.802475944427 10770.339023062
13296.9905127393 3480.45998513627 928 361.504093602637 10276.9942678173
14167.0212320523 3800.62508235539 928 388.82492719808 10526.8794358972
14505.7939535223 3901.16019644125 928 42.9747642378793 12701.6172416757
13027.3174196897 3321.58379264055 928 382.159292901425 9826.59577704757
13058.6454654344 3419.31285760721 928 284.998597079968 11926.4691351958
14352.9859423394 3889.82343358309 928 246.411934806808 13356.1305054776
14554.5534691065 3919.5918591931 928 49.8344071306576 11842.9268872075
13996.9608543253 3613.08507340724 928 93.4364735322315 11718.7921319035
13340.8747348285 3488.2608920669 928 52.4491236323795 11077.3849180784
14134.6637408433 3607.60716533954 928 170.489299106865 11349.7699689587
13889.3359729678 3675.32620235937 928 196.731654384509 11239.2562083314
13893.5908539776 3652.0043277296 928 489.062890809102 12534.1236908105
13780.6869865587 3687.50332676047 928 106.963958867016 10179.1162572723
13111.9092844768 3285.98474773985 928 994.980975756947 9631.60265078779
13563.4582428177 3610.56890850906 928 137.177796645276 10029.1559369703
13964.4369872622 3671.36805281047 928 53.547348839156 10327.8002931071
13770.8831932442 3708.78146300687 928 4.06321064629014 11677.0900022766
13645.0943495515 3603.95320934957 928 164.492374465636 10961.2293336984
14529.2771714414 3944.45742200106 928 103.781554618911 12412.2594394121
14244.709489224 3746.7824255187 928 48.3621869017263 13077.6153567776
13829.2917947902 3595.24146462934 928 550.314325212791 10688.8153165402
14604.0592572325 3927.88333634917 928 107.269776995011 13236.2904863791
13523.5676636696 3371.90044544313 928 89.3810098930328 12126.207806306
13489.8042713302 3632.13309131677 928 26.6763533571184 9568.83347865438
14609.050662637 3916.81740252798 928 31.7706328736667 12145.7456415282
14212.0431800698 3765.24117403227 928 59.9621924100652 11494.3656896696
13838.4488256402 3593.42050698375 928 96.8055167739885 9379.19845871641
14691.5859823199 3938.87500911863 928 39.8951253433054 14029.1278475659
13801.8674008848 3631.60254376514 928 104.998232190771 8765.36488290803
14407.0251646448 3853.67326881836 928 20.2106260293804 12654.6770165109
13662.1778364016 3651.50602610259 928 0.931117276938267 11729.0839345177
14040.2293917574 3599.60337238806 928 68.2299465425156 12258.3549871256
13183.452475887 3461.36232724397 928 357.157627853892 8779.74676827027
14052.7135261159 3738.48137623641 928 176.107761324281 10021.6672280536
13983.5099286448 3689.66427931679 928 449.537229568522 12191.0342816113
13370.9600999852 3376.69960766668 928 850.27001611688 10365.6047873577
13526.7579268049 3530.74444526098 928 537.242207773102 12861.6168998286
13501.4246544727 3493.60902410563 928 198.645733385428 10574.8429558262
14305.1450148644 3812.25196167918 928 125.539617302624 11900.0815974613
14199.0416163582 3708.66523990171 928 316.317596813702 11722.2605143466
13883.2512256684 3532.63680829211 928 105.998671647149 11847.0172749668
14286.8169609344 3777.97432726898 928 398.35983244927 11799.0120858853
14023.2580800512 3779.0673966452 928 62.7600221550572 12982.5655383074
13740.2828422643 3691.79539238207 928 1.39181053425864 13016.2783321282
13859.4386018728 3649.33003295295 928 432.773965192347 12573.5569579035
14289.6093444853 3733.49604914483 928 28.7821759766402 12216.5671993837
13720.0912476198 3593.94023261304 928 692.124500010497 11790.8735892118
13398.2529088929 3434.59393339163 928 754.280973648068 11238.4908882497
13669.8232757256 3550.36610747397 928 621.871763599308 10213.3960104205
14374.8742188017 3847.30616263041 928 242.199251500422 11324.6571595418
14729.029881171 3961.94916643349 928 46.0979682342547 12687.6029692747
13631.1671912242 3452.34082911771 928 802.386397530915 11587.0358463963
13707.7112054562 3572.96267380009 928 243.983516694403 10653.4607211143
13985.3264468636 3696.7734034885 928 473.038455135714 12933.3061816557
14190.6432138076 3737.04421689544 928 52.8698147494774 12421.8078235972
13437.5926599856 3562.62699924497 928 23.5391056790531 9985.05438381969
13515.7489821732 3555.47425267759 928 698.601388170831 11111.6679877995
13412.402630612 3552.74068842652 928 218.796108493802 10272.0039889844
13541.7185321617 3551.20209638012 928 665.665528455647 12343.4773172547
13833.8843294525 3532.06857505779 928 68.475926213303 12121.6731382507
13843.3049690756 3640.44751806507 928 104.185472302905 10778.8436262072
13752.7147131575 3464.04457380163 928 286.741483066053 12429.330305659
14659.5674893948 3955.9394778499 928 69.5413219856321 11467.6485890725
13217.0370215006 3471.35632171388 928 141.988899150781 8633.89344021333
13718.2169852542 3579.06439783758 928 643.099551552011 12092.1580367899
14120.0478255737 3775.40865020487 928 360.65714143446 10130.3536240034
12875.8393161855 3404.94629288974 928 212.799021897783 11861.0601955997
14271.171624039 3790.22332307835 928 341.111432746144 10794.4563213171
12690.8296899526 3326.28418612134 928 181.724569535904 10124.5742990482
14408.7057521832 3848.22047179333 928 295.555591730983 12174.2860156874
13525.9805170241 3392.87906723144 928 154.627177085488 9940.93767476346
14117.8226519709 3768.08418253465 928 72.6548231746201 11322.1777015154
13850.841582316 3673.15613012708 928 155.557103699189 9089.89067970157
14470.1208640223 3910.8848189388 928 171.376539930392 12839.3786985311
13751.110434315 3544.36612277885 928 4.7835166773848 11738.0909166667
14169.1725983392 3789.33469359604 928 367.499099169517 11687.4963250133
13376.1342868404 3564.69433758061 928 121.872176752271 10013.5538904298
13481.197009953 3434.30440164639 928 22.5221897822198 11748.4907663952
13688.0133810278 3428.26407870357 928 163.689529701702 11982.9718231993
14047.5312737233 3650.87951881478 928 189.879667827083 11165.6739449955
13852.5660567155 3645.93570494081 928 149.638713308435 11804.7702569263
14020.0925670851 3689.87842605029 928 464.107646646626 12680.7831791897
13779.2304945515 3666.62223096449 928 123.304227055808 11955.3995428485
13624.495982365 3635.84960599051 928 50.191982869304 11743.711601516
13908.4647953201 3639.23681556501 928 499.200261466697 11612.8544321374
13480.1536913065 3435.53717084124 928 319.365117840243 10096.0602201277
14778.0496091732 3948.34246581455 928 61.7460436405418 12799.7711618124
13629.9095033036 3496.11179888843 928 613.725935152141 12148.7802227554
14144.9216098668 3796.21969282641 928 87.962851282666 12933.9384527082
14565.0865003446 3884.54887796049 928 43.7194367230304 13077.6157956638
13283.4371627876 3488.88096500849 928 221.380150712734 10458.1803410423
13957.5172398318 3755.83003895084 928 35.8139395043502 11410.4458234625
14166.1636506439 3738.73648653371 928 110.503760693392 12791.8876548044
13596.6686293764 3558.32975349691 928 504.606053857525 10398.5773700212
14173.7053054597 3834.88932061558 928 153.846546113289 11788.5901826858
14502.2496603806 3920.49902321902 928 120.498410321858 13672.1621763516
13446.7477105087 3502.65842102352 928 723.47884273474 10844.7103151632
14043.3804890871 3626.30876126692 928 19.1364675680684 10388.4757502292
14541.5351328132 3902.66486105101 928 50.5477191728778 12613.1730295459
13999.973410444 3630.13674067656 928 208.673581188432 10063.9824511464
12873.0610410161 3325.95597864033 928 219.458034830351 9952.77441152538
14113.0932750413 3749.4946013903 928 259.056286735014 10475.6587345156
14045.3034449267 3587.06741044513 928 120.049436139236 9516.97094863361
13915.2123130926 3646.31757831542 928 416.956196538731 12529.734124973
14189.6735062996 3788.58168203492 928 105.435136982124 12313.0111515526
13692.3753188686 3536.40780766489 928 193.565569228973 9288.94913613573
14268.4944422884 3805.35214647352 928 87.1950780333655 12493.3759056692
