12909.7626681783 3993.32886077272 868 144.957223201604 9593.37060337862
12862.7891108433 3971.09686798004 791 41.1924554472057 10414.5683618781
12726.3689685082 3992.19077514897 763 98.137658511615 11270.9022002017
13237.4509063798 3982.11813619967 838 39.0077421771348 9818.93929566417
12957.1859887915 3982.22111048803 821 82.5225670580426 7557.72118455433
13048.053089805 3954.91671808306 852 267.728151847496 9727.96868679249
13260.5933662296 3982.98118782994 839 46.9476112601176 10076.5217002012
12788.3684215893 3984.89512072938 816 111.670174403358 10082.4595801601
12964.6551590404 3972.55960074749 797 30.0360273938441 10649.3259985279
13365.5958434884 3970.90170649161 884 26.9668016388478 11664.2764942266
13182.2495894078 3979.72716276457 853 19.7325520899512 11346.3471804829
12932.3212747127 3986.60044934445 849 119.293720564173 10765.9586653606
12787.0806844542 3988.42892884583 776 82.4349039873985 8682.06376522431
13023.141928535 3963.20677256636 852 152.618400258672 10096.2242987657
12825.7351961282 3987.72535796845 777 80.2668932863016 8998.66338697275
12623.27948963 3968.8583030949 766 234.340683994972 6994.74111061536
12777.3843759588 3990.50265018991 789 130.382351169795 8175.10630602406
13010.2202637233 3981.54644129945 843 82.6349441900311 8865.61522250759
12824.6006354186 3972.39360605593 815 268.897211024221 7650.61667064125
13092.9467797197 3980.13032832418 826 4.35119303977626 9937.47701793089
13292.2923128706 3979.57711936195 860 158.279773072596 9229.62715155532
13253.835632949 3978.35053506081 858 30.1710522633475 10812.0854529026
12786.6333341781 3982.63864652834 816 218.654024837347 9458.21012721107
12794.0673991928 3981.26070759992 739 83.1376458028594 9380.78423813809
12817.3849580929 3968.05588027586 793 148.282641690264 9534.11749670022
12998.3001424372 3983.58451325853 841 170.544819864025 8882.49196407787
13298.657376073 3991.04024130899 857 11.0086393234556 10610.2515495415
12705.4935307943 3980.85891204116 763 144.474611192473 9152.60412470471
13222.0751660197 3974.07925089222 854 128.319130649425 10707.3122138276
12750.7856411085 3962.80337432415 803 155.987300106433 10632.7929886191
12686.1455264123 3976.71768482992 756 230.077880936026 9462.69046553684
12981.5490706226 3980.43058453534 816 67.7503214919825 8066.50950676984
12696.6972675535 3973.71713551564 752 276.293488398389 9567.67498513021
12553.0608692612 3979.70790837823 774 228.413365945407 8749.14680110857
12555.3016483728 3984.69729680513 764 283.442127887231 7815.18656316274
12969.8735211524 3989.52545455308 862 157.34743892938 11143.9517216407
12769.4817177511 3975.61168796367 807 200.749499546983 9559.3878148553
12941.1100462742 3970.16756667042 789 31.6559901903802 10239.1826220778
12539.1997011562 3975.50944963971 777 159.662336092525 9483.29652506072
12811.663022338 3973.58506014245 803 104.651341412605 8535.55697280986
12796.1942404411 3978.65848156401 787 154.149677376413 9040.39693038574
13028.9655374803 3979.99238648269 847 56.8474464853762 10372.6602717146
13182.7823001363 3990.13772138867 853 54.7057893476715 10742.714243423
12983.682545354 3967.69933984032 816 117.713275161613 8947.38379959277
12843.6132437078 3975.81405967691 827 59.6035240818119 9854.23232804178
12534.5373035435 3987.87686195735 734 209.249128270994 7377.71072634192
12941.9833016471 3978.1803210823 826 89.3890851591054 9837.76370318181
12590.1508423511 3971.70439757028 736 155.839428140187 9064.6127152561
13213.9013692535 3964.8749845773 864 205.506268744572 10652.7756278217
13061.5752224697 3981.81029095133 869 74.1057493421552 11931.8335790155
12833.6258292315 3973.36783555317 853 142.006688855617 11132.9301659473
13065.8496324122 3977.79137396229 858 201.90454041425 10876.7565256997
12754.7545118682 3967.97420162046 820 242.115728783378 8854.8640193931
12853.6914087502 3973.16654705143 833 137.217180911084 7799.34426708148
12472.0829696314 3977.91529698406 712 170.859674098825 6778.90966606518
12883.1618355978 3970.41101701484 809 250.118800224044 8413.78790153454
13153.5559477146 3983.10898823762 854 90.1919380584623 9768.91660107773
12757.9564452907 3968.93164130148 784 203.131329237613 7960.00825072546
12620.8241116808 3990.31487772173 802 157.361384336999 9076.39020208848
12841.5682021369 3966.47615379857 848 92.9734934152552 9193.64483908874
13490.9189714315 3973.10433277551 920 101.440095545755 12923.1983607174
12735.7071729018 3977.92411026015 777 153.030368284901 8782.27394549263
12797.3413867048 3975.79166643782 834 215.758349878494 8714.83475145763
12943.6615829637 3969.31118296877 776 97.6628218590497 8394.58647391534
12498.5820912672 3985.61541675021 695 105.966698497395 9394.82361917646
12777.0541592996 3971.18742820277 795 101.128021648503 10502.0105327738
12828.9129013808 3976.97016382418 807 83.5258034311021 8518.78054461607
12880.9205955175 3973.45286155885 808 207.578445794729 8305.72395472373
12995.4655091256 3972.60639971165 827 75.2654753860884 10348.7790735242
13022.7167405739 3980.17573162221 812 58.4133923551099 11520.7849214547
12752.0296872035 3977.2001337842 743 219.576700392638 8242.82253103289
12763.4031180053 3954.91018101041 761 106.484456740566 8786.71112058855
12756.2337663046 3983.44702967003 783 218.401174149513 8023.95222679802
13062.0502385244 3973.66174322821 780 67.3840539181861 8514.3336191692
12898.8948019158 3972.18643426037 819 143.127634305434 9346.3072990977
13331.7990630075 3977.78007644043 885 117.253993761912 8856.94200644869
12776.1623149232 3957.81677184465 762 116.45445591133 8043.16710952022
12920.6144204372 3968.04456307722 814 162.270199945726 8902.07621885579
12639.7465619368 3975.34286631285 748 48.8694016869515 9969.3525643919
12752.4718308798 3995.01272483234 794 231.883688771148 9516.49960965115
12986.7133913192 3945.25963206722 805 59.6774476084847 8578.12246927769
12524.2132165625 3977.5333289044 791 277.419898558918 8775.94518115605
12927.0720527361 3993.51580650256 799 82.5170970060735 10854.0101956962
12837.0894637369 3983.39615377887 834 239.480068686825 10081.8996183669
12874.5766714314 3985.20542185485 794 44.535299097337 9220.25001481075
12884.7535470645 3976.91904577765 798 113.676362042161 10147.4921937235
12753.7067904382 3981.44994782169 786 206.411366720137 9526.60357925344
13069.8052132577 3987.19643734162 805 54.417667589586 9388.82357667066
12998.3269367924 3977.02245829578 833 127.493369268494 9333.77837437578
12942.9144787286 3954.89741800241 804 167.197964554652 9527.17901282388
12943.741669664 3980.20809731747 868 175.048951158365 9856.28306863545
12749.3999290483 3991.71942992942 787 109.785731537423 9219.84087163291
12624.9638674543 3990.45725366737 701 44.9375394534868 9493.15377190804
12958.0324657407 3966.25196671832 794 13.7612879241346 8940.64458180032
12631.0861679502 3971.38135614053 736 279.130021415143 7197.63249071252
12706.9463735304 3967.39491795396 770 229.921334836501 8653.86253523283
12810.4802141796 3980.04340014034 811 268.062931400113 10717.2145819067
13005.4652431625 3982.10704273184 864 159.38148363277 10826.6941968031
12605.1947359705 3986.04829301911 755 196.654374422989 9638.82576529087
12648.7430728912 3969.70480242526 746 174.689052631996 9337.4855937804
12977.4677979471 3985.3832216257 834 157.235143205818 10266.5802757855
12740.5546500445 3971.27086261425 784 72.0881854935312 9495.55784530933
12727.9970142922 3963.18349812779 774 152.502660312698 8861.4732183223
12849.571332304 3977.63109524475 826 233.964697911954 10066.3143353034
13146.554129908 3974.18841716129 846 55.6034744042661 11532.8647709342
12745.7600164217 3982.70134503404 750 199.415215455405 8484.12993444634
12787.8945657645 3968.94361292721 789 231.035698347795 9805.36009707506
12783.4023135035 3973.04976786685 804 126.30869831092 10770.4265931113
12871.3970392787 3977.87205827153 834 93.3580953920189 8647.99850093644
12765.584445341 3978.93247342514 797 178.954435389574 9990.10405572922
12865.5120652698 3978.56225942571 840 252.737421691653 9329.82603519957
12711.0742820961 3973.07783509827 795 142.408376062894 10594.7407470006
12748.2696701217 3963.91928707206 763 227.155864644242 9482.66385270158
13003.3387902236 3970.31025534405 875 101.111685960857 11254.7354600181
12845.4009886903 3956.03273339318 789 15.0472088892741 9015.84130938048
12807.6746667937 3972.95536936665 797 11.7957974458122 9333.70320053533
12873.6478042208 3986.95932814702 811 130.519470045559 11215.0377300752
13188.9058097074 3978.16829814496 870 67.5748464646604 10007.4704300757
13087.2285330043 3981.24345866704 866 216.623196620408 10142.0992547289
12794.7965450996 3974.0824004788 770 143.307631984703 9562.01156505019
13028.2226226869 3985.23624857275 802 67.1467530345819 11164.088162301
12778.5673002298 3982.67824857079 783 164.853090334456 9280.10981107718
12719.8363780841 3971.49601333243 804 138.40865111799 10294.247301556
13153.5824522514 3976.96003658108 832 5.96136463695939 10645.4043595017
13327.3722331304 3977.9495698714 863 196.381984012038 10198.0852428724
12942.6373748709 3994.73334619246 818 180.784411825088 8373.68428097815
12605.063202057 3886.08046517682 809 162.970357135487 10006.7777880839
13271.6347596654 3988.07784806525 911 190.191234637486 9985.96476747766
13263.1043699274 3992.68390135923 879 142.235581536283 9613.98998604046
13275.7228981809 3993.48613056639 854 27.5776299914687 10016.8657459976
13217.2745749634 3996.00420986676 896 120.834668932284 9050.98211428521
13215.2297080154 3987.96420020531 844 123.931422326847 10134.7689566523
13063.6480550834 3995.11702139687 859 121.380667208754 9690.65162436744
13742.6077564848 3993.95940474754 916 107.199410042017 10586.6426239618
13104.9417236155 3993.98492596505 877 44.8127645206253 10677.8500732554
13150.7321174478 3994.39283466934 834 31.745135792163 10666.6150411287
13620.846264942 3992.12461017964 945 44.4757169507545 13308.2304862713
13202.6575245546 3984.1881439136 878 2.75831337727595 11149.7457475091
13175.5181087782 3989.69217439808 860 77.7004475845565 12047.9471816198
12884.307743203 3982.25665805198 833 94.588286330998 9380.57515367154
13233.1546671289 3994.94446855395 910 140.086487039157 11172.8136850425
12881.9078644542 3995.09204149011 824 82.7122859718438 8997.50368517537
13312.156738532 3992.28628982779 869 47.0557425301233 9351.25223185558
13015.5654692902 3995.42230615947 812 76.1079954059674 8851.32695154829
13216.9034321723 3993.29430986599 862 42.3903747802801 9776.89526234889
13342.5315766934 3987.70452687705 898 317.099937618646 9384.53534735315
13021.8643779506 3990.43907586461 854 139.792379306052 10001.2626558044
13194.7944202909 3992.58851909631 850 8.37976203162589 10890.0855441929
13415.9926853029 3991.65578063138 873 173.742319626641 9933.43733411822
13491.0362166617 3996.39308060027 928 25.3142771495316 11194.7258924937
12903.2983371781 3994.86527301448 893 216.480041617435 11456.6467639826
12810.0269571513 3939.44741916863 823 5.64721427419818 11867.1594212063
13576.0005811868 3995.06865898557 926 209.555586690949 10068.6132356471
13319.0542994955 3996.31946880341 872 4.88167076805803 11044.8935174972
12834.0397571269 3994.39569149554 823 160.542889484038 9734.40148816723
13001.7474302752 3994.27333200493 823 69.782600010868 11630.1948797402
13391.640446015 3996.11205752761 863 103.628580126988 8660.17067007569
12847.4310691994 3994.56061433614 870 249.967071066842 9510.7628849791
12604.4863033099 3996.29210544403 797 289.590209754373 8236.04569551473
13291.7747790153 3984.89308604144 923 197.585096162242 12359.5040948489
13328.8317929498 3991.86267789761 880 71.1786351272126 11793.044653026
13057.451250418 3992.49671619703 837 77.7230951407325 10982.4758698312
13387.6871351092 3993.85735301026 900 40.6959218524244 12446.0197575988
13320.5119596598 3995.41910233336 892 171.500365329764 10361.9723867108
12985.7188281502 3998.39454136259 881 183.576418569131 10954.5581049629
13037.5414443539 3994.56364325834 885 75.3756243187859 11048.6311370848
12756.2945838906 3996.73491223221 815 159.898712477094 7755.54645372565
13383.7498336338 3993.04358358423 928 131.937655621039 11269.9630333639
12781.2929046774 3992.78543639218 829 169.999337646366 10351.9401703151
13482.2702865494 3995.37322656544 935 51.3640446870149 13707.7511850422
13268.8736418906 3990.5508942951 911 313.389673639763 11101.4932936131
13385.3892181987 3987.57719706954 908 212.13179243983 14647.0683104742
13333.506472933 3992.34356918725 950 309.645867438345 9938.10134629692
12971.6403475822 3993.51408656243 860 151.960798265082 8092.71843938334
12772.2025344528 3994.04683583822 796 120.280198056098 8702.70117284926
13409.7273917633 3992.99479712159 886 97.130167526363 10255.8088548659
12780.4839303816 3993.69754089505 825 168.111622120171 9593.3906786077
13322.3923013761 3988.82892609561 920 144.728062129972 10366.5555143602
13623.0444306354 3997.02728974925 944 100.340138123495 13087.2590027167
13129.7338175003 3986.82685081481 863 100.622037646235 11477.0828954831
13337.8139944623 3994.20492810548 887 56.2642518035077 10540.7302405036
12757.332662368 3994.71336477132 787 205.163893521218 10355.7441087234
12585.9646852028 3993.3349469113 715 107.419161781321 9320.7695951714
13036.0585770414 3987.58890318947 870 213.934838041229 9680.09816586793
13455.2953289475 3997.37869570134 917 56.0873564624085 9997.7271039905
13216.6368433958 3988.95628857679 904 73.3430573504456 12683.5628015753
13130.5223224843 3994.66732251706 869 128.547375072413 9316.09818236714
13334.4842605236 3995.89358017547 879 60.1723590432946 9259.76699270629
13809.6781311155 3993.05009932834 966 115.003557841482 10257.9104953454
13156.3880868101 3997.53497424542 881 144.929429013005 10738.0211063645
13359.361608424 3996.36645001614 887 217.11359844407 9918.40349327981
12970.9497704456 3994.664192749 820 64.9321483755446 10406.0309231169
12745.5664308807 3985.8174973543 789 41.4335690855742 10672.514402095
13239.8372606575 3996.20491062591 921 206.359647788595 12079.8578134957
13092.6986512228 3994.21427148532 889 87.7971556828588 12908.0847735834
13166.5473456924 3994.06200182888 881 71.7101870502827 10442.0509364833
13450.7730462101 3995.22032210311 887 8.14155180491889 10925.8671211126
13201.1229153073 3994.27526959687 971 270.841295146841 10269.3809032466
13134.5533382666 3980.77439974093 847 121.612053380008 11727.9724560629
13207.7100935168 3997.98279037775 835 91.0593900971624 10602.1986133575
