13077.9727151344 3911.44728413397 695 273.185100321317 8764.04888219554
13194.0441992861 3945.7066170659 666 9.66141295389775 7810.31868146517
13416.7406822935 3978.79671915246 718 21.8548187076158 8361.21631168926
13274.0786647148 3937.71345095572 710 76.6426253384282 8750.54794777996
13231.3519512173 3970.35473707934 659 163.019929062093 7759.61494027935
13223.3158972902 3940.24776638572 694 78.966369104593 8122.91179652959
13111.7114597805 3961.83982312013 694 146.029091009408 8981.80820888504
13203.1199183767 3930.31039867745 684 112.124027407101 9764.33132193614
13276.5187291487 3933.3712941839 688 5.84571161491408 7371.39304879923
13043.8768163739 3954.84842264236 653 102.790347564495 8101.70413936913
13069.2490755248 3967.80192566749 640 90.4931906420136 7835.08569265771
13071.4301870351 3940.1275865681 679 111.357468750251 8599.89414808341
13297.7983478954 3939.91751119032 704 94.643751345191 8136.35291904592
13075.2016889348 3938.44875229085 709 148.829475644944 9531.44217657832
13044.8257545922 3966.39855202462 639 273.732265657799 8237.34762774179
13171.5632801116 3950.5107867272 668 43.4156395238031 8603.86287815323
13198.5666801938 3968.75615610232 654 52.6312866536264 8795.54599093982
13562.7797170622 3962.7464814518 758 2.77075976328319 9418.14682514562
13391.2082454099 3971.70077505887 714 67.5369350173735 9589.10194896156
13278.1873473348 3962.92346852577 704 105.554771131744 9800.10011777422
13160.2169751679 3940.93917654797 679 70.7804860784722 8669.88322265155
13114.1935396724 3957.53146821805 673 139.484196740596 8207.53435081366
13249.8278496381 3964.94198805425 692 169.441735289147 8207.92252409017
13234.8689773079 3943.47945466169 717 191.976429608874 9053.07257594718
12997.3420405521 3972.00017959427 621 213.010215555936 7924.00490980352
13051.3326152463 3956.57144062044 641 87.6304840916603 8012.28667775
13172.5566823318 3956.63073357609 639 47.8219585388301 8148.04614561865
13119.8594824451 3958.99912177566 694 249.975476761123 9417.45503286156
13016.3879750113 3967.08936969678 628 138.51282206142 8291.98347323306
13319.6391721712 3933.86427396121 695 67.6733991986412 9337.07737849227
13137.0140297205 3949.69339691633 654 38.0858081662732 9179.76600903886
13175.6560364537 3969.23371078357 664 64.2030065212634 8572.04926604824
13136.8434579852 3959.47482379311 638 46.7166728626792 8554.55291131473
13322.741795293 3929.83443739255 709 15.9028270398753 9445.28065096423
13326.4504773904 3950.26682470946 739 67.7341978220265 8971.73070725562
13290.7624406127 3967.69453721882 719 151.559527357225 9674.94656282497
13069.3219121252 3950.16447054353 699 288.225169002337 9743.89319137852
12965.2770217997 3969.41853285765 633 186.381981306986 8094.68366281518
13179.5196501895 3921.85573993329 671 134.7160136242 8016.19686268454
12957.4651536567 3943.86587120667 636 150.707466502385 8980.28617112667
13155.9790729473 3949.38034965365 718 246.132617381731 9418.43133673863
13249.1600101905 3969.54875596911 679 146.565176307418 7187.67321542171
13155.7680954218 3978.84664238798 640 35.9630644911881 8166.16399769787
13011.6974938218 3965.40184444797 666 142.479200154657 8390.41293473179
13409.1415339374 3937.04776078994 743 69.4863595432328 10464.0409699045
13353.585368671 3951.0132132476 697 130.35919380901 8103.49833446558
13445.3008682414 3965.93165240346 721 46.9173147385798 9644.54138594921
13397.040742321 3957.31665075445 716 53.5451837199898 8628.86915155562
12917.3305023624 3957.03480622493 627 162.707981753357 8030.65859121921
13525.444839776 3931.38281911451 753 18.5164044381504 8064.62149372603
13165.6169682024 3985.94968407669 647 58.4607244227154 8774.04211530441
13172.2307528618 3958.54925784139 667 189.25633128043 7712.32454685069
13022.5697547937 3971.19325778026 658 98.3578434752249 7551.73366966133
13066.93257309 3962.47256985884 679 110.466526974222 8052.75804449104
12826.8146879872 3969.62035682861 624 264.138920675586 9082.9573107867
13465.175895397 3945.62785969755 749 109.595505108734 9777.47827574179
13258.8209813926 3965.57434897525 672 4.74723794062311 8988.89188334251
13134.130521598 3947.96478441219 676 78.7523183828116 10439.7948256703
12950.8248252908 3974.98502859891 619 256.458077049086 6866.4345026117
13466.1123115934 3946.47088687162 714 31.9445305656627 7457.67816087951
13328.9678608285 3966.55729688749 723 123.772352688296 9023.78305681212
13335.8605194697 3976.84336977923 713 12.2121732356009 9510.26258857408
13605.8185482253 3976.45858198804 758 15.4474580331193 9393.56490002255
13110.7053154468 3948.42957610236 674 130.156650106968 8438.64159928577
13434.3005538417 3962.14042037311 789 90.5143399050137 10261.7552739923
13275.3866069361 3949.92540743058 668 89.248245101785 8132.3034124705
13164.6822375142 3949.95068619425 679 134.022714914704 9986.02407818429
13124.6175990561 3951.33738695488 646 174.315895313227 8152.15299451131
13183.4151086541 3964.44512931446 696 238.648186095883 10024.7080746056
13218.0868935681 3950.29967378356 669 38.3304229252203 8754.00248251334
13335.4870207439 3961.17539899596 699 24.5004762835449 8843.61223598563
13204.1548876565 3965.74848157735 679 153.036104097138 7924.53952875804
13344.808583933 3949.27530839587 680 154.752151327962 8001.42890849633
13338.541937104 3956.54698996038 738 146.094264642714 9429.49782444053
13591.4705663069 3969.96902688415 728 68.3981553305614 9405.81127717803
13464.0314824576 3948.31051469484 739 126.311491510998 9050.27189588522
13135.0696807218 3956.33716818627 648 187.19053459196 7868.64362777728
13014.0635207156 3957.98738318575 676 235.730443220048 8452.97953217205
13191.1580854193 3932.14029461088 703 199.650194248784 9025.47997735106
13377.2711139136 3935.98762455612 745 236.627293120347 10441.3503750466
13036.6427343932 3954.55042140872 646 158.965855842713 8425.9577745487
13150.1852058552 3944.39977088177 638 46.631399065398 7170.41531852455
13016.3430414033 3966.40107457444 599 41.2661800305812 7576.86325331217
13176.8274374112 3930.88541674303 679 183.181782427905 7701.10242679489
13117.1541081311 3963.89953024017 694 186.0158717092 9825.36522649984
13269.4241169629 3947.2292794272 693 72.0889785394079 9833.56502501747
13322.2586615899 3973.11617348503 713 102.062122796488 8453.96418474787
13151.8007524687 3975.02270692186 681 189.930528097593 8880.52879086825
12905.668254802 3973.86146662709 629 228.926474771437 7318.51994956337
13182.9073252168 3961.27603934578 679 217.692266904596 8968.41211517009
13169.8040997519 3969.9707685306 674 164.20376073952 8230.65256180222
13594.7768599205 3946.27609010655 782 126.168848227145 10273.1200149771
13466.3084746023 3954.50334967064 719 13.7012732408118 10442.9809176705
13401.0839983615 3957.77502249212 688 40.3044905159857 10183.6380604635
13216.1492501506 3963.99573795248 733 222.572768356267 10361.6422516088
13353.3015708889 3975.40449412876 732 96.0406503375659 8665.88726114843
13178.6832740027 3956.7677566479 677 193.319922209286 8167.52786570737
12995.0894689325 3979.49446149062 623 112.467934511548 7622.79075762506
13358.8043944824 3945.51950527909 698 91.8393787067346 9351.76602069086
13111.6559937788 3960.66356285302 666 139.21204667542 7905.98951287515
13119.6850603221 3956.10656432029 688 115.064520208752 9639.40585011039
13296.7362621131 3955.74944713843 711 71.7790975276807 8662.05435814593
13218.3957015058 3956.59351042078 657 94.0173263283605 7789.87053972108
13365.415174242 3973.9926156267 714 109.045634984298 8006.46165527152
13146.2863279011 3939.38944463196 665 84.6888791305294 8910.6428888493
13288.3409061626 3966.59627704381 662 49.3418250132434 8823.66644944407
13043.4768776201 3977.24537699098 676 167.761369424671 8451.0080914906
13023.3624772568 3978.85039810209 653 142.389051106824 8006.30240319384
13293.9064657357 3967.89631151466 709 50.3183087311602 8574.76351233599
12932.6911408184 3974.75342142081 653 239.040930539669 7845.08061919449
13161.1133174423 3970.9813537836 684 166.555736715378 8432.28578887911
13164.7811661918 3967.671024929 655 245.392714523889 9046.43557517826
13171.9103878362 3970.05004608139 668 115.719759025272 9174.21158953162
13281.5053949765 3949.87438391539 675 160.264683739026 7704.28788683426
13193.7549925465 3950.24116310516 686 363.823819068979 8513.55331912044
13559.2618330346 3942.57095938355 776 148.363613943967 8126.24008251004
13232.020881772 3958.36840490768 747 226.901502332503 8710.27667954393
13256.4892303671 3934.12549544325 719 147.292543999627 8187.64424834978
13381.8554106082 3956.99412213762 711 126.8870294754 8597.33956679709
13196.4648999429 3947.69364294824 712 285.0081181056 9198.67349996362
13067.7100856745 3980.76642100304 674 272.253678798867 8080.14820580636
13047.1564722782 3960.07850458247 653 160.986117024992 7423.88911925579
13269.9783509469 3948.10338678161 701 76.183012543624 8254.39944691527
13337.597397715 3971.88798738857 696 63.6478684725548 8782.66257886105
13247.4137396031 3986.45740296119 694 175.818002693544 8519.38174034327
13372.4700867981 3955.64534081628 743 225.720573348362 9904.93204840755
13195.0849747279 3966.44827241424 673 194.507288462171 8603.01015969527
13042.3232136967 3946.42546720993 639 62.8902717114254 7003.75440437749
13293.2404991988 3959.55501674935 698 30.1423601558633 10182.6884090756
13228.727961557 3958.47549829447 661 144.410751624182 8006.06995296023
12996.6384697409 3962.72579662502 638 185.038849728941 8211.73543451216
13203.8833798944 3971.35741155448 671 190.90230495676 8834.01120192146
13186.6044554244 3950.23501284669 664 84.0718497828345 9205.16208013479
13070.4227496296 3974.58437326446 645 183.186410140011 8763.79890301647
13082.587694894 3981.3298849747 646 213.637430340605 7504.50906157652
13378.8504800444 3975.97507364025 713 23.8825059298401 8320.23286649445
13430.0917503264 3975.00550472392 738 147.188295058733 9301.23004798946
13202.3872225356 3960.96242808414 704 118.122875298865 10075.3466438201
13649.54813366 3991.42512676411 762 40.1889762336148 9343.53578911057
13619.890826594 3979.57777158991 740 71.2315344102176 9150.6270161025
13493.0106072344 3993.61875719351 767 112.867259410066 9095.69914261995
13448.8272915445 3996.46649248781 717 148.312262163415 7991.57065830075
13166.4113599224 3990.09570951225 667 165.324672641997 8313.04088701501
13375.2804539746 3982.31640273492 732 21.9796603479581 8599.07321360339
13683.6054427206 3992.30033932015 811 1.86915473960426 9901.50932106105
13474.5141820586 3946.73383396996 791 123.009941598139 8786.15277439529
13693.1860766762 3959.29376613918 794 7.13393797573917 8473.48994246153
13386.5633073101 3926.95493931766 766 167.461330061313 9610.24911784248
13184.0490780251 3984.37821569018 682 84.0363803412074 7460.20542877223
13471.101433159 3989.71606824264 782 162.278933561738 10545.7913527053
13508.1214999609 3981.41641405219 789 75.234179782416 10106.7303945514
13666.4355673523 3971.62314980947 835 245.922253364419 10008.3199901932
13293.9375513259 3989.23953618113 714 250.084654402664 8543.24223083584
13611.451175738 3992.48917087126 756 3.72465932625437 9755.20067894086
13210.9734239271 3976.70255835689 744 248.852025416544 9519.75679945927
13211.9640834066 3984.86049820195 724 259.998264679847 9265.42474353711
13398.2967547014 3990.73860719352 738 45.9580451027095 9976.26792674053
13521.9768561094 3969.87054630615 789 41.7140959742935 10186.8691801434
13743.2418767235 3984.04710994149 814 173.021575511791 10053.8911270955
13335.5106034194 3994.1077436436 704 84.18482739197 8743.43297480673
13694.2347569623 3978.6713414713 809 0.664308057154358 10604.7862332108
13896.3631532219 3994.10745930876 836 122.142974443317 9910.40800833138
13289.088235935 3988.10124402694 693 127.898561685866 8491.74878645735
13611.9157809753 3968.98046155022 789 134.080718174389 9167.13986688364
13283.7785248107 3990.20623938301 729 93.9916793200041 10356.9093186661
13417.3393244794 3991.3872803569 789 227.51591359002 10574.7056634296
13486.2222091298 3994.04960147118 720 176.19795117483 7510.24470246945
13803.4943405568 3995.34275622632 818 224.25391900112 9967.81751977093
13756.7117359283 3964.24539172897 816 146.022197907172 9108.75384660643
13664.2524062388 3991.2612259849 789 44.9210080020666 9985.32687093099
13379.4812721315 3991.27795721861 768 167.032917306574 10348.5004644712
14044.4106202006 3981.83900991565 846 2.0508399265841 9674.62685871226
13361.012456285 3990.031749361 720 82.885160433048 10139.8340218324
13499.9697860516 3981.2410940922 740 54.5490673927955 10595.367092477
13361.1094020457 3997.08829406213 720 138.518123106818 8468.63560872767
13330.8922620482 3978.61300773089 725 90.2169972732697 11119.8384641209
13451.4484930489 3986.76027766307 740 174.708791736165 8611.37780106944
13421.0154939836 3987.26315839595 750 13.9490561115038 9810.4737521914
13351.1714402415 3984.92604291732 757 142.761095963916 9340.74361031191
13422.2908120359 3976.85723056518 767 63.5795647984003 10530.1006454728
13485.2273187936 3938.48598240384 767 243.062744047771 10230.6259840347
13827.939109807 3985.344032586 804 114.404238833046 8824.23910707833
13856.5013547361 3952.66156187413 836 230.143460320274 9143.57703515943
13777.2837667115 3989.50775176471 790 0.853450353715516 9718.96039134306
13619.890826594 3979.57777158991 740 71.2315344102176 9150.6270161025
14445.8301151328 3980.86534619165 866 4.32944409254719 11208.3403153823
14077.7834668536 3984.53835974985 853 177.105725605781 10771.5722323203
13505.4414018728 3985.18867635386 737 155.389025954452 7793.9428842488
13166.4113599224 3990.09570951225 667 165.324672641997 8313.04088701501
13608.2334442859 3988.83982161152 812 51.0987841368687 9054.30353164361
13747.7894829046 3992.92064616078 824 22.1998603293969 10386.2799404019
14122.8637263038 3984.85357670275 833 21.7395332812685 9337.18700356445
14084.3533053066 3982.21292915061 837 41.7619656030724 9218.34446747508
13708.3865054233 3942.46406320698 796 176.807409241348 9601.46952900885
13832.9327714139 3959.92581544076 835 133.446116649385 10754.4860534434
13822.6118024401 3956.90646692391 816 184.017094920832 9938.33986174769
13395.82502108 3985.92277744838 733 101.744339119888 8190.77007385623
13545.5865800219 3946.28508730361 795 56.0221940738593 9652.4245798712
13479.053381629 3958.8748879548 789 163.27292712048 10735.6397016037
13591.2394797209 3987.28847030288 789 48.0485260205978 11022.7506752612
