3881.24531671137 887.969919922984 484 49.4013957694956 268.535329754142
3719.07717878322 889.703641996852 451 12.7852077186089 359.206363045193
3781.07678973769 881.959569921319 462 27.2545200296707 298.147423762379
3933.74569460683 872.210209631806 489 15.2816767214714 360.069753043155
3719.96976335818 885.210876989297 439 15.1919871820934 383.140795238372
3848.52071142034 881.681979248391 484 1.45785342429542 387.518673070646
3848.22278069608 887.127318612936 476 4.98772487969092 330.532075612512
3920.96858823057 890.037523704474 486 20.7419659193928 234.08261974492
3836.17466312227 888.746542464343 476 26.4598648667834 282.391548286167
4111.76262245481 904.240038544774 531 5.44058374502447 431.93998413101
3798.65000684074 896.645422751273 476 67.9992187847469 271.112203129018
3818.23037767069 880.199403023614 476 17.6058614489432 448.314958975163
3860.44627563715 877.601546527516 484 11.4752693820748 339.923794137224
3788.44674750781 896.879400398869 459 1.02888149591217 563.068585039785
3909.639578804 893.012110163662 502 63.6159892907504 298.94554172046
3887.06459464566 885.093979380287 485 15.2613476085875 249.131045161949
3984.01121618718 875.912569245925 497 19.6366640388906 430.627960849282
4024.48420500979 870.993474322631 532 45.663756450136 594.198081750302
3920.31689888513 898.486296998532 498 9.69095786204991 515.95330504129
3847.30813556321 889.374579313588 493 14.5336481597373 530.913354690638
3639.55008228134 875.191849382952 428 13.7078997638304 547.810269858899
3856.26977953357 878.427190957637 484 1.50439171663066 328.060925320871
3837.37089843167 879.85913946919 476 7.1191568843409 262.174354779709
3789.92745452596 891.162251366031 462 0.794902385310252 457.649156647667
3745.71444097174 878.521228244993 451 8.36782916354764 307.567408673463
3864.92910865485 870.503610386852 484 30.3514482472101 355.335366258039
3787.39892136992 861.960259764532 484 41.901286208348 324.679061332094
3887.03144565893 885.575138756065 484 30.523101910618 322.188856482123
3699.84036968881 895.925309235541 401 5.74842778484953 452.02737098214
3786.3717782905 872.248638979966 476 35.0307166753047 447.841055861224
3824.97007385304 899.06558293603 476 31.8099440142023 334.610438869367
3778.96244842003 905.812073455915 432 4.45808960960198 399.548103013212
3840.58593705616 868.111738483651 484 25.2943718702255 336.062774653253
4029.55059888127 894.728631316076 532 23.6245575644332 686.168977541332
3787.22188830108 885.167363065301 462 19.092613214073 274.072586638566
3752.56294996174 864.454364674153 476 7.73676098192209 537.989256890019
3684.21789085763 903.35626552817 428 11.141731518773 517.08575675055
3843.08763247277 884.460834271673 484 29.0992127177333 352.184227845476
3781.43945782793 882.694916863874 476 5.76261506886311 457.819339882897
3886.58010391956 890.303697165138 484 21.6594329650669 460.833060586734
3941.43537487809 895.069776504831 507 12.3341115507951 339.26551746411
3832.49201311674 877.930418591176 484 34.3226955407947 350.802510377121
3919.07844239202 903.466516763079 484 10.4394581197235 305.798147062295
3596.18701305004 893.648442914383 371 21.5433530723661 291.151061377868
3871.89434338583 889.596332922503 476 35.7186418660385 309.468698628019
3850.47329276235 882.176444470836 502 26.8712000481989 639.720283544891
3738.38628098494 886.502363751599 451 9.22148822978033 210.317250417179
4073.40606799854 894.053896217653 531 42.2288523824672 481.742606215799
3914.16236110307 899.955372532149 507 17.5261323208975 625.453347395204
3830.27754358714 889.225315104466 476 2.03778375436144 416.065287876784
3634.21485316405 845.344056325219 462 21.7685057441112 392.777450307254
3803.10348548028 886.813179664729 493 0.808370475534161 588.012171580877
3608.22190773687 847.161596787613 428 24.609049441599 294.509225920084
3839.56675904481 895.529225374536 493 0.14372657109061 401.963288577776
3905.82134278493 890.206837851498 484 14.6345512311074 486.391607466498
4048.64540600091 894.01278597384 525 46.7456931473969 515.714888016799
3895.52076561054 892.784736033348 484 10.7655477128598 493.437827842956
3727.4069564448 889.512562720864 420 20.6029444292963 450.571972671417
3708.67252656963 863.595175486083 451 48.152822152309 270.510282272681
3896.76302442218 886.253197444643 492 18.0181666376752 378.653206218325
3774.12366138537 858.780251207758 484 3.29483729366564 486.54766135122
3867.85881403769 877.024924903486 484 41.7890983926497 458.52716840896
3884.41578139582 875.422306502399 484 29.791696588298 392.83989568774
3786.71469231913 900.7405131108 462 1.80962442769902 364.333944539414
4016.53140000634 889.015718795291 497 42.1784914638095 258.828115102477
3781.07678973769 881.959569921319 462 27.2545200296707 298.147423762379
3933.74569460683 872.210209631806 489 15.2816767214714 360.069753043155
3622.52467992181 858.59483635247 401 24.6731468887067 311.959006913346
3818.81242365902 869.03859978115 484 2.25568254586955 409.575832404361
3823.99255936663 865.594006569703 476 1.95894721350913 359.863423910145
3920.96858823057 890.037523704474 486 20.7419659193928 234.08261974492
3881.31697872818 887.57642726374 484 20.8170754160456 279.950553313364
3798.65000684074 896.645422751273 476 67.9992187847469 271.112203129018
3818.23037767069 880.199403023614 476 17.6058614489432 448.314958975163
4011.07413797754 891.990662806724 515 50.9366693940588 367.779246950786
3843.25346175185 895.324651830977 482 30.0314248710055 347.191105869492
3887.06459464566 885.093979380287 485 15.2613476085875 249.131045161949
4019.93986783934 883.970770687245 559 45.2563583701584 547.057200416891
4024.48420500979 870.993474322631 532 45.663756450136 594.198081750302
3920.31689888513 898.486296998532 498 9.69095786204991 515.95330504129
3847.30813556321 889.374579313588 493 14.5336481597373 530.913354690638
3803.67658080542 873.140523252693 476 34.7743136119814 406.91748054229
3856.26977953357 878.427190957637 484 1.50439171663066 328.060925320871
3875.7717769204 898.944541573833 476 11.9192666954327 292.478223161542
3745.71444097174 878.521228244993 451 8.36782916354764 307.567408673463
3864.92910865485 870.503610386852 484 30.3514482472101 355.335366258039
3710.28457758738 901.060241090378 428 15.4362873175699 510.876903735259
3819.75337958012 890.017550443978 493 34.882396262876 551.138870427028
3847.24069780491 860.709326850934 492 64.3419523714692 353.622796859965
3699.84036968881 895.925309235541 401 5.74842778484953 452.02737098214
3842.09758542212 876.780918343468 484 41.9964425667569 421.46886501881
4050.08509803391 892.155384156696 521 2.24764526675614 824.790734754097
3824.97007385304 899.06558293603 476 31.8099440142023 334.610438869367
3774.84373893987 907.053485525832 420 2.91357355454187 482.859158505251
4022.50576631632 888.532118575552 520 2.55439321270637 515.659493695407
3787.22188830108 885.167363065301 462 19.092613214073 274.072586638566
3752.56294996174 864.454364674153 476 7.73676098192209 537.989256890019
3684.21789085763 903.35626552817 428 11.141731518773 517.08575675055
3885.67579506532 899.772803967372 484 7.26692708581101 475.34355489331
3880.71212513326 897.48570201584 476 0.889509403751276 449.824922560327
3886.58010391956 890.303697165138 484 21.6594329650669 460.833060586734
3941.43537487809 895.069776504831 507 12.3341115507951 339.26551746411
3921.43692340359 899.626656486818 512 0.800780754049356 418.705963349841
3832.49201311674 877.930418591176 484 34.3226955407947 350.802510377121
3824.97007385304 899.06558293603 476 31.8099440142023 334.610438869367
3774.84373893987 907.053485525832 420 2.91357355454187 482.859158505251
4022.50576631632 888.532118575552 520 2.55439321270637 515.659493695407
3787.22188830108 885.167363065301 462 19.092613214073 274.072586638566
3752.56294996174 864.454364674153 476 7.73676098192209 537.989256890019
3684.21789085763 903.35626552817 428 11.141731518773 517.08575675055
3885.67579506532 899.772803967372 484 7.26692708581101 475.34355489331
3880.71212513326 897.48570201584 476 0.889509403751276 449.824922560327
3886.58010391956 890.303697165138 484 21.6594329650669 460.833060586734
3941.43537487809 895.069776504831 507 12.3341115507951 339.26551746411
3921.43692340359 899.626656486818 512 0.800780754049356 418.705963349841
3832.49201311674 877.930418591176 484 34.3226955407947 350.802510377121
3919.07844239202 903.466516763079 484 10.4394581197235 305.798147062295
3596.18701305004 893.648442914383 371 21.5433530723661 291.151061377868
4005.70903742601 876.257183483638 515 51.9998208020825 639.641345579497
3851.18017471795 904.146842848922 462 1.44432717402765 503.379263322607
3855.1624161532 878.338083269699 484 5.05399194014007 616.38909356841
3992.7955754595 890.65854567751 530 15.1253525909038 533.075921141585
3850.47329276235 882.176444470836 502 26.8712000481989 639.720283544891
3787.10021879677 891.952397417733 451 3.13224600330159 233.445643547248
4073.40606799854 894.053896217653 531 42.2288523824672 481.742606215799
3887.14278619398 870.321116992576 484 31.3058895263551 378.180146346619
3884.41578139582 875.422306502399 484 29.791696588298 392.83989568774
4135.97126501073 898.715922901065 545 21.8299301926211 437.425839202311
3832.27436389832 897.513957548261 476 3.88533451969948 341.16620656452
3859.97956360728 830.823406582941 497 83.1388534824447 323.115206049029
3889.23653881619 878.494930224462 487 58.0903491125778 237.861396801456
3758.86789662374 873.852608511403 462 24.4784083904264 257.66883407012
3910.60863039972 861.472981437495 489 18.1738097473595 385.721077345642
3799.1540527278 875.197761669272 470 1.73166708085466 316.603872947338
3622.52467992181 858.59483635247 401 24.6731468887067 311.959006913346
3885.41305557303 900.462123071717 506 3.06220853518607 484.690739899979
3818.81242365902 869.03859978115 484 2.25568254586955 409.575832404361
3859.78162458265 892.953708570212 476 6.4325803655118 256.857452614319
3931.65255043867 890.360757464691 515 24.7484517474298 293.465354409376
3962.16140491867 894.466274813252 493 51.1337352374828 276.073786517714
3947.46371138429 899.508417880602 489 12.1940795809157 298.970048102137
3937.72542853564 892.315261791573 502 24.9739804288436 370.182143271328
4011.07413797754 891.990662806724 515 50.9366693940588 367.779246950786
3843.25346175185 895.324651830977 482 30.0314248710055 347.191105869492
3887.06459464566 885.093979380287 485 15.2613476085875 249.131045161949
4179.59300019595 900.344496580561 589 16.6997506237507 722.533595347825
3836.19455189044 892.147814486782 462 2.70103807030137 430.871802664866
3914.74131448073 896.663756459523 498 11.781802013699 499.660682596091
4161.02716161376 885.458911977186 556 26.2562084607499 497.70140494773
3884.41578139582 875.422306502399 484 29.791696588298 392.83989568774
4159.25976912332 897.908750886945 563 46.4435589031425 398.06669458408
3832.27436389832 897.513957548261 476 3.88533451969948 341.16620656452
3867.75135972103 831.125590480804 497 82.167378968226 413.355178898584
4045.5608660116 907.015025458048 524 9.90702443982269 583.283849365658
3910.60863039972 861.472981437495 489 18.1738097473595 385.721077345642
3908.93004432739 892.631741822818 484 11.9903318690935 377.061464300587
3939.06005847253 894.150710859902 532 17.0554175521245 420.442159956731
3866.23383552919 887.560982256048 484 3.67199393790128 464.229979481363
3921.00837536839 886.912238588147 486 20.7568860960738 230.114177597974
4193.18451220373 895.154428058605 556 30.0764663665884 518.848480415851
3893.37080739404 890.704666019123 484 50.9170821048289 305.949715162329
3884.41578139582 875.422306502399 484 29.791696588298 392.83989568774
4167.19472224863 888.630214645103 563 45.4516897624783 420.529019596654
3824.77698318751 894.927430259583 476 2.94816193084915 333.406624698484
3928.94726919062 880.559428936084 468 4.10224926944193 240.607113657326
3968.72075633235 886.687147516986 510 19.5120381497282 497.641898951332
3786.7387900369 854.955638325538 476 3.28357491721658 303.53593483846
3688.49458175609 858.467776225181 428 49.4118600765631 324.188845136489
3939.06005847253 894.150710859902 532 17.0554175521245 420.442159956731
3866.23383552919 887.560982256048 484 3.67199393790128 464.229979481363
4040.70233592112 898.894089778188 502 14.6459053614049 296.992965723427
3830.20536469013 859.650830714131 484 41.2633807386978 435.210755697628
3921.00837536839 886.912238588147 486 20.7568860960738 230.114177597974
3915.1498408612 875.133351415574 493 57.0101807446671 214.380183345038
4026.74555476987 894.482963190467 496 19.5320744750489 275.3688342757
4003.45249211152 892.666412946301 525 19.1926771718191 306.583377224482
3910.82997259485 882.321370915438 492 3.55524666882934 425.395290283994
3770.44963660525 846.527870313724 459 79.5005593762355 235.245140719038
3843.590702546 865.696507520426 476 28.1647939096109 464.661755876937
3821.52479696661 855.942538931447 481 63.1325306024784 653.453863056838
3974.39646366381 894.237957069779 500 28.454631556663 435.971493582913
3995.90301887037 882.09893112287 501 19.4560435075094 390.806656351922
3822.35212286308 906.627511656521 458 4.30173996715962 507.35283484124
4050.0527060626 899.329806487946 542 1.66305147520853 587.111253931591
4011.07413797754 891.990662806724 515 50.9366693940588 367.779246950786
3855.91886418924 859.612337066871 485 66.5434462167844 230.499144555319
4015.18055158671 879.264431242971 555 44.6614438385793 515.742804701759
4193.18451220373 895.154428058605 556 30.0764663665884 518.848480415851
3878.60603003159 885.783073564975 484 49.0714849345233 210.024082478045
4185.59787120816 902.376979417846 562 43.1512961425376 419.559925009075
3805.77240906349 887.599813542746 476 10.0748772273572 289.137191496947
3928.94726919062 880.559428936084 468 4.10224926944193 240.607113657326
3969.23036155303 896.197386228543 521 19.448337497143 577.05253924272
3861.81854356883 902.621488147691 471 27.8169959320434 302.360489066169
4012.66311811196 886.435328668374 494 0.241969673327844 444.239015685701
3678.49135730028 854.427884657706 428 50.6622631335401 316.109062001538
3842.18812199719 877.961271872591 521 29.1644096115414 370.239353227481
3866.23383552919 887.560982256048 484 3.67199393790128 464.229979481363
4040.70233592112 898.894089778188 502 14.6459053614049 296.992965723427
3830.20536469013 859.650830714131 484 41.2633807386978 435.210755697628
