14306.1140767579 3917.93264960116 1458 195.256791249905 16773.1678732016
14156.1058233364 3979.45953925051 1348 0.396536138792726 13662.1979150094
14257.6190296197 3873.98503352096 1458 40.8447442730105 14723.5441309915
14537.9183695215 3982.85642472489 1458 130.93785421912 16660.9629681509
14266.648516447 3900.32493163161 1458 110.843202637989 16301.3592810961
14307.8131052906 3839.90372556129 1458 118.175165916843 13546.4124296104
14548.3563368612 3950.30500895454 1458 30.6984574107435 14293.0838307052
14469.6386131006 3977.85527728098 1458 205.27355666 16382.2758714219
14432.1094526261 3924.9400411969 1458 131.774975547954 14705.6659504029
14351.9695563272 3880.67575798297 1458 84.7728783579782 15499.4915755492
14115.0303980089 3818.35002998345 1458 53.4219023078458 15368.3190065379
14403.4201236079 3896.10653679451 1458 86.0607449852082 16008.4782025524
13974.5581663096 3773.58522995379 1458 17.6483365521722 11250.2413096359
14507.769594167 3955.40542222957 1458 35.5299108019199 13868.1895049291
14701.2257089547 3985.01627588302 1458 69.7812136986554 15324.0128368314
14458.813325557 3950.44188629466 1458 23.257262173408 16027.2339640213
14068.5303495213 3947.92503212419 1328 11.9593883863545 14998.8025044282
13901.168752198 3944.37363736222 1315 204.472516833238 15042.5548937558
14573.8644723824 3952.30959168242 1458 15.3384106812334 16507.7713468102
14451.4559804553 3952.81751814707 1458 178.672282998617 16128.3767497852
14390.8680080355 3898.30490447378 1458 125.341053230464 16050.7024770055
14578.2243807117 3971.92153780733 1458 115.762562818682 16023.2071836776
13987.2278428933 3970.00762140127 1312 0.117769927592235 12666.7462709503
14538.4871443138 3944.29113180451 1458 39.1862561693499 15803.1896685976
13942.9228682606 3990.9761943388 1312 125.007944510601 13958.6070678409
14317.5735003116 3916.61680791488 1458 134.139661263649 14517.7093378056
14448.5774691204 3951.02437728242 1458 141.936116010436 15868.167413853
14301.3481332599 3838.91800097967 1458 173.790262565534 13474.9536984008
14447.7947650623 3957.73704850426 1458 170.149700790281 16157.7950386146
14415.2573534702 3880.85704475245 1458 35.4393915752207 15900.3328613315
14667.0805761632 3981.3183588928 1458 39.6592596592261 15903.2325853982
14489.2151285962 3966.20027784709 1458 135.493169077898 15301.490967563
14195.7272897789 3969.59484465961 1342 8.47737825162449 15070.5739098852
14342.8462170583 3927.70417908981 1458 103.768842333307 13559.0742263766
13943.5436788328 3967.35137798533 1331 152.270179060855 12917.9604694
13948.1134074664 3966.1904531561 1324 50.9713342687583 13216.9525326706
14384.9090098952 3927.07880306434 1458 166.155201951435 14653.8780336648
13951.344699237 3913.49724954269 1327 121.606362943241 14932.1658431184
14260.829902134 3879.26844924308 1458 179.822417769338 14809.4467401828
14302.8485452404 3912.6887886254 1458 136.205113028882 16356.6144742783
14458.9331497641 3909.15323966476 1458 55.9269703763723 15293.6661122634
14374.2187896038 3915.15223116509 1458 59.4090542782219 16014.7886945447
14677.0881833892 3975.89373689656 1458 142.514601547693 16039.6531007705
13968.6792633578 3932.25868461801 1347 69.3398395941326 14993.7843367187
14462.3716871864 3959.87728431886 1458 53.0919223888748 15729.9449002035
14411.3424997144 3845.34808457074 1458 171.323523090945 13959.0870734357
14546.6584650136 3947.13874562929 1458 96.3604265407455 14469.3579244829
14481.1998570414 3981.87307000091 1458 77.7798934169405 13288.2746766134
14481.2515023578 3931.42339862564 1458 12.9532680253251 15428.8750281241
14172.8157810852 3818.27218467271 1458 178.172925341909 16163.8123599258
14048.3809166314 3986.49181947244 1324 15.6068139884437 14383.6549325054
13940.9156677761 3951.16536340633 1326 116.485443584786 15121.6937787422
13939.0927160609 3955.34082687008 1325 167.202080973572 12315.5638983861
14448.2582669548 3930.75439723368 1458 129.435437457164 13683.3759730368
14494.776048654 3898.19404454627 1458 52.447225306621 13888.8890718413
14496.5405065883 3900.02747816338 1458 24.6957902515383 15314.6246847556
13880.1352786633 3781.45549452747 1458 112.243831593687 15513.2510584635
14024.5621340726 3778.88577229929 1458 73.9441800185671 14105.703856709
14163.2633270265 3983.00977160944 1348 2.2875277449873 12570.4622293374
14153.5473807356 3732.07554335026 1448 12.5325169693836 12726.5959049273
14227.5644200186 3856.68608361631 1458 52.1152228734345 14922.7030371215
14550.0745055754 3921.32456697887 1458 30.8027049827801 14638.3774663947
14283.1093687291 3838.28196606043 1458 226.491229516256 13884.8450474625
14237.6479660067 3878.04678973742 1458 304.788123802435 16336.2152486147
14349.0445210997 3858.76698709058 1458 155.842053210203 13968.5904107176
14580.6717209321 3980.83837524361 1458 31.7927470122963 16593.6243026764
14469.3104047546 3958.42798647343 1458 272.783416126748 15905.8934624865
14334.871132213 3856.23325981782 1458 19.9531880137322 14125.1662821062
14258.2840345416 3906.95915568861 1458 149.449256242094 15645.9921293537
14548.3563368612 3950.30500895454 1458 30.6984574107435 14293.0838307052
13945.0078284748 3705.37289652906 1458 414.627246798128 13690.4947104124
14320.4460103519 3870.32629699064 1458 10.202062084612 13653.5789556471
14538.584283911 3979.28908586099 1458 109.041754508416 15156.1292084485
14393.0695833607 3925.36156412581 1458 174.502536035691 14254.6027256197
14372.4449644669 3969.93836135834 1458 136.140962915226 17743.18833939
14669.2994071309 3981.4600300617 1458 179.974966302806 16659.9994334837
14339.8033075584 3892.55676965011 1458 120.236707414488 14684.2829292833
14511.045922498 3950.8562874585 1458 144.487807194268 15493.4141679392
13692.9833185216 3562.51197998391 1458 489.236045243696 13389.4211940303
14488.5893583888 3891.5277869065 1458 85.4443089327506 15891.5626415715
14115.0303980089 3818.35002998345 1458 53.4219023078458 15368.3190065379
14648.4286127456 3972.67551445244 1458 99.743188607122 15037.0977645202
13949.5198816645 3639.68557821301 1458 143.725075016201 14013.72388257
13974.5581663096 3773.58522995379 1458 17.6483365521722 11250.2413096359
14427.17636567 3945.46021541559 1458 25.4557572397857 13763.227640168
14264.1575694426 3765.22831269387 1458 233.681766015686 14453.5914183945
14475.6867361677 3932.59063878634 1458 37.4426489348753 14164.6125844918
14409.1190902101 3924.04945497478 1458 10.5695957505209 14699.726329846
14454.0113231794 3946.97928223187 1458 225.748476386158 15896.5720016021
14537.7323401485 3986.86724840351 1458 25.3285881860177 16417.1392877561
14631.5491031766 3980.56495048471 1458 194.744059833684 16319.7819807338
14452.1548826477 3919.01485827053 1458 67.1297577663283 16282.4851290923
14134.1037306448 3859.31608587089 1458 104.128792392114 15414.6705305317
14550.487944437 3969.01402804818 1458 19.744226626312 15658.0330641212
14448.1513685088 3928.76968267933 1458 112.045434533513 15960.7737847541
14355.9405718328 3879.58313953496 1458 120.975123705129 16365.9607931436
14562.7710540558 3959.71490894439 1458 113.830896986687 15691.2899478967
14220.6725936527 3822.32439158415 1458 19.6123516783789 15711.6463779666
14340.5287694501 3915.91089451894 1458 46.5138607960039 15093.6094317896
14378.3431887023 3834.76432318579 1458 25.5632912643632 14876.617485129
14472.1196225354 3987.52846336877 1458 191.15753879495 15134.3738811385
14034.8369863783 3800.68853547661 1458 98.7975970219927 13549.6780519895
14154.6733252885 3855.31306960095 1458 105.19809803145 15259.07153985
14140.3182397491 3712.13278793671 1458 85.911077149339 15141.9904148821
14303.3257219888 3879.98815657657 1458 76.465324676104 15462.7475348584
14568.7254042853 3982.94940273044 1458 119.599716605947 15567.4407242176
14588.3827534777 3989.94387513983 1458 217.983350060119 15118.5426773322
14433.9671598621 3867.58197825208 1458 224.61837373563 14091.0196065807
14529.0664511821 3925.82628008795 1458 60.7820773511764 16085.1999930603
14355.2570454851 3901.58096067191 1458 162.643915435417 14300.004518664
14257.6414086901 3812.88492039361 1458 190.180284279198 13193.5288009916
14635.7964830553 3975.28660652936 1458 160.895406978471 15250.4193032106
14028.0081672318 3805.42945629713 1458 66.3846144426561 13837.6004140002
14263.129828528 3896.39424760743 1458 147.066583723494 15350.7894490764
14511.6832316772 3963.1951750694 1458 175.393842150449 16038.0889669387
14415.2573534702 3880.85704475245 1458 35.4393915752207 15900.3328613315
14585.0102713913 3972.45241998549 1458 80.1152937257316 13614.7433680951
14362.4709289912 3887.10388697055 1458 77.7354655557219 15351.2220952529
13791.9098946173 3738.13156094429 1458 54.503489717152 15323.2408292093
14489.2151285962 3966.20027784709 1458 135.493169077898 15301.490967563
14415.9087281496 3935.89202558126 1458 78.0467531475433 16665.6066934369
14273.4863613092 3833.00701884317 1458 134.084220736166 15339.6016258654
14202.8551069775 3971.32629843414 1342 11.1503097010936 14776.2997690813
14105.2935138779 3811.50692181938 1458 121.136394662446 14075.5955557835
14522.5232590428 3957.99520407712 1458 101.430372487717 12864.8223762027
14371.240206127 3894.36387603735 1458 31.5050221470758 15575.5961071028
14318.1350834953 3899.90809769871 1458 100.679950637939 13221.4406121397
14003.8356717614 3965.60052799888 1346 129.660681712651 12531.5095330102
14535.6647287916 3959.63012159427 1458 175.315464657611 15493.2203636991
14463.8051652504 3883.94006062443 1458 78.1562690966198 14812.0754590085
14546.1392473197 3987.93681753995 1458 200.280117348149 15883.3155575937
14502.9341694264 3935.19771948464 1458 6.10547687173289 14236.1512520396
14371.7538535189 3938.88903454548 1458 131.499848119284 15232.4125142634
14288.7319243013 3899.32103964352 1458 60.460108854759 14170.8775652509
14619.1688027975 3991.35464382951 1458 71.2920608566255 16906.0462696248
14130.2495669645 3743.69588484312 1458 163.499875873149 14039.5285013559
14576.7507084457 3962.54902849785 1458 18.5939917293911 15836.5278409441
14123.6093316799 3800.37821987554 1458 306.389938150682 15557.2867504611
14229.7217084167 3773.21047375133 1458 187.72949862533 14513.1946791568
13920.659603049 3750.39759155544 1448 2.71415595886856 15197.4984552771
14604.2820401393 3941.96060544228 1458 76.6975297634158 16537.0334203312
14489.9134724836 3940.88666020179 1458 102.651256486176 14040.3842633692
14547.3872263889 3962.08949366461 1458 39.4227832051718 16274.9505792177
14447.5319090708 3906.47377944921 1458 69.5565574441982 14270.6995452355
14613.6264385403 3978.25802264629 1458 211.8257628642 15140.5419316151
14508.1779315343 3948.44021987836 1458 27.8694576624328 15299.5341446433
14654.7687511746 3981.5964001475 1458 108.732436050082 17407.2241439572
14454.0709785491 3954.29200957315 1458 56.2046881278843 15376.3922603071
14510.4595534835 3949.07946819215 1458 128.648414010462 14426.4250328232
14268.3963690541 3728.11672128949 1458 32.6900051465664 13792.3445040493
14512.8795186907 3963.09159941311 1458 42.7279270951585 14385.0506953733
14387.3101612407 3892.97339812694 1458 44.3682168157168 16332.3871420995
14550.4195044762 3970.91097650128 1458 88.7809915700698 16440.3666251376
14235.113685702 3754.68069892657 1458 36.9881801700294 13514.987993333
14171.8583737942 3788.6235464346 1458 171.050278116692 13348.294803825
14536.1541753675 3938.89846908059 1458 104.172696520252 15582.6523194184
14554.8711635394 3976.7515530201 1458 200.982263284242 15165.7717908484
14412.6355364025 3944.29735232579 1458 103.491513656523 13329.8451149726
14415.4514247323 3925.92753597794 1458 217.15987242962 13373.0133877336
14481.2515023578 3931.42339862564 1458 12.9532680253251 15428.8750281241
14532.1934565832 3984.6403824201 1458 161.355950015858 16818.9983889214
14522.9283878118 3953.80577715185 1458 167.376364348498 14252.2626711383
14057.8221586575 3800.69847519263 1458 88.1328767740952 15427.7127773615
14014.0557041001 3776.97654382611 1448 77.5164869487216 14424.1331430565
14384.1281757664 3973.20307561173 1458 272.202958564067 15991.5368649514
13404.4983134558 3564.39305950988 1458 90.4331270662426 15234.483261025
14048.3809166314 3986.49181947244 1324 15.6068139884437 14383.6549325054
14290.8915241311 3880.45912919814 1458 13.100890966577 13736.2817147496
14510.9626039259 3954.65498923477 1458 66.712452375577 16081.2661356799
14289.5534674704 3931.16551220076 1458 182.149703937945 16132.3983073721
14382.9817612874 3936.72456456331 1458 202.035596405142 15861.4349078962
14308.109945204 3855.2551852973 1458 116.420565352504 16167.4208405992
14203.5297800389 3979.54822858214 1352 37.0663466957878 12933.3956133966
14255.1470828183 3863.70124164601 1458 56.7152745809067 12295.0070176131
14398.4712882123 3862.06893476236 1458 126.968533971702 13350.6865128319
14556.2940462914 3922.17794796736 1458 133.576509670826 16086.2086290122
14359.6874864316 3799.17632543356 1458 28.4769994314697 11798.2738232818
14430.3626575777 3949.2233893912 1458 42.0238102220519 16577.8797984917
14494.776048654 3898.19404454627 1458 52.447225306621 13888.8890718413
14562.1161186396 3988.383040594 1458 108.294316716072 14827.7729008387
14524.3089189515 3973.15963124782 1458 180.144417797855 15904.9380283008
14182.8579633212 3981.92267435485 1399 146.689492787331 14141.7902065872
14183.9887277483 3968.4765400255 1340 42.0618903528962 12169.8206822526
14200.9317202356 3800.40536476421 1458 129.671160017727 14595.2559732568
14316.9366521398 3895.67400967904 1458 101.279723565565 14901.1952838869
14565.4917955962 3974.91915793983 1458 223.492364427973 14841.0638591332
14069.5568855595 3979.1407692751 1327 79.9167623557044 14960.3367526091
14519.4164690702 3964.98662204936 1441 18.0742106458988 14907.8353631514
14144.1945692836 3984.6264554482 1371 93.1514900722898 14050.7969614521
14200.1353145006 3961.01669278867 1369 66.5077707757605 13263.4701074423
14262.7567745749 3964.87715512989 1364 30.2419928513625 13031.1525348009
14002.413360716 3945.24147238857 1318 209.443225137988 13968.1096179894
14022.9208897476 3975.8246843071 1328 185.57838996843 12993.3526557556
14516.4185806867 3977.18442068713 1441 9.42242702863905 17588.4119255522
14253.6533801933 3958.82245024792 1390 92.9067008457953 14922.9271692902
14220.5672014219 3956.99899371226 1369 152.939738293333 13241.4340835813
14058.5825580994 3963.34541451443 1350 148.865729802812 17544.1399531583
14196.7528872037 3975.57171869632 1348 70.87105024477 12508.9553878722
14319.6035188134 3986.59970838354 1388 173.806099816372 12328.1243338894
14063.8477453524 3963.64815641464 1346 94.0876767206244 13380.7034626478
