14426.3217677096 3920.27875888726 1458 62.8799126706556 2592.36834476378
14479.5738721027 3938.77019193109 1458 28.4594593557119 3401.87766158433
14498.0749112331 3881.63148227933 1458 63.9843342824568 4458.58767632214
13965.9896363404 3971.43425529612 1327 140.507573172836 2079.38293531769
13960.2191272706 3771.77733232335 1458 108.886896174725 3189.01912529535
14090.1410095597 3793.16231066183 1458 37.5743748459511 3538.05090318869
14333.7202488617 3884.33265749188 1458 124.46000534267 3091.43183907893
14424.68220215 3945.42798432876 1458 78.4112376193984 3827.74823565321
14365.1969752853 3897.70471745436 1458 126.799308219056 4042.48080204482
14577.9915746312 3959.62964755005 1458 77.0403592289856 3052.31780513342
14173.630295977 3958.35397487543 1349 27.6182062069131 2112.2709088147
14564.3204888541 3959.43338398973 1458 71.3941441031425 3015.02158733167
14522.0773539068 3965.1368161436 1458 174.412266117159 3854.81851612723
14239.484160967 3874.01026177104 1458 102.096810912615 2888.3839222038
14068.7549002606 3841.23272503143 1458 229.707068966251 2832.85030943243
13807.3685047373 3936.88369177561 1225 73.6057468739168 2215.72648348054
14520.3575005182 3945.01742010284 1458 152.70806302381 4041.63171750214
14176.1875535728 3972.64172927572 1355 22.4975655836722 2253.19296770867
14425.11685402 3977.06230138972 1432 11.5641613754094 3208.91741652785
14499.2634591783 3943.15810080709 1458 165.11847633965 5042.16579906701
14475.1106759248 3944.30333676164 1458 56.1448271765353 2540.70672777657
14425.7143237933 3982.99849633846 1410 2.42130854612651 2245.63059861305
14451.7812085883 3950.42319581818 1458 173.848460237142 3696.22767193141
14064.2204014994 3958.49074459428 1338 186.169018771147 1608.13226750883
14519.8207936403 3963.48019802521 1458 27.1596471256685 4444.86353881148
14720.2209570673 3969.56975447995 1458 36.2603515640128 2885.27296756756
14385.04885056 3923.53764923489 1458 38.8585718001839 3594.88339062264
14304.9276888793 3898.2777683889 1458 136.074709725741 3842.52292276838
14598.3825463815 3972.99949656317 1458 42.1856312854359 3179.96264525138
14411.6325807097 3951.18188297722 1458 176.285050453468 3595.65737723666
14347.3261321801 3867.94876857231 1458 12.9643607177798 2396.89480911063
14307.757010601 3985.77798242368 1379 99.4080289212388 1637.93247879496
14581.7846947577 3936.31876977735 1458 50.7393891146696 4077.55197843778
14513.4635684898 3920.78539073317 1458 116.14616600215 2817.83545762355
14594.1488899512 3975.77573282919 1458 81.059449901328 3757.20703585063
13876.9539069935 3967.09751328505 1284 112.146047504496 2342.56119366036
14600.4582840867 3974.20695051603 1458 2.11925109590311 4668.93874422299
14457.802888558 3945.26499286758 1458 186.907662076292 4338.61105427966
14491.5053626765 3876.36228968227 1458 37.9609444212024 3896.78820766722
14008.2414420396 3963.06308800277 1318 21.8738724530565 2764.31916167901
14181.9062944209 3832.23555943538 1458 54.1874566608781 3214.92802509343
13790.4569883799 3973.69112757087 1239 124.738219128697 2779.97424826964
14465.0336868064 3939.29465175595 1458 104.214074358466 3493.31213740365
14554.6353570147 3962.72652407679 1458 184.391094058765 2944.84323751468
14558.6423088268 3929.68306225397 1458 98.802363060109 3218.34228487468
14120.8084155309 3969.10821767515 1328 60.6223639056041 2044.55672666799
14613.5530091939 3973.01104376331 1458 139.864053691495 4326.95265430915
14005.551534951 3965.18594434527 1324 13.9706407998974 2101.88675569152
14427.1470189467 3909.3784609973 1458 144.528392924527 2129.2098035118
14376.661395641 3990.39466729457 1399 6.19279277749797 2951.46878037467
14112.011191965 3812.72124679243 1458 24.0867944624918 2352.81549365951
14397.7842227806 3927.17477428779 1458 221.935530121009 3003.69875721378
13928.716477373 3751.09504323139 1458 28.378666566852 2352.69503755582
14001.9636970092 3763.57374162907 1458 31.8098537013484 3854.79760176534
14462.667664443 3917.66326235277 1458 158.173203322066 3576.01240256376
14361.9602621796 3984.79594499209 1399 1.2141372613421 3885.91469882971
14479.5738721027 3938.77019193109 1458 28.4594593557119 3401.87766158433
14445.4675737375 3915.28146701097 1458 101.268010327023 3495.26781721627
14237.0736220261 3838.63891667574 1458 213.878804095792 4158.47876062479
14306.5387238854 3781.45262908041 1458 40.04231086399 4182.07726088436
14508.1104629325 3926.48342340064 1458 196.213893588229 3991.07318052587
14753.3682355338 3976.97438383399 1458 158.371255931153 2414.05447133075
13884.1762270758 3757.47798143148 1458 17.1520578565933 2935.02847913056
14219.355625409 3818.62730878778 1458 76.9416111901544 3824.54125308362
13503.9576909558 3589.92642412927 1458 186.415164154359 3224.6344740419
14664.8011628481 3977.13176672897 1458 77.2156701629203 4497.03863801528
14537.1981655058 3932.76175421379 1458 44.2870278465109 3827.35806972321
14303.4602206777 3836.79402423763 1458 75.297919182372 3848.50923486335
14219.8965426294 3828.58702740663 1458 167.143895179775 3201.61007252467
14527.2567860158 3967.35332325245 1458 121.626712359586 5480.49479316109
14717.7959142293 3989.19398492642 1458 68.1074658245307 2888.5812384068
14704.1583705269 3959.71964985375 1458 139.816921120664 4087.42064750228
14391.0714274845 3922.42543568424 1458 81.9197223424651 3984.31269920462
14383.1851735472 3890.701664589 1458 57.2860278517942 4247.98231904925
14414.1672292788 3902.92654863704 1458 135.942719314247 4120.76837418838
14462.7594786595 3918.85172604452 1458 65.2821689678553 4135.61601949334
14449.8690021545 3947.10301689654 1458 156.560833317376 3001.71280238709
14704.5963661732 3986.44807757456 1458 11.5252651803103 3004.97262920798
14598.9312520791 3978.4217149407 1458 61.5317974046718 3499.09666998704
14538.2148784738 3957.54676638298 1458 170.751162595448 4856.01715022903
14469.5734653814 3934.74933475267 1458 23.794243827668 2919.61171248005
14250.7643224582 3878.646624862 1458 110.497087941326 3845.39261516913
14647.3822661439 3988.53890695371 1458 1.35866830848045 4505.15781315694
14338.1365640703 3918.96986617517 1458 67.5930328594363 3164.71257516838
14206.3121892379 3859.82422850655 1458 147.569034089481 3619.67012336772
14365.1969752853 3897.70471745436 1458 126.799308219056 4042.48080204482
14199.4625899219 3833.67059793052 1458 18.7004234265487 3177.62126909746
14395.6965438163 3864.30882431944 1458 239.894285163798 3058.60429892496
14071.9001268537 3739.5103639432 1458 116.524564243593 3065.66534334776
14341.5100105401 3846.58460747323 1458 124.38490145651 3870.04295427889
14350.0783806482 3984.23421772854 1379 4.9755791814141 2148.15122508375
14256.2653116449 3861.88717126048 1458 61.5045823265634 2672.81017450649
14247.7893058225 3779.14299594752 1458 15.1830965631102 2742.95769565293
14510.4042788072 3936.3107274924 1458 75.1027118189222 4491.3910698385
14510.934112441 3958.87637006252 1458 144.034448760244 2844.53506400926
14011.8249506508 3800.22811137149 1458 73.6394096230897 2740.8196214047
14380.4991454801 3873.07460795326 1458 146.035494037236 3155.14015792361
14075.2638222475 3840.5579283332 1458 230.520684214608 2849.59319770923
14584.5744474063 3974.29383744494 1458 36.335864453948 4148.70061057521
14342.224389871 3893.48102023223 1458 61.3097279184644 3649.33100084961
14345.3344463739 3878.51798864846 1458 32.1387435061301 3595.34524026134
14208.7772824232 3872.96490271894 1458 73.8640626858657 3917.2860682989
14409.824205636 3937.58114361813 1458 84.0257094667315 2625.12638081383
14101.7725427852 3711.4848496841 1458 100.384943307186 3835.14495169821
14543.6052451244 3979.60407032315 1458 51.3278932211979 3695.61934597798
14382.0438171142 3987.55514275514 1410 26.3773954444191 2280.4436620155
14420.4783685655 3979.54158131239 1432 25.7479140257269 3311.17420978286
14499.2634591783 3943.15810080709 1458 165.11847633965 5042.16579906701
14456.3163278641 3948.76814856592 1458 101.363548711415 2650.88555986008
14472.6060907864 3973.41449530513 1458 250.993954263397 3096.35227818297
14463.6887212245 3948.66236309419 1458 2.32549113277241 1981.52444346752
13675.0307499103 3560.94820837977 1458 508.636490076766 2474.45451416731
14225.6026024106 3913.06998783821 1458 259.391104968988 3904.46894891091
14465.1086764106 3919.48359765922 1458 106.268407483678 4517.01118103827
14567.080970433 3961.94204663264 1458 101.790528027459 2933.6443972419
14151.5219005243 3824.1840890949 1458 18.8777145138306 4233.85620995612
14357.140935569 3972.02116594469 1409 178.245060076082 1883.03327867097
14209.3039978427 3854.16349416701 1458 120.766426121657 1950.59319502033
14527.6942176732 3966.35023182886 1458 100.162597510919 4334.03389690838
14158.7049857707 3800.63706703195 1458 33.5048828985146 3614.93837223322
14348.0538980675 3986.30366073626 1399 42.3681327654033 3049.57010996374
14176.9494586847 3851.48922119372 1458 85.7248223931836 3198.10056320228
14314.8371378447 3983.63615097635 1399 4.18792426352206 3095.23584572967
14273.3720034969 3862.83433459403 1458 288.656381596942 3813.17750830117
14493.3449957474 3917.14004543551 1458 43.8826427255804 2874.60112515765
14304.4471431239 3893.05868466891 1458 216.479589548146 3988.04103417896
14164.0252383562 3737.05248903738 1458 243.863558490845 2398.14815957031
14011.2228950983 3775.6114534935 1458 62.3412644834002 1913.12067691275
14152.3935183009 3841.95808851632 1458 107.045028797261 2818.98944137093
13910.2530508204 3776.20960956956 1458 51.1415555053188 2618.99881831283
14432.0337049476 3910.65900750661 1458 6.91449622906384 5111.83257961543
14461.3431175964 3894.93619757803 1458 65.7945862598283 4090.18361611525
14234.687878275 3974.00997570959 1379 74.6851664877122 3319.94800985943
14311.5399710636 3849.85992200182 1458 26.0329365568841 4478.96215071769
14372.5630804847 3879.85520173436 1458 61.6526773991275 2660.23387630351
14412.6898646971 3970.53240610757 1416 3.52567443823591 4013.01111053407
14305.6369989402 3815.07708879278 1458 67.8531182427241 3419.32893501198
14409.2481180622 3973.86897863605 1441 178.682823888089 2977.21380028545
14476.4823933675 3948.30236263899 1458 12.7885880092715 3085.82758088797
14449.5026931695 3986.4119411053 1441 124.534043729897 2696.3317675498
14510.6833619155 3954.22679969278 1458 51.7140397219559 2750.97498172267
14543.2953045126 3946.39182563993 1458 5.02612135086247 4528.22315465145
14613.9194892275 3972.54319600947 1458 33.2206937376034 3490.71305135708
14438.0106841757 3975.45708292622 1411 0.847112142364495 3069.32210112605
14134.4921868689 3824.18113372434 1458 9.69250305160313 4665.18614485271
14368.6090637002 3937.87257003696 1458 39.2763066948794 3039.80923824339
14246.9697352162 3861.84701610321 1458 105.689040588266 3874.29529290359
14207.7487646953 3877.29652077461 1458 204.71480181115 3251.07873721895
14222.973647087 3805.2482003097 1458 168.091669954471 3365.45925349702
14177.6978949746 3854.36520495222 1458 137.362064472391 4471.13726560612
14171.5762470877 3980.94719103045 1336 42.290723084071 2705.85774096686
14446.1712506853 3938.1295280367 1458 166.87750089633 2654.15504420901
14091.3037685893 3787.67247178521 1458 42.8621409319283 3611.48260710803
14449.2217586399 3966.92993581002 1458 100.991007054317 3341.56631527306
14356.0122254913 3977.3762976751 1399 0.802148860955867 3677.63518553311
14552.6248884824 3975.24129726962 1458 146.245518770859 3184.46740015048
14184.0911389883 3975.60163565849 1340 52.0350746917056 2986.09845760372
14297.3052187247 3983.98303524542 1399 131.024109964926 2965.29234481328
14016.077146269 3790.50471521343 1458 5.69346463267448 3358.79114054107
14599.9617112987 3981.58183882272 1458 29.8624761855635 3359.95941317824
14441.451560536 3991.22107064545 1399 59.0970157366321 2611.41663021782
14229.7976491722 3773.18718675211 1458 363.33783360504 2842.11841027113
14421.1958272342 3980.74927987091 1422 63.0827389805193 3433.79575336128
14456.3510491369 3934.22868554434 1458 63.923092589602 3069.65148820249
14405.9631251617 3934.57828793985 1448 58.4488530363294 3865.05054236215
14467.6066791056 3963.85973867851 1458 153.065329910037 4375.47929187408
14556.847304357 3923.08985410646 1458 99.4754897362909 3198.56266043213
14172.0282048487 3989.02370759335 1330 67.0248375703225 2183.15298220263
14338.3519836422 3855.60122535247 1458 125.905858004588 3003.84453404702
14476.5071893239 3978.23853614688 1422 123.19473082864 2424.17154439795
14470.9718966728 3977.68357171809 1458 228.720734138326 3919.7824382174
13974.1925111336 3767.33162423146 1458 53.4768126394786 3929.127684032
14520.8844543435 3976.44357597279 1432 3.99488110956599 3294.25885860052
14644.0996052657 3987.11403080708 1458 79.9432141052157 4458.66856377995
14119.4836131648 3986.14665305883 1328 28.212150576619 2142.88648882813
14415.6833563951 3973.21668466645 1432 231.818989000137 2880.65001903217
14552.7254462409 3961.76172621246 1448 62.9901950229751 3027.04275818501
14561.1646019499 3963.41714075142 1458 209.865856094844 3216.50713721607
14124.4596153142 3932.90702418915 1330 51.8825819606986 3856.49480179804
13984.6141077041 3934.56529620031 1327 109.69164297462 2575.11687971395
14382.159787882 3988.43459802952 1410 57.8553689521127 2690.59457259548
14154.2422076118 3908.45538704249 1421 235.797936966442 2875.2442514986
14380.0115729129 3962.87299016746 1410 84.7905535093407 2432.88218299201
14289.509764118 3971.66202742343 1422 177.597384465185 3146.98635008565
14238.1188189967 3992.66484970863 1350 34.8472752702676 2304.57401958607
14050.3345848851 3957.13174690395 1328 106.236181921589 3509.70427826532
14369.0886737298 3968.17862598414 1422 29.2175583127475 3384.50204084294
14104.2218165909 3972.61949996076 1338 6.88159599771643 3693.02040982075
14469.5104333075 3974.61473244127 1422 99.6282292137489 2614.15445094533
13936.7263077736 3966.78688996455 1327 75.4613151570604 3195.21730545346
13980.0550179627 3970.54094639991 1327 207.495331445789 2387.52179932151
14014.181930907 3940.53479108026 1376 108.370001689753 2398.35481851019
14131.2889508135 3956.37090409505 1354 49.8596277027953 3210.92744405376
14395.0550775007 3974.44521036467 1410 15.0120592787307 3220.0058663939
14119.9119803798 3981.2987955244 1354 156.099009369027 2444.85814794701
14096.26640574 3949.02692118072 1350 29.9376561544498 4616.73089679442
14078.9787717808 3955.98118570643 1348 155.565911699101 3862.90192800792
14142.661489266 3958.30470677015 1387 134.203268429037 2824.11254703145
14492.326506378 3975.93016144017 1422 6.69489126183112 2877.30522500092
14170.3219278463 3963.28324421578 1357 108.399163737274 3442.1851829634
