12997.4867133679 3804.04613464146 1372 75.3626503130017 9675.84533964916
12845.0392770497 3817.54147075801 1296 83.4166891814682 9798.97768056503
12938.0586002117 3815.67301207285 1285 15.618560980311 9786.53157157501
12894.0635889237 3811.60131625726 1314 114.227622162618 10139.6728883744
13243.4522641761 3822.67007864973 1385 27.1772273030892 9097.37929086552
12861.774313321 3819.67402804397 1307 156.275288117186 10061.3037581274
12919.2673194911 3799.68738798071 1337 213.113678446325 8907.18540886056
13022.1147870037 3816.04840618759 1337 16.1693727706565 10257.3252803076
13287.4496551142 3823.55426472907 1431 84.5628127849911 10258.4264163179
13083.2117462957 3817.07033020205 1359 25.3164921994207 11166.1430882712
13015.481444414 3815.67054601868 1306 55.2818629275769 9331.65677177599
12824.4073278979 3807.59639793673 1306 204.072360664296 7210.46918014423
13139.0210806484 3810.10389115484 1338 9.98421783660501 7963.80335472811
12966.9175549421 3824.22502257807 1319 9.77704965163184 9257.52258160098
12889.653752319 3806.99726331236 1301 91.9919516647628 9434.67066445155
12906.6728718392 3815.78888051132 1311 135.825333754726 8208.02269551555
13046.4075587679 3826.93760830414 1376 144.94670754621 9091.78172912366
13253.150401113 3804.29467347044 1435 159.35704834451 9772.99657906721
12957.8749968877 3826.83410566185 1335 17.3798165272979 8702.48797349562
12740.9665999984 3812.72614325729 1288 78.0502518366227 9583.5619797734
12577.1699113861 3810.89389515554 1215 126.166693308286 9105.74336378921
12969.7564564654 3815.23258484685 1359 217.072748244878 9639.04482498761
12612.5773468553 3816.93947639556 1202 121.02403824759 8583.6903625847
13202.0707092292 3830.01090207424 1441 149.874320112059 10775.1707002523
13212.7818046663 3807.08729568957 1433 90.1688032081645 11231.0694995166
12940.637511078 3814.68487586366 1317 62.7489410510943 9170.39478096569
12954.949382838 3824.08755950301 1314 97.2496245346542 9746.93835468809
12923.0640419871 3822.29592406719 1301 90.5263078681269 9400.84817414841
13090.5919944291 3811.79986222237 1368 45.8019979132641 10630.9095581537
13167.6221285828 3780.73992191539 1382 51.3738317164944 10348.6983871671
13150.6255949677 3801.61685270442 1420 168.886946367416 8892.63210290696
12706.9627684853 3820.53264524219 1243 120.63483895373 11012.6899618467
12799.322802102 3817.30066653732 1296 259.465862422435 9461.64190522276
12723.7831085076 3813.43602791158 1224 21.1563718251068 10530.4195213485
12874.5447249345 3799.54166372358 1301 292.469676689523 8670.52280953608
12776.5840962845 3817.00102717644 1274 176.947926074126 8485.41651462012
13161.1370250776 3814.14708925422 1392 57.8471660273947 10921.7467509617
12633.3904197461 3818.68269689647 1211 186.467922226122 8410.58180991151
12863.823529599 3813.00449914569 1304 234.020131344191 8668.64448472226
12907.6098556141 3827.31478039231 1321 80.7013165091189 8830.76579841187
13131.8610626575 3808.05125271921 1371 122.936368969718 8994.462778945
12789.9726442546 3812.94293852338 1283 196.888656461198 8847.74372057054
12887.838598917 3816.13003848253 1328 124.120952763985 10269.8265322022
13441.7456435969 3832.49786045695 1470 162.295581957751 9745.42954613038
12940.8817465316 3791.15263127517 1325 148.164846961472 10916.2210234205
12751.175187809 3813.57901479342 1247 103.221510150426 7943.65765999043
12949.6603679416 3791.44251011076 1358 41.911880673526 10120.6799629327
13054.5416001572 3830.77595750216 1347 90.6588903940524 9561.77950174602
13087.6711477577 3814.47370590723 1388 118.765814717337 9267.51127104614
13352.5243325908 3824.33961084923 1448 68.6675715695396 9792.56851823362
12625.2996566103 3811.55753615054 1194 106.402348137566 7973.20575750947
13099.6013579138 3815.253329756 1384 52.1888348681941 8422.34197348048
12912.9182766673 3813.1442260737 1305 137.684382961658 9138.68736117076
13135.8215858123 3805.24566606472 1433 168.639278328628 10425.4859156738
13231.0104711754 3802.94434950379 1428 169.619300920151 11428.4451749177
12999.547912229 3811.70212322888 1337 67.3491268998328 8525.6748300981
12915.6769274113 3801.03204144667 1335 190.522550542036 9829.20819783637
13000.7057093338 3819.81386176581 1341 44.4169521100503 9417.77604067036
12938.9376336255 3829.08314402396 1336 89.4779415125777 8972.5504235979
12479.9488237666 3798.89359648517 1172 63.5808406481174 7105.10153967655
12683.9024797673 3800.32443420023 1237 220.818586313517 9021.69767863023
12997.3817946644 3803.52795297148 1363 221.953870722864 10011.240789024
12845.4529693319 3817.13929513617 1269 60.1381799147989 8601.07721439416
12985.1415955232 3817.45644848889 1331 154.879290930008 7851.27580549116
13144.0383499948 3824.05064270371 1420 159.238905607053 9255.43368487738
13177.3055248204 3825.65805479238 1404 115.991646823927 11545.0153526411
12915.9562495122 3816.38090758179 1312 111.193752242278 9676.28102096215
13158.2767525083 3809.93308688459 1380 132.505197787428 10914.4297396576
12901.0340259244 3802.01931068036 1333 165.016372384679 8168.16915020814
13025.7579664151 3801.54464562383 1366 97.8262284928799 9528.86447376728
12988.0438280927 3796.92456990278 1350 185.935108958037 10671.2861931923
12763.4173444529 3821.7566782695 1256 126.947653845773 8664.24242652719
12674.8383847415 3821.59690737916 1217 94.8502894439832 8523.79857954731
12966.3287672162 3826.59112469216 1342 77.3218041331556 8163.95935319199
12633.5085401062 3821.24378154736 1210 140.60091281703 9102.73296799792
13351.8512402894 3825.9740834284 1443 34.2982279695655 8855.36165354241
12969.7254451197 3818.54120405167 1314 19.9721145165749 8704.62178206819
12969.1242890749 3817.77290690776 1318 94.7427710915335 8900.17890933632
12872.8866118211 3824.52256078829 1323 219.655558810361 9206.23517316124
13060.4182484858 3812.73663076633 1374 133.224610379953 8941.10311650479
12947.0507992741 3803.3010465011 1340 169.068743526248 9002.94925749861
12866.4016759531 3827.1147467454 1320 43.419405767424 9649.08790496901
12971.1893533086 3817.71560007771 1344 92.3040965565829 9011.43947954062
12502.7796557086 3800.39795810655 1167 193.143314553693 7390.53752689169
12847.3340374443 3807.03942551427 1306 88.4629833271047 9433.55823478494
12733.8450577528 3818.99166287315 1254 115.494931741619 9567.64964602695
13201.5455874989 3809.97625964567 1386 38.8050634659694 8416.86194688557
12504.7237285594 3816.84668051573 1187 133.641468125465 10375.2968621931
12526.8051585393 3821.67692617097 1186 100.985904617072 8497.58746581738
13020.8860873153 3815.13020315279 1307 51.8233619491514 8466.3156052731
12781.2532036739 3820.6839373769 1314 131.893945098158 10464.4613062137
13135.293577766 3815.81049849107 1372 105.649389952447 9178.03527437321
12905.403661279 3816.81692775518 1339 141.229906600868 9199.19878447732
12784.6745468514 3819.74676640431 1296 159.71819257091 9135.13504245205
12654.2971626857 3808.59738025576 1247 128.243378136989 8528.21509335997
13082.449722171 3821.14329612974 1333 83.5263313865403 8363.98954838637
13199.0669430275 3814.65900445658 1387 123.099051609159 9409.9712633771
13285.6555515755 3817.1941360942 1428 103.390116556052 9150.21226417388
12689.3310578482 3817.54372220459 1237 82.145229618101 10096.8244410333
12887.3399605347 3816.47917514482 1304 158.843606044029 9196.16433312349
12943.9786052897 3816.20151324213 1309 255.627413487503 7867.14088323492
13067.8587503323 3823.7813432539 1382 136.535492156441 11167.7526187628
12994.6193812852 3813.80496515449 1342 132.330953726896 8817.09613641671
13019.1013294264 3769.80373295412 1363 99.1795786190748 7673.55146034717
12962.2977654101 3799.5243503092 1336 156.43050657196 9294.12805146166
13082.874065715 3810.90904221082 1377 282.347207762049 9323.78693995717
13103.5854566566 3818.01806634052 1366 68.826519658809 10390.7039490524
12988.0524206157 3809.54880509066 1299 8.48643755374451 8252.64195048796
12843.923142329 3813.07645141923 1315 217.855770888033 9193.97734033112
12846.6479118638 3814.26102745647 1301 175.374559002433 8705.80011891964
12741.1642715245 3815.61824670247 1253 162.060174056901 8499.86323059051
13128.3589815634 3825.94579790014 1344 51.9868197205981 8532.9746816899
12890.7209998217 3822.14052351316 1309 148.219020399315 9173.97255541717
12925.9185994546 3799.97711202273 1358 155.552734391639 9916.37571900509
13081.0234425252 3791.29011903456 1334 102.38391934567 10201.0745220544
12912.911370759 3805.89938681609 1301 203.020191620285 8873.34657420856
12507.4172107616 3809.09109133299 1203 150.157298804732 8352.19460250583
13176.6917216404 3820.7313990208 1377 52.0896552250031 10100.2226160037
13028.8998665709 3796.96348163975 1420 189.327461244213 9505.51633353595
12791.4556903818 3802.53982152238 1288 197.674987312238 9671.40747686464
12767.0407601243 3819.46899854705 1284 209.136314062926 9697.16248708217
12926.1913207019 3815.90577697728 1325 173.462927182796 9289.58681670122
12968.0490836895 3804.84754181421 1309 37.2880116915371 9805.7617891828
13147.7176601116 3820.87880716728 1359 10.5888215071734 10332.0553496578
12893.8239929293 3811.15060976557 1314 114.19767266331 10135.6165299491
13570.1989676614 3822.16090857343 1455 27.7569636903079 9736.01878526862
13163.6507235333 3821.5664166681 1350 4.09956167441669 10449.2359931172
12800.2624233713 3816.33349377672 1280 97.7462439648561 9716.78823158669
12813.4529818996 3820.67313520842 1265 92.0357836119406 10531.6020284689
13542.2540051443 3810.59970877276 1555 116.413356538757 11035.3098107679
13283.628270545 3825.35245839509 1443 21.7635096612041 9491.00752647598
13351.2084010218 3812.84391828251 1454 59.9818302145836 10292.5332870832
13404.2218066154 3821.15149408983 1447 27.7056425957508 8888.66564773802
13366.4153613287 3809.10327920345 1384 47.4973098894629 9998.08633760951
13396.4561382306 3819.88910143985 1449 42.1636000343781 8911.1239171737
13054.9324768332 3816.72410498396 1341 20.7789148880256 9652.31608392201
13349.763824591 3819.83598290603 1445 123.127014540275 9866.24443568073
13066.8402538732 3818.12646889134 1357 31.0004736504857 8746.02973429385
12772.8256053254 3811.27976395084 1296 179.410026830467 10375.5725915639
13256.8083042853 3827.80729210259 1443 142.53046487249 8976.18363196396
12969.7564564654 3815.23258484685 1359 217.072748244878 9639.04482498761
13202.0707092292 3830.01090207424 1441 149.874320112059 10775.1707002523
13302.2771629071 3817.82954283534 1443 56.711338628734 11202.6535010041
13114.6998786886 3816.47125616997 1370 58.6552656002273 10425.3349869951
13253.2091757516 3809.98388016295 1432 203.426882954559 11709.9840493569
13142.9058725693 3810.46651182879 1363 35.1676367183245 9568.81258786713
13307.9123491856 3820.68659437271 1452 138.632346267932 10506.3814715192
13524.0950442226 3819.01353892929 1452 72.7352609167342 11133.4672782852
13212.0482183502 3810.49439434664 1433 145.853462598993 8680.53659333021
12799.322802102 3817.30066653732 1296 259.465862422435 9461.64190522276
13004.1016443803 3822.70323232755 1301 13.8834451589782 11076.7717198686
13119.234334713 3814.22129981908 1363 277.22396198793 9295.20560303938
12776.5840962845 3817.00102717644 1274 176.947926074126 8485.41651462012
13633.3521646223 3823.59563649299 1553 72.1616694901006 11930.6004400753
12729.6980860167 3813.48280441707 1259 198.506380509944 8658.06041082463
12933.2483075598 3823.00449914569 1312 242.698228589287 8738.64448472226
13035.1403219374 3819.73321227481 1342 96.6426247995296 8455.57131131836
13297.3576688815 3820.72090911042 1471 186.012161342749 10361.076261205
13424.0049718523 3811.15330411694 1498 201.835764195279 8622.34918588289
13253.1528298908 3811.53275737188 1405 98.2056421592868 9147.14881736942
13310.5252186755 3819.55863588945 1433 34.3865296454364 11112.2358814978
12799.8437845552 3819.51663490742 1274 109.305084743706 8542.96095973609
13184.4701712657 3815.45956214167 1404 3.35736861220539 10093.3944672219
13058.3099685713 3804.18914610443 1368 77.9499844778334 10161.6551600848
13687.3670520297 3825.78774798813 1514 11.8463736385334 11184.4537227263
13112.9766489897 3822.41360147787 1408 238.005771618513 10129.5205662175
13236.9000104772 3827.51137367085 1414 107.577268223756 9421.51814011674
13221.9427827744 3810.70125859557 1461 157.796526325726 9938.15472330676
13266.8976231516 3828.98041414717 1388 73.1008680229254 8618.95058159614
12953.7776351571 3793.19568493446 1318 142.791802772876 8954.72418209507
13312.7070576688 3825.99290760016 1452 190.749962310692 10841.2236003151
13513.1714789745 3818.91933146276 1508 160.576185259353 11612.3087920402
12999.547912229 3811.70212322888 1337 67.3491268998328 8525.6748300981
13238.6932151897 3819.45046890655 1452 182.161893422192 9896.10552623371
13481.667545886 3810.59222468279 1465 135.943736597022 9027.41940028663
13426.4874993018 3833.67712886324 1466 150.421674722111 9572.65657829918
12618.2082221856 3819.07825710341 1194 46.2615982535567 7236.255462092
13626.3940823265 3815.24996950782 1552 142.46082805904 9906.14653776535
13083.1070929645 3811.15750962336 1390 187.588018137329 10302.4400869081
13051.2631126422 3810.86024230096 1343 85.864447828581 9112.78865630906
13051.6360455375 3803.35175507443 1350 86.4761690761804 10076.149859761
13431.55687668 3829.06323746214 1466 22.1032755013525 8889.71527683435
13621.0521220221 3822.61938127872 1494 43.7318696934435 10339.7549924547
13182.4549616139 3827.92300631181 1408 144.157698625082 9781.87632299117
13844.2205692709 3826.10953732422 1577 103.329426621495 10339.414760878
13232.0909121439 3817.95630849523 1411 95.4471265776249 11360.0292543865
12925.7477427833 3814.10025370821 1325 173.407479942974 9276.94815381772
13333.8059970722 3811.68755877117 1420 20.6807992343502 11196.1961793023
14077.2735471287 3826.4895323019 1662 97.5802316294271 11640.1961940396
13382.2230160327 3814.05567804198 1423 44.1670243665631 11307.5276797019
13147.1226847177 3820.99817057638 1359 10.5144495829413 10332.8908935214
13239.9065105815 3809.65588093355 1430 157.457987369841 10869.1833021616
13605.3780263835 3821.00041030604 1499 72.4179475790206 10069.9729696085
13699.4896997545 3828.88224036039 1489 11.5956221786755 10228.6991027467
13196.3158923059 3824.63359634032 1399 98.4155655785739 10796.7051026097
13984.2195110737 3827.39740208116 1599 0.444065252884229 11897.9583205599
13241.7199655808 3818.62399749477 1397 93.0438791663644 11406.8068299889
13094.8102748504 3799.84699227753 1350 4.5054944109479 10343.045038848
13259.6008113391 3830.90043287058 1439 155.163542460834 10089.169602149
13686.5128454336 3823.54929636946 1616 134.445711574912 10636.5815207342
