13124.9369746836 2357.07353636585 460 217.219694871218 2701.90840450688
12111.5910721921 2380.85215823655 390 526.992860875712 1905.74920134446
13082.2933684463 2376.54651667779 450 146.446581621603 2226.44178257097
12092.4561981558 2396.36256928473 410 422.888798607042 4615.43092589192
12242.7864342353 2362.72289976973 420 91.2782408124072 2969.70625379726
12260.1899520482 2334.64369573276 430 383.920868294917 2956.55916038667
12217.4034924138 2329.74758068647 400 322.083772735943 1951.55421897358
13162.4891185474 2381.33163851028 470 49.7297884409541 4008.56416328327
12323.4080153444 2369.78050884468 440 341.38130980765 1805.35263187595
13379.0014068637 2376.28140708828 450 688.820833691839 2449.85904290211
11795.5249282198 2272.48782918467 400 585.498905180082 1615.86316483491
13218.779132055 2439.85537479498 450 140.006124472712 3925.67559966989
12178.4843973958 2398.65892195584 410 770.798479705722 4454.62088077608
11716.5869255263 2306.42672933439 400 17.6129170932472 3296.66237052908
12747.972894766 2315.01980805665 410 548.687373915273 2881.14118693023
11670.9563551224 2287.54569104837 400 110.894222501171 2274.78815197483
12460.7510170495 2383.77417471497 440 124.585878077484 4585.89499865795
13008.464249935 2368.15459406652 450 222.943558729536 4494.18723022261
12330.3144945916 2372.06216149461 440 359.128098514923 3349.97762614852
12041.2129890487 2310.23040971262 410 210.669337446892 2506.94418894848
12770.7310071126 2337.03569870522 430 440.898609392276 2804.17572343493
11937.2468332934 2321.61385848351 400 635.605165240174 1812.36728203028
12263.5234844523 2330.51814216798 440 435.25996356713 3404.40070206737
11756.8104629983 2282.57680749175 400 84.3655059856284 2713.7921056758
13254.7180649204 2327.212211526 450 662.704896964476 4778.18396745606
12823.3369807381 2427.02205365649 420 82.7317094107832 3208.88039764618
13279.1153673026 2421.53740981897 450 197.46069113805 3488.43207445254
11692.62148433 2298.07711161622 400 11.1061746574639 3585.8348601953
12971.0991949528 2449.48176607889 450 55.8494506033372 5068.8012057373
12952.3130123181 2371.24415531236 450 746.136962786774 4577.89622617899
12164.4206946115 2350.94796829493 410 167.108835397934 1822.60727627164
11998.3480726275 2369.90389403984 410 389.616551744129 4115.29963291813
13405.5885269822 2422.76256557626 480 484.236573922091 4189.17818544665
12423.0776554847 2424.95322782704 440 71.2198284641648 3993.10402218785
13102.125521848 2347.4764334751 450 102.839974531496 4708.59375910703
12196.2700427369 2317.70762140788 410 377.122894229929 3615.473666402
13075.1360438209 2455.50762613703 460 300.619663957216 5001.67453338279
11957.4957303509 2332.68710598157 410 452.726313686734 2424.59805463035
11909.1791588753 2313.86237669792 400 625.681743783609 2070.89197337294
13307.4557875663 2394.67045740327 450 279.256392911938 2323.21870884206
12160.5051610819 2339.74535317642 410 177.892195951306 2761.51741767512
12296.6296583368 2354.99619204519 440 93.1320322919531 1570.19295302842
13229.737003111 2338.62758754857 450 606.282489990115 3614.61432762006
12594.4553469885 2351.36973475472 410 331.154111944154 2955.12703419695
13195.5695416117 2439.46128323271 470 163.796351609687 1463.27394402251
12310.3595641369 2353.03551340572 410 418.779127914606 1738.52209567696
12137.2007939422 2323.24039373935 410 153.545952239006 4681.62228388784
13393.3531447227 2416.87169103409 480 488.562434805125 4374.11826279933
12543.7127961899 2334.39657889843 410 346.904668393802 3257.49841738554
13260.7200187994 2326.740075571 450 664.826908108585 4775.35115172606
12449.5261993777 2382.11947932709 440 128.554450424137 5010.08425736425
12247.0613766664 2334.60138220361 410 370.144243270092 1953.81775255293
13229.6607776989 2396.14769723274 460 254.245150503088 3077.01381032835
12654.9363476112 2314.55524152601 410 90.0145425490551 2970.51556170763
13048.3136794151 2396.09145803373 450 811.270696992685 4998.57287168692
12383.851159184 2408.11179852767 460 56.2135491279344 4145.16256417844
13203.4624590238 2435.29889751683 450 141.642196276468 3992.96395393403
13096.1930056825 2393.03201663737 450 191.044961813391 4522.16692800963
13291.9772083971 2390.5273036773 450 292.153767449949 2338.25404727587
11900.5281359157 2312.42173453006 400 470.378003024105 3377.26638673157
13084.144090348 2392.12162767376 450 162.864844926877 4043.05621316496
12879.4628782395 2401.34775694459 430 4.40950016567094 3731.92562378779
13349.5916010517 2409.14330689659 460 445.39991841499 3820.84280791198
13002.0408157369 2460.90820663584 450 44.9099356646819 4917.30885683712
12701.8158196542 2384.39460705885 450 323.841578648455 1645.54439857156
12919.3767641243 2375.95411984823 440 490.263368227457 2652.77344245884
12295.6969098458 2315.1070417535 410 598.314933423144 3229.1893613806
12411.1436854913 2415.47804298269 410 51.1947501311692 2118.47028792903
12703.6981512285 2390.20104987127 420 63.4927058996413 4014.37083200878
13169.9472263259 2361.62649468964 450 143.394949211295 3172.39511829173
12857.6523505383 2319.60981115443 410 385.921330399592 3698.20125192953
12326.1495063662 2344.2814150432 400 40.8118366474865 4298.93014681641
12893.2824064242 2390.40275282633 440 244.693954108512 4398.90989990554
12686.397447174 2328.56776085484 420 311.943421927473 2781.42851086589
13336.0338372686 2406.33197538823 450 269.152526543138 2655.97302524847
11885.6383809695 2387.25684577374 400 121.318204259526 2553.31977824791
12866.3249519977 2433.46761553195 440 122.881766098098 2378.58793973611
11859.4434012926 2302.89338854874 400 418.059580292582 2613.92634256891
11779.5249958026 2336.20008846349 400 83.8014571464507 2176.3637313158
12139.8510228951 2293.82418612848 400 345.059828345013 3039.80176097641
12306.6323776284 2361.86731062847 410 30.5150838959247 2923.19167772985
13105.7716687161 2396.92067277565 450 185.603411516771 4465.7947712111
12840.117083615 2344.39412697838 420 306.450286943043 2486.36582118144
13331.8774641361 2411.42997164992 450 278.046896747862 2442.1113654926
13341.5562076347 2410.72319196817 450 403.560244135778 2608.67719062319
12819.9028706972 2394.25452704889 430 67.2916525371268 3838.61779815772
12147.6785316613 2293.3731272994 410 394.302587724758 3282.11391272247
12741.2181614437 2406.12727712349 450 324.433822588826 1399.11181951165
12931.216785796 2385.08517134001 450 825.519362939745 2952.94104721802
12841.7781167958 2397.42090755666 420 59.5575851088705 3684.38073574577
12228.9746099305 2339.15321666769 430 205.448190248679 3134.31436824113
11889.610653382 2309.98030412894 400 456.598533209753 3595.81289837341
12865.9703649167 2396.43264749838 430 9.17982399855983 3757.10516395882
12115.834605519 2403.593169272 400 464.806571994123 2411.20518160273
12099.6334930161 2375.35706066859 390 522.765218214735 2025.60944283582
12143.9055305318 2292.70984729322 400 348.069226361042 2755.45874447065
12236.1558350663 2365.82265887125 410 238.075812673688 3015.01032696059
11825.478579027 2339.66193888041 390 56.2623663176913 2496.75490322578
12905.1183277692 2396.11742192784 460 240.509323986193 4433.19791451466
13348.4548193759 2404.47720717685 450 327.867733377736 2584.57905063586
