1420.15933753905 232.430906915673 50 502.102148969628 0
5994.96127619527 1317.67297596668 270 1674.06161352669 2144.51222735467
7532.40441790522 1226.05344128194 280 2663.10712127014 2458.38417022825
13063.9074033682 2386.42862503797 450 870.169074309561 5880.46585266843
6459.18271471987 1226.32211246701 290 1838.18867710315 1905.85439530228
5572.00685490857 1065.05451976647 150 1970.00191596189 849.938178940998
0 0 0 0 0
540 90 10 190.918830920368 0
5328.65616601433 1125.96721550787 210 1438.48718265259 1131.07142282287
6336.77281024661 1108.76864185056 210 1858.54985064122 99.5007793451971
12647.9547646381 2437.83850492808 420 668.130520335231 2982.6750339206
5651.2312623425 1187.63382327842 240 1552.53470168037 796.00565685664
6541.51517809823 1226.18089058366 250 2312.77487083399 2768.66106411357
7424.51188950456 1190.83497790399 250 2624.96135203441 2159.41799982669
5368.53451238116 1029.98762362667 150 1516.22591752863 513.749866894913
630 90 30 222.738636073762 0
7151.87822203981 1222.98804879682 250 2528.57079451237 2046.07561489314
1170 180 40 31.8198051533946 0
5326.44689903669 1200.53652431857 230 1883.18336096945 1653.6312086444
5021.2312623425 1097.63382327842 220 1775.27333775413 796.00565685664
7026.75518854876 1187.42298244106 280 2484.33312178029 2440.59359423986
11750.7487464281 2304.48766879225 370 186.76311650586 3330.50671767958
13169.4594131334 2386.16609162927 460 17.0245702149047 5619.71850158289
6242.2926609469 1166.69929412665 240 2206.98373535329 1769.95541868382
5534.4486773276 1130.23238349241 240 1956.72309493363 2506.90169292089
6343.55696663329 1081.78463690496 250 2242.78607397478 1459.24125734504
13390.5197063812 2390.62738992763 430 515.659060071711 3685.70496300294
4817.38626476611 1136.11327767351 220 1703.20324770553 1852.49213456839
12819.9111535656 2461.32595812192 440 104.447105416753 5523.12520379307
5923.82948899127 1191.14308439365 250 2094.39000112928 3086.26898368656
6704.85063389765 1234.63917396872 220 1988.68501319524 782.810974177004
6042.49010308183 1161.81670907437 240 2136.34286357088 712.107747757578
5321.58957898698 1112.9938406272 200 1435.98876684915 1418.32733284265
12896.1408904127 2417.8926754605 450 341.231641838403 5368.84657993622
12352.6651628517 2351.20506718942 420 423.746984656269 3284.8251008482
12880.9122064421 2411.14631909708 440 346.615794690472 5023.10022357279
6207.06384871025 1281.61953465715 260 1749.05119719292 1510.56085083383
11815.8006194158 2288.29098651168 400 549.545116863687 3469.97753294545
11639.8273090012 2258.65738967322 400 168.669450555189 4673.96425739862
6842.84769640466 1147.77173169537 250 2037.4743425365 1963.44554724541
12536.6442518603 2365.15156479133 410 195.124009828192 3743.65026399938
11883.8857840917 2358.24012066633 390 73.733022686268 4129.4070679089
6941.79120109679 1148.1642436237 250 2454.29381593832 2415.40810688705
6685.07446711246 1130.22946733172 230 2363.53074421613 1279.93695705975
13199.9696835274 2364.64301123358 450 241.693594537126 5754.19960454222
5364.96127619527 1227.67297596668 230 1896.80024960046 2144.51222735467
12028.9710513242 2342.57347196126 410 563.40202438434 4691.59931768442
12960.7586632452 2428.32636252904 440 488.435282324964 5242.11136276589
6798.60011567295 1234.63917396872 240 2403.66812218399 1344.77749456216
12939.0310430221 2398.65084798628 450 812.502923378985 3883.9301165569
12552.6614107076 2373.8038032018 410 189.461089010072 3389.17397459737
12708.6894744479 2419.73460815093 440 143.769907176283 5128.24818785886
11815.8518358671 2267.2107831487 400 598.867637800135 4261.83322221699
5604.82012765063 1126.06340205239 220 1536.12588764878 1353.51370568341
5994.96127619527 1317.67297596668 260 1674.06161352669 2144.51222735467
540 90 20 190.918830920368 0
12147.0079719658 2294.59286219404 410 381.874300547959 4612.08484390964
12320.63969711 2344.72066037992 410 271.037170395126 3768.45932561214
12933.9252667663 2379.96067773857 440 457.847541158126 5994.47066034164
11833.0762752829 2334.97363100805 400 78.5259617868957 4930.82749035153
12684.0958093281 2306.22969099726 430 114.248307512351 4536.44823500304
6503.61941062619 1137.35452304897 250 2299.37669375512 2067.75663893542
11844.7904853746 2351.72495064211 400 171.44185126006 3099.91707811708
6188.54744957637 1180.46376758647 250 2187.98193364508 2714.60843649038
6238.57329922475 1165.93906586854 240 2205.66874240558 1540.76481557042
6290.54745445078 1235.41408690596 250 2224.04438120896 3327.44534365271
6782.2926609469 1256.69929412665 250 2016.06490443292 1769.95541868382
11763.9805552799 2297.98252732221 410 211.029512176232 4840.72027360133
13243.257584212 2360.15114754452 470 306.234754108074 4349.18506692048
13453.7376932834 2453.39339986601 450 300.527011411871 4266.33717354427
5876.01918879073 1013.20501097751 150 1695.64884554736 480.184641596597
12112.5632916223 2270.98036524431 410 394.052334071311 4152.90867143245
12524.0333653352 2250.65980485325 430 57.6576877320161 3927.93285341266
12828.3479836605 2425.2176688865 400 8.1072845673552 4038.72114801475
13261.823388236 2404.04493399673 450 100.917749951555 5434.50555287876
12384.9616939615 2372.56944641767 400 35.2222714386836 3798.32453235788
12986.3171995414 2415.56641988222 450 649.341013325973 5410.75094360326
12662.0650494101 2421.84928288766 430 327.474895706522 4778.72483448752
5829.18271471987 1136.32211246701 250 2060.92731317691 1905.85439530228
12216.0917143488 2339.69430748853 410 70.4657316914659 3048.07901746464
13269.4919444658 2428.7505427702 450 43.2702437397605 5189.64220083782
11738.1832431158 2283.66042793405 400 230.972381516496 3154.53663582902
11667.4990702235 2291.40296763558 400 112.905359899802 3627.50525420157
11841.9544329003 2292.15855977121 400 246.759309079172 4096.31561447506
11885.4435104845 2305.51378795701 400 574.263265282112 4565.55427201934
12733.211664316 2390.64254161397 400 25.5284837054468 3986.27746232284
11776.102074798 2312.66835637342 400 195.726871713884 3364.86864197297
11826.0592381002 2293.9727720724 400 438.28575674921 3892.70035335199
13347.881058441 2398.49138865896 450 337.952983577171 4207.00062042186
11753.470602588 2289.84072117329 400 470.769504282576 3712.5806856007
13151.9028649737 2395.42399352788 450 87.4150086699686 5959.14788583835
12778.7207852382 2431.16243011812 420 36.9091487620631 4496.78361613894
11956.4816352224 2317.11441152576 410 589.030903229259 4445.50536840511
11912.0189129436 2321.37052690335 400 468.677091244374 4163.02045299373
6011.49019751291 1094.20092184242 240 1679.90546970139 2125.52063243803
11923.5618181737 2317.1607474837 410 427.954154440698 4468.97282395643
5577.06384871025 1191.61953465715 240 1971.78983326668 1510.56085083383
12420.2064911818 2407.65187279068 440 417.629981817408 6077.33234776714
13088.4903328705 2397.54199254399 450 861.477696233334 5941.09022643394
12918.1196987583 2392.8404680867 430 805.109646712637 3208.30935675773
