5991.6203863027 1749.32586765893 492 642.712862826899 7466.50654606622
6616.05981462699 1889.79117051532 626 504.984176267869 7213.11078637291
6537.69403463491 1997.53618215499 598 582.546817054983 9730.28996249469
7060.65639205404 1994.82986460802 678 216.961116966182 9521.20785130601
6190.51555216506 1989.74796385194 447 274.941572855646 3890.78977343042
6757.26403329575 1963.40103432576 619 406.574582548577 10666.9857154327
6298.22707967024 1988.60379771471 462 484.757624343511 4520.33820304601
6137.35698552032 2009.28944763857 425 408.306485265316 6359.55003807855
6964.27949251162 1994.60561846233 693 461.978404856873 9023.29750444471
6084.96538524072 1992.27919367776 358 362.964995955151 5113.11518890438
7057.43267211388 1999.67330056321 686 293.412422397047 10165.1536789217
6012.81273253334 1985.7559440624 368 307.043032680151 7311.94900117616
6796.47706889094 1920.78182245581 627 284.084201458275 8352.54070513836
6152.07395703167 1985.80706255102 374 316.83656030342 4367.84721590646
6101.81715754587 1990.21917385308 344 277.975170911406 5967.3863624671
6353.14573105448 1997.15048751577 516 311.920896518713 4905.16003434652
6828.32046631345 1995.05274181196 679 235.426210792756 11483.6977798625
6359.73507349202 1912.7732978838 487 199.482146935975 6939.26461965964
6475.00138010826 1963.65203341891 484 247.001078064406 6678.19824884849
6630.53926574641 1994.73052310829 558 360.541605464635 7643.99744973478
6750.93818432544 1996.68337320379 589 112.115962081809 9615.99474125994
6229.64866559306 1997.72170131418 403 208.826553520493 5375.51518648981
7021.50655359243 1980.87796579329 646 381.608508878239 8667.69878333867
6378.33756632764 1940.10631318017 504 380.31005656935 7809.67246386551
7153.38836499491 1995.11134670427 707 427.123156040747 8636.3162405263
6589.44373634423 1998.35056190692 524 133.899160735882 6629.43676153546
6823.01037205186 1972.24791837203 676 453.619773556185 7918.42140759909
6222.77941222051 1987.04772435407 450 327.512290956021 6963.19214392232
6956.47570961835 1989.09465659764 696 308.488997874492 9042.17049825643
6446.93020618196 1995.8649007395 459 98.7723596779486 7817.98079502287
6655.81249074554 1997.26952499786 617 488.436019393065 8944.01370841876
6162.91872372293 1946.80651057676 400 239.278066276102 6555.90369483029
6791.41237350341 1999.36423489665 669 368.359132670175 10133.518633003
6254.22539913367 1989.27781166718 432 284.758322030483 7315.02704427916
6611.84793768679 1950.46834042781 580 88.3572843827113 9232.58342128692
6512.4624171171 1998.37358906816 548 183.339594016621 10290.1478862756
6319.96276171963 1998.40657733774 397 172.970314534321 5458.08219033247
6885.82871847147 1980.89042804985 652 426.28953482584 9115.65510593189
6358.51199544394 1984.27302867261 458 353.785033036684 5686.0016384029
6453.86365289422 1984.66699355916 558 566.773950368536 8631.84733072223
6901.93690696891 1995.00453691258 592 268.067494473628 8158.29741707109
6428.72592589544 1966.93227019581 510 282.242695019513 7474.70461307169
6259.7991047946 1934.66975104687 542 473.085164561211 6909.21616552669
6266.96130782161 1958.53502980139 478 224.452788505788 7341.79525240685
6780.66088313974 1971.14563556371 607 414.758079806293 10583.4789113837
6542.90970868939 1987.00770214825 526 159.246828687679 8040.98330773878
6406.23948273323 1969.04640922686 450 204.197423729828 6859.42692338761
6117.64410410816 1994.15913429009 415 391.112422584344 5374.28393533267
6156.31198659105 1952.3839336112 551 376.069296871493 7618.85256488506
6494.97589361146 1995.95868431684 558 253.370567568635 9806.75121813235
6711.98311348654 1911.91530438354 572 335.614790854789 6867.3663306984
6229.37988125096 1998.01446120326 392 260.199329437383 6134.60145332343
6685.19169479929 1998.04040235557 616 478.04890218693 8726.3632462218
6948.36115882341 1991.59770753785 630 214.803740919988 8754.10334929459
6262.71883195696 1956.17520901011 420 203.993399628387 7833.29941223785
6233.53905776955 1959.52986565305 456 345.899567141042 7599.96721044198
6556.50786076654 1997.18507910761 534 238.695607800451 8471.83237425447
6345.83247070996 1995.48908591489 429 174.60829084272 7862.03686401804
6227.54460510576 1997.44733576348 368 232.745267576853 4862.76808907673
7058.41644957835 1984.127167553 643 396.02889843442 8645.84768182549
6401.2018472628 1991.3455915552 495 470.412605912915 5590.25601454445
6875.06457746817 1997.24796773035 619 262.338476695676 7511.01603176239
6254.54974378081 1971.97751235755 446 192.690942141838 5320.00532741857
6242.37684964174 1992.9451636185 474 449.761729629018 6511.93605739394
6568.9907622381 1995.42115289442 603 358.331349866464 9705.12617768031
6491.95413256079 1997.18491638372 555 252.302213703608 10324.0964014296
6680.42567138734 1996.24808852156 609 497.138092862257 8689.00654059249
6646.3577898487 1987.78508585953 575 178.534060373668 8596.62646840839
6785.59938775488 1980.4232602929 669 442.549421900831 8881.31671217748
6616.47207002181 1990.79756367775 513 154.773944882614 7708.78404635734
6270.62035145035 1992.1082626021 374 147.106621223325 5959.46398622605
6923.3110966244 1995.26291081495 658 179.229304121305 10497.0912170588
6630.07300797303 1980.47608616242 531 431.894832953264 6927.9222107654
6534.26862620313 1997.55224534201 536 230.832851016358 9421.93937367983
6505.06922283256 1970.05601999757 555 407.808851598615 7058.29715595516
6864.12527959616 1986.08066785796 614 261.61543203953 10036.2554911325
6636.247936402 1982.20706894754 570 150.446944360314 7049.87425741802
6472.46435593855 1997.98307874529 523 269.735392130024 5870.28281446942
6475.25308947824 1980.76226945243 547 352.575810488142 7125.50294151009
6838.16604409867 1987.42272245282 666 347.160605682505 10565.936698857
7044.87068525946 1995.44857165802 685 299.970572595393 9439.14292006487
6951.13072197587 1995.40809779948 659 386.518720885508 9666.71740340432
6110.54969242764 1990.73504026246 387 324.318528668531 7719.20015820593
6138.43519744859 1987.58429556404 397 326.553661842351 5096.53366998086
6773.6849219323 1995.20500596242 663 226.36159862192 11754.5669812633
6877.81102635811 1998.54581281385 682 426.9331446333 9291.93744869848
6932.42306913905 1993.69596332495 657 268.0736571392 8970.36136429223
6531.95323513962 1987.13590409368 587 480.861012930731 7721.25156304981
6154.55664163781 1984.4808975687 443 287.654967594595 3844.24311203029
6884.36478154835 1973.85325795979 621 279.28961359362 8787.39546475002
6551.16303536853 1975.29364064492 506 374.416050171205 6665.20841069014
6483.68360438614 1978.29138179061 499 201.721757139781 7276.58912165231
6811.5758912665 1955.2879045 572 300.403426592082 7276.71304770602
6796.81203380137 1994.16128046317 572 393.254406173284 7428.45867944278
6370.95744742198 1975.26207118462 536 495.22183593873 6049.32318371364
6604.58575508141 1995.72736326045 571 321.546045615127 7996.57399018025
6170.82832622705 1968.93376919442 413 317.435903082303 6295.40494426214
6246.49455230564 1981.11626011487 444 420.198521384353 5952.46222038326
6841.96387367335 2022.55061650745 600 147.264715189498 9506.05390802674
6310.88637552064 1939.51370024024 528 302.280664707408 8419.25746963415
