5963.86027926157 1895.74464243687 443 178.501985846371 6729.05206997506
7095.1764451908 1959.653041923 607 309.426928397968 8430.71074513939
7001.87806001769 1996.09513894488 669 272.77216666476 7963.88717665111
6345.91087955242 1995.55914428653 528 265.257201188867 9589.04725382575
6080.58817922539 1985.03741594459 336 333.819195552362 3479.88184433242
6730.95607741514 1971.5313444944 657 372.52570759098 10690.0426284603
6787.75149965698 1927.14181406658 591 461.40607470708 7560.6431307813
6702.81944561971 1943.34418733694 550 199.175267505585 6230.36727358422
6714.4067715048 1934.72205113016 559 163.678397598565 6787.56975886357
6139.60702343949 1987.77481157485 389 421.70622750054 5232.38997447015
6592.54310168075 1919.69255162167 532 343.909797221672 5997.56885683276
6777.71293749769 1992.0665122201 633 173.919036863084 8501.04742279576
6393.52145623956 1998.45828570209 514 518.702138024726 8269.35327009346
6886.2194882341 1930.04077462148 619 473.12549633593 7827.25888806875
6069.39129302416 1999.4891947463 319 329.284300076852 4871.44786207991
6151.89024344139 1969.25435222538 406 473.751947974142 6119.12633296415
6632.9357815713 1981.98927253548 575 453.127569080447 9244.87610778571
6885.8900331692 1930.05480521692 619 473.009016380688 7827.46934700027
6401.69759332571 1996.08746035126 461 315.695546379036 4815.65579561536
6238.62099788186 1992.87892431827 405 389.69223441337 4296.87490180691
6772.66208159614 1974.84002738665 646 236.687145993337 5965.95301522513
6473.01691278152 1940.31732349759 508 277.732960990568 6207.78728465633
6007.36710789529 1918.98828306339 384 398.793871451348 4708.54498605326
6728.63774392611 1995.76261540932 550 503.445081802131 5763.99918985195
6240.41629541707 1974.65562360024 430 252.164387587211 5610.7029798303
6426.5823521552 1956.64225632357 513 396.652373894548 5695.44181431807
6458.5096750573 1989.73740214223 498 131.139505723199 6240.1576685382
6745.60016621223 1961.07394929005 550 184.049998688076 6026.39438648478
6038.19721183395 1972.96152590329 346 302.22170459244 5633.42478388575
6512.3619384527 1988.73851059869 560 457.001965251468 6435.42293288139
6173.4455294504 1977.50063716753 371 330.150813257222 4630.0404760434
6737.42464814828 1995.74288304205 597 153.567443161288 8859.27140604665
6224.39105388401 1969.87503519236 415 419.815244330169 5867.92951282012
6088.47426492092 1985.73836680313 364 342.180298465893 4821.17564468441
6323.97273363456 1954.72689309047 504 231.233924837136 4942.90972546363
6323.20037374373 1953.49023250514 476 345.606836858491 5976.5189603386
6365.66498240517 1986.99230913741 451 302.956094616149 4761.08488833227
6690.5874750463 1982.17545758152 547 213.816634137753 6982.04398851619
6869.31123018526 1967.49015664937 630 285.637575050897 8079.23451830522
6602.30347838803 1993.45409308724 586 394.222143033684 8668.79678941124
6259.522071194 1972.95633856581 421 464.102599217303 5156.84189919782
6681.05707386425 1973.51734062582 547 217.18613978938 6908.64233144743
6452.28045952842 1966.56545643184 518 498.693776119844 5232.95677633095
6644.14341174767 1928.08945976907 545 185.014419738461 8177.61980996216
6300.81635180032 1969.28887272553 447 383.684006323062 6285.19354405668
6645.45420594028 1938.71553098922 567 271.803286600204 9119.83614873454
6647.40546222197 1977.94331397762 570 250.797809558786 7594.22354294941
6201.45102228388 1965.66289235132 424 366.998860825906 5980.86472928426
6116.38546067973 1990.61786161505 369 321.295597701853 5293.95353834184
6350.33372991081 1998.48175409063 402 354.352658384441 4259.59733263616
6564.87780644017 1988.41963822432 532 300.079721182898 5630.36173978055
6527.60899284541 1918.7406632066 578 125.101941062838 9520.32498945698
6746.14080806577 1973.64927834206 600 158.715466801195 6469.93174158557
6342.06822717545 1994.49760717007 412 203.323355730026 6078.25254532283
6406.78111933936 1999.13413674071 514 407.059814223231 6938.35537069026
6040.28704838018 1990.09984466814 360 371.380557452 5871.69379510276
6728.34499783388 1992.16596472483 607 130.046321991907 10487.6317619182
6673.48334612991 1933.74860586964 605 257.586205973302 8038.38867315204
6264.83326971879 1979.25552222735 401 443.686110660212 5328.35249546016
6221.82141709864 1955.48696416356 396 346.317756898687 6384.73291482993
6102.12971163144 1982.92982393725 380 295.77498827295 5488.70969859343
6460.59084644195 1989.17693083892 512 178.993859331713 7433.80834323
6308.19394651261 1980.04453579462 504 416.612102034282 6345.42187631564
6079.43184670577 1950.27122684691 389 412.172335700969 5111.73314153595
6736.75548092098 1995.9396851732 554 305.554890741549 6586.65851622368
6725.40127370751 1958.6606111441 550 191.191385619349 6218.52417996113
6264.22144012065 1991.6643890347 406 273.629495922527 5124.61914493019
6280.1778754784 1998.15545720704 491 380.795049504207 6475.53322316645
6362.51525166109 1996.97475979506 454 186.635319526493 5545.96357311647
6489.38426800991 1995.29095734496 508 189.173871153848 7269.27620484294
6574.49650879817 1993.63140622235 587 412.232674347814 7624.40683696156
6571.27946087889 1971.48276943993 457 147.906803882736 6319.47595953864
6286.09862445508 1998.83271365555 489 378.539067095802 7133.61221203995
6341.73581547802 1996.91457064141 402 351.312836584694 4084.40003423125
7231.92201096543 1996.68062251984 653 332.59654808899 7632.77307619224
6105.12728367047 1987.37493823724 380 287.094629676583 5467.03235125423
6968.69363292268 1993.1739893365 692 335.794797501101 10952.7475288692
6150.48633242299 1996.40811342777 384 348.193584360498 5026.89091247431
6270.76830514127 1988.09028015889 499 265.09972071759 8102.80973458969
6448.28964930814 1977.83145537498 541 392.384332714227 6648.98074047282
6269.1665923309 1997.81746793775 411 337.403714162809 5345.11610357912
6659.7454658435 1994.19377286507 627 126.103704878922 9067.1786004295
6062.82433009992 1989.17740851799 382 304.172164998675 5914.24966641997
6153.23433417107 1990.406427856 369 362.916826490704 4757.14452539183
6351.87204209483 1996.05540246519 494 211.977009711937 6064.66474586367
6997.13139846187 1994.45990356497 650 271.093968377702 7194.92820167629
6181.24708052835 1996.05457103653 413 229.166636103598 5676.9624944339
6126.44867019115 1997.94280610282 413 248.540799877435 6342.57912484023
6361.08607935003 1984.53087534902 438 325.632797438184 4739.67486463917
6774.76014125173 1998.10908272399 574 119.764006645677 8126.0209322269
6552.01340796831 1987.98139559483 526 382.056698187015 6773.56363694703
6759.93462342666 1973.73071686225 618 163.592316991255 6432.0747833705
6578.28826422757 1997.76585804033 624 305.408668166555 6175.41164907317
6618.10004945481 1986.91628470796 553 299.582354123301 6944.28263099713
6678.88154230443 1981.36364109283 531 236.255627978919 7735.68910969468
6208.4251741522 1977.33137580958 387 350.113508128182 5477.40210028075
6660.5118298185 1995.68851122672 587 286.606812345348 7902.04066390326
6535.47958830617 1987.96035549657 490 129.662228877388 6889.30581647525
6594.9836039576 1982.64779532161 522 456.191207449438 5979.66147654372
6744.69777566726 1964.85459422065 605 282.764308995397 9227.95096461139
