11473.6134007694 3486.57266026479 908 134.007063040129 9118.73789793024
11320.8030409538 3365.90369841578 873 52.8583033375294 8787.0263771118
10808.1315598636 3116.17735114005 815 72.7596179481402 5510.24059597825
12255.8095256004 3484.36637634093 971 199.845735259234 9446.1126790116
11930.6767524372 3383.8063118986 942 146.670096115628 7619.97422990972
11545.6466466153 3298.44197557453 935 77.1910033164404 8228.95182192827
11923.7822039699 3378.68866158242 897 66.2997555115467 7258.22291441843
11758.6716023392 3227.82938439976 828 1.97705879013529 8279.15516822688
11253.3300092572 3196.96328513835 837 46.8298037444986 5507.77863897053
10892.2956558661 3015.15868996224 815 37.6682128752502 5539.77235713012
12782.2877122766 3584.4944265044 1066 264.732161585517 10230.3128259162
13366.1918193295 3799.46030731872 1027 6.1749062214983 10332.7974876035
12470.2206193719 3400.12708124547 1039 73.0103123655003 9122.78549064072
12322.3571857322 3581.67554870078 961 5.1068441206221 8723.65260922753
12744.8299809237 3685.64433571895 966 8.27367681505029 8432.56973593814
12022.7848085054 3279.89761246424 923 47.9274345814188 8029.24500394705
11903.9109084829 3355.15532104473 937 136.039098814457 7045.25309235944
12286.8905596836 3405.21949061458 902 91.3522429186796 6892.89597352543
13245.6214252946 3695.14979758703 1034 17.116159323903 9274.80695756767
13596.5253659065 3828.44823498693 1041 101.72383221051 9238.21101101623
13003.0278248665 3625.61861820993 975 58.5817614300267 8054.11019373924
10758.2234011743 3062.72012157623 814 173.264811704492 6728.8582779778
12546.3153964551 3602.70893804505 1042 364.542318198255 10309.2466586826
12431.3584992302 3505.43205507079 961 375.06146965655 8438.67545595744
12242.4813429493 3645.16752636718 952 281.339314111021 7862.59506029797
11986.7646819387 3171.27504492968 995 261.299436114523 9514.0608809994
11702.3543491109 3386.2434281422 984 243.568085081327 8679.9985845493
11153.6968435963 3101.26694216264 913 150.143022872889 5935.28268130501
11380.8581352809 2960.40996517435 859 249.971805789417 6389.32411441491
12699.9666218319 3540.74697341578 1044 405.554847072403 10770.4132089275
12702.4650422201 3544.57851231643 1042 264.573174248982 8175.09110311282
12517.0588450276 3316.23097663719 1024 326.437166903395 7978.53991145769
12565.6096026186 3484.18413565619 954 331.785037821748 7801.61746646413
12343.4910908457 3316.59731547817 947 281.846723124025 7429.67371071987
10691.5413777108 2990.82220947094 861 365.419963871641 8227.72605280911
11110.1794980113 3245.41611263631 879 367.323639083291 7081.10617573145
10560.6397340703 3037.34118107849 746 367.791141943041 5514.66756005012
11756.1530122109 3379.39653282387 981 343.996548509901 8565.48313273405
12313.7158735657 3549.3002021751 952 429.669157040091 8233.32728831225
12356.6766182045 3278.73290718015 926 407.912135650187 8536.1291618088
12155.3691198204 3381.31904153976 933 423.562302949007 6515.27069524626
12470.8410695299 3307.13779522705 1023 379.577408907865 10012.8720451962
12727.7041806443 3488.22943779074 966 381.506341700482 7739.31201214448
11696.0303437929 3231.1460199632 982 481.452252129858 9691.43213768329
11377.0528671645 3263.11408316792 976 458.557565799641 8099.49068893539
11127.8587694862 3086.69701765359 861 511.526223429992 6957.36528420277
12391.2775396942 3385.5423662792 1004 629.259741873007 10606.0883617231
12784.4196989951 3456.32322652073 1042 564.420742688095 7848.28737276933
11158.1357151892 3021.37395295642 911 678.672058833211 8669.45438533445
11575.5893473826 3044.83747813192 992 557.884891104677 6828.40326825244
12369.6577827493 3500.96765625752 968 15.0768367288729 10477.4683672386
12117.5448963983 3476.64625413676 969 68.8264969309441 8632.69199928727
11662.6081548731 3332.00184063519 927 36.3887028333943 8408.64752916747
12225.6939275967 3445.4323544985 867 100.276504855965 7014.88619244741
12167.7479215481 3192.23936886362 813 16.6699257993196 8736.5949956529
11328.1888754506 3248.97635210493 812 10.0006904321062 6821.05514382388
13261.3404124661 3598.48522453241 1095 17.8950238452801 11251.2129220026
13207.3134737376 3793.10969689502 988 2.03169626232193 10228.6212908653
12703.6616547821 3382.99037183704 1047 157.278954229846 9406.52931399044
12388.3871166089 3586.53849182665 977 172.98718068389 7975.41838838762
12684.4770746433 3664.62014913953 943 58.0714545179355 8382.33936572886
12405.3828158915 3527.70661013024 900 29.7642167369504 7305.8661686098
12440.7818780999 3389.10833645185 826 38.6324181820537 7076.38324849786
13256.2707534927 3677.29352000201 1061 111.345477393623 9847.04891844059
13121.6409906278 3689.83234006398 989 63.6308634139275 8547.52148313953
12506.0263638881 3472.40966115219 1004 272.292065050349 8204.54163024217
12423.5508573761 3340.28382162941 896 341.150069891973 5857.49452810661
11366.059973083 3076.52489748793 827 345.999310278893 7026.53953656156
12301.3883030227 3427.29842696562 995 429.868307573127 9901.51708573895
11955.5004786685 3389.80213614597 948 404.410158246028 7717.87571763795
12809.4498285055 3522.73137379221 968 411.518883037069 7675.26772724361
11714.4714120049 3284.21225306565 743 572.020501131403 5397.25724746413
13006.9008817985 3858.28730570983 919 2.01013148100697 11753.3146402166
12059.1845926753 3473.52002292952 921 5.25250098981883 8879.78917299252
11801.4478368667 3258.3896533917 854 73.019615304119 7525.2846992178
12363.5294767516 3497.02444283409 866 40.610644540224 8364.15802012
11814.6762740929 3288.51720075592 866 24.4640267904533 7087.94401558336
13256.1920711981 3696.60541929892 1128 4.62568122859989 10874.963219097
12940.4671398404 3496.9748906204 982 79.1404382642825 8472.30713530204
12440.2057224032 3478.79575926744 883 20.2809487187826 7900.65538188598
13275.7558695302 3716.69972835891 1002 86.4735822580526 8899.24449473925
11935.6015936071 3533.14370759991 891 19.0151187084966 8042.3993205967
11958.554639975 3276.56659554465 864 101.626243670982 7451.32162733792
12143.1609126378 3389.62766596121 816 21.6971038271556 6733.51347344466
13031.1453940822 3652.83706201796 1017 39.8172426746455 10945.9731614074
12811.3411919885 3511.99076601228 961 33.1270108271165 8576.08668787101
12491.9381200765 3493.61319985977 889 35.7901990397284 7983.81214104299
12422.3432602623 3513.21616594812 910 21.176247556964 8836.71669711085
11599.6613975863 3266.51367938126 840 115.486532113017 8080.16703860264
13062.0016086038 3740.61387195872 1005 14.0593427623571 10849.7786251146
12579.0569861176 3567.78709917478 960 163.624628627872 8110.38418452347
12777.5038460789 3584.64380914396 963 157.187325804822 7690.29557641702
12335.5337172715 3501.99886230039 867 16.8937239179791 8441.26632676965
12018.5986421952 3279.68784787299 877 68.4546693895977 8413.91693829866
12991.8298312971 3697.90137336607 1074 287.945161279015 11787.5277241823
12674.7200425087 3614.22690217368 997 3.13496095780192 9139.33650160813
12583.3058977394 3515.50531834583 860 3.56786771924703 7777.39044218853
12375.2249697975 3636.38628536519 889 8.84221219577557 8670.40200120334
11793.5988261971 3403.21465168578 865 121.890779343096 7740.58839797766
13979.2314816218 3935.0718667524 1179 6.88728244337244 13197.0622409632
