21759.7351282876 3578.6126502217 650 483.702935573321 5140.43432836259
21759.7351282876 3578.6126502217 650 483.702935573321 5140.43432836259
21759.7351282876 3578.6126502217 650 483.702935573321 5140.43432836259
21759.7351282876 3578.6126502217 650 483.702935573321 5140.43432836259
21759.7351282876 3578.6126502217 650 483.702935573321 5140.43432836259
21759.7351282876 3578.6126502217 650 483.702935573321 5140.43432836259
21759.7351282876 3578.6126502217 650 483.702935573321 5140.43432836259
21759.7351282876 3578.6126502217 650 483.702935573321 5140.43432836259
21759.7351282876 3578.6126502217 650 483.702935573321 5140.43432836259
21759.7351282876 3578.6126502217 650 483.702935573321 5140.43432836259
21759.7351282876 3578.6126502217 650 483.702935573321 5140.43432836259
21759.7351282876 3578.6126502217 650 483.702935573321 5140.43432836259
21759.7351282876 3578.6126502217 650 483.702935573321 5140.43432836259
21759.7351282876 3578.6126502217 650 483.702935573321 5140.43432836259
21759.7351282876 3578.6126502217 650 483.702935573321 5140.43432836259
21759.7351282876 3578.6126502217 650 483.702935573321 5140.43432836259
21759.7351282876 3578.6126502217 650 483.702935573321 5140.43432836259
21759.7351282876 3578.6126502217 650 483.702935573321 5140.43432836259
21759.7351282876 3578.6126502217 650 483.702935573321 5140.43432836259
21759.7351282876 3578.6126502217 650 483.702935573321 5140.43432836259
21759.7351282876 3578.6126502217 650 483.702935573321 5140.43432836259
21759.7351282876 3578.6126502217 650 483.702935573321 5140.43432836259
21759.7351282876 3578.6126502217 650 483.702935573321 5140.43432836259
21759.7351282876 3578.6126502217 650 483.702935573321 5140.43432836259
21759.7351282876 3578.6126502217 650 483.702935573321 5140.43432836259
21759.7351282876 3578.6126502217 650 483.702935573321 5140.43432836259
21759.7351282876 3578.6126502217 650 483.702935573321 5140.43432836259
21759.7351282876 3578.6126502217 650 483.702935573321 5140.43432836259
21759.7351282876 3578.6126502217 650 483.702935573321 5140.43432836259
21759.7351282876 3578.6126502217 650 483.702935573321 5140.43432836259
21759.7351282876 3578.6126502217 650 483.702935573321 5140.43432836259
21759.7351282876 3578.6126502217 650 483.702935573321 5140.43432836259
21759.7351282876 3578.6126502217 650 483.702935573321 5140.43432836259
21759.7351282876 3578.6126502217 650 483.702935573321 5140.43432836259
21759.7351282876 3578.6126502217 650 483.702935573321 5140.43432836259
21759.7351282876 3578.6126502217 650 483.702935573321 5140.43432836259
21759.7351282876 3578.6126502217 650 483.702935573321 5140.43432836259
21759.7351282876 3578.6126502217 650 483.702935573321 5140.43432836259
21759.7351282876 3578.6126502217 650 483.702935573321 5140.43432836259
21759.7351282876 3578.6126502217 650 483.702935573321 5140.43432836259
21759.7351282876 3578.6126502217 650 483.702935573321 5140.43432836259
21759.7351282876 3578.6126502217 650 483.702935573321 5140.43432836259
21759.7351282876 3578.6126502217 650 483.702935573321 5140.43432836259
21759.7351282876 3578.6126502217 650 483.702935573321 5140.43432836259
21759.7351282876 3578.6126502217 650 483.702935573321 5140.43432836259
21759.7351282876 3578.6126502217 650 483.702935573321 5140.43432836259
21759.7351282876 3578.6126502217 650 483.702935573321 5140.43432836259
21759.7351282876 3578.6126502217 650 483.702935573321 5140.43432836259
21759.7351282876 3578.6126502217 650 483.702935573321 5140.43432836259
21759.7351282876 3578.6126502217 650 483.702935573321 5140.43432836259
21759.7351282876 3578.6126502217 650 483.702935573321 5140.43432836259
21759.7351282876 3578.6126502217 650 483.702935573321 5140.43432836259
21759.7351282876 3578.6126502217 650 483.702935573321 5140.43432836259
21759.7351282876 3578.6126502217 650 483.702935573321 5140.43432836259
21759.7351282876 3578.6126502217 650 483.702935573321 5140.43432836259
21759.7351282876 3578.6126502217 650 483.702935573321 5140.43432836259
21759.7351282876 3578.6126502217 650 483.702935573321 5140.43432836259
21759.7351282876 3578.6126502217 650 483.702935573321 5140.43432836259
21759.7351282876 3578.6126502217 650 483.702935573321 5140.43432836259
21759.7351282876 3578.6126502217 650 483.702935573321 5140.43432836259
21759.7351282876 3578.6126502217 650 483.702935573321 5140.43432836259
21759.7351282876 3578.6126502217 650 483.702935573321 5140.43432836259
21759.7351282876 3578.6126502217 650 483.702935573321 5140.43432836259
21759.7351282876 3578.6126502217 650 483.702935573321 5140.43432836259
21759.7351282876 3578.6126502217 650 483.702935573321 5140.43432836259
21759.7351282876 3578.6126502217 650 483.702935573321 5140.43432836259
21759.7351282876 3578.6126502217 650 483.702935573321 5140.43432836259
21759.7351282876 3578.6126502217 650 483.702935573321 5140.43432836259
21759.7351282876 3578.6126502217 650 483.702935573321 5140.43432836259
21759.7351282876 3578.6126502217 650 483.702935573321 5140.43432836259
21759.7351282876 3578.6126502217 650 483.702935573321 5140.43432836259
21759.7351282876 3578.6126502217 650 483.702935573321 5140.43432836259
21759.7351282876 3578.6126502217 650 483.702935573321 5140.43432836259
21759.7351282876 3578.6126502217 650 483.702935573321 5140.43432836259
21759.7351282876 3578.6126502217 650 483.702935573321 5140.43432836259
21759.7351282876 3578.6126502217 650 483.702935573321 5140.43432836259
21759.7351282876 3578.6126502217 650 483.702935573321 5140.43432836259
21759.7351282876 3578.6126502217 650 483.702935573321 5140.43432836259
21759.7351282876 3578.6126502217 650 483.702935573321 5140.43432836259
21759.7351282876 3578.6126502217 650 483.702935573321 5140.43432836259
21759.7351282876 3578.6126502217 650 483.702935573321 5140.43432836259
21759.7351282876 3578.6126502217 650 483.702935573321 5140.43432836259
21759.7351282876 3578.6126502217 650 483.702935573321 5140.43432836259
21759.7351282876 3578.6126502217 650 483.702935573321 5140.43432836259
21759.7351282876 3578.6126502217 650 483.702935573321 5140.43432836259
21759.7351282876 3578.6126502217 650 483.702935573321 5140.43432836259
21759.7351282876 3578.6126502217 650 483.702935573321 5140.43432836259
21759.7351282876 3578.6126502217 650 483.702935573321 5140.43432836259
21624.9702792771 3534.54887031502 650 737.416914079119 5782.18201922798
21624.9702792771 3534.54887031502 650 737.416914079119 5782.18201922798
21624.9702792771 3534.54887031502 650 737.416914079119 5782.18201922798
21624.9702792771 3534.54887031502 650 737.416914079119 5782.18201922798
21624.9702792771 3534.54887031502 650 737.416914079119 5782.18201922798
21624.9702792771 3534.54887031502 650 737.416914079119 5782.18201922798
21624.9702792771 3534.54887031502 650 737.416914079119 5782.18201922798
21624.9702792771 3534.54887031502 650 737.416914079119 5782.18201922798
21624.9702792771 3534.54887031502 650 737.416914079119 5782.18201922798
21624.9702792771 3534.54887031502 650 737.416914079119 5782.18201922798
21624.9702792771 3534.54887031502 650 737.416914079119 5782.18201922798
21624.9702792771 3534.54887031502 650 737.416914079119 5782.18201922798
