9680.17170574995 2984.62603204199 538 54.4477047232462 7570.86387711106
9680.17170574995 2984.62603204199 538 54.4477047232462 7570.86387711106
9680.17170574995 2984.62603204199 538 54.4477047232462 7570.86387711106
9680.17170574995 2984.62603204199 538 54.4477047232462 7570.86387711106
9680.17170574995 2984.62603204199 538 54.4477047232462 7570.86387711106
9680.17170574995 2984.62603204199 538 54.4477047232462 7570.86387711106
9680.17170574995 2984.62603204199 538 54.4477047232462 7570.86387711106
9680.17170574995 2984.62603204199 538 54.4477047232462 7570.86387711106
9680.17170574995 2984.62603204199 538 54.4477047232462 7570.86387711106
9680.17170574995 2984.62603204199 538 54.4477047232462 7570.86387711106
9680.17170574995 2984.62603204199 538 54.4477047232462 7570.86387711106
9680.17170574995 2984.62603204199 538 54.4477047232462 7570.86387711106
9680.17170574995 2984.62603204199 538 54.4477047232462 7570.86387711106
9680.17170574995 2984.62603204199 538 54.4477047232462 7570.86387711106
9680.17170574995 2984.62603204199 538 54.4477047232462 7570.86387711106
9680.17170574995 2984.62603204199 538 54.4477047232462 7570.86387711106
9680.17170574995 2984.62603204199 538 54.4477047232462 7570.86387711106
9680.17170574995 2984.62603204199 538 54.4477047232462 7570.86387711106
9680.17170574995 2984.62603204199 538 54.4477047232462 7570.86387711106
9680.17170574995 2984.62603204199 538 54.4477047232462 7570.86387711106
9680.17170574995 2984.62603204199 538 54.4477047232462 7570.86387711106
9680.17170574995 2984.62603204199 538 54.4477047232462 7570.86387711106
9680.17170574995 2984.62603204199 538 54.4477047232462 7570.86387711106
9680.17170574995 2984.62603204199 538 54.4477047232462 7570.86387711106
9680.17170574995 2984.62603204199 538 54.4477047232462 7570.86387711106
9680.17170574995 2984.62603204199 538 54.4477047232462 7570.86387711106
9680.17170574995 2984.62603204199 538 54.4477047232462 7570.86387711106
9680.17170574995 2984.62603204199 538 54.4477047232462 7570.86387711106
9680.17170574995 2984.62603204199 538 54.4477047232462 7570.86387711106
9680.17170574995 2984.62603204199 538 54.4477047232462 7570.86387711106
9680.17170574995 2984.62603204199 538 54.4477047232462 7570.86387711106
9680.17170574995 2984.62603204199 538 54.4477047232462 7570.86387711106
9680.17170574995 2984.62603204199 538 54.4477047232462 7570.86387711106
9680.17170574995 2984.62603204199 538 54.4477047232462 7570.86387711106
9680.17170574995 2984.62603204199 538 54.4477047232462 7570.86387711106
9680.17170574995 2984.62603204199 538 54.4477047232462 7570.86387711106
9680.17170574995 2984.62603204199 538 54.4477047232462 7570.86387711106
9680.17170574995 2984.62603204199 538 54.4477047232462 7570.86387711106
9680.17170574995 2984.62603204199 538 54.4477047232462 7570.86387711106
9680.17170574995 2984.62603204199 538 54.4477047232462 7570.86387711106
9680.17170574995 2984.62603204199 538 54.4477047232462 7570.86387711106
9680.17170574995 2984.62603204199 538 54.4477047232462 7570.86387711106
9680.17170574995 2984.62603204199 538 54.4477047232462 7570.86387711106
9680.17170574995 2984.62603204199 538 54.4477047232462 7570.86387711106
9680.17170574995 2984.62603204199 538 54.4477047232462 7570.86387711106
9680.17170574995 2984.62603204199 538 54.4477047232462 7570.86387711106
9680.17170574995 2984.62603204199 538 54.4477047232462 7570.86387711106
9680.17170574995 2984.62603204199 538 54.4477047232462 7570.86387711106
9680.17170574995 2984.62603204199 538 54.4477047232462 7570.86387711106
9680.17170574995 2984.62603204199 538 54.4477047232462 7570.86387711106
9680.17170574995 2984.62603204199 538 54.4477047232462 7570.86387711106
9680.17170574995 2984.62603204199 538 54.4477047232462 7570.86387711106
9680.17170574995 2984.62603204199 538 54.4477047232462 7570.86387711106
9680.17170574995 2984.62603204199 538 54.4477047232462 7570.86387711106
9680.17170574995 2984.62603204199 538 54.4477047232462 7570.86387711106
9680.17170574995 2984.62603204199 538 54.4477047232462 7570.86387711106
9680.17170574995 2984.62603204199 538 54.4477047232462 7570.86387711106
9680.17170574995 2984.62603204199 538 54.4477047232462 7570.86387711106
9680.17170574995 2984.62603204199 538 54.4477047232462 7570.86387711106
9680.17170574995 2984.62603204199 538 54.4477047232462 7570.86387711106
9680.17170574995 2984.62603204199 538 54.4477047232462 7570.86387711106
9680.17170574995 2984.62603204199 538 54.4477047232462 7570.86387711106
9680.17170574995 2984.62603204199 538 54.4477047232462 7570.86387711106
9680.17170574995 2984.62603204199 538 54.4477047232462 7570.86387711106
9680.17170574995 2984.62603204199 538 54.4477047232462 7570.86387711106
9680.17170574995 2984.62603204199 538 54.4477047232462 7570.86387711106
9680.17170574995 2984.62603204199 538 54.4477047232462 7570.86387711106
9680.17170574995 2984.62603204199 538 54.4477047232462 7570.86387711106
9680.17170574995 2984.62603204199 538 54.4477047232462 7570.86387711106
9680.17170574995 2984.62603204199 538 54.4477047232462 7570.86387711106
9680.17170574995 2984.62603204199 538 54.4477047232462 7570.86387711106
9680.17170574995 2984.62603204199 538 54.4477047232462 7570.86387711106
9598.23624697008 2985.63183045622 540 290.314671030725 7205.8035017847
9598.23624697008 2985.63183045622 540 290.314671030725 7205.8035017847
9598.23624697008 2985.63183045622 540 290.314671030725 7205.8035017847
9598.23624697008 2985.63183045622 540 290.314671030725 7205.8035017847
9598.23624697008 2985.63183045622 540 290.314671030725 7205.8035017847
9598.23624697008 2985.63183045622 540 290.314671030725 7205.8035017847
9598.23624697008 2985.63183045622 540 290.314671030725 7205.8035017847
9598.23624697008 2985.63183045622 540 290.314671030725 7205.8035017847
9598.23624697008 2985.63183045622 540 290.314671030725 7205.8035017847
9598.23624697008 2985.63183045622 540 290.314671030725 7205.8035017847
9598.23624697008 2985.63183045622 540 290.314671030725 7205.8035017847
9598.23624697008 2985.63183045622 540 290.314671030725 7205.8035017847
9598.23624697008 2985.63183045622 540 290.314671030725 7205.8035017847
9598.23624697008 2985.63183045622 540 290.314671030725 7205.8035017847
9598.23624697008 2985.63183045622 540 290.314671030725 7205.8035017847
9598.23624697008 2985.63183045622 540 290.314671030725 7205.8035017847
9598.23624697008 2985.63183045622 540 290.314671030725 7205.8035017847
9598.23624697008 2985.63183045622 540 290.314671030725 7205.8035017847
9598.23624697008 2985.63183045622 540 290.314671030725 7205.8035017847
9598.23624697008 2985.63183045622 540 290.314671030725 7205.8035017847
9598.23624697008 2985.63183045622 540 290.314671030725 7205.8035017847
9598.23624697008 2985.63183045622 540 290.314671030725 7205.8035017847
9598.23624697008 2985.63183045622 540 290.314671030725 7205.8035017847
9598.23624697008 2985.63183045622 540 290.314671030725 7205.8035017847
9598.23624697008 2985.63183045622 540 290.314671030725 7205.8035017847
9598.23624697008 2985.63183045622 540 290.314671030725 7205.8035017847
9598.23624697008 2985.63183045622 540 290.314671030725 7205.8035017847
9598.23624697008 2985.63183045622 540 290.314671030725 7205.8035017847
