5779.60868156931 1948.85547108124 331 270.751303679075 4993.69138140825
5779.60868156931 1948.85547108124 331 270.751303679075 4993.69138140825
5779.60868156931 1948.85547108124 331 270.751303679075 4993.69138140825
5779.60868156931 1948.85547108124 331 270.751303679075 4993.69138140825
5779.60868156931 1948.85547108124 331 270.751303679075 4993.69138140825
5779.60868156931 1948.85547108124 331 270.751303679075 4993.69138140825
5779.60868156931 1948.85547108124 331 270.751303679075 4993.69138140825
5779.60868156931 1948.85547108124 331 270.751303679075 4993.69138140825
5779.60868156931 1948.85547108124 331 270.751303679075 4993.69138140825
5779.60868156931 1948.85547108124 331 270.751303679075 4993.69138140825
5779.60868156931 1948.85547108124 331 270.751303679075 4993.69138140825
5779.60868156931 1948.85547108124 331 270.751303679075 4993.69138140825
5779.60868156931 1948.85547108124 331 270.751303679075 4993.69138140825
5779.60868156931 1948.85547108124 331 270.751303679075 4993.69138140825
5779.60868156931 1948.85547108124 331 270.751303679075 4993.69138140825
5779.60868156931 1948.85547108124 331 270.751303679075 4993.69138140825
5779.60868156931 1948.85547108124 331 270.751303679075 4993.69138140825
5779.60868156931 1948.85547108124 331 270.751303679075 4993.69138140825
5779.60868156931 1948.85547108124 331 270.751303679075 4993.69138140825
5779.60868156931 1948.85547108124 331 270.751303679075 4993.69138140825
5779.60868156931 1948.85547108124 331 270.751303679075 4993.69138140825
5779.60868156931 1948.85547108124 331 270.751303679075 4993.69138140825
5779.60868156931 1948.85547108124 331 270.751303679075 4993.69138140825
5779.60868156931 1948.85547108124 331 270.751303679075 4993.69138140825
5779.60868156931 1948.85547108124 331 270.751303679075 4993.69138140825
5779.60868156931 1948.85547108124 331 270.751303679075 4993.69138140825
5779.60868156931 1948.85547108124 331 270.751303679075 4993.69138140825
5779.60868156931 1948.85547108124 331 270.751303679075 4993.69138140825
5779.60868156931 1948.85547108124 331 270.751303679075 4993.69138140825
5779.60868156931 1948.85547108124 331 270.751303679075 4993.69138140825
5779.60868156931 1948.85547108124 331 270.751303679075 4993.69138140825
5779.60868156931 1948.85547108124 331 270.751303679075 4993.69138140825
5779.60868156931 1948.85547108124 331 270.751303679075 4993.69138140825
5779.60868156931 1948.85547108124 331 270.751303679075 4993.69138140825
5779.60868156931 1948.85547108124 331 270.751303679075 4993.69138140825
5779.60868156931 1948.85547108124 331 270.751303679075 4993.69138140825
5779.60868156931 1948.85547108124 331 270.751303679075 4993.69138140825
5779.60868156931 1948.85547108124 331 270.751303679075 4993.69138140825
5779.60868156931 1948.85547108124 331 270.751303679075 4993.69138140825
5779.60868156931 1948.85547108124 331 270.751303679075 4993.69138140825
5779.60868156931 1948.85547108124 331 270.751303679075 4993.69138140825
5779.60868156931 1948.85547108124 331 270.751303679075 4993.69138140825
5779.60868156931 1948.85547108124 331 270.751303679075 4993.69138140825
5779.60868156931 1948.85547108124 331 270.751303679075 4993.69138140825
5779.60868156931 1948.85547108124 331 270.751303679075 4993.69138140825
5779.60868156931 1948.85547108124 331 270.751303679075 4993.69138140825
5779.60868156931 1948.85547108124 331 270.751303679075 4993.69138140825
5779.60868156931 1948.85547108124 331 270.751303679075 4993.69138140825
5779.60868156931 1948.85547108124 331 270.751303679075 4993.69138140825
5779.60868156931 1948.85547108124 331 270.751303679075 4993.69138140825
5779.60868156931 1948.85547108124 331 270.751303679075 4993.69138140825
5779.60868156931 1948.85547108124 331 270.751303679075 4993.69138140825
5779.60868156931 1948.85547108124 331 270.751303679075 4993.69138140825
5779.60868156931 1948.85547108124 331 270.751303679075 4993.69138140825
5779.60868156931 1948.85547108124 331 270.751303679075 4993.69138140825
5779.60868156931 1948.85547108124 331 270.751303679075 4993.69138140825
5779.60868156931 1948.85547108124 331 270.751303679075 4993.69138140825
5779.60868156931 1948.85547108124 331 270.751303679075 4993.69138140825
5779.60868156931 1948.85547108124 331 270.751303679075 4993.69138140825
5779.60868156931 1948.85547108124 331 270.751303679075 4993.69138140825
5779.60868156931 1948.85547108124 331 270.751303679075 4993.69138140825
5779.60868156931 1948.85547108124 331 270.751303679075 4993.69138140825
5779.60868156931 1948.85547108124 331 270.751303679075 4993.69138140825
5779.60868156931 1948.85547108124 331 270.751303679075 4993.69138140825
5779.60868156931 1948.85547108124 331 270.751303679075 4993.69138140825
5779.60868156931 1948.85547108124 331 270.751303679075 4993.69138140825
5779.60868156931 1948.85547108124 331 270.751303679075 4993.69138140825
5779.60868156931 1948.85547108124 331 270.751303679075 4993.69138140825
5779.60868156931 1948.85547108124 331 270.751303679075 4993.69138140825
5779.60868156931 1948.85547108124 331 270.751303679075 4993.69138140825
5779.60868156931 1948.85547108124 331 270.751303679075 4993.69138140825
5779.60868156931 1948.85547108124 331 270.751303679075 4993.69138140825
5779.60868156931 1948.85547108124 331 270.751303679075 4993.69138140825
5779.60868156931 1948.85547108124 331 270.751303679075 4993.69138140825
5779.60868156931 1948.85547108124 331 270.751303679075 4993.69138140825
5779.60868156931 1948.85547108124 331 270.751303679075 4993.69138140825
5779.60868156931 1948.85547108124 331 270.751303679075 4993.69138140825
5779.60868156931 1948.85547108124 331 270.751303679075 4993.69138140825
5779.60868156931 1948.85547108124 331 270.751303679075 4993.69138140825
5779.60868156931 1948.85547108124 331 270.751303679075 4993.69138140825
5779.60868156931 1948.85547108124 331 270.751303679075 4993.69138140825
5779.60868156931 1948.85547108124 331 270.751303679075 4993.69138140825
5779.60868156931 1948.85547108124 331 270.751303679075 4993.69138140825
5779.60868156931 1948.85547108124 331 270.751303679075 4993.69138140825
5779.60868156931 1948.85547108124 331 270.751303679075 4993.69138140825
5779.60868156931 1948.85547108124 331 270.751303679075 4993.69138140825
5779.60868156931 1948.85547108124 331 270.751303679075 4993.69138140825
5779.60868156931 1948.85547108124 331 270.751303679075 4993.69138140825
12622.3179604379 2340.57830889711 420 110.717613971872 2724.88865285317
12622.3179604379 2340.57830889711 420 110.717613971872 2724.88865285317
12622.3179604379 2340.57830889711 420 110.717613971872 2724.88865285317
12622.3179604379 2340.57830889711 420 110.717613971872 2724.88865285317
12622.3179604379 2340.57830889711 420 110.717613971872 2724.88865285317
12622.3179604379 2340.57830889711 420 110.717613971872 2724.88865285317
12622.3179604379 2340.57830889711 420 110.717613971872 2724.88865285317
12622.3179604379 2340.57830889711 420 110.717613971872 2724.88865285317
12622.3179604379 2340.57830889711 420 110.717613971872 2724.88865285317
12622.3179604379 2340.57830889711 420 110.717613971872 2724.88865285317
12622.3179604379 2340.57830889711 420 110.717613971872 2724.88865285317
12622.3179604379 2340.57830889711 420 110.717613971872 2724.88865285317
