6149.16801213053 1989.00449048763 416 422.494441363463 8718.90097704263
6149.16801213053 1989.00449048763 416 422.494441363463 8718.90097704263
6149.16801213053 1989.00449048763 416 422.494441363463 8718.90097704263
6149.16801213053 1989.00449048763 416 422.494441363463 8718.90097704263
6149.16801213053 1989.00449048763 416 422.494441363463 8718.90097704263
6149.16801213053 1989.00449048763 416 422.494441363463 8718.90097704263
6149.16801213053 1989.00449048763 416 422.494441363463 8718.90097704263
6149.16801213053 1989.00449048763 416 422.494441363463 8718.90097704263
6149.16801213053 1989.00449048763 416 422.494441363463 8718.90097704263
6149.16801213053 1989.00449048763 416 422.494441363463 8718.90097704263
6149.16801213053 1989.00449048763 416 422.494441363463 8718.90097704263
6149.16801213053 1989.00449048763 416 422.494441363463 8718.90097704263
6149.16801213053 1989.00449048763 416 422.494441363463 8718.90097704263
6149.16801213053 1989.00449048763 416 422.494441363463 8718.90097704263
6149.16801213053 1989.00449048763 416 422.494441363463 8718.90097704263
6149.16801213053 1989.00449048763 416 422.494441363463 8718.90097704263
6149.16801213053 1989.00449048763 416 422.494441363463 8718.90097704263
6149.16801213053 1989.00449048763 416 422.494441363463 8718.90097704263
6149.16801213053 1989.00449048763 416 422.494441363463 8718.90097704263
6149.16801213053 1989.00449048763 416 422.494441363463 8718.90097704263
6149.16801213053 1989.00449048763 416 422.494441363463 8718.90097704263
6149.16801213053 1989.00449048763 416 422.494441363463 8718.90097704263
6149.16801213053 1989.00449048763 416 422.494441363463 8718.90097704263
6149.16801213053 1989.00449048763 416 422.494441363463 8718.90097704263
6149.16801213053 1989.00449048763 416 422.494441363463 8718.90097704263
6149.16801213053 1989.00449048763 416 422.494441363463 8718.90097704263
6149.16801213053 1989.00449048763 416 422.494441363463 8718.90097704263
6149.16801213053 1989.00449048763 416 422.494441363463 8718.90097704263
6149.16801213053 1989.00449048763 416 422.494441363463 8718.90097704263
6149.16801213053 1989.00449048763 416 422.494441363463 8718.90097704263
6149.16801213053 1989.00449048763 416 422.494441363463 8718.90097704263
6149.16801213053 1989.00449048763 416 422.494441363463 8718.90097704263
6149.16801213053 1989.00449048763 416 422.494441363463 8718.90097704263
6149.16801213053 1989.00449048763 416 422.494441363463 8718.90097704263
6149.16801213053 1989.00449048763 416 422.494441363463 8718.90097704263
6149.16801213053 1989.00449048763 416 422.494441363463 8718.90097704263
6149.16801213053 1989.00449048763 416 422.494441363463 8718.90097704263
6149.16801213053 1989.00449048763 416 422.494441363463 8718.90097704263
6149.16801213053 1989.00449048763 416 422.494441363463 8718.90097704263
6149.16801213053 1989.00449048763 416 422.494441363463 8718.90097704263
6149.16801213053 1989.00449048763 416 422.494441363463 8718.90097704263
6149.16801213053 1989.00449048763 416 422.494441363463 8718.90097704263
6149.16801213053 1989.00449048763 416 422.494441363463 8718.90097704263
6149.16801213053 1989.00449048763 416 422.494441363463 8718.90097704263
6149.16801213053 1989.00449048763 416 422.494441363463 8718.90097704263
6149.16801213053 1989.00449048763 416 422.494441363463 8718.90097704263
6149.16801213053 1989.00449048763 416 422.494441363463 8718.90097704263
6149.16801213053 1989.00449048763 416 422.494441363463 8718.90097704263
6149.16801213053 1989.00449048763 416 422.494441363463 8718.90097704263
6149.16801213053 1989.00449048763 416 422.494441363463 8718.90097704263
6149.16801213053 1989.00449048763 416 422.494441363463 8718.90097704263
6149.16801213053 1989.00449048763 416 422.494441363463 8718.90097704263
6149.16801213053 1989.00449048763 416 422.494441363463 8718.90097704263
6149.16801213053 1989.00449048763 416 422.494441363463 8718.90097704263
6149.16801213053 1989.00449048763 416 422.494441363463 8718.90097704263
6149.16801213053 1989.00449048763 416 422.494441363463 8718.90097704263
6149.16801213053 1989.00449048763 416 422.494441363463 8718.90097704263
6149.16801213053 1989.00449048763 416 422.494441363463 8718.90097704263
6149.16801213053 1989.00449048763 416 422.494441363463 8718.90097704263
6149.16801213053 1989.00449048763 416 422.494441363463 8718.90097704263
6149.16801213053 1989.00449048763 416 422.494441363463 8718.90097704263
6149.16801213053 1989.00449048763 416 422.494441363463 8718.90097704263
6149.16801213053 1989.00449048763 416 422.494441363463 8718.90097704263
6149.16801213053 1989.00449048763 416 422.494441363463 8718.90097704263
6149.16801213053 1989.00449048763 416 422.494441363463 8718.90097704263
6149.16801213053 1989.00449048763 416 422.494441363463 8718.90097704263
6149.16801213053 1989.00449048763 416 422.494441363463 8718.90097704263
6149.16801213053 1989.00449048763 416 422.494441363463 8718.90097704263
6149.16801213053 1989.00449048763 416 422.494441363463 8718.90097704263
6149.16801213053 1989.00449048763 416 422.494441363463 8718.90097704263
6149.16801213053 1989.00449048763 416 422.494441363463 8718.90097704263
6149.16801213053 1989.00449048763 416 422.494441363463 8718.90097704263
6149.16801213053 1989.00449048763 416 422.494441363463 8718.90097704263
6149.16801213053 1989.00449048763 416 422.494441363463 8718.90097704263
6149.16801213053 1989.00449048763 416 422.494441363463 8718.90097704263
6149.16801213053 1989.00449048763 416 422.494441363463 8718.90097704263
6149.16801213053 1989.00449048763 416 422.494441363463 8718.90097704263
6149.16801213053 1989.00449048763 416 422.494441363463 8718.90097704263
6149.16801213053 1989.00449048763 416 422.494441363463 8718.90097704263
6149.16801213053 1989.00449048763 416 422.494441363463 8718.90097704263
5779.60868156931 1948.85547108124 331 270.751303679075 4993.69138140825
5779.60868156931 1948.85547108124 331 270.751303679075 4993.69138140825
5779.60868156931 1948.85547108124 331 270.751303679075 4993.69138140825
5779.60868156931 1948.85547108124 331 270.751303679075 4993.69138140825
5779.60868156931 1948.85547108124 331 270.751303679075 4993.69138140825
5779.60868156931 1948.85547108124 331 270.751303679075 4993.69138140825
5779.60868156931 1948.85547108124 331 270.751303679075 4993.69138140825
5779.60868156931 1948.85547108124 331 270.751303679075 4993.69138140825
5779.60868156931 1948.85547108124 331 270.751303679075 4993.69138140825
5779.60868156931 1948.85547108124 331 270.751303679075 4993.69138140825
5779.60868156931 1948.85547108124 331 270.751303679075 4993.69138140825
5779.60868156931 1948.85547108124 331 270.751303679075 4993.69138140825
5779.60868156931 1948.85547108124 331 270.751303679075 4993.69138140825
5779.60868156931 1948.85547108124 331 270.751303679075 4993.69138140825
5779.60868156931 1948.85547108124 331 270.751303679075 4993.69138140825
5779.60868156931 1948.85547108124 331 270.751303679075 4993.69138140825
5779.60868156931 1948.85547108124 331 270.751303679075 4993.69138140825
5779.60868156931 1948.85547108124 331 270.751303679075 4993.69138140825
5779.60868156931 1948.85547108124 331 270.751303679075 4993.69138140825
5779.60868156931 1948.85547108124 331 270.751303679075 4993.69138140825
