5874.73620562078 1982.47866154433 306 262.185464707702 4133.74827482612
5874.73620562078 1982.47866154433 306 262.185464707702 4133.74827482612
5874.73620562078 1982.47866154433 306 262.185464707702 4133.74827482612
5874.73620562078 1982.47866154433 306 262.185464707702 4133.74827482612
5874.73620562078 1982.47866154433 306 262.185464707702 4133.74827482612
5874.73620562078 1982.47866154433 306 262.185464707702 4133.74827482612
5874.73620562078 1982.47866154433 306 262.185464707702 4133.74827482612
5874.73620562078 1982.47866154433 306 262.185464707702 4133.74827482612
5874.73620562078 1982.47866154433 306 262.185464707702 4133.74827482612
5874.73620562078 1982.47866154433 306 262.185464707702 4133.74827482612
5874.73620562078 1982.47866154433 306 262.185464707702 4133.74827482612
5874.73620562078 1982.47866154433 306 262.185464707702 4133.74827482612
5874.73620562078 1982.47866154433 306 262.185464707702 4133.74827482612
5874.73620562078 1982.47866154433 306 262.185464707702 4133.74827482612
5874.73620562078 1982.47866154433 306 262.185464707702 4133.74827482612
5874.73620562078 1982.47866154433 306 262.185464707702 4133.74827482612
5874.73620562078 1982.47866154433 306 262.185464707702 4133.74827482612
5874.73620562078 1982.47866154433 306 262.185464707702 4133.74827482612
5874.73620562078 1982.47866154433 306 262.185464707702 4133.74827482612
5874.73620562078 1982.47866154433 306 262.185464707702 4133.74827482612
5874.73620562078 1982.47866154433 306 262.185464707702 4133.74827482612
5874.73620562078 1982.47866154433 306 262.185464707702 4133.74827482612
5874.73620562078 1982.47866154433 306 262.185464707702 4133.74827482612
5874.73620562078 1982.47866154433 306 262.185464707702 4133.74827482612
5874.73620562078 1982.47866154433 306 262.185464707702 4133.74827482612
5874.73620562078 1982.47866154433 306 262.185464707702 4133.74827482612
5874.73620562078 1982.47866154433 306 262.185464707702 4133.74827482612
5874.73620562078 1982.47866154433 306 262.185464707702 4133.74827482612
5874.73620562078 1982.47866154433 306 262.185464707702 4133.74827482612
5874.73620562078 1982.47866154433 306 262.185464707702 4133.74827482612
5874.73620562078 1982.47866154433 306 262.185464707702 4133.74827482612
5874.73620562078 1982.47866154433 306 262.185464707702 4133.74827482612
5874.73620562078 1982.47866154433 306 262.185464707702 4133.74827482612
5874.73620562078 1982.47866154433 306 262.185464707702 4133.74827482612
5874.73620562078 1982.47866154433 306 262.185464707702 4133.74827482612
5874.73620562078 1982.47866154433 306 262.185464707702 4133.74827482612
5874.73620562078 1982.47866154433 306 262.185464707702 4133.74827482612
5874.73620562078 1982.47866154433 306 262.185464707702 4133.74827482612
5874.73620562078 1982.47866154433 306 262.185464707702 4133.74827482612
5874.73620562078 1982.47866154433 306 262.185464707702 4133.74827482612
5874.73620562078 1982.47866154433 306 262.185464707702 4133.74827482612
5874.73620562078 1982.47866154433 306 262.185464707702 4133.74827482612
5874.73620562078 1982.47866154433 306 262.185464707702 4133.74827482612
5874.73620562078 1982.47866154433 306 262.185464707702 4133.74827482612
5874.73620562078 1982.47866154433 306 262.185464707702 4133.74827482612
5874.73620562078 1982.47866154433 306 262.185464707702 4133.74827482612
5874.73620562078 1982.47866154433 306 262.185464707702 4133.74827482612
5874.73620562078 1982.47866154433 306 262.185464707702 4133.74827482612
5874.73620562078 1982.47866154433 306 262.185464707702 4133.74827482612
5874.73620562078 1982.47866154433 306 262.185464707702 4133.74827482612
5874.73620562078 1982.47866154433 306 262.185464707702 4133.74827482612
5874.73620562078 1982.47866154433 306 262.185464707702 4133.74827482612
5874.73620562078 1982.47866154433 306 262.185464707702 4133.74827482612
5874.73620562078 1982.47866154433 306 262.185464707702 4133.74827482612
5874.73620562078 1982.47866154433 306 262.185464707702 4133.74827482612
5874.73620562078 1982.47866154433 306 262.185464707702 4133.74827482612
5874.73620562078 1982.47866154433 306 262.185464707702 4133.74827482612
5874.73620562078 1982.47866154433 306 262.185464707702 4133.74827482612
5874.73620562078 1982.47866154433 306 262.185464707702 4133.74827482612
5874.73620562078 1982.47866154433 306 262.185464707702 4133.74827482612
5874.73620562078 1982.47866154433 306 262.185464707702 4133.74827482612
5874.73620562078 1982.47866154433 306 262.185464707702 4133.74827482612
5874.73620562078 1982.47866154433 306 262.185464707702 4133.74827482612
5874.73620562078 1982.47866154433 306 262.185464707702 4133.74827482612
5874.73620562078 1982.47866154433 306 262.185464707702 4133.74827482612
5874.73620562078 1982.47866154433 306 262.185464707702 4133.74827482612
5874.73620562078 1982.47866154433 306 262.185464707702 4133.74827482612
5874.73620562078 1982.47866154433 306 262.185464707702 4133.74827482612
5874.73620562078 1982.47866154433 306 262.185464707702 4133.74827482612
5874.73620562078 1982.47866154433 306 262.185464707702 4133.74827482612
5874.73620562078 1982.47866154433 306 262.185464707702 4133.74827482612
5874.73620562078 1982.47866154433 306 262.185464707702 4133.74827482612
6067.56294499617 1994.66572303107 490 292.672381732031 6619.42310295375
6067.56294499617 1994.66572303107 490 292.672381732031 6619.42310295375
6067.56294499617 1994.66572303107 490 292.672381732031 6619.42310295375
6067.56294499617 1994.66572303107 490 292.672381732031 6619.42310295375
6067.56294499617 1994.66572303107 490 292.672381732031 6619.42310295375
6067.56294499617 1994.66572303107 490 292.672381732031 6619.42310295375
6067.56294499617 1994.66572303107 490 292.672381732031 6619.42310295375
6067.56294499617 1994.66572303107 490 292.672381732031 6619.42310295375
6067.56294499617 1994.66572303107 490 292.672381732031 6619.42310295375
6067.56294499617 1994.66572303107 490 292.672381732031 6619.42310295375
6067.56294499617 1994.66572303107 490 292.672381732031 6619.42310295375
6067.56294499617 1994.66572303107 490 292.672381732031 6619.42310295375
6067.56294499617 1994.66572303107 490 292.672381732031 6619.42310295375
6067.56294499617 1994.66572303107 490 292.672381732031 6619.42310295375
6067.56294499617 1994.66572303107 490 292.672381732031 6619.42310295375
6067.56294499617 1994.66572303107 490 292.672381732031 6619.42310295375
6067.56294499617 1994.66572303107 490 292.672381732031 6619.42310295375
6067.56294499617 1994.66572303107 490 292.672381732031 6619.42310295375
6067.56294499617 1994.66572303107 490 292.672381732031 6619.42310295375
6067.56294499617 1994.66572303107 490 292.672381732031 6619.42310295375
6067.56294499617 1994.66572303107 490 292.672381732031 6619.42310295375
6067.56294499617 1994.66572303107 490 292.672381732031 6619.42310295375
6067.56294499617 1994.66572303107 490 292.672381732031 6619.42310295375
6067.56294499617 1994.66572303107 490 292.672381732031 6619.42310295375
6067.56294499617 1994.66572303107 490 292.672381732031 6619.42310295375
6067.56294499617 1994.66572303107 490 292.672381732031 6619.42310295375
6067.56294499617 1994.66572303107 490 292.672381732031 6619.42310295375
6067.56294499617 1994.66572303107 490 292.672381732031 6619.42310295375
