22409.6203184156 3642.71701519769 660 713.708815591977 6169.38532992699
22340.4101155608 3620.37250812721 660 757.809294203647 6959.40102945366
21793.8336802415 3592.62483824906 640 486.669187012642 6272.3047945926
21807.5711230251 3588.30469132246 640 484.025414916277 6468.11693095782
22409.6203184156 3642.71701519769 660 713.708815591977 6169.38532992699
22354.6420532364 3635.80624616757 660 757.392191130153 7062.04943840296
21811.1139336599 3597.85457488195 640 483.343600691714 6065.36595008725
22463.3941251934 3663.00356015346 660 734.406363470985 6257.49858983662
21811.1139336599 3597.85457488195 640 483.343600691714 6065.36595008725
22446.4334021536 3661.89962379626 660 728.6912810166 7037.72967431828
21586.322444832 3525.84705625649 630 516.155003201712 6313.28403117566
21818.4702558836 3603.17022288161 640 493.599597894597 6176.57071649251
21831.3299493055 3607.25492661471 640 491.124748741653 6103.29232581901
21603.6217353305 3537.80624616757 640 468.324335990272 6403.88694714589
21646.9497560367 3552.54605709881 640 485.001298935729 6492.32581273333
21780.918009798 3588.16400068024 640 471.7211841783 5889.57667586291
21831.3299493055 3607.25492661471 640 491.124748741653 6103.29232581901
21780.918009798 3588.16400068024 640 471.7211841783 5889.57667586291
21708.9191999555 3553.11301961425 640 492.561246677608 5466.00382806098
21760.566949291 3581.9312841143 640 482.621632683632 5626.98309764154
21299.6020006775 3528.98002295816 600 593.455840167 5823.76618598933
21766.4774532843 3597.6860582488 640 481.484155659787 5485.25336169259
21794.2649580247 3606.1621394197 640 530.993935940796 6661.57601652795
21789.809143946 3597.62383125089 640 476.993969698379 5689.98670665361
21793.0144535989 3597.73128972863 640 476.37710756808 5708.83741152458
21888.0304100973 3634.26704630567 640 512.948766275867 5942.00520399218
21888.0304100973 3634.26704630567 640 512.948766275867 5942.00520399218
21878.5809588654 3588.28608115574 640 620.426282637972 6994.45371568947
21669.9456901082 3553.11222808768 640 522.183163905162 6002.18550549758
21688.655999975 3552.59131945812 640 518.582363092425 6406.60419294194
21768.9401542785 3581.46545199387 640 503.131670392829 6066.81377457189
21825.687414458 3573.51503579718 640 578.468560385543 7009.50796907206
21919.3060491667 3606.78902833826 640 612.588735355243 7096.80752456838
22117.0593435717 3583.88796608227 640 436.136101176657 5284.46421557027
21976.0605364625 3624.27403595259 640 603.245193355161 7292.96926260442
21831.3299493055 3607.25492661471 640 491.124748741653 6103.29232581901
21905.8527615078 3601.70917478423 640 616.756685944927 6802.08958975249
21922.0407221318 3609.92258314696 640 613.641311470288 7313.69331698191
22005.9577878153 3637.02813353589 640 597.491464649628 7369.49384810421
21878.4858653515 3586.54383949204 640 594.188011175762 6464.83658396543
21880.6222080469 3591.73173271831 640 621.612308222396 7003.14139408566
21880.6222080469 3591.73173271831 640 621.612308222396 7003.14139408566
21926.6982554299 3610.56859010729 640 612.744968769144 6993.80696638649
21926.6982554299 3610.56859010729 640 612.744968769144 6993.80696638649
0 0 0 0 0
0 0 0 0 0
0 0 0 0 0
540 90 10 103.923048454133 0
0 0 0 0 0
0 0 0 0 0
0 0 0 0 0
540 90 10 103.923048454133 0
7596.7914137695 1221.8757370084 250 1462.00318923909 2368.53325421722
720 90 20 277.12812921102 0
7776.7914137695 1221.8757370084 250 1080.95201157393 2368.53325421722
1260 180 20 173.205080756888 0
7596.7914137695 1221.8757370084 280 1462.00318923909 2368.53325421722
540 90 30 103.923048454133 0
7596.7914137695 1221.8757370084 250 1462.00318923909 2368.53325421722
540 90 20 103.923048454133 0
7056.7914137695 1131.8757370084 240 1358.08014078495 2368.53325421722
0 0 0 0 0
0 0 0 0 0
7783.71821561717 1222.50117704544 250 1082.28507521106 2372.28589443946
7596.7914137695 1221.8757370084 250 1462.00318923909 2368.53325421722
0 0 0 0 0
8381.82192953804 1205.66989348983 180 3226.16476487886 1840.70737361685
0 0 0 0 0
0 0 0 0 0
16085.3670228758 2428.94140014953 430 1743.61682042786 4757.61524574192
6322.72029138188 1202.12547019768 230 1216.80808741335 2016.38732572091
0 0 0 0 0
14026.2653847197 2425.39697685738 480 2699.35603186434 4933.29519784598
0 0 0 0 0
0 0 0 0 0
8381.82192953804 1205.66989348983 180 3226.16476487886 1840.70737361685
14026.2653847197 2425.39697685738 480 2699.35603186434 4933.29519784598
0 0 0 0 0
6325.19734276489 1207.00564906051 230 1217.28479617427 1858.29585350134
0 0 0 0 0
0 0 0 0 0
8381.82192953804 1205.66989348983 180 3226.16476487886 1840.70737361685
0 0 0 0 0
16085.3670228758 2428.94140014953 430 1743.61682042786 4757.61524574192
0 0 0 0 0
16085.3670228758 2428.94140014953 430 1743.61682042786 4757.61524574192
6325.19734276489 1207.00564906051 230 1217.28479617427 1858.29585350134
16085.3670228758 2428.94140014953 430 1743.61682042786 4757.61524574192
6322.72029138188 1202.12547019768 230 1216.80808741335 2016.38732572091
16085.3670228758 2428.94140014953 430 1743.61682042786 4757.61524574192
6329.13918118123 1212.29390945459 230 1218.0434033312 2524.98968862379
22189.9264608962 3561.33265076312 660 346.915279861521 5309.91114807606
22204.7395362005 3564.89541083891 660 344.064502190046 5077.48366911734
22279.6759616604 3595.04001555968 660 329.642980386244 5637.57346330735
22189.9588089234 3558.40044360696 660 346.90905448079 5474.17576951538
22279.6759616604 3595.04001555968 660 329.642980386244 5637.57346330735
22202.970504638 3570.35783530586 660 346.834224580852 5159.99158621682
22122.7584792935 3519.80435952325 660 542.460577522956 5282.69345873907
22279.6759616604 3595.04001555968 660 329.642980386244 5637.57346330735
22130.8799336099 3524.92281364993 660 545.586526746783 5709.63916387088
22198.7628819217 3563.38211455767 660 345.214709842274 5338.91676887682
22408.0873142577 3631.06687034721 660 526.80873301452 6774.00257146283
22408.0873142577 3631.06687034721 660 526.80873301452 6774.00257146283
22198.7628819217 3563.38211455767 660 345.214709842274 5338.91676887682
22198.7628819217 3563.38211455767 660 345.214709842274 5338.91676887682
22408.0873142577 3631.06687034721 660 526.80873301452 6774.00257146283
22198.7628819217 3563.38211455767 660 345.214709842274 5338.91676887682
22408.0873142577 3631.06687034721 660 526.80873301452 6774.00257146283
22198.7628819217 3563.38211455767 660 345.214709842274 5338.91676887682
22130.8799336099 3524.92281364993 660 545.586526746783 5709.63916387088
22198.7628819217 3563.38211455767 660 345.214709842274 5338.91676887682
22198.7628819217 3563.38211455767 660 345.214709842274 5338.91676887682
22130.8799336099 3524.92281364993 660 545.586526746783 5709.63916387088
22130.8799336099 3524.92281364993 660 545.586526746783 5709.63916387088
22130.8799336099 3524.92281364993 660 545.586526746783 5709.63916387088
22130.8799336099 3524.92281364993 660 545.586526746783 5709.63916387088
22198.7628819217 3563.38211455767 660 345.214709842274 5338.91676887682
22408.0873142577 3631.06687034721 660 526.80873301452 6774.00257146283
22633.4210824675 3550.29575973854 650 448.872437556172 6188.01210995949
22130.8799336099 3524.92281364993 660 545.586526746783 5709.63916387088
22384.097028909 3625.26215202595 660 528.618518109692 5717.12005767091
22408.0873142577 3631.06687034721 660 526.80873301452 6774.00257146283
22449.6906063952 3652.28322867179 660 518.802175709597 6720.69013646508
22123.1597652371 3520.80835236043 660 547.072273842857 5597.15043516108
22130.8799336099 3524.92281364993 660 545.586526746783 5709.63916387088
22314.041403279 3589.55441847059 660 543.931283697459 6430.8563110277
22271.985639955 3588.54560122983 660 331.12298348851 5711.88711308306
22310.8707904866 3585.32087526319 660 542.710914264659 5953.36111942953
22198.7628819217 3563.38211455767 660 345.214709842274 5338.91676887682
22198.7628819217 3563.38211455767 660 345.214709842274 5338.91676887682
22166.1677054125 3550.68159603255 660 538.795391897007 5722.48568170222
22130.8799336099 3524.92281364993 660 545.586526746783 5709.63916387088
22130.8799336099 3524.92281364993 660 545.586526746783 5709.63916387088
22130.8799336099 3524.92281364993 660 545.586526746783 5709.63916387088
22198.7628819217 3563.38211455767 660 345.214709842274 5338.91676887682
22130.8799336099 3524.92281364993 660 545.586526746783 5709.63916387088
22130.8799336099 3524.92281364993 660 545.586526746783 5709.63916387088
22198.7628819217 3563.38211455767 660 345.214709842274 5338.91676887682
22408.0873142577 3631.06687034721 660 526.80873301452 6774.00257146283
22198.3108682841 3568.42943452899 660 345.301699907395 5705.12622922846
22204.9056393249 3565.76727936481 660 347.579058269128 5236.23491372807
22134.2565700281 3528.00266289342 660 358.105515573619 5169.06957382838
22393.3222257315 3627.12729721694 660 530.071579978405 6870.79837714292
22197.0061279995 3561.95440514475 660 345.552797292246 5431.59109603229
22130.8799336099 3524.92281364993 660 545.586526746783 5709.63916387088
22274.8239170952 3574.12345550718 660 517.884494208953 6225.77252029034
22408.0873142577 3631.06687034721 660 526.80873301452 6774.00257146283
22408.0873142577 3631.06687034721 660 526.80873301452 6774.00257146283
22188.4327248181 3557.04521487478 660 347.202749503785 5501.29144883383
22188.4327248181 3557.04521487478 660 347.202749503785 5501.29144883383
22198.7628819217 3563.38211455767 660 345.214709842274 5338.91676887682
22275.5234157391 3573.89262350756 660 517.749875632163 6222.45358195345
22199.6038612852 3563.59902954357 660 345.538402950208 5768.21799271572
22347.3626558637 3606.72861575417 660 503.924407424061 6476.64415342606
22447.4153491784 3651.58201574565 660 755.049398524707 6851.95566775086
22365.9280352916 3622.16437455291 660 528.265020709409 6235.70774630396
22384.0420186187 3625.15210789094 660 529.359664634663 6422.62572448129
22387.6387739923 3625.24984012618 660 530.744056423433 6513.39519302452
22383.1223866498 3628.80207229471 660 515.287241853741 5794.93981272907
22408.0873142577 3631.06687034721 660 526.80873301452 6774.00257146283
22385.3701555419 3630.0777167517 660 516.152408503713 6012.56296813486
22416.6750612189 3650.52785677133 660 510.127776597194 5895.62742405978
22382.0576325445 3630.85002735509 660 516.789903851811 6234.70213250776
22393.0994680107 3637.03133505465 660 524.322253992793 7192.64822258364
22352.8264228292 3619.11725361094 660 532.072805151659 7454.99871139392
22398.7846575111 3637.85219391151 660 523.228138763302 7158.8749821097
22398.7846575111 3637.85219391151 660 523.228138763302 7158.8749821097
22376.4179429523 3623.34578903678 660 517.875262619873 6029.35362443769
22382.0576325445 3630.85002735509 660 516.789903851811 6234.70213250776
22395.4753030595 3633.19187997137 660 521.954367640972 5481.04986602628
21746.9942264043 3591.83810587379 640 456.960171621053 6924.19857489222
22408.0873142577 3631.06687034721 660 526.80873301452 6774.00257146283
22336.6263069203 3625.24303057036 680 752.555890036174 7654.59525094455
22712.790306012 3611.83535385241 660 702.299773500959 6688.89187266223
22398.3124577205 3662.9440752858 680 740.684384779592 7603.61261812848
22258.5950875929 3579.34596506104 660 773.267099520244 7029.18498665278
21682.6292278762 3535.33720107972 640 574.974364161058 5822.76598422785
22507.2813263519 3657.38263540289 660 516.442043123608 6437.40574942771
21923.26167069 3599.94262072794 640 814.552879606295 7268.02175956
21805.4482251974 3571.83814708674 650 251.514105696586 5763.89715631712
21913.8176716488 3600.58762095138 640 814.658514237694 6819.82293944044
22498.2612402169 3649.49952629193 660 518.177959509657 6731.66865224141
0 0 0 0 0
8013.11763957458 1207.37089705907 250 1542.12520875217 1941.20204100844
16410.0486062133 2428.5326204885 460 1689.85502721821 4486.46153728911
540 90 20 103.923048454133 0
16410.0486062133 2428.5326204885 460 1689.85502721821 4486.46153728911
0 0 0 0 0
720 90 10 277.12812921102 0
540 90 20 103.923048454133 0
630 90 20 121.243556529821 0
1260 180 30 173.205080756888 0
540 90 10 103.923048454133 0
1260 180 30 173.205080756888 0
8091.3577106155 1207.15979964418 240 1141.49032362794 1206.93016346297
720 90 30 277.12812921102 0
630 90 10 121.243556529821 0
8733.11763957458 1297.37089705907 260 1264.99707954115 1941.20204100844
0 0 0 0 0
7909.51416098177 1176.79716292733 250 1106.49451618413 676.172683383103
