22279.3441753335 3592.50611614722 690 676.327087285477 4801.04946358681
22279.3441753335 3592.50611614722 690 676.327087285477 4801.04946358681
22279.3441753335 3592.50611614722 690 676.327087285477 4801.04946358681
22266.6460833879 3554.99696276542 690 678.296683486702 5005.51495771224
22268.2038860543 3558.61179795828 690 677.996884223773 5043.89278514055
22268.2038860543 3558.61179795828 690 677.996884223773 5043.89278514055
22279.3441753335 3592.50611614722 690 676.327087285477 4801.04946358681
22100.7125077504 3528.36751210812 660 710.704767740452 4453.12047540114
22548.1237961914 3561.12799217266 690 624.126272400709 4777.02426782654
22283.3459692907 3593.08445091636 690 675.556941679331 5167.46252110615
22118.8669739026 3539.00020898106 660 706.736786367353 4877.89537030326
22279.3441753335 3592.50611614722 690 676.327087285477 4801.04946358681
22261.942883305 3583.0695965012 690 679.675967497779 4770.81495913402
22261.942883305 3583.0695965012 690 679.675967497779 4770.81495913402
22261.942883305 3583.0695965012 690 679.675967497779 4770.81495913402
22267.8094680229 3589.60045179344 660 758.092087022743 4197.5656471175
21756.3957282948 3531.27868380521 650 795.528525943824 4138.30504007766
22119.6882305269 3539.34202851684 660 707.052888189421 4876.57768316007
22221.9343059354 3579.48698209461 660 746.407420963228 4186.96930864914
22257.4644619158 3590.54861345851 660 760.082984376309 4654.45451426905
21889.2464222855 3575.21242230537 650 846.662781902205 4033.16211979529
21773.3154262549 3539.33054488417 650 853.257509731893 4141.34797451277
21762.7047467809 3534.11482936501 650 855.299535948744 4068.14447767552
22228.6490158817 3600.64130014076 660 671.481566073967 4035.66614635036
22230.7545953081 3599.39406062552 660 671.076347124424 3365.82827358122
21764.4045275988 3535.89835205464 650 854.972412977835 4398.96930159518
22293.7765653616 3626.92484235099 660 658.947763332677 3675.81594114368
22320.3356440577 3623.26529917038 660 711.399717546888 4651.38180785712
22312.740619461 3601.78846775719 660 529.109532060771 3780.86443244795
22313.9840413525 3602.20957529031 660 528.870235406193 3948.67791223637
22248.0690189935 3603.27399880629 660 679.648319724679 4563.80662250064
22332.1633386485 3633.5520825014 660 709.123476661589 4489.37626948638
22402.9498403547 3650.27047578667 660 483.25010411516 4281.64608014047
22313.9840413525 3602.20957529031 660 528.870235406193 3948.67791223637
22343.159651083 3622.94207558194 660 706.837488896443 4694.14947356418
22323.2465138578 3623.45726054209 660 452.572279442961 5112.46227398055
22343.159651083 3622.94207558194 660 706.837488896443 4694.14947356418
22367.5942115169 3623.24042299295 660 518.552953347616 4048.21013893007
22343.159651083 3622.94207558194 660 706.837488896443 4694.14947356418
0 0 0 0 0
0 0 0 0 0
0 0 0 0 0
6376.20017640334 1231.38482656764 240 1227.10029608447 1002.73221055216
0 0 0 0 0
6378.20816816425 1233.56064357918 240 1227.48673427903 1471.05524948301
0 0 0 0 0
630 90 20 121.243556529821 0
540 90 10 103.923048454133 0
1328.16167800108 202 30 255.60483410709 0
630 90 30 121.243556529821 0
7098.20816816425 1323.56064357918 260 950.358605068012 1471.05524948301
630 90 20 121.243556529821 0
630 90 10 121.243556529821 0
630 90 40 121.243556529821 0
630 90 10 121.243556529821 0
0 0 0 0 0
0 0 0 0 0
0 0 0 0 0
6543.73421770153 1228.18441680578 240 843.650043548585 898.797888842564
0 0 0 0 0
0 0 0 0 0
0 0 0 0 0
7373.833653865 1211.90397592291 190 1003.40275452296 1569.04398307022
0 0 0 0 0
6378.20816816425 1233.56064357918 240 1227.48673427903 1471.05524948301
16054.7032026181 2433.98763208099 420 1967.17034895081 3153.95539638836
6378.20816816425 1233.56064357918 240 1227.48673427903 1471.05524948301
16054.7032026181 2433.98763208099 420 1967.17034895081 3153.95539638836
0 0 0 0 0
16054.7032026181 2433.98763208099 420 1967.17034895081 3153.95539638836
6378.20816816425 1233.56064357918 240 1227.48673427903 1471.05524948301
0 0 0 0 0
13674.1046450505 2445.96935869356 430 2631.58266591568 3317.40713558361
0 0 0 0 0
5986.47618162631 1222.59193674598 220 1152.09787831974 1511.29231704577
16054.7032026181 2433.98763208099 420 1967.17034895081 3153.95539638836
6378.20816816425 1233.56064357918 240 1227.48673427903 1471.05524948301
0 0 0 0 0
0 0 0 0 0
8758.80672573183 1221.57891696661 230 3371.26628058745 1307.60351028776
5953.8450907111 1202.30812227727 220 1145.81802194513 1269.81075995357
16054.7032026181 2433.98763208099 420 1967.17034895081 3153.95539638836
5953.8450907111 1202.30812227727 220 1145.81802194513 1269.81075995357
8758.80672573183 1221.57891696661 230 3371.26628058745 1307.60351028776
13169.622676574 2378.79124495533 410 2534.49506581526 2435.33813417523
8758.80672573183 1221.57891696661 230 3371.26628058745 1307.60351028776
13159.6192309651 2375.70212010118 410 2532.56990181023 2147.60063216313
22345.9497402768 3616.71612862743 660 756.419388265626 3652.3981008503
22432.9113707824 3667.54827566017 660 739.683614671773 4625.01064587137
22427.3610249202 3660.64625595346 660 740.75177923097 4684.50054733782
22425.8252664012 3660.47720784831 660 741.047336095762 4683.48625870689
22425.8252664012 3660.47720784831 660 741.047336095762 4683.48625870689
22345.9497402768 3616.71612862743 660 756.419388265626 3652.3981008503
22353.9140198107 3621.77838637572 660 754.88666195469 3775.7093895918
22345.9497402768 3616.71612862743 660 756.419388265626 3652.3981008503
22345.9497402768 3616.71612862743 660 756.419388265626 3652.3981008503
22345.9497402768 3616.71612862743 660 756.419388265626 3652.3981008503
21793.4932750601 3558.99623060226 630 761.220453116871 3252.59114103278
22345.9497402768 3616.71612862743 660 756.419388265626 3652.3981008503
21793.4932750601 3558.99623060226 630 761.220453116871 3252.59114103278
21793.4932750601 3558.99623060226 630 761.220453116871 3252.59114103278
22345.9497402768 3616.71612862743 660 756.419388265626 3652.3981008503
21793.4932750601 3558.99623060226 630 761.220453116871 3252.59114103278
22345.9497402768 3616.71612862743 660 756.419388265626 3652.3981008503
21793.4932750601 3558.99623060226 630 761.220453116871 3252.59114103278
21928.4294023058 3600.37016192194 640 836.771214772191 3742.94164446299
21793.4932750601 3558.99623060226 630 761.220453116871 3252.59114103278
22345.9497402768 3616.71612862743 660 756.419388265626 3652.3981008503
21793.4932750601 3558.99623060226 630 761.220453116871 3252.59114103278
21793.4932750601 3558.99623060226 630 761.220453116871 3252.59114103278
21752.5929354864 3538.0473503666 640 769.091727137819 3302.00931764565
21793.4932750601 3558.99623060226 630 761.220453116871 3252.59114103278
22423.7479320432 3658.75777852461 660 741.447119279362 3927.45159086201
22345.9497402768 3616.71612862743 660 756.419388265626 3652.3981008503
22345.9497402768 3616.71612862743 660 756.419388265626 3652.3981008503
22345.9497402768 3616.71612862743 660 756.419388265626 3652.3981008503
21752.5929354864 3538.0473503666 640 769.091727137819 3302.00931764565
21752.5929354864 3538.0473503666 640 769.091727137819 3302.00931764565
21811.5726568902 3557.49804027425 640 790.383372445196 3383.22217194224
22345.9497402768 3616.71612862743 660 756.419388265626 3652.3981008503
22350.6536911045 3618.70469443352 660 755.514112506755 3654.3866666564
22345.9497402768 3616.71612862743 660 756.419388265626 3652.3981008503
22357.9817129115 3626.74989939464 660 754.103834052459 3931.49203796848
21760.4011736619 3540.38716613506 640 767.589031000302 3310.19468896233
21751.3097894197 3534.48362112545 640 769.338668713489 3294.67863555884
21752.5929354864 3538.0473503666 640 769.091727137819 3302.00931764565
21928.4294023058 3600.37016192194 640 836.771214772191 3742.94164446299
22345.9497402768 3616.71612862743 660 756.419388265626 3652.3981008503
22345.9497402768 3616.71612862743 660 756.419388265626 3652.3981008503
21752.5929354864 3538.0473503666 640 769.091727137819 3302.00931764565
22345.9497402768 3616.71612862743 660 756.419388265626 3652.3981008503
21928.4294023058 3600.37016192194 640 836.771214772191 3742.94164446299
22345.9497402768 3616.71612862743 660 756.419388265626 3652.3981008503
21752.5929354864 3538.0473503666 640 769.091727137819 3302.00931764565
21928.4294023058 3600.37016192194 640 836.771214772191 3742.94164446299
21888.1555137532 3589.58646557715 640 844.521928237907 4050.98538152708
22400.9119789818 3646.75314696143 660 745.841900495102 3506.57473681012
22348.4750661288 3621.95624454445 660 755.933389078805 3678.5986804354
21952.0172425963 3611.08529104156 640 832.231732791762 4111.47770242558
21793.8754903727 3556.8303018018 640 771.362943980824 3991.24817034682
22345.9497402768 3616.71612862743 660 756.419388265626 3652.3981008503
22345.9497402768 3616.71612862743 660 756.419388265626 3652.3981008503
22519.7597439665 3695.85921154691 660 530.371969153991 4546.23912648724
22519.2580657823 3693.52922929372 660 530.468517165557 4714.60471671931
21811.1262444811 3558.10518594196 640 777.342501927443 3884.4751085069
22387.4081802192 3649.1354357951 660 752.283862940824 4436.64326334598
22206.4984026252 3567.47723188297 680 929.521316550496 4012.70258000091
21811.1262444811 3558.10518594196 640 777.342501927443 3884.4751085069
21952.0172425963 3611.08529104156 640 832.231732791762 4111.47770242558
22519.7597439665 3695.85921154691 660 530.371969153991 4546.23912648724
21787.8230181005 3541.50551428406 640 775.219163978933 4027.38104084096
21871.3040204847 3582.2905162437 640 765.761283535805 4362.73135686709
22450.4956060586 3670.50711977738 660 740.142682177194 4394.12657587004
21787.8230181005 3541.50551428406 640 775.219163978933 4027.38104084096
21821.0915918427 3571.94331648596 640 782.247433989154 3841.29628879055
21821.0915918427 3571.94331648596 640 782.247433989154 3841.29628879055
21952.0172425963 3611.08529104156 640 832.231732791762 4111.47770242558
21928.9289262415 3614.15194356407 640 841.476010666945 4035.92826990467
21912.754377819 3601.5495259578 640 844.588803962202 3969.48621194166
21921.1826952291 3606.35270984371 640 842.966773520341 4053.81486625012
21955.7211142118 3614.17210556947 640 834.066361309625 4200.55160570363
22815.2424921366 3623.97248543044 690 747.23483538823 4284.59364827777
21942.6521898769 3602.16375148324 640 859.434454176629 3924.27875788437
22815.2424921366 3623.97248543044 690 747.23483538823 4284.59364827777
22815.2424921366 3623.97248543044 690 747.23483538823 4284.59364827777
22183.5033562448 3575.48490242191 680 471.091942175947 3886.56590969491
22112.7272926276 3543.61391796887 680 485.148884931665 3685.41558456718
22071.1861019105 3524.42024193444 680 469.159673169692 3703.97495530738
22804.4742901544 3612.4577459696 690 751.402428420484 4260.17593431788
22800.845207938 3614.73785585888 690 750.00559402412 4273.85659365357
22815.2424921366 3623.97248543044 690 747.23483538823 4284.59364827777
0 0 0 0 0
0 0 0 0 0
0 0 0 0 0
0 0 0 0 0
0 0 0 0 0
630 90 10 121.243556529821 0
630 90 10 121.243556529821 0
0 0 0 0 0
720 90 30 277.12812921102 0
1170 180 40 225.166604983954 0
540 90 20 103.923048454133 0
540 90 30 103.923048454133 0
630 90 10 121.243556529821 0
540 90 10 103.923048454133 0
630 90 10 121.243556529821 0
720 90 10 277.12812921102 0
0 0 0 0 0
0 0 0 0 0
0 0 0 0 0
0 0 0 0 0
0 0 0 0 0
0 0 0 0 0
0 0 0 0 0
0 0 0 0 0
0 0 0 0 0
0 0 0 0 0
0 0 0 0 0
0 0 0 0 0
7678.82837671272 1224.24216821764 240 1477.79121011867 1426.66317851631
