58139.5146349927 9518.56843637358 1800 2915.83665861444 27678.4689271386
58135.2946480122 9566.27362574557 1800 2804.05206690175 28526.3333710233
630 90 20 121.243556529821 0
58139.5146349927 9518.56843637358 1800 2915.83665861444 27678.4689271386
58258.1233950603 9588.72485121087 1800 2893.0103920967 28099.4074161623
58258.1233950603 9588.72485121087 1800 2893.0103920967 28099.4074161623
720 90 20 277.12812921102 0
720 90 20 277.12812921102 0
58361.9466017933 9627.79852469141 1800 2877.880928528 19849.5726606857
58258.1233950603 9588.72485121087 1800 2893.0103920967 28099.4074161623
540 90 10 103.923048454133 0
58258.1233950603 9588.72485121087 1800 2893.0103920967 28099.4074161623
58361.9466017933 9627.79852469141 1800 2877.880928528 19849.5726606857
58258.1233950603 9588.72485121087 1800 2893.0103920967 28099.4074161623
540 90 20 103.923048454133 0
58139.5146349927 9518.56843637358 1800 2915.83665861444 27678.4689271386
58258.1233950603 9588.72485121087 1800 2893.0103920967 28099.4074161623
58139.5146349927 9518.56843637358 1800 2915.83665861444 27678.4689271386
58297.9244353131 9574.70249187343 1800 2928.94804042271 29809.3402048425
58139.5146349927 9518.56843637358 1800 2915.83665861444 27678.4689271386
58361.9466017933 9627.79852469141 1800 2877.880928528 19849.5726606857
58139.5146349927 9518.56843637358 1800 2915.83665861444 27678.4689271386
58139.5146349927 9518.56843637358 1800 2915.83665861444 27678.4689271386
58139.5146349927 9518.56843637358 1800 2915.83665861444 27678.4689271386
58361.9466017933 9627.79852469141 1800 2877.880928528 19849.5726606857
58361.9466017933 9627.79852469141 1800 2877.880928528 19849.5726606857
58361.9466017933 9627.79852469141 1800 2877.880928528 19849.5726606857
58361.9466017933 9627.79852469141 1800 2877.880928528 19849.5726606857
58361.9466017933 9627.79852469141 1800 2877.880928528 19849.5726606857
58361.9466017933 9627.79852469141 1800 2877.880928528 19849.5726606857
540 90 20 103.923048454133 0
58147.9173709782 9522.83383151758 1800 2919.07087320318 27696.3367561894
58361.9466017933 9627.79852469141 1800 2877.880928528 19849.5726606857
58147.9173709782 9522.83383151758 1800 2919.07087320318 27696.3367561894
58147.9173709782 9522.83383151758 1800 2919.07087320318 27696.3367561894
58139.5146349927 9518.56843637358 1800 2915.83665861444 27678.4689271386
58139.5146349927 9518.56843637358 1800 2915.83665861444 27678.4689271386
58259.4286860103 9526.13395418468 1800 2778.45227287456 28067.4754548099
58136.9997673982 9516.35847314624 1800 2914.86868562599 29935.0568205478
57932.0130680934 10020.1376908293 1680 350.790353126225 34534.4917385028
58139.5146349927 9518.56843637358 1800 2915.83665861444 27678.4689271386
58139.5146349927 9518.56843637358 1800 2915.83665861444 27678.4689271386
58206.8998182945 10124.51450082 1680 456.59431260975 34911.8467924246
58203.1593573472 10122.5925977017 1680 457.314164654695 35025.3670703237
58204.6900607518 10124.4859340595 1680 457.019580647114 34812.4882958454
58684.8098600797 10042.5827319457 1750 640.541973458476 37815.4031149237
58139.5146349927 9518.56843637358 1800 2915.83665861444 27678.4689271386
58139.5146349927 9518.56843637358 1800 2915.83665861444 27678.4689271386
58206.8998182945 10124.51450082 1680 456.59431260975 34911.8467924246
58139.5146349927 9518.56843637358 1800 2915.83665861444 27678.4689271386
57287.212861669 9954.60968699701 1670 462.73088414939 34469.1347640726
57044.5842266939 10018.6167495238 1630 1207.93314572214 31911.6260067837
57004.7578364316 10087.8868323147 1610 664.777445810012 33260.2057947016
58139.5146349927 9518.56843637358 1800 2915.83665861444 27678.4689271386
57344.6225774307 9972.56900531857 1670 484.827894048822 34289.081952686
55880.9603674762 10013.6814436665 1600 1431.8726618404 32130.9223295477
55973.5873922481 10072.4027307501 1610 1467.52482029792 33958.0806413584
56377.8385700818 9984.55919651616 1600 2507.84040154019 28885.8067830347
56417.1880835353 9992.39230085331 1600 663.312745617572 31138.2566153862
55880.9603674762 10013.6814436665 1600 1431.8726618404 32130.9223295477
56585.0063620571 10069.0491695695 1600 745.558654717633 33001.6943112313
56010.4797964142 10099.2856088772 1600 2074.42426887653 29436.0786023228
56354.8789249554 9975.36194877696 1600 666.241869454642 31665.6841849734
56682.0871714013 10132.9348494515 1600 726.875444248291 31037.5674137431
56606.1042665326 10059.2547803509 1610 615.779079257422 32139.4633377138
57325.8303021167 9991.02956228041 1630 2008.21052558477 33886.1979250734
56091.9560889961 9947.26571953838 1590 1606.14821733462 34915.1119647019
56568.9687726245 10054.5900381299 1600 748.645090242986 31246.1292545431
56117.071051805 10067.0238729832 1560 2126.38722752701 28233.2925801987
57090.7401497601 10058.1786244252 1650 6.45276466131038 35910.6012078327
56989.7993572363 10056.7896400902 1610 1824.82235821273 37739.620890791
55874.4593148778 9966.82681548085 1540 2213.68966211798 27371.5891978945
59281.9857004159 10067.4145957305 1720 2530.77230744661 35501.4828186205
55885.855159392 10001.5805025619 1550 2114.65068014546 25688.1336484943
56055.9147618848 10049.3050645522 1550 2189.8477816464 28390.4709577118
56082.2772333897 9940.72292109527 1600 1959.63335316228 24062.8826418613
56128.9157486745 10008.6305058145 1610 1950.65776671086 26225.103993724
56128.9157486745 10008.6305058145 1610 1950.65776671086 26225.103993724
55868.983027339 9991.89133226181 1550 2117.89772347299 27331.5899024091
0 0 0 0 0
540 90 20 103.923048454133 0
0 0 0 0 0
540 90 20 103.923048454133 0
22921.300804736 3396.02014822037 560 8458.68212360435 12331.8247905096
0 0 0 0 0
630 90 30 121.243556529821 0
0 0 0 0 0
720 90 20 277.12812921102 0
1936.88909721007 314.654227123532 70 372.754480554894 0
21557.4862864951 3214.81192777861 530 8297.48034037306 12060.9072337601
1170 180 50 225.166604983954 0
22956.7423935831 3413.29572239386 560 8472.32359751194 12711.8100014516
630 90 20 121.243556529821 0
22866.7423935831 3413.29572239386 560 8489.64410558763 12711.8100014516
540 90 10 103.923048454133 0
21557.4862864951 3214.81192777861 530 8297.48034037306 12060.9072337601
0 0 0 0 0
22097.4862864951 3304.81192777861 540 8193.55729191893 12060.9072337601
0 0 0 0 0
22326.7423935831 3323.29572239386 540 8593.56715404176 12711.8100014516
0 0 0 0 0
22093.4868935656 3303.55257333655 540 8192.01792486265 10200.9893486709
0 0 0 0 0
22326.7423935831 3323.29572239386 540 8593.56715404176 12711.8100014516
0 0 0 0 0
22326.7423935831 3323.29572239386 540 8593.56715404176 12711.8100014516
21983.732090342 3349.1666919753 590 4230.77121338386 8346.4580191657
22326.7423935831 3323.29572239386 540 8593.56715404176 12711.8100014516
15646.6759350722 3361.51608381684 640 3011.20418767893 9208.23765128859
41674.2605932573 6689.84820707131 1160 3507.78018540228 25607.7723352961
17827.4370334933 3330.13238743363 620 3430.89185674948 3695.16230649543
22326.7423935831 3323.29572239386 540 8593.56715404176 12711.8100014516
39534.623926098 6706.75860418856 1250 7608.44192201443 20149.5238652917
44310.4744839251 6672.46241436915 1130 4362.7959406579 21058.2680206173
17827.4370334933 3330.13238743363 620 3430.89185674948 3695.16230649543
22326.7423935831 3323.29572239386 540 8593.56715404176 12711.8100014516
37598.9401115816 6697.17256935917 1240 7235.91939822209 17527.6752575884
22326.7423935831 3323.29572239386 540 8593.56715404176 12711.8100014516
37598.9401115816 6697.17256935917 1240 7235.91939822209 17527.6752575884
19967.0737006526 3313.22199031639 530 7685.33025066724 9153.41077649981
0 0 0 0 0
44258.1627320519 6649.65375107694 1130 4342.66113797405 21173.4912600741
0 0 0 0 0
19967.0737006526 3313.22199031639 530 7685.33025066724 9153.41077649981
37598.9401115816 6697.17256935917 1240 7235.91939822209 17527.6752575884
44310.4744839251 6672.46241436915 1130 4362.7959406579 21058.2680206173
15615.2080212396 3348.00587738387 650 3005.14818483823 9181.21723842266
59925.6825051647 10020.468291753 1780 1357.64775581967 30239.48525904
59873.3707532915 9997.65962846082 1780 1337.51295313582 30354.7084984967
59873.3707532915 9997.65962846082 1780 1337.51295313582 30354.7084984967
59525.3870816161 10033.5528888586 1780 86.0064040818426 31244.773472526
59925.6825051647 10020.468291753 1780 1357.64775581967 30239.48525904
59951.8041898825 10023.0061524528 1780 1367.70199695533 30508.4478249007
59888.8369642751 10006.9432266979 1780 1343.46590051897 30077.4797220175
59888.8369642751 10006.9432266979 1780 1343.46590051897 30077.4797220175
59888.8369642751 10006.9432266979 1780 1343.46590051897 30077.4797220175
59888.8369642751 10006.9432266979 1780 1343.46590051897 30077.4797220175
59501.6976267506 10019.9805945049 1780 76.8883286528059 29302.9346417915
59888.8369642751 10006.9432266979 1780 1343.46590051897 30077.4797220175
59888.8369642751 10006.9432266979 1780 1343.46590051897 30077.4797220175
59501.6976267506 10019.9805945049 1780 76.8883286528059 29302.9346417915
59501.6976267506 10019.9805945049 1780 76.8883286528059 29302.9346417915
59888.8369642751 10006.9432266979 1780 1343.46590051897 30077.4797220175
59925.6825051647 10020.468291753 1780 1357.64775581967 30239.48525904
59501.6976267506 10019.9805945049 1780 76.8883286528059 29302.9346417915
59925.6825051647 10020.468291753 1780 1357.64775581967 30239.48525904
59925.6825051647 10020.468291753 1780 1357.64775581967 30239.48525904
59501.6976267506 10019.9805945049 1780 76.8883286528059 29302.9346417915
59925.6825051647 10020.468291753 1780 1357.64775581967 30239.48525904
59925.6825051647 10020.468291753 1780 1357.64775581967 30239.48525904
59501.6976267506 10019.9805945049 1780 76.8883286528059 29302.9346417915
59501.6976267506 10019.9805945049 1780 76.8883286528059 29302.9346417915
60373.7410688012 10048.5779282066 1790 1530.10557737181 31331.1244679212
59925.6825051647 10020.468291753 1780 1357.64775581967 30239.48525904
59925.6825051647 10020.468291753 1780 1357.64775581967 30239.48525904
59906.0564657403 10018.2799314664 1780 1327.42684458655 29006.4827023532
59466.7033623382 10007.463560648 1770 83.6229779789903 26773.2556403762
59906.0564657403 10018.2799314664 1780 1327.42684458655 29006.4827023532
59466.7033623382 10007.463560648 1770 83.6229779789903 26773.2556403762
59888.8369642751 10006.9432266979 1780 1343.46590051897 30077.4797220175
58015.0514248765 10047.4098841548 1710 372.879154180565 28181.0926155416
59906.0564657403 10018.2799314664 1780 1327.42684458655 29006.4827023532
57852.199622117 9989.05140983624 1710 337.925327393458 27910.5172398642
59506.7825744159 10033.0697469828 1770 75.9097300183335 26875.6803857154
59466.7033623382 10007.463560648 1770 83.6229779789903 26773.2556403762
57852.199622117 9989.05140983624 1710 337.925327393458 27910.5172398642
59925.6825051647 10020.468291753 1780 1357.64775581967 30239.48525904
59925.6825051647 10020.468291753 1780 1357.64775581967 30239.48525904
59925.6825051647 10020.468291753 1780 1357.64775581967 30239.48525904
59925.6825051647 10020.468291753 1780 1357.64775581967 30239.48525904
57852.199622117 9989.05140983624 1710 337.925327393458 27910.5172398642
59466.7033623382 10007.463560648 1770 83.6229779789903 26773.2556403762
59925.6825051647 10020.468291753 1780 1357.64775581967 30239.48525904
59466.7033623382 10007.463560648 1770 83.6229779789903 26773.2556403762
57852.199622117 9989.05140983624 1710 337.925327393458 27910.5172398642
57818.9835259362 9949.8902125302 1680 368.0153350216 27762.3913101897
59818.2507063149 10017.3443620579 1780 1378.32301514816 31882.213564933
57875.6414597215 9962.68476696836 1680 389.822983903377 29478.040181882
59818.2507063149 10017.3443620579 1780 1378.32301514816 31882.213564933
59925.6825051647 10020.468291753 1780 1357.64775581967 30239.48525904
59925.6825051647 10020.468291753 1780 1357.64775581967 30239.48525904
59461.1802160203 10005.5099228955 1780 317.531721869583 36157.2997413279
57823.124001396 9965.99779567167 1710 632.775787356615 30759.5441350282
60053.0396647128 10074.4308702444 1800 821.525717474396 35498.1677920294
57913.2382628246 9973.82152845113 1700 355.691637389974 32939.3953191907
57419.8232214155 9972.29703029913 1670 477.545244765873 34205.0851554305
60094.5023604027 10088.6420688368 1800 813.546217968437 34943.94733975
55873.346014985 9949.07540675737 1590 775.164921908627 30391.8886951714
59961.3850082685 9952.39134744391 1800 538.514045371873 36134.5657719095
56010.7707326874 9999.54424417485 1590 870.900556398825 30215.9331381142
60021.1107948256 10069.8071188658 1800 683.290776329326 36263.3328276769
59890.1330040199 10034.5006778336 1800 500.649464946632 34679.6944435927
59873.5103243479 10023.5291444043 1780 1367.68829669928 30950.0643239482
60021.1107948256 10069.8071188658 1800 683.290776329326 36263.3328276769
59909.9351824591 10053.3050576964 1800 496.838533929163 34892.4595322785
55873.346014985 9949.07540675737 1590 775.164921908627 30391.8886951714
56056.9902923811 10030.7383821045 1600 818.379104780632 32856.4821587163
56531.5256498211 10034.91989388 1600 706.349422321052 30052.1422528982
56007.6758902714 9990.55552977308 1590 808.51766326665 31776.5132192539
55943.4158488133 9954.63280022318 1590 813.112408212696 30220.5476244962
