56800.7503563732 10040.5886186051 1620 330.805495189987 39315.163995895
58006.5860561534 10052.1866926384 1680 99.3126160693736 46592.2479680707
56801.738161406 10041.948165193 1620 331.185701524368 39237.3661820373
58272.8730235823 9980.47866621137 1730 280.170572911643 39837.1197567458
56840.9847954196 10045.3210691213 1630 567.091762257703 39322.872881066
56513.0078698336 10074.32490723 1610 643.020392720121 37850.3746965702
57901.8302062771 10002.5275041827 1690 137.356125943596 37233.487564031
57681.8080281017 10061.9111321461 1650 147.115388448659 44215.5852047259
57534.5807697654 10011.2007095914 1650 190.150075787719 43625.7824373056
56419.3013010781 10038.7527768549 1610 404.78570961047 39411.2284969913
56450.2759764531 10053.061733808 1610 416.707867720998 38870.6550816882
57045.5956677185 9963.49768095061 1630 302.138539719011 36548.1364198904
57333.905366528 10127.3187948311 1660 486.738802831589 48201.27675048
55261.4794166265 9930.09511044591 1570 271.957821063754 37426.3163005821
55890.8955039383 9978.63370701146 1600 524.360689849623 36588.9741080892
57285.0768899438 10116.2663011068 1660 467.944713431569 42933.2790366097
56411.9552473286 9936.15142820894 1640 248.823170861731 43069.1895694029
56442.8695057152 10053.6982331599 1610 418.133243679093 38576.8543985847
56411.9552473286 9936.15142820894 1640 248.823170861731 43069.1895694029
57784.2686188496 10116.0486256962 1680 378.351264575152 48259.693520395
56466.3996559827 10083.5295614975 1620 422.913874865503 37613.6467116256
56443.7195312426 10061.7919948622 1610 417.969656190074 38531.9549001525
57081.3723333624 10035.1016666821 1660 119.993792587822 44256.5924310805
57756.2377673484 10101.0953288101 1680 383.745804461754 48600.2562531382
56578.5258753649 10101.728161254 1630 449.753888663446 38882.0164501025
56857.2331809806 9994.64524847567 1610 338.388917193465 36215.4570010235
56368.445662928 10023.3289701007 1610 432.456118901535 38239.400184152
56866.2969457334 10075.3030793418 1630 555.014995435841 40205.1731564978
56450.2759764531 10053.061733808 1610 416.707867720998 38870.6550816882
56538.0106772532 10082.990090838 1610 488.444426351949 40835.2694922984
56989.9115789197 10120.788228234 1630 531.22534818721 39506.7122588118
56563.9572280422 10061.0793502216 1610 613.200301234422 38894.0827439093
56291.9062808258 10011.3086474132 1610 665.55653043732 38391.3186439386
54982.7987480871 10081.6035943999 1530 1077.8430171568 34744.1371770052
56563.9572280422 10061.0793502216 1610 613.200301234422 38894.0827439093
56384.5144126776 10029.7087336793 1610 429.363686570381 40305.1240433907
19828.8108716271 3341.06248127556 560 7632.11286296273 11356.5892421393
540 90 40 103.923048454133 0
0 0 0 0 0
0 0 0 0 0
0 0 0 0 0
0 0 0 0 0
0 0 0 0 0
540 90 10 103.923048454133 0
630 90 20 121.243556529821 0
540 90 40 103.923048454133 0
20258.6171536995 3385.9536615568 600 7485.77623270294 14472.1906039472
20052.769559884 3431.07995769118 530 3859.15730113219 12831.4734939423
540 90 10 103.923048454133 0
37265.0509856707 6759.31309976418 1080 6755.97021216417 24006.3796563432
39231.3867135836 6637.03361924798 1080 3834.46502847901 27303.6640978895
540 90 20 103.923048454133 0
0 0 0 0 0
17046.6836113674 3295.0199386374 540 3280.63579060445 9979.65537764452
0 0 0 0 0
36545.0509856707 6669.31309976418 1060 7033.09834137519 24006.3796563432
0 0 0 0 0
0 0 0 0 0
0 0 0 0 0
0 0 0 0 0
0 0 0 0 0
0 0 0 0 0
0 0 0 0 0
0 0 0 0 0
0 0 0 0 0
0 0 0 0 0
0 0 0 0 0
0 0 0 0 0
0 0 0 0 0
17001.1192310047 3309.68947413837 540 3271.86692151517 10485.5450771292
0 0 0 0 0
0 0 0 0 0
0 0 0 0 0
0 0 0 0 0
39231.3867135836 6637.03361924798 1080 3834.46502847901 27303.6640978895
0 0 0 0 0
37959.1308998917 6737.58785684992 1140 7305.23814775224 26375.1355438311
40127.1107993789 6621.89668221771 1110 3617.18929564681 22132.722325549
17032.2814257867 3328.23314207299 540 3277.86408869714 11174.9061624008
19640.8592404475 3270.93645045759 550 7559.77024639194 10442.2732253651
36546.9875364853 6667.16248898515 1060 7033.47103075323 23592.9342375923
56437.5074182244 10032.719954932 1620 623.511709409994 34383.6302031959
57599.9901403392 10008.5243073075 1690 254.532098639706 36817.4087691962
57536.5431621309 9988.65100684519 1690 266.742475288987 36141.2848973948
56470.488527737 10020.657696347 1610 635.088076246063 38007.2639830544
56318.5267905438 9989.12821890084 1620 577.716044463488 41689.7859648918
56242.9678438526 9955.05028299655 1620 560.584713511685 38096.6076914302
56343.6029962561 10009.9378873152 1620 541.217469401657 38716.5891456184
57536.5431621309 9988.65100684519 1690 266.742475288987 36141.2848973948
57536.5431621309 9988.65100684519 1690 266.742475288987 36141.2848973948
57536.5431621309 9988.65100684519 1690 266.742475288987 36141.2848973948
57536.5431621309 9988.65100684519 1690 266.742475288987 36141.2848973948
56263.6681393702 9965.26676132097 1620 556.600939781875 38478.5702602903
56263.6681393702 9965.26676132097 1620 556.600939781875 38478.5702602903
56263.6681393702 9965.26676132097 1620 556.600939781875 38478.5702602903
56470.488527737 10020.657696347 1610 635.088076246063 38007.2639830544
56263.6681393702 9965.26676132097 1620 556.600939781875 38478.5702602903
57536.5431621309 9988.65100684519 1690 266.742475288987 36141.2848973948
57606.7467138736 9978.11080965012 1690 688.996258085314 34967.3634828881
56263.6681393702 9965.26676132097 1620 556.600939781875 38478.5702602903
56263.6681393702 9965.26676132097 1620 556.600939781875 38478.5702602903
57720.8596905627 9985.0109803694 1690 667.035205482141 35983.9806876933
56299.836713492 9984.73625756974 1650 549.640294446752 38920.2407174453
56299.836713492 9984.73625756974 1650 549.640294446752 38920.2407174453
56445.8961669437 9964.94347695529 1620 943.649069774693 39138.1293162723
56263.6681393702 9965.26676132097 1620 556.600939781875 38478.5702602903
56299.836713492 9984.73625756974 1650 549.640294446752 38920.2407174453
57720.8596905627 9985.0109803694 1690 667.035205482141 35983.9806876933
57800.0230958659 10013.6347207388 1710 651.800201028228 36187.6073025828
56299.836713492 9984.73625756974 1650 549.640294446752 38920.2407174453
57760.3028309124 10001.3515978746 1690 659.444369582616 36100.3032158614
56263.6681393702 9965.26676132097 1620 556.600939781875 38478.5702602903
57720.8596905627 9985.0109803694 1690 667.035205482141 35983.9806876933
56263.6681393702 9965.26676132097 1620 556.600939781875 38478.5702602903
57760.3028309124 10001.3515978746 1690 659.444369582616 36100.3032158614
57760.3028309124 10001.3515978746 1690 659.444369582616 36100.3032158614
56285.112733468 9971.18470439224 1620 552.473925723546 37886.2299236724
56263.6681393702 9965.26676132097 1620 556.600939781875 38478.5702602903
56241.1624936875 9958.12955446296 1620 560.932153312954 38725.1834193409
58966.6920691692 10026.9149451191 1740 427.274652430951 42907.1054890546
56470.488527737 10020.657696347 1610 635.088076246063 38007.2639830544
56263.6681393702 9965.26676132097 1620 556.600939781875 38478.5702602903
58966.6920691692 10026.9149451191 1740 427.274652430951 42907.1054890546
56470.488527737 10020.657696347 1610 635.088076246063 38007.2639830544
57720.8596905627 9985.0109803694 1690 667.035205482141 35983.9806876933
57722.3219931262 9985.49841455721 1690 667.598046001227 36175.806503029
58966.6920691692 10026.9149451191 1740 427.274652430951 42907.1054890546
58966.6920691692 10026.9149451191 1740 427.274652430951 42907.1054890546
56263.6681393702 9965.26676132097 1620 556.600939781875 38478.5702602903
57720.8596905627 9985.0109803694 1690 667.035205482141 35983.9806876933
58944.2155532744 10019.3736989402 1740 431.600259931719 42012.3133529615
58944.2155532744 10019.3736989402 1740 431.600259931719 42012.3133529615
58221.2534866358 10048.3443132503 1700 570.734374527601 38011.9315768741
57720.8596905627 9985.0109803694 1690 667.035205482141 35983.9806876933
56824.2340687092 9994.33485816394 1620 514.936517873844 37948.7036832913
57434.3465391788 10045.4160368467 1650 722.174687174768 35146.8772208981
57222.781117691 9980.82054917299 1650 490.309299806302 39446.8517760861
56934.546387994 10005.9765664603 1630 783.023044965552 34415.8124636595
56954.7118458404 10011.6529024712 1630 790.784733309529 34829.4815118893
57059.0288377079 10051.5204429964 1630 794.404612500057 35459.6946057685
57326.2547020848 10031.1573212898 1630 470.395799205045 41517.6606307118
56978.1964267001 10023.9392856765 1630 786.265123615825 35204.8713643331
56977.584614606 10025.2408666949 1630 786.029637031029 35123.1894280199
56184.5687465771 10025.9160491978 1600 690.113363785839 38844.776654595
57673.1168010429 10072.7464795657 1630 1234.51462031067 33422.493975508
56980.2403176445 10056.6747613283 1610 536.986298538412 35011.8965584194
55866.2239883737 10069.6060722507 1590 830.294586383804 34837.3453102962
56388.318298442 9963.41200576731 1590 559.220926189933 35115.3803376715
56163.7808993078 10002.6955932057 1590 694.113986858108 38409.3437069513
55795.7308725849 10013.6162363507 1580 764.945247526006 39891.748940557
56510.8082642958 9953.38564606598 1600 1078.61665502238 26279.5839319209
54878.4660424656 10008.586186529 1530 833.399206350071 37358.3492214999
630 90 10 121.243556529821 0
0 0 0 0 0
0 0 0 0 0
0 0 0 0 0
0 0 0 0 0
630 90 10 121.243556529821 0
0 0 0 0 0
0 0 0 0 0
540 90 10 103.923048454133 0
540 90 20 103.923048454133 0
630 90 10 121.243556529821 0
540 90 10 103.923048454133 0
720 90 10 277.12812921102 0
540 90 10 103.923048454133 0
630 90 10 121.243556529821 0
16069.3983648222 3464.91954849856 510 3092.55715721515 15949.3467654749
22167.8863214331 3363.4058996455 610 8532.42342336294 8466.86632999649
0 0 0 0 0
0 0 0 0 0
0 0 0 0 0
0 0 0 0 0
21912.874709632 3293.21320295212 640 4217.1347041082 14417.6703741102
44315.7321536079 6702.76019057786 1250 4270.06850563744 23362.890995039
0 0 0 0 0
22167.8863214331 3363.4058996455 610 8532.42342336294 8466.86632999649
36955.4806818634 6681.73422195941 1130 7112.08557323528 32120.8318130459
43683.9686384742 6670.22057310636 1250 4391.65145081299 24638.3513775675
0 0 0 0 0
44315.7321536079 6702.76019057786 1250 4270.06850563744 23362.890995039
0 0 0 0 0
22167.8863214331 3363.4058996455 610 8532.42342336294 8466.86632999649
15439.3983648222 3374.91954849856 490 2971.31360068533 15949.3467654749
0 0 0 0 0
0 0 0 0 0
22167.8863214331 3363.4058996455 610 8532.42342336294 8466.86632999649
21516.0823170411 3306.81467346085 640 4140.77197254995 16171.485047571
43683.9686384742 6670.22057310636 1250 4391.65145081299 24638.3513775675
15439.3983648222 3374.91954849856 490 2971.31360068533 15949.3467654749
21417.7530807583 3302.53745268666 570 8243.69700440851 12374.7988247261
15439.3983648222 3374.91954849856 490 2971.31360068533 15949.3467654749
21417.7530807583 3302.53745268666 570 8243.69700440851 12374.7988247261
0 0 0 0 0
21417.7530807583 3302.53745268666 570 8243.69700440851 12374.7988247261
0 0 0 0 0
21417.7530807583 3302.53745268666 570 8243.69700440851 12374.7988247261
37582.314768962 6710.10698372416 1180 7232.71984954316 28021.0148035421
22167.8863214331 3363.4058996455 610 8532.42342336294 8466.86632999649
37547.6979093839 6685.092579346 1180 7226.05783181117 26902.2473908047
