11808.3960950288 2971.01471897955 978 64.969363939995 15385.4964436884
11808.3960950288 2971.01471897955 978 64.969363939995 15385.4964436884
11864.6410970571 2988.43198025085 980 54.1450082527873 14789.2914824313
11657.7053351346 2980.86597824526 980 94.6731233451719 15143.6860044341
11821.2680563147 2978.79090254622 978 62.4921538355187 14977.5708650881
11784.7154680693 2987.73623441561 969 69.5267027232083 15768.6083529495
11350.9017876563 2987.27187977276 913 153.71749358681 14786.3739301418
12016.5305878238 2992.83002601052 1029 266.310383718337 16541.7360725274
11784.7154680693 2987.73623441561 969 69.5267027232083 15768.6083529495
11770.1193337233 2973.4527195418 955 118.09319227174 15326.378386411
11674.4821460652 2983.37770424609 948 90.7411154341123 15373.9472654154
11722.2576781999 2991.00380379611 937 127.304172171852 15353.1505141598
11590.4114799449 2991.56014105617 918 152.677984856554 15260.5243970257
11621.6236664517 2988.92604326537 970 257.918393318845 15155.068676738
11595.0042439536 2991.71408908253 912 151.794107010973 14811.1101361836
11968.0742463663 2984.13033401675 1015 191.585130340978 16649.2091102889
11831.7787052133 2992.14663789672 987 75.9503671158492 16255.5264689158
11590.4114799449 2991.56014105617 918 152.677984856554 15260.5243970257
11451.632768288 2981.92884441518 911 179.385960367532 15538.8123226501
11590.4114799449 2991.56014105617 918 152.677984856554 15260.5243970257
11590.4114799449 2991.56014105617 918 152.677984856554 15260.5243970257
11628.6463425515 2990.63592391464 908 130.896233100717 14573.8326501369
11480.6276467943 2984.72783288109 929 110.422167775092 15370.3552133784
11627.9538355223 2991.29058044231 914 131.029506140627 15098.0449894145
11626.4802059501 2991.0505827849 914 131.313106284022 15082.4943738674
11612.1185923444 2991.09563526219 962 254.25988858915 14977.2501607326
11496.8100399085 2982.76359882675 937 328.200272836523 16393.1636427656
11145.9609171181 2990.52953723976 869 193.158382511204 14530.1906861949
11399.6546671014 2963.35038431366 900 79.2556533599059 14978.4268296006
11311.1093629158 2983.24523327032 899 161.375549298687 14717.00662755
11412.1787878052 2986.66907274672 924 439.468452717028 15804.002986744
11356.9281329315 2985.89702779159 904 152.557722897857 14099.8630668512
11118.840879656 2979.11044414771 869 205.871820118733 14893.2993501874
11631.8553416046 2990.01128285854 962 224.937142400305 16610.548926013
11410.8093920638 2995.03404097803 858 401.930662819986 11006.3463907814
11383.9272390507 2984.54979377712 857 403.460808270877 11619.5441173931
11478.494322711 2984.38190573843 938 254.451484247441 16314.1121811055
11563.2955470569 2991.85831158654 899 372.584688609016 12085.1463968462
11530.4967141027 2979.42444473189 899 375.707471654325 12960.3880599778
11391.2489898215 2988.61682765824 857 376.685979499588 11631.5293063371
0 0 0 0 0
7736.17187094155 1978.84000968217 718 1488.82697072844 12418.3491768322
4810.84098285864 1011.73763244227 353 1799.15468315836 4110.56499659794
2870.9113036342 996.309959798541 361 552.507137990915 7304.1303368589
4661.57004731043 993.522321744377 329 1794.23914777398 4042.76595752535
7736.17187094155 1978.84000968217 718 1488.82697072844 12418.3491768322
4810.84098285864 1011.73763244227 353 1799.15468315836 4110.56499659794
2870.9113036342 996.309959798541 361 552.507137990915 7304.1303368589
4738.57004731043 1004.52232174438 331 1779.42049086478 4042.76595752535
7439.70317795424 1948.74873857602 714 1431.77154416093 11934.1901906639
4810.84098285864 1011.73763244227 353 1799.15468315836 4110.56499659794
7439.70317795424 1948.74873857602 714 1431.77154416093 11934.1901906639
4716.84976297396 989.712648047768 333 1738.72873445114 3746.24019946943
69 11 16 13.2790561913614 0
4731.84098285864 1000.73763244227 354 1814.35824024702 4110.56499659794
7565.75208077463 1984.57509867537 727 1456.02966681907 12264.6054812889
4583.84976297396 970.712648047768 330 1764.32459638521 3746.24019946943
2908.9170582296 987.16122958527 361 559.821348873051 7148.04811387311
4558.53954420101 970.583729431559 330 1702.04381414108 3575.56425745871
48 8 8 9.23760430703401 0
4631.84976297396 978.712648047768 338 1755.08699207818 3746.24019946943
2933.44148515976 992.726066911281 361 522.971857654681 6522.03959802125
9526.83061461778 1976.052371628 686 857.919315036456 9156.98479749861
2870.9113036342 996.309959798541 361 552.507137990915 7304.1303368589
0 0 0 0 0
7439.70317795424 1948.74873857602 714 1431.77154416093 11934.1901906639
4719.84098285864 998.737632442269 338 1816.66764132378 4110.56499659794
0 0 0 0 0
4719.84098285864 998.737632442269 338 1816.66764132378 4110.56499659794
0 0 0 0 0
4709.44214190816 995.137905698491 338 1812.66512557576 4138.67645699799
0 0 0 0 0
4709.44214190816 995.137905698491 338 1812.66512557576 4138.67645699799
2870.9113036342 996.309959798541 361 552.507137990915 7304.1303368589
4709.44214190816 995.137905698491 338 1812.66512557576 4138.67645699799
0 0 0 0 0
4719.84098285864 998.737632442269 338 1816.66764132378 4110.56499659794
2870.9113036342 996.309959798541 361 552.507137990915 7304.1303368589
4719.84098285864 998.737632442269 338 1816.66764132378 4110.56499659794
7439.70317795424 1948.74873857602 714 1431.77154416093 11934.1901906639
9288.63285717868 1951.17641121974 691 937.403235153759 8740.62485040292
2870.9113036342 996.309959798541 361 552.507137990915 7304.1303368589
4719.84098285864 998.737632442269 338 1816.66764132378 4110.56499659794
7439.70317795424 1948.74873857602 714 1431.77154416093 11934.1901906639
4719.84098285864 998.737632442269 338 1816.66764132378 4110.56499659794
7736.17187094155 1978.84000968217 718 1488.82697072844 12418.3491768322
4719.84098285864 998.737632442269 338 1816.66764132378 4110.56499659794
7439.70317795424 1948.74873857602 714 1431.77154416093 11934.1901906639
12397.741918252 2972.36233142655 1047 305.412177045542 16461.1151343575
12199.6994011668 2947.16908166632 1049 377.168217553615 16039.9958469823
12159.7557089609 2947.49682557928 1052 384.85538470277 16315.4866460882
12159.5441608129 2947.48637101829 1052 384.896097162845 16044.7551872618
12159.5441608129 2947.48637101829 1052 384.896097162845 16044.7551872618
12199.6994011668 2947.16908166632 1049 377.168217553615 16039.9958469823
12199.6994011668 2947.16908166632 1049 377.168217553615 16039.9958469823
12397.741918252 2972.36233142655 1047 305.412177045542 16461.1151343575
12397.741918252 2972.36233142655 1047 305.412177045542 16461.1151343575
12397.741918252 2972.36233142655 1047 305.412177045542 16461.1151343575
12159.5441608129 2947.48637101829 1052 384.896097162845 16044.7551872618
12397.741918252 2972.36233142655 1047 305.412177045542 16461.1151343575
12397.741918252 2972.36233142655 1047 305.412177045542 16461.1151343575
12199.6994011668 2947.16908166632 1049 377.168217553615 16039.9958469823
12397.741918252 2972.36233142655 1047 305.412177045542 16461.1151343575
12159.5441608129 2947.48637101829 1052 384.896097162845 16044.7551872618
12199.6994011668 2947.16908166632 1049 377.168217553615 16039.9958469823
12199.6994011668 2947.16908166632 1049 377.168217553615 16039.9958469823
12199.6994011668 2947.16908166632 1049 377.168217553615 16039.9958469823
12199.6994011668 2947.16908166632 1049 377.168217553615 16039.9958469823
12397.741918252 2972.36233142655 1047 305.412177045542 16461.1151343575
12159.5441608129 2947.48637101829 1052 384.896097162845 16044.7551872618
12397.741918252 2972.36233142655 1047 305.412177045542 16461.1151343575
12159.5441608129 2947.48637101829 1052 384.896097162845 16044.7551872618
12397.741918252 2972.36233142655 1047 305.412177045542 16461.1151343575
12199.6994011668 2947.16908166632 1049 377.168217553615 16039.9958469823
12397.741918252 2972.36233142655 1047 305.412177045542 16461.1151343575
12199.6994011668 2947.16908166632 1049 377.168217553615 16039.9958469823
12166.1654482574 2941.75350172397 1050 387.444631888482 15809.6936250244
12275.7990759048 2947.83476686935 1046 258.476355142285 16148.2329986971
12397.741918252 2972.36233142655 1047 305.412177045542 16461.1151343575
12159.5441608129 2947.48637101829 1052 384.896097162845 16044.7551872618
12417.3703157127 2984.89429896417 1047 228.458455521005 16248.4904243295
12417.3703157127 2984.89429896417 1047 228.458455521005 16248.4904243295
12397.741918252 2972.36233142655 1047 305.412177045542 16461.1151343575
12417.3703157127 2984.89429896417 1047 228.458455521005 16248.4904243295
12397.741918252 2972.36233142655 1047 305.412177045542 16461.1151343575
12199.6994011668 2947.16908166632 1049 377.168217553615 16039.9958469823
12199.6994011668 2947.16908166632 1049 377.168217553615 16039.9958469823
12417.3703157127 2984.89429896417 1047 228.458455521005 16248.4904243295
12199.6994011668 2947.16908166632 1049 377.168217553615 16039.9958469823
12199.6994011668 2947.16908166632 1049 377.168217553615 16039.9958469823
12397.741918252 2972.36233142655 1047 305.412177045542 16461.1151343575
12417.3703157127 2984.89429896417 1047 228.458455521005 16248.4904243295
12397.741918252 2972.36233142655 1047 305.412177045542 16461.1151343575
12417.3703157127 2984.89429896417 1047 228.458455521005 16248.4904243295
12199.6994011668 2947.16908166632 1049 377.168217553615 16039.9958469823
12397.741918252 2972.36233142655 1047 305.412177045542 16461.1151343575
12397.741918252 2972.36233142655 1047 305.412177045542 16461.1151343575
12199.6994011668 2947.16908166632 1049 377.168217553615 16039.9958469823
11910.9350002428 2960.42426378944 1016 311.997153026055 16652.1492257043
12671.9702688848 2948.2784854278 1087 417.130739757161 17300.7606523769
12560.0770753696 2978.09039099039 1064 200.994526819972 16909.2431810383
12488.9480483334 2978.59898923252 1062 214.6833144555 16735.1170476022
12433.9890002401 2978.04095871274 1047 242.398580709355 16501.6069027821
12225.6136342472 2954.74536162607 1049 372.181021071998 16359.594800394
12295.4804740021 2996.88013974645 1063 277.587437314292 17001.5198004602
13216.6910903648 2981.09316424607 1136 560.908500133887 17636.8936601193
12119.3020664804 2989.27177661921 1019 392.640691828054 17133.0965797104
12295.4804740021 2996.88013974645 1063 277.587437314292 17001.5198004602
13347.6886179282 2980.94888960805 1183 535.698014199915 19070.7679380337
12417.3703157127 2984.89429896417 1047 228.458455521005 16248.4904243295
12502.5442178422 2986.25515539537 1062 224.340973487784 17125.3325601086
12502.5442178422 2986.25515539537 1062 224.340973487784 17125.3325601086
12502.5442178422 2986.25515539537 1062 224.340973487784 17125.3325601086
12110.929805349 2970.89480823584 1037 259.950576300409 16526.7475633547
12571.7720849985 2976.54831253328 1061 529.630217824944 18152.9195321949
12153.7484373751 2957.28789053582 1050 229.249338937783 16378.4165968392
12216.287969769 2985.90531696734 1045 284.126741755947 16168.9481105491
12313.7301722674 2985.02213998979 1052 261.621814952824 16812.4868148903
12313.7301722674 2985.02213998979 1052 261.621814952824 16812.4868148903
12123.5853024607 2975.3125863306 1046 217.639542896132 16621.9818905435
11958.2491905168 2976.77231019924 994 343.430897366592 15580.5599681674
12286.3502822418 2993.21593886395 1050 280.287812823645 16947.5696357741
12113.9161390721 2958.96027673278 1019 393.677214041045 16068.9194609832
11041.2488529988 2995.96639934132 806 274.631153695866 13540.0783694529
12414.8833062448 2989.76120613944 1074 335.756055712915 18263.6069347621
12331.4483032766 2989.46870994913 1053 304.685945213258 18253.5444788342
11085.9833678482 2994.99348140636 788 429.575547061158 11518.4721385715
11888.7464372383 2997.99710089172 924 506.888105982348 12499.4562955826
11965.1590575898 2989.7275471106 991 166.481033969959 17076.218936587
12314.2473658492 2982.96873762021 1053 298.065301310551 18169.0448385582
12314.2473658492 2982.96873762021 1053 298.065301310551 18169.0448385582
11021.9524922122 2994.35600231788 774 145.254857510348 9650.49834215501
11026.2035951945 2992.07029698652 799 182.394461391614 13656.9884707906
11129.7591370598 2996.32664995704 869 189.108852473751 12437.4666197449
11021.9524922122 2994.35600231788 774 145.254857510348 9650.49834215501
11452.1131242502 2995.25369251735 890 387.166238530364 13960.8153236325
9254.01767705739 1997.73398344238 656 791.518979197623 10125.3831162071
2896.72995552703 991.289240747356 341 557.475939864394 6540.18669727893
4414.03659777802 988.438738095713 270 1698.96347862667 3248.65477888378
0 0 0 0 0
4414.03659777802 988.438738095713 270 1698.96347862667 3248.65477888378
4455.62364614447 999.599365823441 277 1714.97034100611 3405.99239934976
7871.11271052052 1994.53819129241 774 1514.79634741364 14206.7163743411
4455.62364614447 999.599365823441 277 1714.97034100611 3405.99239934976
7979.02146576528 2002.58854838895 788 1461.66256258686 14042.3954033755
4414.03659777802 988.438738095713 270 1698.96347862667 3248.65477888378
7851.02146576528 1986.58854838895 774 1510.9297855577 14042.3954033755
4516.03659777802 1005.43873809571 272 1679.33356947422 3248.65477888378
8027.02146576528 2008.58854838895 797 1443.18735397279 14042.3954033755
4533.62364614447 1012.59936582344 292 1699.95923400718 3405.99239934976
7851.02146576528 1986.58854838895 774 1510.9297855577 14042.3954033755
4447.75682306855 999.499215002923 277 1651.32062112751 3239.89074032406
7887.54718967524 1975.71992135982 774 1462.53353855942 13365.0089489941
9186.02645717271 1977.70899904788 656 737.63633354122 9817.10828786758
0 0 0 0 0
4449.03659777802 993.438738095713 277 1692.22772548612 3248.65477888378
7876.11142909108 1983.84591903224 774 1506.52074694404 13957.0280749547
4432.75682306855 999.499215002923 277 1654.20737247345 3239.89074032406
0 0 0 0 0
4455.62364614447 999.599365823441 277 1714.97034100611 3405.99239934976
