11803.9595455321 2970.48909820647 1224 380.060122723778 15089.6503086096
11549.2856927414 2992.72018768438 1089 399.92295512757 13814.1483801663
12046.1351778086 2998.24652641828 1253 471.280911099649 16060.5562624991
12042.6837964644 2998.20609033122 1253 471.945129749025 16136.3763741643
0 0 0 0 0
7370.06167203498 1981.94680352076 940 1418.36903009785 10383.858431491
9156.18417040179 1981.0728754859 967 1027.45224179003 11162.211379184
0 0 0 0 0
0 0 0 0 0
3045.538376898 999.767096572606 346 586.114133909799 4893.43437921176
176 22 13 67.7424315849161 0
0 0 0 0 0
9264.18417040179 1999.0728754859 992 1006.66763209921 11162.211379184
336 48 31 46.1880215351701 0
5040.45290579486 1070.17079620614 374 1705.11440928824 5215.8118746565
176 22 13 67.7424315849161 0
144 24 25 27.712812921102 0
63 9 3 12.1243556529821 0
4911.49466482496 1013.13303720239 381 1828.08134883425 5204.43463515791
287 41 21 55.2331757524742 0
0 0 0 0 0
0 0 0 0 0
4794.49575820332 997.894460524673 373 1752.44888441194 5215.8118746565
0 0 0 0 0
9140.01795996194 1979.31274415055 967 1014.30166126027 10694.8586874372
0 0 0 0 0
9156.18417040179 1981.0728754859 967 1027.45224179003 11162.211379184
0 0 0 0 0
9090.26508851657 1950.50315339665 971 1002.07997534259 11010.5022129162
0 0 0 0 0
0 0 0 0 0
4662.89082856732 999.2547834247 360 1794.74751671678 5664.97833962826
0 0 0 0 0
0 0 0 0 0
3045.538376898 999.767096572606 346 586.114133909799 4893.43437921176
0 0 0 0 0
7370.06167203498 1981.94680352076 940 1418.36903009785 10383.858431491
4662.89082856732 999.2547834247 360 1794.74751671678 5664.97833962826
3045.538376898 999.767096572606 346 586.114133909799 4893.43437921176
4662.89082856732 999.2547834247 360 1794.74751671678 5664.97833962826
3045.538376898 999.767096572606 346 586.114133909799 4893.43437921176
0 0 0 0 0
0 0 0 0 0
4662.89082856732 999.2547834247 360 1794.74751671678 5664.97833962826
0 0 0 0 0
4662.89082856732 999.2547834247 360 1794.74751671678 5664.97833962826
7370.06167203498 1981.94680352076 940 1418.36903009785 10383.858431491
4662.89082856732 999.2547834247 360 1794.74751671678 5664.97833962826
6846.22434100478 1982.97141474831 841 1317.55648873723 9714.4298337442
8569.00600458098 1998.46131857346 860 1043.01530059773 10803.0951419426
3045.538376898 999.767096572606 346 586.114133909799 4893.43437921176
11509.1151695721 2982.22619817301 1201 477.19102797956 15379.4081733725
12201.7225472998 2980.8399720585 1313 441.338107880235 16055.6457583957
12230.1556419151 2998.23539310419 1312 435.866156270218 16090.5062631746
11509.1151695721 2982.22619817301 1201 477.19102797956 15379.4081733725
11509.1151695721 2982.22619817301 1201 477.19102797956 15379.4081733725
11509.1151695721 2982.22619817301 1201 477.19102797956 15379.4081733725
12201.7225472998 2980.8399720585 1313 441.338107880235 16055.6457583957
12230.1556419151 2998.23539310419 1312 435.866156270218 16090.5062631746
12230.1556419151 2998.23539310419 1312 435.866156270218 16090.5062631746
12230.1556419151 2998.23539310419 1312 435.866156270218 16090.5062631746
12201.7225472998 2980.8399720585 1313 441.338107880235 16055.6457583957
12230.1556419151 2998.23539310419 1312 435.866156270218 16090.5062631746
12230.1556419151 2998.23539310419 1312 435.866156270218 16090.5062631746
12230.1556419151 2998.23539310419 1312 435.866156270218 16090.5062631746
11509.1151695721 2982.22619817301 1201 477.19102797956 15379.4081733725
11509.1151695721 2982.22619817301 1201 477.19102797956 15379.4081733725
11509.1151695721 2982.22619817301 1201 477.19102797956 15379.4081733725
11509.1151695721 2982.22619817301 1201 477.19102797956 15379.4081733725
12201.7225472998 2980.8399720585 1313 441.338107880235 16055.6457583957
12201.7225472998 2980.8399720585 1313 441.338107880235 16055.6457583957
11509.1151695721 2982.22619817301 1201 477.19102797956 15379.4081733725
11509.1151695721 2982.22619817301 1201 477.19102797956 15379.4081733725
11509.1151695721 2982.22619817301 1201 477.19102797956 15379.4081733725
11509.1151695721 2982.22619817301 1201 477.19102797956 15379.4081733725
12230.1556419151 2998.23539310419 1312 435.866156270218 16090.5062631746
11509.1151695721 2982.22619817301 1201 477.19102797956 15379.4081733725
11509.1151695721 2982.22619817301 1201 477.19102797956 15379.4081733725
12230.1556419151 2998.23539310419 1312 435.866156270218 16090.5062631746
11509.1151695721 2982.22619817301 1201 477.19102797956 15379.4081733725
12201.7225472998 2980.8399720585 1313 441.338107880235 16055.6457583957
12201.7225472998 2980.8399720585 1313 441.338107880235 16055.6457583957
12846.2364368259 2997.36248843665 1467 317.301352008792 17936.9252603392
12230.1556419151 2998.23539310419 1312 435.866156270218 16090.5062631746
12846.2364368259 2997.36248843665 1467 317.301352008792 17936.9252603392
12230.1556419151 2998.23539310419 1312 435.866156270218 16090.5062631746
11509.1151695721 2982.22619817301 1201 477.19102797956 15379.4081733725
12230.1556419151 2998.23539310419 1312 435.866156270218 16090.5062631746
12174.6472196896 2994.69725479044 1277 446.548757108272 15649.8481171557
11509.1151695721 2982.22619817301 1201 477.19102797956 15379.4081733725
11517.6378425674 2986.13816091023 1201 475.550838796872 14512.7106422572
12846.2364368259 2997.36248843665 1467 317.301352008792 17936.9252603392
12174.6472196896 2994.69725479044 1277 446.548757108272 15649.8481171557
12846.2364368259 2997.36248843665 1467 317.301352008792 17936.9252603392
11509.1151695721 2982.22619817301 1201 477.19102797956 15379.4081733725
12174.6472196896 2994.69725479044 1277 446.548757108272 15649.8481171557
12846.2364368259 2997.36248843665 1467 317.301352008792 17936.9252603392
12846.2364368259 2997.36248843665 1467 317.301352008792 17936.9252603392
12230.1556419151 2998.23539310419 1312 435.866156270218 16090.5062631746
12230.1556419151 2998.23539310419 1312 435.866156270218 16090.5062631746
12219.2193558458 2998.24545226808 1298 437.970845505567 16038.7683099807
12174.6472196896 2994.69725479044 1277 446.548757108272 15649.8481171557
12846.2364368259 2997.36248843665 1467 317.301352008792 17936.9252603392
11440.9611115652 2970.99763788989 1187 490.307282558446 15284.7865283033
12386.8295755019 2995.60367208246 1415 405.714243693098 17305.7235515004
11947.8339381562 2998.30503537514 1227 490.198993491316 15650.0151582465
12846.2364368259 2997.36248843665 1467 317.301352008792 17936.9252603392
12174.6472196896 2994.69725479044 1277 446.548757108272 15649.8481171557
11810.1834171777 2996.52143105386 1267 419.250416713051 15751.167075264
11947.8339381562 2998.30503537514 1227 490.198993491316 15650.0151582465
11941.9099552976 2988.83743532664 1285 384.597364370499 15068.8825919615
11364.6496029689 2940.41535087277 1175 360.716621593354 14239.7168782202
12505.5069981796 2998.03072716554 1396 331.356022597516 17782.0678853485
11935.872308491 2994.53869379419 1275 395.06157830176 15670.5912913983
11936.7979991823 2996.03526897598 1275 394.883429045146 16331.1875859729
11911.0879221075 2995.82329524669 1243 422.23934775663 15345.4990409501
11850.394401482 2997.59044440853 1272 411.511809175552 16351.6690147782
11582.7804381424 2982.05486046041 1250 463.014140433233 15831.4504905602
11734.4884089786 2947.80429359308 1239 433.817927833065 14755.1644147333
11509.1151695721 2982.22619817301 1201 477.19102797956 15379.4081733725
11686.7910245228 2937.90763528503 1161 390.441794240768 16125.0929639716
11540.7749502671 2998.21301477142 1201 471.098100343974 15444.620588618
11670.9265150715 2998.68146780296 1232 521.193460994162 15946.7415533434
11458.5629416052 2993.52812178972 1198 439.45468345624 15960.1585264371
11512.9857409955 2996.72063065114 1197 460.402028708285 15452.3567187492
11375.0122306533 2992.45795597854 1122 419.797161026769 15823.6162180507
11332.5933010016 2968.67333817887 1121 234.163001633976 16556.1527852858
11479.2289712634 2998.78958301964 1165 205.942953734479 15988.0560600373
11587.1273129651 2990.8694435321 1097 185.177908192286 15906.9596380862
11487.4840966733 2979.41586124186 1172 209.120352986193 15449.4973796468
11458.4434330692 2993.47408021526 1048 465.178829844557 13982.9660413556
11479.2289712634 2998.78958301964 1165 205.942953734479 15988.0560600373
11459.3569355627 2997.84304302639 1048 465.003026207725 14398.237240781
0 0 0 0 0
7361.7194126407 1998.69341018409 858 1416.76356152887 11824.2128388035
0 0 0 0 0
3143.43116925067 999.36444885336 324 604.953610581978 6240.74979524731
0 0 0 0 0
3143.43116925067 999.36444885336 324 604.953610581978 6240.74979524731
0 0 0 0 0
42 6 19 8.08290376865476 0
24 3 11 9.23760430703401 0
7361.7194126407 1998.69341018409 858 1416.76356152887 11824.2128388035
138 23 7 26.5581123827228 0
114 18 25 21.9393102292058 0
42 6 19 8.08290376865476 0
7385.7194126407 2001.69341018409 869 1407.52595722183 11824.2128388035
4218.11331641673 1004.6504023829 287 1603.34531304873 4872.11508899588
7361.7194126407 1998.69341018409 858 1416.76356152887 11824.2128388035
4252.39048610396 1038.62155155587 286 1567.4638289316 4536.1340164532
4652.59409857416 999.284200497141 383 1790.78430349457 4657.72154023137
0 0 0 0 0
4602.21419401029 998.301718514111 366 1771.39306918677 4645.93175643501
0 0 0 0 0
4565.66752229529 994.116950002172 366 1733.07753737905 4522.89930280369
4115.8286909479 968.704464594837 320 792.091600885718 3866.75939007682
8703.96196253035 1998.27859750246 893 740.043338589522 10905.6772230309
3247.2250677163 998.972820750714 538 624.928755655103 7274.73285929333
4652.59409857416 999.284200497141 383 1790.78430349457 4657.72154023137
7361.7194126407 1998.69341018409 858 1416.76356152887 11824.2128388035
8716.70853893469 1998.02230794749 686 979.558263313007 9195.41173594521
0 0 0 0 0
8703.96196253035 1998.27859750246 893 740.043338589522 10905.6772230309
0 0 0 0 0
4652.59409857416 999.284200497141 383 1790.78430349457 4657.72154023137
7361.7194126407 1998.69341018409 858 1416.76356152887 11824.2128388035
8703.96196253035 1998.27859750246 893 740.043338589522 10905.6772230309
0 0 0 0 0
8767.08844349855 1999.00478993052 703 998.949497620804 9207.20151974157
0 0 0 0 0
3128.38441925123 998.311164844289 308 602.057862194444 5575.81301062584
4652.59409857416 999.284200497141 383 1790.78430349457 4657.72154023137
3128.38441925123 998.311164844289 308 602.057862194444 5575.81301062584
7191.25269374789 1995.1130101133 749 1383.95722618199 9688.56803898201
7191.25269374789 1995.1130101133 749 1383.95722618199 9688.56803898201
11374.3660101646 2994.7634124962 1035 226.123840007283 14560.6831279779
12014.3135112149 2997.97761068123 1241 374.020741965701 16481.9343790349
11847.393131781 2997.64304635582 1217 135.089728007544 17146.4270182782
11374.3660101646 2994.7634124962 1035 226.123840007283 14560.6831279779
11374.3660101646 2994.7634124962 1035 226.123840007283 14560.6831279779
11847.393131781 2997.64304635582 1217 135.089728007544 17146.4270182782
12014.3135112149 2997.97761068123 1241 374.020741965701 16481.9343790349
11847.393131781 2997.64304635582 1217 135.089728007544 17146.4270182782
11847.393131781 2997.64304635582 1217 135.089728007544 17146.4270182782
11847.393131781 2997.64304635582 1217 135.089728007544 17146.4270182782
11847.393131781 2997.64304635582 1217 135.089728007544 17146.4270182782
11847.393131781 2997.64304635582 1217 135.089728007544 17146.4270182782
11847.393131781 2997.64304635582 1217 135.089728007544 17146.4270182782
11847.393131781 2997.64304635582 1217 135.089728007544 17146.4270182782
11374.3660101646 2994.7634124962 1035 226.123840007283 14560.6831279779
11847.393131781 2997.64304635582 1217 135.089728007544 17146.4270182782
11847.393131781 2997.64304635582 1217 135.089728007544 17146.4270182782
11847.393131781 2997.64304635582 1217 135.089728007544 17146.4270182782
11847.393131781 2997.64304635582 1217 135.089728007544 17146.4270182782
12014.3135112149 2997.97761068123 1241 374.020741965701 16481.9343790349
11847.393131781 2997.64304635582 1217 135.089728007544 17146.4270182782
11374.3660101646 2994.7634124962 1035 226.123840007283 14560.6831279779
12014.3135112149 2997.97761068123 1241 374.020741965701 16481.9343790349
11374.3660101646 2994.7634124962 1035 226.123840007283 14560.6831279779
12014.3135112149 2997.97761068123 1241 374.020741965701 16481.9343790349
