12213.5137945353 2946.40271211848 1061 269.808012235697 13213.8877789362
12399.5365194405 2994.87595009281 1077 258.328994197863 13955.9454308456
12325.0886491029 2993.71978187729 1061 272.656493524546 14138.9522075762
12206.7751124328 2984.45226117899 1056 227.117592027718 13850.6708578511
12206.7751124328 2984.45226117899 1056 227.117592027718 13850.6708578511
12477.2274936769 2995.79479269663 1072 331.214762103877 14282.3527721925
12290.9052694049 2997.28522584191 1042 215.353158686658 13880.2114158084
12209.0679374197 2976.77034478541 1061 256.112943183627 14259.4343449767
12165.7490304271 2995.12720630012 1035 239.439488108183 13871.5101423677
12290.9052694049 2997.28522584191 1042 215.353158686658 13880.2114158084
12206.7751124328 2984.45226117899 1056 227.117592027718 13850.6708578511
12206.7751124328 2984.45226117899 1056 227.117592027718 13850.6708578511
11406.1446206831 2992.29776856872 873 258.571365225545 11429.4857366072
12176.3878332263 2995.10510104971 1014 215.421522807833 13831.5198425026
11268.0361639077 2992.73731722082 825 471.010156235022 9842.42022613531
12214.4419018212 2995.43436767604 1037 230.068540639195 13645.4818632363
12107.3815792195 2979.58879873464 1013 250.672309330401 12599.4663500215
12214.4419018212 2995.43436767604 1037 230.068540639195 13645.4818632363
12165.7490304271 2995.12720630012 1035 239.439488108183 13871.5101423677
11963.6623264826 2986.91547377175 976 459.437820905569 12009.6903476046
11713.3393102812 2979.78364327021 936 326.505779344937 11781.1533448795
11286.6337332796 2991.86020376534 859 389.950619970081 11840.0297732512
11712.4065077858 2996.01833360549 949 214.995978219233 12836.9329215467
11185.941196969 2997.84719615602 821 152.225099199411 10488.0090752561
11384.7765177821 2991.84308883945 868 427.725795337773 11858.7236958472
11274.1590097388 2987.18882618716 830 385.14909664052 11792.1142991344
11750.7939860207 2992.22503162666 960 82.8161211447622 12838.6538937743
11370.1658803595 2993.79026560953 885 294.335412512932 12010.5861539277
11316.4578527964 2994.10694136497 880 304.671527236665 12097.0783595364
11279.5393484143 2992.77844378 860 310.26913191752 11424.4023114194
11304.870354847 2990.01220923498 830 451.894855973251 11886.9553821868
11082.4143273548 2992.94903953778 833 254.075616992736 12060.9513555905
11095.1688987259 2989.38786124716 786 448.552854969237 9599.94589198408
11304.870354847 2990.01220923498 830 451.894855973251 11886.9553821868
0 0 0 0 0
0 0 0 0 0
0 0 0 0 0
0 0 0 0 0
0 0 0 0 0
4746.58681708648 1013.90076744691 435 913.481058858936 5241.2906456881
0 0 0 0 0
4746.58681708648 1013.90076744691 435 913.481058858936 5241.2906456881
176 22 23 67.7424315849161 0
138 23 4 26.5581123827228 0
64 8 21 24.633611485424 0
4987.97940670832 1079.37153557025 451 959.937084391787 5241.2906456881
4770.58681708648 1017.90076744691 447 918.099861012453 5241.2906456881
184 28 17 35.410816510297 0
4746.58681708648 1013.90076744691 435 913.481058858936 5241.2906456881
156 24 16 30.0222139978605 0
4818.45778111496 1006.50734859357 333 1769.7547750995 4681.01413502082
4770.58681708648 1017.90076744691 428 918.099861012453 5241.2906456881
9451.80229963884 1989.10341669986 761 961.902105883943 9834.60636148094
0 0 0 0 0
9451.80229963884 1989.10341669986 761 961.902105883943 9834.60636148094
3037.6259768407 998.266364805418 318 584.591391808793 3895.97624299307
0 0 0 0 0
0 0 0 0 0
0 0 0 0 0
0 0 0 0 0
4816.66408584477 999.250933051881 333 1853.93487103899 4873.42431743724
0 0 0 0 0
4816.66408584477 999.250933051881 333 1853.93487103899 4873.42431743724
7606.40147358029 1956.45663809536 749 1463.85264611198 8493.21451865304
4816.66408584477 999.250933051881 333 1853.93487103899 4873.42431743724
0 0 0 0 0
4816.66408584477 999.250933051881 333 1853.93487103899 4873.42431743724
0 0 0 0 0
4816.66408584477 999.250933051881 333 1853.93487103899 4873.42431743724
0 0 0 0 0
9451.80229963884 1989.10341669986 761 961.902105883943 9834.60636148094
3037.6259768407 998.266364805418 318 584.591391808793 3895.97624299307
4816.66408584477 999.250933051881 333 1853.93487103899 4873.42431743724
0 0 0 0 0
4816.66408584477 999.250933051881 333 1853.93487103899 4873.42431743724
4816.66408584477 999.250933051881 333 1853.93487103899 4873.42431743724
9451.80229963884 1989.10341669986 761 961.902105883943 9834.60636148094
3415.14992348563 979.217661823594 371 657.245909215785 4727.51124763737
12806.2295821676 2970.81600763057 1136 304.687018048428 15134.8965949997
12489.4282764795 2987.36978150527 1079 377.31071407515 13730.582604474
12489.4282764795 2987.36978150527 1079 377.31071407515 13730.582604474
12489.4282764795 2987.36978150527 1079 377.31071407515 13730.582604474
12489.4282764795 2987.36978150527 1079 377.31071407515 13730.582604474
12806.2295821676 2970.81600763057 1136 304.687018048428 15134.8965949997
12398.380361528 2955.13690355669 1083 342.266355270862 13279.3223131938
12806.2295821676 2970.81600763057 1136 304.687018048428 15134.8965949997
12806.2295821676 2970.81600763057 1136 304.687018048428 15134.8965949997
12806.2295821676 2970.81600763057 1136 304.687018048428 15134.8965949997
12489.4282764795 2987.36978150527 1079 377.31071407515 13730.582604474
12806.2295821676 2970.81600763057 1136 304.687018048428 15134.8965949997
12806.2295821676 2970.81600763057 1136 304.687018048428 15134.8965949997
12489.4282764795 2987.36978150527 1079 377.31071407515 13730.582604474
12806.2295821676 2970.81600763057 1136 304.687018048428 15134.8965949997
12806.2295821676 2970.81600763057 1136 304.687018048428 15134.8965949997
12524.6291503927 2971.20537910749 1083 397.60138174317 13638.1788676937
12806.2295821676 2970.81600763057 1136 304.687018048428 15134.8965949997
12806.2295821676 2970.81600763057 1136 304.687018048428 15134.8965949997
12398.380361528 2955.13690355669 1083 342.266355270862 13279.3223131938
12451.0963015503 2974.1028863588 1085 362.556730045852 13734.6833354533
12806.2295821676 2970.81600763057 1136 304.687018048428 15134.8965949997
12806.2295821676 2970.81600763057 1136 304.687018048428 15134.8965949997
12806.2295821676 2970.81600763057 1136 304.687018048428 15134.8965949997
12626.0072572444 2972.89028468385 1114 339.37082065121 14945.4377890201
12626.0072572444 2972.89028468385 1114 339.37082065121 14945.4377890201
12806.2295821676 2970.81600763057 1136 304.687018048428 15134.8965949997
12626.0072572444 2972.89028468385 1114 339.37082065121 14945.4377890201
12806.2295821676 2970.81600763057 1136 304.687018048428 15134.8965949997
12806.2295821676 2970.81600763057 1136 304.687018048428 15134.8965949997
12806.2295821676 2970.81600763057 1136 304.687018048428 15134.8965949997
12806.2295821676 2970.81600763057 1136 304.687018048428 15134.8965949997
12806.2295821676 2970.81600763057 1136 304.687018048428 15134.8965949997
12730.4638449219 2984.82922947505 1132 358.596987013999 14630.6075038927
12626.0072572444 2972.89028468385 1114 339.37082065121 14945.4377890201
12806.2295821676 2970.81600763057 1136 304.687018048428 15134.8965949997
12806.2295821676 2970.81600763057 1136 304.687018048428 15134.8965949997
12626.0072572444 2972.89028468385 1114 339.37082065121 14945.4377890201
12730.4638449219 2984.82922947505 1132 358.596987013999 14630.6075038927
12664.7250836364 2979.34540130443 1114 309.800511576593 14484.2949089689
11706.6905652505 2991.00642704783 966 364.118413912593 12874.8216838923
11782.7180093135 2976.09687428586 965 465.06989003355 12543.5610051653
12377.7135963489 2979.87821869272 1063 365.035898058577 13239.2171557699
12512.5612906033 2979.09891886564 1109 321.984946200829 12899.6571504461
12466.0388402185 2997.15974847347 1069 217.981770258785 12767.7174302821
12291.5347117593 2979.46198965491 1061 331.86562991437 12826.7279557006
12083.9867029573 2972.52545344418 1055 291.507738356186 12416.5908923885
12165.8300577914 2953.40195910183 1059 275.756977374569 12036.0152471881
12779.2927236771 2998.17200660786 1135 157.696032278934 13732.5498097943
12923.7985141215 2991.71233869404 1134 477.867477442397 14880.6540251665
12129.572185465 2983.33238783652 1047 282.734808157201 12569.2598539677
12321.3457202104 2985.13955019166 1062 245.82797418763 13245.947169442
12923.7985141215 2991.71233869404 1134 477.867477442397 14880.6540251665
12152.4501234935 2996.74557296677 1055 278.331946930784 12540.1831481948
11602.5169011526 2992.68947525862 965 384.166644915719 12396.408476604
12093.5141091075 2984.13210789196 1042 289.674188187697 13219.5461112096
12225.4282050902 2966.47969621146 1059 268.421001435382 14327.4959118651
12009.9919441987 2973.63756300124 1032 309.881729175029 12610.0234471727
11598.8219953089 2976.01651416386 960 272.539589912765 13030.5502491567
11805.2806445456 2977.57322036834 988 356.81890365823 13015.2155458468
11733.2503961945 2975.42358688455 986 363.14066492042 12861.017101194
11733.2503961945 2975.42358688455 986 363.14066492042 12861.017101194
11684.9803892425 2985.66894348722 939 427.450662528263 11931.5610144976
11734.9044725647 2944.41906564774 991 436.285246144926 12504.1572993107
11712.5589023451 2973.68281972792 978 367.122744768376 12843.1202601372
11558.8467367256 2983.29516958368 944 378.901797038563 12540.5624174291
11659.6654948096 2988.79156450211 968 377.302085794705 12754.8395394693
11634.5680455789 2993.2789187291 956 377.998399294937 12422.3059187183
11622.8362172865 2987.00154926538 968 384.389883558709 12772.6856255837
11704.5405431264 2981.08388861928 966 403.647516899765 12547.3190987608
11523.9647841619 2976.91499797757 933 403.417699735264 12507.6936352494
11738.0290638045 2985.11652823839 966 362.221009910089 12600.1837993248
11595.7651966054 2979.72748579354 956 385.466011061664 12763.7870804804
11515.3397854913 2976.15597527053 930 360.893218949947 12558.1067431836
11591.8693463338 2986.00498537241 948 390.349460652211 12616.7734839876
11582.5224422186 2993.96228072071 946 388.014580331675 12241.8828586536
11589.6822082684 2987.19357735603 948 390.770375569146 12612.3414074656
11589.6822082684 2987.19357735603 948 390.770375569146 12612.3414074656
11381.3666694466 2994.64005748088 843 368.886757873766 10218.144607203
11117.687123564 2995.35329927995 816 369.058408225663 10413.3509832507
11381.3666694466 2994.64005748088 843 368.886757873766 10218.144607203
11442.7743101341 2988.39812916645 909 419.042813747136 11485.4168154683
0 0 0 0 0
0 0 0 0 0
0 0 0 0 0
70 10 11 13.4715062810913 0
54 9 5 10.3923048454133 0
0 0 0 0 0
77 11 9 14.8186569092004 0
5343.38784943038 998.450988250237 394 2008.17351955688 5355.36106722219
16 2 16 6.15840287135601 0
70 10 11 13.4715062810913 0
56 8 3 10.777205024873 0
5434.97628335587 1006.45834268728 395 2039.38447232691 5572.98259765825
124 19 25 23.8638111265045 0
0 0 0 0 0
5313.38784943038 993.450988250237 380 2013.94702224877 5355.36106722219
3025.3197991796 972.716165712841 266 582.223066813682 3490.64251495261
5343.97628335587 993.45834268728 380 2056.89743049233 5572.98259765825
0 0 0 0 0
5298.18713343395 987.805290935698 380 1997.70395908841 4996.08646686697
2927.33948669335 930.293976237922 266 563.366746883943 3193.5601477782
9351.68104018155 1985.83810963287 803 1285.61429043038 9292.69262420421
0 0 0 0 0
5343.97628335587 993.45834268728 380 2056.89743049233 5572.98259765825
0 0 0 0 0
0 0 0 0 0
0 0 0 0 0
9351.68104018155 1985.83810963287 803 1285.61429043038 9292.69262420421
0 0 0 0 0
7071.13144724343 1992.24385170722 689 1360.83988151374 7786.90853094643
0 0 0 0 0
5339.8795842178 992.745017639022 380 2055.32061025889 5556.53906611321
7071.13144724343 1992.24385170722 689 1360.83988151374 7786.90853094643
9351.68104018155 1985.83810963287 803 1285.61429043038 9292.69262420421
9351.68104018155 1985.83810963287 803 1285.61429043038 9292.69262420421
0 0 0 0 0
5339.8795842178 992.745017639022 380 2055.32061025889 5556.53906611321
7479.713801679 1996.41155881366 733 1439.47159228691 8549.88484850178
5343.97628335587 993.45834268728 380 2056.89743049233 5572.98259765825
7053.51560984354 1972.85518725226 690 1357.44971202547 7753.63322194192
12397.4918931994 2966.31352993954 1070 699.447718466861 13326.6158196002
