11045.6172349387 2992.26604388111 882 356.381676743845 9335.88187208397
11407.6605685515 2992.29166352068 935 239.389817566609 9845.58564215198
11199.6115457815 2990.94675210194 854 326.745457804272 10112.1081909535
11403.0522056247 2993.95212494075 916 240.276697425385 9867.17164061287
168 21 11 64.6632301492381 0
0 0 0 0 0
0 0 0 0 0
0 0 0 0 0
0 0 0 0 0
168 24 12 32.331615074619 0
0 0 0 0 0
168 24 12 32.331615074619 0
4353.84850472988 984.571144051552 403 740.903690181691 4829.16571491443
24 3 10 9.23760430703401 0
4631.48385806851 984.832361556455 456 1709.91283421761 4884.49103065025
4311.84850472988 984.571144051552 411 829.815631636894 4829.16571491443
120 15 25 46.1880215351701 0
4634.06993830713 1111.59386897691 420 891.827175441724 4829.16571491443
168 24 12 32.331615074619 0
161 23 22 30.9844644465099 0
0 0 0 0 0
3528.43378879641 998.546301940705 436 679.047399259793 5049.37041346459
8817.33236279838 1948.40350560801 851 904.345913886684 9713.65674556469
0 0 0 0 0
4565.29022946256 997.621700839852 482 1757.18102860599 5526.48847703479
0 0 0 0 0
0 0 0 0 0
0 0 0 0 0
0 0 0 0 0
0 0 0 0 0
0 0 0 0 0
0 0 0 0 0
4565.29022946256 997.621700839852 482 1757.18102860599 5526.48847703479
0 0 0 0 0
0 0 0 0 0
7907.37098362585 1997.13434272337 847 1521.77425532621 10512.344799861
8944.227424292 1996.20974162252 893 914.454172539574 10989.4628634312
0 0 0 0 0
4565.29022946256 997.621700839852 482 1757.18102860599 5526.48847703479
7907.37098362585 1997.13434272337 847 1521.77425532621 10512.344799861
4565.29022946256 997.621700839852 482 1757.18102860599 5526.48847703479
8095.23332005742 1981.28483845543 848 1557.92837882933 10555.0511164155
8944.227424292 1996.20974162252 893 914.454172539574 10989.4628634312
3528.43378879641 998.546301940705 436 679.047399259793 5049.37041346459
4505.48385806851 963.832361556455 440 1734.16154552358 4884.49103065025
3528.43378879641 998.546301940705 436 679.047399259793 5049.37041346459
4433.18531050013 996.818689621817 428 1706.33382158983 5104.58318208369
8095.23332005742 1981.28483845543 848 1557.92837882933 10555.0511164155
4505.48385806851 963.832361556455 440 1734.16154552358 4884.49103065025
7907.37098362585 1997.13434272337 847 1521.77425532621 10512.344799861
8884.42105289794 1962.42040233912 851 891.434689457165 10347.4654170466
3517.71431820198 994.342758845905 436 676.984436182039 5153.28279849468
12412.8548416944 2960.96670427982 1287 212.387290197371 15396.8358305112
12660.52354952 2978.90653929528 1330 199.252649776661 16081.5395934503
12412.8548416944 2960.96670427982 1287 212.387290197371 15396.8358305112
12412.8548416944 2960.96670427982 1287 212.387290197371 15396.8358305112
12412.8548416944 2960.96670427982 1287 212.387290197371 15396.8358305112
12660.52354952 2978.90653929528 1330 199.252649776661 16081.5395934503
12241.9054705546 2987.84490638274 1226 203.544926111867 15164.2509520416
12412.8548416944 2960.96670427982 1287 212.387290197371 15396.8358305112
12241.9054705546 2987.84490638274 1226 203.544926111867 15164.2509520416
12241.9054705546 2987.84490638274 1226 203.544926111867 15164.2509520416
12660.52354952 2978.90653929528 1330 199.252649776661 16081.5395934503
12241.9054705546 2987.84490638274 1226 203.544926111867 15164.2509520416
12660.52354952 2978.90653929528 1330 199.252649776661 16081.5395934503
12660.52354952 2978.90653929528 1330 199.252649776661 16081.5395934503
12241.9054705546 2987.84490638274 1226 203.544926111867 15164.2509520416
12660.52354952 2978.90653929528 1330 199.252649776661 16081.5395934503
12660.52354952 2978.90653929528 1330 199.252649776661 16081.5395934503
12241.9054705546 2987.84490638274 1226 203.544926111867 15164.2509520416
12241.9054705546 2987.84490638274 1226 203.544926111867 15164.2509520416
12660.52354952 2978.90653929528 1330 199.252649776661 16081.5395934503
12660.52354952 2978.90653929528 1330 199.252649776661 16081.5395934503
12412.8548416944 2960.96670427982 1287 212.387290197371 15396.8358305112
12241.9054705546 2987.84490638274 1226 203.544926111867 15164.2509520416
12660.52354952 2978.90653929528 1330 199.252649776661 16081.5395934503
12660.52354952 2978.90653929528 1330 199.252649776661 16081.5395934503
12660.52354952 2978.90653929528 1330 199.252649776661 16081.5395934503
12660.52354952 2978.90653929528 1330 199.252649776661 16081.5395934503
12241.9054705546 2987.84490638274 1226 203.544926111867 15164.2509520416
12660.52354952 2978.90653929528 1330 199.252649776661 16081.5395934503
12412.8548416944 2960.96670427982 1287 212.387290197371 15396.8358305112
12660.52354952 2978.90653929528 1330 199.252649776661 16081.5395934503
12241.9054705546 2987.84490638274 1226 203.544926111867 15164.2509520416
12412.8548416944 2960.96670427982 1287 212.387290197371 15396.8358305112
12660.52354952 2978.90653929528 1330 199.252649776661 16081.5395934503
12660.52354952 2978.90653929528 1330 199.252649776661 16081.5395934503
12660.52354952 2978.90653929528 1330 199.252649776661 16081.5395934503
12412.8548416944 2960.96670427982 1287 212.387290197371 15396.8358305112
12241.9054705546 2987.84490638274 1226 203.544926111867 15164.2509520416
12241.9054705546 2987.84490638274 1226 203.544926111867 15164.2509520416
12241.9054705546 2987.84490638274 1226 203.544926111867 15164.2509520416
12412.8548416944 2960.96670427982 1287 212.387290197371 15396.8358305112
12660.52354952 2978.90653929528 1330 199.252649776661 16081.5395934503
12412.8548416944 2960.96670427982 1287 212.387290197371 15396.8358305112
12241.9054705546 2987.84490638274 1226 203.544926111867 15164.2509520416
12241.9054705546 2987.84490638274 1226 203.544926111867 15164.2509520416
12660.52354952 2978.90653929528 1330 199.252649776661 16081.5395934503
12412.8548416944 2960.96670427982 1287 212.387290197371 15396.8358305112
12241.9054705546 2987.84490638274 1226 203.544926111867 15164.2509520416
12660.52354952 2978.90653929528 1330 199.252649776661 16081.5395934503
12616.5645866166 2976.57395361464 1346 247.346903400228 15697.2218324239
12549.5539360636 2992.44706689711 1294 220.608761843631 16229.7609302634
12408.5234428514 2966.47821959846 1287 210.720134005415 15631.1393122851
12398.0724537724 2993.41477596674 1313 173.490576178743 16623.7971319974
12492.6246582246 2992.74436625374 1285 261.812680856242 15377.4175534983
12483.2840059819 2993.72751730598 1325 152.981306881306 16492.9498986748
12412.8548416944 2960.96670427982 1287 212.387290197371 15396.8358305112
12389.7172110046 2992.64421764624 1288 170.98824497042 15601.2414413569
12460.2265150108 2977.01324790225 1287 230.62065575817 15398.7110850191
12259.0469936517 2951.94437632044 1272 153.186621883417 14122.6073526668
12407.98765783 2991.34148215683 1286 167.472095839464 15590.008952867
12361.9122184416 2986.1046966463 1278 160.461417832814 16487.8581836784
12241.9054705546 2987.84490638274 1226 203.544926111867 15164.2509520416
12361.9122184416 2986.1046966463 1278 160.461417832814 16487.8581836784
12389.4135487408 2981.99294016511 1292 171.046684800343 16120.147559912
12137.0634543552 2981.16668355334 1233 187.088775280026 16225.146615865
11872.4576580468 2992.37253687317 1182 274.645190779493 14900.79058538
11993.8156081505 2988.91533000604 1188 247.17954396389 14279.679918276
12094.5106184363 2993.22123254541 1222 227.800780199041 14950.1086249984
12193.3944367133 2992.94960662803 1247 208.770580498809 15875.8055787891
11993.8156081505 2988.91533000604 1188 247.17954396389 14279.679918276
12193.3944367133 2992.94960662803 1247 208.770580498809 15875.8055787891
12142.8883578093 2992.12704518005 1203 218.490479915778 14929.3190650566
11848.4153687725 2991.78371580094 1178 275.161833078937 14896.2891903675
11630.6305502961 2995.15503013146 1056 175.460600970163 13443.1009336328
11658.8375729183 2996.85218333262 1059 163.129650565547 14693.7079582939
11866.0967778001 2990.98199760454 1180 242.903755719247 14443.7982092558
11855.8026540684 2995.40048790473 1100 229.878339034872 13609.621503241
12003.9285807069 2992.81109962671 1220 245.233301487986 14953.3029820582
11916.0756037324 2992.73350418225 1182 262.140614789769 14958.2982196986
11660.6346561884 2995.1492726651 1096 209.000119134775 13270.3650375754
11657.2308170482 2995.98948474168 1072 188.966922726079 13687.3847654417
11660.6346561884 2995.1492726651 1096 209.000119134775 13270.3650375754
11823.1829749504 2997.70246358901 1119 157.02941504694 13869.8911778436
11020.9126174961 2996.81986034073 926 103.769405695118 12241.300060396
11486.8014424122 2965.2838094108 1026 221.766071167393 12205.4787547908
11534.2602180639 2985.85389037191 1025 212.632625534749 12483.6359312796
11100.383246814 2996.97563636076 907 88.4752759519989 11887.3874495391
10905.4337856547 2996.10669695084 852 312.570783927491 10400.5226478119
11330.2820102138 2996.31690394182 1003 321.714308282347 12997.4597452357
11108.4792609276 2994.66210331297 882 69.3395002053973 11070.1414586901
11182.9173348797 2993.2106330296 955 228.288530916577 11339.1010029761
11191.1550358092 2982.84990298927 917 322.890028076193 10848.2809525223
11339.4188198955 2994.22095281431 1013 224.953437040819 13109.0841779101
11567.5048087685 2975.4965360704 1014 250.461480500351 10900.4398614099
11623.2479315362 2997.73567537144 1014 239.733711521885 10809.6553225761
4184.94436057949 988.074605425743 293 1610.78583541612 3229.40055928717
4001.15013124487 999.792771913499 326 770.021701780778 3700.6739731554
4184.94436057949 988.074605425743 293 1610.78583541612 3229.40055928717
0 0 0 0 0
4184.94436057949 988.074605425743 293 1610.78583541612 3229.40055928717
4001.15013124487 999.792771913499 326 770.021701780778 3700.6739731554
0 0 0 0 0
4001.15013124487 999.792771913499 326 770.021701780778 3700.6739731554
8336.09449182436 2012.86737733924 626 811.896620175856 6930.07453244256
120 20 18 23.094010767585 0
8258.09449182436 1999.86737733924 622 826.907727174786 6930.07453244256
24 3 8 9.23760430703401 0
8186.09449182436 1987.86737733924 619 840.764133635338 6930.07453244256
12 2 17 2.3094010767585 0
8186.09449182436 1987.86737733924 619 840.764133635338 6930.07453244256
147 21 19 28.2901631902917 0
0 0 0 0 0
0 0 0 0 0
0 0 0 0 0
0 0 0 0 0
0 0 0 0 0
0 0 0 0 0
0 0 0 0 0
0 0 0 0 0
4184.94436057949 988.074605425743 293 1610.78583541612 3229.40055928717
7473.81969434567 1970.81793820353 763 1438.33727080173 6829.28754954781
4184.94436057949 988.074605425743 293 1610.78583541612 3229.40055928717
0 0 0 0 0
0 0 0 0 0
0 0 0 0 0
0 0 0 0 0
7548.48874112249 1999.58835410448 779 1452.70733555398 7233.30732898109
0 0 0 0 0
3547.33860987762 999.795582190983 453 682.685633773199 3532.63335582569
4184.94436057949 988.074605425743 293 1610.78583541612 3229.40055928717
0 0 0 0 0
4184.94436057949 988.074605425743 293 1610.78583541612 3229.40055928717
0 0 0 0 0
8186.09449182436 1987.86737733924 619 840.764133635338 6930.07453244256
0 0 0 0 0
4184.94436057949 988.074605425743 293 1610.78583541612 3229.40055928717
0 0 0 0 0
8186.09449182436 1987.86737733924 619 840.764133635338 6930.07453244256
0 0 0 0 0
4184.94436057949 988.074605425743 293 1610.78583541612 3229.40055928717
7989.83263847544 1999.39841365622 900 1537.64400820129 9912.77601600753
4140.41271373349 987.677117414905 295 1593.64559655345 3680.11623815039
7989.83263847544 1999.39841365622 900 1537.64400820129 9912.77601600753
12094.2135077372 2948.05938922717 1171 42.1329249487239 12657.5632189195
12130.2453522089 2987.07553107112 1195 56.0015883521667 13592.8922541579
12094.2135077372 2948.05938922717 1171 42.1329249487239 12657.5632189195
12094.2135077372 2948.05938922717 1171 42.1329249487239 12657.5632189195
12094.2135077372 2948.05938922717 1171 42.1329249487239 12657.5632189195
