2818.92251811224 665.755150706708 352 108.912032551336 902.72110982281
2815.51786051802 660.395786470289 352 109.478305908394 817.876348863686
2815.51786051802 660.395786470289 352 109.478305908394 817.876348863686
2823.71897953843 662.369253097565 352 107.89999981703 793.971747917341
2823.71897953843 662.369253097565 352 107.89999981703 793.971747917341
2960.32619090474 675.587215285589 365 81.6099297318358 974.724235114767
2849.27802455518 672.083369929844 322 102.981159310147 826.546868473481
2823.71897953843 662.369253097565 352 107.89999981703 793.971747917341
2913.47571925637 676.557127119077 362 90.6263072044515 966.835614349914
2841.69505679557 671.587682394279 342 104.440502135904 789.472730872053
2849.27802455518 672.083369929844 322 102.981159310147 826.546868473481
2745.88549404406 648.119743319193 349 122.879061084412 719.068913646795
2800.27508138864 666.806692848896 305 84.119917691286 766.396583275957
2924.55256373683 675.745427025118 339 88.4945674902631 844.929656362614
2849.27802455518 672.083369929844 322 102.981159310147 826.546868473481
2843.95966122375 668.625578765745 322 104.004678810496 850.627256410084
2924.55256373683 675.745427025118 339 88.4945674902631 844.929656362614
2851.8802264567 675.045165666076 322 103.982747289031 832.470459945945
2843.95966122375 668.625578765745 322 104.004678810496 850.627256410084
2844.29725869708 674.549478130511 342 105.442090114788 795.396322344516
2759.75170024636 656.418239829582 350 120.210508456566 800.568198968603
2841.69505679557 671.587682394279 342 104.440502135904 789.472730872053
2811.54756460839 654.442416836367 322 114.808969741119 700.127797081592
2849.27802455518 672.083369929844 322 102.981159310147 826.546868473481
2786.87459546812 654.168230279313 330 84.8495129791789 815.880651736851
2673.10902459236 636.183556960326 313 39.5193956759828 716.284634795302
2673.10902459236 636.183556960326 313 39.5193956759828 716.284634795302
2673.10902459236 636.183556960326 313 39.5193956759828 716.284634795302
2912.73830662468 661.062161174888 355 65.426157163457 768.262276515116
2719.19159339589 654.109462180998 313 57.2565846784273 787.98825567799
2897.18937777477 658.626459153972 339 68.4185499158262 659.839516780667
1089.46870351163 226.442726795972 115 419.336699497409 265.426547333669
0 0 0 0 0
0 0 0 0 0
0 0 0 0 0
70 10 20 13.4715062810913 0
0 0 0 0 0
0 0 0 0 0
0 0 0 0 0
60 10 13 11.5470053837925 0
80 10 28 30.79201435678 0
80 10 14 30.79201435678 0
60 10 3 11.5470053837925 0
70 10 20 13.4715062810913 0
70 10 29 13.4715062810913 0
1089.46870351163 226.442726795972 115 419.336699497409 265.426547333669
80 10 2 30.79201435678 0
0 0 0 0 0
0 0 0 0 0
0 0 0 0 0
1758.06043158715 446.810171839557 201 338.33888780949 599.479081654022
0 0 0 0 0
0 0 0 0 0
0 0 0 0 0
0 0 0 0 0
1089.46870351163 226.442726795972 115 419.336699497409 265.426547333669
1758.06043158715 446.810171839557 201 338.33888780949 599.479081654022
1089.46870351163 226.442726795972 115 419.336699497409 265.426547333669
0 0 0 0 0
0 0 0 0 0
0 0 0 0 0
1089.46870351163 226.442726795972 115 419.336699497409 265.426547333669
0 0 0 0 0
1089.46870351163 226.442726795972 115 419.336699497409 265.426547333669
0 0 0 0 0
80 10 3 30.79201435678 0
0 0 0 0 0
80 10 3 30.79201435678 0
60 10 25 11.5470053837925 0
0 0 0 0 0
761.428214295622 222.420595076259 97 146.536928164051 203.052821278585
0 0 0 0 0
0 0 0 0 0
80 10 3 30.79201435678 0
60 10 25 11.5470053837925 0
0 0 0 0 0
1706.47094199614 432.995517014936 201 328.410485908582 372.949023911381
80 10 3 30.79201435678 0
1722.77606681737 440.122963374751 201 331.548408643484 370.023576743511
2819.29773607848 667.548448790777 316 86.4309469625755 808.732310434179
182.386416159662 50.0665927567458 28 35.1002821554374 0
2795.93964550777 659.438243810908 316 90.926213588827 638.37557124505
2838.19073610485 670.145162908803 316 82.7949874122346 845.011057554108
2795.93964550777 659.438243810908 316 90.926213588827 638.37557124505
182.386416159662 50.0665927567458 28 35.1002821554374 0
2847.52913509878 673.252898635529 316 80.9978116879189 864.905628987691
2847.52913509878 673.252898635529 316 80.9978116879189 864.905628987691
2847.52913509878 673.252898635529 316 80.9978116879189 864.905628987691
256.74923623252 50.0665927567458 28 98.822827102051 0
150 20 28 17.3205080756888 0
2847.52913509878 673.252898635529 316 80.9978116879189 864.905628987691
2847.52913509878 673.252898635529 316 80.9978116879189 864.905628987691
182.386416159662 50.0665927567458 28 35.1002821554374 0
140 20 28 19.2450089729875 0
130 20 28 25.0185116648838 0
2847.52913509878 673.252898635529 316 80.9978116879189 864.905628987691
140 20 28 19.2450089729875 0
2847.52913509878 673.252898635529 316 80.9978116879189 864.905628987691
2847.52913509878 673.252898635529 316 80.9978116879189 864.905628987691
2847.52913509878 673.252898635529 316 80.9978116879189 864.905628987691
182.386416159662 50.0665927567458 28 35.1002821554374 0
130 20 28 25.0185116648838 0
2847.52913509878 673.252898635529 316 80.9978116879189 864.905628987691
223.809808276197 70.9901951359278 13 43.0722176851804 0
2847.52913509878 673.252898635529 316 80.9978116879189 864.905628987691
2847.52913509878 673.252898635529 316 80.9978116879189 864.905628987691
2847.52913509878 673.252898635529 316 80.9978116879189 864.905628987691
182.386416159662 50.0665927567458 28 35.1002821554374 0
201.640455326348 60.3112887414927 6 38.8057237207285 0
182.386416159662 50.0665927567458 28 35.1002821554374 0
182.386416159662 50.0665927567458 28 35.1002821554374 0
182.386416159662 50.0665927567458 28 35.1002821554374 0
182.386416159662 50.0665927567458 28 35.1002821554374 0
182.386416159662 50.0665927567458 28 35.1002821554374 0
182.386416159662 50.0665927567458 28 35.1002821554374 0
182.386416159662 50.0665927567458 28 35.1002821554374 0
182.386416159662 50.0665927567458 28 35.1002821554374 0
182.386416159662 50.0665927567458 28 35.1002821554374 0
182.386416159662 50.0665927567458 28 35.1002821554374 0
3008.42531653715 678.353521081225 364 54.2695402825193 948.99120106968
2847.52913509878 673.252898635529 316 80.9978116879189 864.905628987691
3008.42531653715 678.353521081225 364 54.2695402825193 948.99120106968
3008.42531653715 678.353521081225 364 54.2695402825193 948.99120106968
3008.42531653715 678.353521081225 364 54.2695402825193 948.99120106968
3017.80783016899 674.225298390038 371 52.4638746921805 949.479586752408
3008.42531653715 678.353521081225 364 54.2695402825193 948.99120106968
2847.52913509878 673.252898635529 316 80.9978116879189 864.905628987691
3008.42531653715 678.353521081225 364 54.2695402825193 948.99120106968
3008.42531653715 678.353521081225 364 54.2695402825193 948.99120106968
3008.42531653715 678.353521081225 364 54.2695402825193 948.99120106968
3008.42531653715 678.353521081225 364 54.2695402825193 948.99120106968
3008.42531653715 678.353521081225 364 54.2695402825193 948.99120106968
3008.42531653715 678.353521081225 364 54.2695402825193 948.99120106968
3008.42531653715 678.353521081225 364 54.2695402825193 948.99120106968
3008.42531653715 678.353521081225 364 54.2695402825193 948.99120106968
2689.00026635165 651.460133156409 269 72.0984604266429 695.980081667058
2934.14704466855 674.709078342197 360 87.2351883071103 952.559963902746
2867.92953348628 679.970372754621 339 64.7458992153228 865.416113630801
2671.04496340886 667.26404015002 274 73.1635916670076 663.843964359111
2791.5308654175 650.809104098848 339 5.03058271569516 708.555732436647
3002.13265662978 681.484449513685 371 86.0912499478461 941.494551140396
2791.5308654175 650.809104098848 339 5.03058271569516 708.555732436647
2672.14704683802 645.23272794431 294 28.0060093136109 728.556383404946
2774.59625074134 675.935483635283 294 48.5655398671507 685.41014721292
2774.59625074134 675.935483635283 294 48.5655398671507 685.41014721292
0 0 0 0 0
60 10 18 11.5470053837925 0
1987.19003619474 436.859390957709 191 164.820291324762 375.790912174087
182.386416159662 50.0665927567458 28 35.1002821554374 0
1987.19003619474 436.859390957709 191 164.820291324762 375.790912174087
0 0 0 0 0
70 10 18 13.4715062810913 0
0 0 0 0 0
70 10 18 13.4715062810913 0
252.386416159662 60.0665927567458 45 48.5717884365286 0
60 10 3 11.5470053837925 0
182.386416159662 50.0665927567458 28 35.1002821554374 0
1987.19003619474 436.859390957709 191 164.820291324762 375.790912174087
70 10 27 13.4715062810913 0
947.873797424372 212.818664048945 61 364.836794733836 113.774895370968
60 10 18 11.5470053837925 0
1920.21195818109 429.27449056239 203 201.92931146297 368.866182303587
0 0 0 0 0
1980.21195818109 439.27449056239 206 190.382306079177 368.866182303587
916.802247579916 223.541692274335 149 176.438674811306 268.037973857855
1987.19003619474 436.859390957709 191 164.820291324762 375.790912174087
926.802247579916 223.541692274335 149 132.175154173435 268.037973857855
0 0 0 0 0
0 0 0 0 0
1980.3521260615 434.860937556646 181 162.18837848735 349.399104910068
0 0 0 0 0
1987.19003619474 436.859390957709 191 164.820291324762 375.790912174087
872.729840939414 226.793099973699 149 167.95693619873 349.610296135094
0 0 0 0 0
1912.04607970978 450.833826882463 279 367.973439607804 611.626312938213
935.88533385341 200.616327767613 76 360.222432953926 82.6179270466619
1912.04607970978 450.833826882463 279 367.973439607804 611.626312938213
989.822479718295 224.02056021803 76 380.982850076867 181.997351758082
872.729840939414 226.793099973699 149 167.95693619873 349.610296135094
1039.31623877037 224.040726908764 130 200.016503409074 262.01601680312
872.729840939414 226.793099973699 149 167.95693619873 349.610296135094
935.88533385341 200.616327767613 76 360.222432953926 82.6179270466619
0 0 0 0 0
2029.13871848866 448.061287126793 206 180.966346667793 444.013368561201
0 0 0 0 0
989.822479718295 224.02056021803 76 380.982850076867 181.997351758082
1912.04607970978 450.833826882463 279 367.973439607804 611.626312938213
935.88533385341 200.616327767613 76 360.222432953926 82.6179270466619
1912.04607970978 450.833826882463 279 367.973439607804 611.626312938213
935.88533385341 200.616327767613 76 360.222432953926 82.6179270466619
1828.15190579872 451.650025176787 240 351.827998310805 626.781658408853
955.730846190742 211.099022910306 76 367.860974214036 291.339150137015
1912.04607970978 450.833826882463 279 367.973439607804 611.626312938213
2785.46012263149 662.749048087093 316 15.7294107816345 867.983664294432
2847.93141356319 651.450154650076 355 7.75100665387772 694.244239984875
2783.88275198946 662.749048087093 316 16.0329759032306 918.120808545868
2783.88275198946 662.749048087093 316 16.0329759032306 918.120808545868
2783.88275198946 662.749048087093 316 16.0329759032306 918.120808545868
2753.36038488368 631.883980589401 336 41.2941627267554 673.663460840994
2901.86855942808 674.854387100492 355 13.0094104690632 793.623664696295
