2961.95455443334 655.959791968614 378 126.923879600807 503.690981658655
2798.61952275778 640.83702725015 337 115.91622126837 498.298270011125
2798.61952275778 640.83702725015 337 115.91622126837 498.298270011125
3032.28403781717 686.484211817803 368 113.388964212932 580.173672941608
2798.61952275778 640.83702725015 337 115.91622126837 498.298270011125
3032.28403781717 686.484211817803 368 113.388964212932 580.173672941608
3022.46593460257 677.154060162812 368 115.27845905756 567.27378624125
3022.46593460257 677.154060162812 368 115.27845905756 567.27378624125
3032.28403781717 686.484211817803 368 113.388964212932 580.173672941608
2798.61952275778 640.83702725015 337 115.91622126837 498.298270011125
2833.85934819428 654.994532310877 337 63.2285105290847 570.770531364143
3022.46593460257 677.154060162812 368 115.27845905756 567.27378624125
2798.61952275778 640.83702725015 337 115.91622126837 498.298270011125
3022.46593460257 677.154060162812 368 115.27845905756 567.27378624125
3003.18017542006 671.682044499753 368 111.91751407755 541.28635548888
2833.85934819428 654.994532310877 337 63.2285105290847 570.770531364143
3022.46593460257 677.154060162812 368 115.27845905756 567.27378624125
2833.85934819428 654.994532310877 337 63.2285105290847 570.770531364143
2833.85934819428 654.994532310877 337 63.2285105290847 570.770531364143
2798.61952275778 640.83702725015 337 115.91622126837 498.298270011125
2833.85934819428 654.994532310877 337 63.2285105290847 570.770531364143
2833.85934819428 654.994532310877 337 63.2285105290847 570.770531364143
3022.46593460257 677.154060162812 368 115.27845905756 567.27378624125
2833.85934819428 654.994532310877 337 63.2285105290847 570.770531364143
2828.91728864585 652.214257711094 337 64.1796103326307 563.704781505828
3119.32752207858 674.88379810796 401 54.1959380219915 750.648971378683
3022.46593460257 677.154060162812 368 115.27845905756 567.27378624125
3023.80585958047 676.222160432406 368 115.020590375331 556.233327170531
2999.55805455781 661.300828364719 368 119.687082627694 507.161103396548
2999.55805455781 661.300828364719 368 119.687082627694 507.161103396548
2999.55805455781 661.300828364719 368 119.687082627694 507.161103396548
2783.40792867204 630.904840416152 337 118.843693915104 465.880908892707
2798.61952275778 640.83702725015 337 115.91622126837 498.298270011125
3046.42905530126 677.41628953451 386 97.3041932414969 615.692139459176
2783.40792867204 630.904840416152 337 118.843693915104 465.880908892707
3022.46593460257 677.154060162812 368 115.27845905756 567.27378624125
2833.85934819428 654.994532310877 337 63.2285105290847 570.770531364143
2798.61952275778 640.83702725015 337 115.91622126837 498.298270011125
3128.79931853439 680.270935109161 401 58.2958449481895 725.653022477635
2860.80416103602 665.954662639473 337 73.5995738273794 603.650922349929
2860.80416103602 665.954662639473 337 73.5995738273794 603.650922349929
2973.15524809994 678.317634760015 355 117.863385900934 569.758676773489
2973.15524809994 678.317634760015 355 117.863385900934 569.758676773489
2881.7547634362 662.433127542637 343 81.6634644509968 534.858736228941
2860.80416103602 665.954662639473 337 73.5995738273794 603.650922349929
2824.69963582004 660.974147205133 322 92.6437288802763 527.563834541426
2824.69963582004 660.974147205133 322 92.6437288802763 527.563834541426
2803.74903341986 664.495682301969 316 84.579838256659 596.356020662413
2803.74903341986 664.495682301969 316 84.579838256659 596.356020662413
2803.74903341986 664.495682301969 316 84.579838256659 596.356020662413
2860.80416103602 665.954662639473 337 73.5995738273794 603.650922349929
2803.74903341986 664.495682301969 316 84.579838256659 596.356020662413
2803.74903341986 664.495682301969 316 84.579838256659 596.356020662413
2803.74903341986 664.495682301969 316 84.579838256659 596.356020662413
2823.50502313389 671.451477198988 313 94.2461033932743 566.641243129172
2990.61032508942 661.931407426571 371 93.5893382936793 599.231159367825
2835.79843676033 665.75912507571 322 23.5650840544746 418.486986253392
3021.23489508723 665.820198677936 380 30.871138654755 635.084638509741
2754.04505717116 641.151082519323 332 104.214504123167 441.619840983506
2739.31683437956 663.357606675228 313 87.987424782539 479.227439406399
2814.19548103426 676.608645696177 316 59.726525756266 491.780128149559
3033.17245350009 675.934874443956 364 47.77762843224 584.710898344561
2982.26315607924 668.80682086386 371 60.6168138174419 553.845789667973
2725.0115142139 640.315379051084 313 127.317477649319 509.25723098572
2716.72632968412 626.241019533977 313 128.911962155504 450.554163671019
2878.34347250003 649.272889621793 339 82.0039442109116 473.900005845671
2928.8089010826 673.45602536211 355 101.077398811765 676.310770688833
2716.72632968412 626.241019533977 313 128.911962155504 450.554163671019
2904.44743861518 665.989158138922 339 76.9802335897439 508.634131060193
2716.72632968412 626.241019533977 313 128.911962155504 450.554163671019
0 0 0 0 0
0 0 0 0 0
0 0 0 0 0
0 0 0 0 0
1160.11101632202 213.328178280794 150 446.52693837558 106.467436948954
0 0 0 0 0
80 10 25 30.79201435678 0
0 0 0 0 0
1230.11101632202 223.328178280794 157 433.055432094489 106.467436948954
70 10 41 13.4715062810913 0
60 10 7 11.5470053837925 0
70 10 11 13.4715062810913 0
80 10 25 30.79201435678 0
60 10 27 11.5470053837925 0
1230.11101632202 223.328178280794 157 433.055432094489 106.467436948954
80 10 36 30.79201435678 0
0 0 0 0 0
0 0 0 0 0
0 0 0 0 0
0 0 0 0 0
0 0 0 0 0
0 0 0 0 0
0 0 0 0 0
0 0 0 0 0
0 0 0 0 0
0 0 0 0 0
0 0 0 0 0
0 0 0 0 0
0 0 0 0 0
0 0 0 0 0
0 0 0 0 0
0 0 0 0 0
1160.11101632202 213.328178280794 150 446.52693837558 106.467436948954
0 0 0 0 0
1138.34950872483 227.609449333022 141 438.150930196105 158.884455423859
0 0 0 0 0
1138.34950872483 227.609449333022 141 438.150930196105 158.884455423859
0 0 0 0 0
1138.34950872483 227.609449333022 141 438.150930196105 158.884455423859
0 0 0 0 0
1138.34950872483 227.609449333022 141 438.150930196105 158.884455423859
0 0 0 0 0
1138.34950872483 227.609449333022 141 438.150930196105 158.884455423859
0 0 0 0 0
1138.34950872483 227.609449333022 141 438.150930196105 158.884455423859
1961.45964295548 449.312768649709 247 377.483084288311 402.215090147665
2250.55041681906 454.446737759718 263 224.10776563572 332.881201167301
772.407959506767 208.762481526159 117 148.649981115147 200.792347010513
3044.3288609649 673.894461605411 380 71.3450328342132 607.491756662578
3022.95837632583 663.209219285876 380 75.4577845205731 533.673548177813
3048.22332427651 671.949539774853 380 70.595543020444 595.902214091914
3048.22332427651 671.949539774853 380 70.595543020444 595.902214091914
3022.95837632583 663.209219285876 380 75.4577845205731 533.673548177813
3048.22332427651 671.949539774853 380 70.595543020444 595.902214091914
3048.22332427651 671.949539774853 380 70.595543020444 595.902214091914
3121.5706592775 662.640946930503 397 69.0438540872689 508.682527096619
3022.95837632583 663.209219285876 380 75.4577845205731 533.673548177813
3121.5706592775 662.640946930503 397 69.0438540872689 508.682527096619
3022.95837632583 663.209219285876 380 75.4577845205731 533.673548177813
3048.22332427651 671.949539774853 380 70.595543020444 595.902214091914
3022.95837632583 663.209219285876 380 75.4577845205731 533.673548177813
3121.5706592775 662.640946930503 397 69.0438540872689 508.682527096619
3048.22332427651 671.949539774853 380 70.595543020444 595.902214091914
3048.22332427651 671.949539774853 380 70.595543020444 595.902214091914
3048.22332427651 671.949539774853 380 70.595543020444 595.902214091914
3022.95837632583 663.209219285876 380 75.4577845205731 533.673548177813
3048.22332427651 671.949539774853 380 70.595543020444 595.902214091914
3121.5706592775 662.640946930503 397 69.0438540872689 508.682527096619
3048.22332427651 671.949539774853 380 70.595543020444 595.902214091914
3048.22332427651 671.949539774853 380 70.595543020444 595.902214091914
3022.95837632583 663.209219285876 380 75.4577845205731 533.673548177813
3048.22332427651 671.949539774853 380 70.595543020444 595.902214091914
3048.22332427651 671.949539774853 380 70.595543020444 595.902214091914
3048.22332427651 671.949539774853 380 70.595543020444 595.902214091914
3048.22332427651 671.949539774853 380 70.595543020444 595.902214091914
3121.5706592775 662.640946930503 397 69.0438540872689 508.682527096619
3048.22332427651 671.949539774853 380 70.595543020444 595.902214091914
3022.95837632583 663.209219285876 380 75.4577845205731 533.673548177813
3021.54905883018 663.355688566515 380 74.9153379635812 534.259425300368
3022.95837632583 663.209219285876 380 75.4577845205731 533.673548177813
3048.22332427651 671.949539774853 380 70.595543020444 595.902214091914
3121.5706592775 662.640946930503 397 69.0438540872689 508.682527096619
3022.95837632583 663.209219285876 380 75.4577845205731 533.673548177813
3022.95837632583 663.209219285876 380 75.4577845205731 533.673548177813
3022.95837632583 663.209219285876 380 75.4577845205731 533.673548177813
3121.5706592775 662.640946930503 397 69.0438540872689 508.682527096619
3121.5706592775 662.640946930503 397 69.0438540872689 508.682527096619
3022.95837632583 663.209219285876 380 75.4577845205731 533.673548177813
3121.5706592775 662.640946930503 397 69.0438540872689 508.682527096619
3121.5706592775 662.640946930503 397 69.0438540872689 508.682527096619
3121.5706592775 662.640946930503 397 69.0438540872689 508.682527096619
3121.5706592775 662.640946930503 397 69.0438540872689 508.682527096619
3121.5706592775 662.640946930503 397 69.0438540872689 508.682527096619
3022.95837632583 663.209219285876 380 75.4577845205731 533.673548177813
3022.95837632583 663.209219285876 380 75.4577845205731 533.673548177813
3048.22332427651 671.949539774853 380 70.595543020444 595.902214091914
3135.99964354103 662.338633877309 397 74.5975727197227 602.592116190371
3121.5706592775 662.640946930503 397 69.0438540872689 508.682527096619
2997.11638075235 636.980631333848 380 80.4310788874878 446.472784001847
3121.5706592775 662.640946930503 397 69.0438540872689 508.682527096619
3121.5706592775 662.640946930503 397 69.0438540872689 508.682527096619
3121.5706592775 662.640946930503 397 69.0438540872689 508.682527096619
3011.67422005565 650.656306865044 380 77.6294214072944 499.300339377954
3023.42714379041 662.37884192877 380 75.6382132018162 546.943575950122
3121.5706592775 662.640946930503 397 69.0438540872689 508.682527096619
3124.12634211828 683.708629389807 389 55.9880004260276 642.938572551731
3022.95837632583 663.209219285876 380 75.4577845205731 533.673548177813
3022.95837632583 663.209219285876 380 75.4577845205731 533.673548177813
3213.65884502502 674.015078080842 418 104.174272327737 621.609210638047
3133.74733268854 663.209392177278 410 66.7004521967037 510.387862836946
3121.5706592775 662.640946930503 397 69.0438540872689 508.682527096619
3011.67422005565 650.656306865044 380 77.6294214072944 499.300339377954
3022.95837632583 663.209219285876 380 75.4577845205731 533.673548177813
3121.5706592775 662.640946930503 397 69.0438540872689 508.682527096619
3013.47933788418 651.902220208893 380 77.2820263192211 475.358184933596
3022.95837632583 663.209219285876 380 75.4577845205731 533.673548177813
3022.95837632583 663.209219285876 380 75.4577845205731 533.673548177813
3022.95837632583 663.209219285876 380 75.4577845205731 533.673548177813
3022.95837632583 663.209219285876 380 75.4577845205731 533.673548177813
3022.37953367473 663.209219285876 380 75.569182840716 533.673548177813
3022.37953367473 663.209219285876 380 75.569182840716 533.673548177813
3079.2074508098 670.697315581839 385 41.2917053234394 619.469267323095
2738.92781671638 648.554608876496 312 86.5923773347172 437.219389088595
3022.95837632583 663.209219285876 380 75.4577845205731 533.673548177813
2779.27091170924 661.00244861756 303 78.8283450833592 423.429272270293
2755.10661662441 652.623748198192 339 83.4787658406948 469.97438376852
2804.83854844553 670.320127742827 323 73.90785109928 523.063522402428
2779.27091170924 661.00244861756 303 78.8283450833592 423.429272270293
3048.22332427651 671.949539774853 380 70.595543020444 595.902214091914
2876.24786245824 668.428163999769 339 101.393308877871 493.09094033949
