2921.45064625006 643.434772898593 401 1.84276355633914 216.198863016638
2900.08452256297 664.039509554641 336 67.2068384726826 212.268158000366
3057.21545441949 678.345915872557 401 54.0986625850709 230.828258981873
3057.21545441949 678.345915872557 401 54.0986625850709 230.828258981873
2921.45064625006 643.434772898593 401 1.84276355633914 216.198863016638
2888.11131155549 658.154799431936 329 69.5110840054273 206.383447877662
3057.21545441949 678.345915872557 401 54.0986625850709 230.828258981873
3057.21545441949 678.345915872557 401 54.0986625850709 230.828258981873
2900.08452256297 664.039509554641 336 67.2068384726826 212.268158000366
2900.08452256297 664.039509554641 336 67.2068384726826 212.268158000366
3057.21545441949 678.345915872557 401 54.0986625850709 230.828258981873
2900.08452256297 664.039509554641 336 67.2068384726826 212.268158000366
3057.21545441949 678.345915872557 401 54.0986625850709 230.828258981873
2900.08452256297 664.039509554641 336 67.2068384726826 212.268158000366
2900.08452256297 664.039509554641 336 67.2068384726826 212.268158000366
3057.21545441949 678.345915872557 401 54.0986625850709 230.828258981873
3057.21545441949 678.345915872557 401 54.0986625850709 230.828258981873
3057.21545441949 678.345915872557 401 54.0986625850709 230.828258981873
3059.97309400589 679.791517227623 401 55.1600785567618 232.273860336939
2900.08452256297 664.039509554641 336 67.2068384726826 212.268158000366
2900.08452256297 664.039509554641 336 67.2068384726826 212.268158000366
3057.21545441949 678.345915872557 401 54.0986625850709 230.828258981873
3059.97309400589 679.791517227623 401 55.1600785567618 232.273860336939
2900.08452256297 664.039509554641 336 67.2068384726826 212.268158000366
3053.5645415027 676.608676408516 401 56.3934050610397 224.978238286346
3059.97309400589 679.791517227623 401 55.1600785567618 232.273860336939
3059.97309400589 679.791517227623 401 55.1600785567618 232.273860336939
2957.1132649247 672.749608545994 380 56.2264601625065 211.719337190683
3071.68085987734 673.451963732811 408 34.1779162337339 236.120376814965
3071.68085987734 673.451963732811 408 34.1779162337339 236.120376814965
2645.57305448793 619.427929749796 303 30.7546712639679 140.147356139189
2951.58456534124 665.059501098257 342 57.5566685158888 180.474925781324
2954.06526611829 665.030562129824 386 55.0532848749253 188.562197942175
2954.06526611829 665.030562129824 386 55.0532848749253 188.562197942175
2645.57305448793 619.427929749796 303 30.7546712639679 140.147356139189
2826.36717235327 658.228121253799 336 38.8330171476696 164.27178077829
2768.53844080483 641.466134013564 332 16.5747279967445 142.947581218504
2900.07553023066 668.313550503385 343 67.2033773223625 205.062524469278
2826.36717235327 658.228121253799 336 38.8330171476696 164.27178077829
2953.08574868926 667.529953351834 369 57.0015560234062 204.278927317727
2953.08574868926 667.529953351834 369 57.0015560234062 204.278927317727
2905.00043717169 668.550131419839 346 66.255578539651 238.360342863765
2953.08574868926 667.529953351834 369 57.0015560234062 204.278927317727
2953.08574868926 667.529953351834 369 57.0015560234062 204.278927317727
2953.08574868926 667.529953351834 369 57.0015560234062 204.278927317727
2894.18341303465 664.559794543552 343 68.3373158054336 201.308768509445
2894.18341303465 664.559794543552 343 68.3373158054336 201.308768509445
2953.08574868926 667.529953351834 369 57.0015560234062 204.278927317727
2912.38940515657 670.293674582633 343 64.833570987949 208.705293565622
2946.72134590417 671.928604947998 354 58.2263859104731 209.147389582312
2932.30844386481 668.700997390925 354 52.6788573289877 176.492323288413
2900.07553023066 668.313550503385 343 67.2033773223625 205.062524469278
2946.72134590417 671.928604947998 354 58.2263859104731 209.147389582312
2786.10099661302 660.009321203682 338 84.016879973695 234.318734755515
2946.72134590417 671.928604947998 354 58.2263859104731 209.147389582312
2946.72134590417 671.928604947998 354 58.2263859104731 209.147389582312
2093.73249718761 446.960286746534 218 222.384166384557 120.643008579146
0 0 0 0 0
0 0 0 0 0
0 0 0 0 0
0 0 0 0 0
0 0 0 0 0
0 0 0 0 0
1863.62983853139 452.280963378862 224 358.65572964864 144.232221252223
70 10 1 13.4715062810913 0
950.276170392578 238.456306817283 145 136.692712725044 95.4075646906442
70 10 17 13.4715062810913 0
130 20 34 25.0185116648838 0
60 10 31 11.5470053837925 0
60 10 30 11.5470053837925 0
60 10 25 11.5470053837925 0
80 10 7 30.79201435678 0
0 0 0 0 0
1883.2041606424 449.250106484238 229 362.422809695305 105.201364357599
0 0 0 0 0
0 0 0 0 0
0 0 0 0 0
1861.55254941851 450.875983603226 224 312.0679336373 132.827241476587
0 0 0 0 0
0 0 0 0 0
1083.09150737278 219.647641569136 130 416.882115559113 64.9151683300891
0 0 0 0 0
1083.09150737278 219.647641569136 130 416.882115559113 64.9151683300891
0 0 0 0 0
1083.09150737278 219.647641569136 130 416.882115559113 64.9151683300891
889.850492503586 225.425449922659 141 171.251807128489 56.3767077960204
1083.09150737278 219.647641569136 130 416.882115559113 64.9151683300891
1863.62983853139 452.280963378862 224 358.65572964864 144.232221252223
1083.09150737278 219.647641569136 130 416.882115559113 64.9151683300891
1863.62983853139 452.280963378862 224 358.65572964864 144.232221252223
1083.09150737278 219.647641569136 130 416.882115559113 64.9151683300891
0 0 0 0 0
1083.09150737278 219.647641569136 130 416.882115559113 64.9151683300891
1883.2041606424 449.250106484238 229 362.422809695305 105.201364357599
1083.09150737278 219.647641569136 130 416.882115559113 64.9151683300891
1883.2041606424 449.250106484238 229 362.422809695305 105.201364357599
1083.09150737278 219.647641569136 130 416.882115559113 64.9151683300891
1883.2041606424 449.250106484238 229 362.422809695305 105.201364357599
1083.09150737278 219.647641569136 130 416.882115559113 64.9151683300891
1883.2041606424 449.250106484238 229 362.422809695305 105.201364357599
2076.44517551159 443.472298130715 218 225.711112992297 113.739824891668
889.850492503586 225.425449922659 141 171.251807128489 56.3767077960204
1033.60363898868 202.781979475413 130 397.834226136994 12.7819794754132
1863.62983853139 452.280963378862 224 358.65572964864 144.232221252223
2946.72134590417 671.928604947998 354 58.2263859104731 209.147389582312
2946.72134590417 671.928604947998 354 58.2263859104731 209.147389582312
2897.23347752007 655.062942854275 354 39.1784964883539 157.014200727636
2946.72134590417 671.928604947998 354 58.2263859104731 209.147389582312
2946.72134590417 671.928604947998 354 58.2263859104731 209.147389582312
2946.72134590417 671.928604947998 354 58.2263859104731 209.147389582312
2966.29566801518 668.897748053374 359 54.4593058638081 170.116532687688
2946.72134590417 671.928604947998 354 58.2263859104731 209.147389582312
2946.72134590417 671.928604947998 354 58.2263859104731 209.147389582312
2946.72134590417 671.928604947998 354 58.2263859104731 209.147389582312
2946.72134590417 671.928604947998 354 58.2263859104731 209.147389582312
2946.72134590417 671.928604947998 354 58.2263859104731 209.147389582312
2946.72134590417 671.928604947998 354 58.2263859104731 209.147389582312
2946.72134590417 671.928604947998 354 58.2263859104731 209.147389582312
2966.29566801518 668.897748053374 359 54.4593058638081 170.116532687688
2966.29566801518 668.897748053374 359 54.4593058638081 170.116532687688
2830.432712139 627.897225391396 353 13.4668699051318 144.232221252223
2966.29566801518 668.897748053374 359 54.4593058638081 170.116532687688
2946.72134590417 671.928604947998 354 58.2263859104731 209.147389582312
2946.72134590417 671.928604947998 354 58.2263859104731 209.147389582312
2946.72134590417 671.928604947998 354 58.2263859104731 209.147389582312
2946.72134590417 671.928604947998 354 58.2263859104731 209.147389582312
2946.72134590417 671.928604947998 354 58.2263859104731 209.147389582312
2791.8499201826 660.964019195821 332 109.530262223353 190.824100515749
2946.72134590417 671.928604947998 354 58.2263859104731 209.147389582312
2941.94364903817 671.668638333382 354 59.1458541010365 190.887135864104
2941.94364903817 671.668638333382 354 59.1458541010365 190.887135864104
2822.94654332176 660.735065553713 340 61.3860954743603 154.444372480806
2963.84374103129 666.234906634853 395 64.816798867683 153.186164508214
2963.116033462 666.824159005406 371 64.5367040936675 155.290856127992
2980.63603905902 668.016362483586 395 71.2801573920992 188.973807431436
2946.72134590417 671.928604947998 354 58.2263859104731 209.147389582312
2980.63603905902 668.016362483586 395 71.2801573920992 188.973807431436
2897.30304808529 653.849739418679 354 39.2052742113912 144.232221252223
2946.72134590417 671.928604947998 354 58.2263859104731 209.147389582312
2930.04941921641 662.73999324884 354 51.8093583364143 181.581554484838
2946.72134590417 671.928604947998 354 58.2263859104731 209.147389582312
2946.72134590417 671.928604947998 354 58.2263859104731 209.147389582312
2931.96795646072 664.215094079972 387 52.5478036660494 186.006856978234
2931.96795646072 664.215094079972 387 52.5478036660494 186.006856978234
3128.79931853439 680.270935109161 401 58.2958449481895 464.302459995695
3128.79931853439 680.270935109161 401 58.2958449481895 464.302459995695
2873.36869625757 655.940419630243 349 54.2896972900522 253.344446289213
3114.63418442402 676.728888333641 401 52.8436822870351 457.218366444655
2878.92118077299 661.342234764998 349 56.4268495764844 308.570289283647
2873.36869625757 655.940419630243 349 54.2896972900522 253.344446289213
3128.79931853439 680.270935109161 401 58.2958449481895 464.302459995695
2792.38877810403 633.649928925358 332 69.8742898050194 235.239975651784
3128.79931853439 680.270935109161 401 58.2958449481895 464.302459995695
2690.00062935345 670.716650481813 269 50.5334603644903 108.527087196387
2741.22437628773 660.471179289492 310 33.1930069387277 114.162227125603
2733.37582792133 659.484741503997 313 34.7034607760898 112.189351554612
2849.55379551553 655.716452622256 339 80.6101221192257 134.277006023207
2733.37582792133 659.484741503997 313 34.7034607760898 112.189351554612
2733.37582792133 659.484741503997 313 34.7034607760898 112.189351554612
1081.68250548293 233.953217303395 116 161.981873704255 26.9532173033948
0 0 0 0 0
2142.60491131362 450.031465543007 243 246.367350692848 201.901731705481
0 0 0 0 0
2142.60491131362 450.031465543007 243 246.367350692848 201.901731705481
0 0 0 0 0
2142.60491131362 450.031465543007 243 246.367350692848 201.901731705481
0 0 0 0 0
1210.92240583069 236.078248239612 157 425.669732472792 174.948514402086
1081.68250548293 233.953217303395 116 161.981873704255 26.9532173033948
1210.92240583069 236.078248239612 164 425.669732472792 174.948514402086
70 10 8 13.4715062810913 0
2142.60491131362 450.031465543007 243 246.367350692848 201.901731705481
60 10 13 11.5470053837925 0
2142.60491131362 450.031465543007 243 246.367350692848 201.901731705481
80 10 20 30.79201435678 0
0 0 0 0 0
1879.43672701373 453.294365077659 249 361.697766755416 142.945341103368
0 0 0 0 0
0 0 0 0 0
0 0 0 0 0
0 0 0 0 0
0 0 0 0 0
0 0 0 0 0
0 0 0 0 0
877.754221530809 229.341147774264 144 168.923878694381 115.992123799973
0 0 0 0 0
0 0 0 0 0
0 0 0 0 0
877.754221530809 229.341147774264 144 168.923878694381 115.992123799973
0 0 0 0 0
877.754221530809 229.341147774264 144 168.923878694381 115.992123799973
2142.60491131362 450.031465543007 243 246.367350692848 201.901731705481
0 0 0 0 0
1001.68250548293 223.953217303395 105 192.773888061035 26.9532173033948
877.754221530809 229.341147774264 144 168.923878694381 115.992123799973
0 0 0 0 0
1001.68250548293 223.953217303395 105 192.773888061035 26.9532173033948
877.754221530809 229.341147774264 144 168.923878694381 115.992123799973
1879.43672701373 453.294365077659 249 361.697766755416 142.945341103368
1879.43672701373 453.294365077659 249 361.697766755416 142.945341103368
