80 10 1 30.79201435678 0
7311.38462966058 1910.84012565636 947 1407.07662802781 3165.00338844042
0 0 0 0 0
7304.99867911707 1906.53519410715 947 1359.65962973753 3150.6984568912
0 0 0 0 0
0 0 0 0 0
0 0 0 0 0
0 0 0 0 0
4582.06405205575 994.377543688142 501 1763.63727593233 1087.29337917708
0 0 0 0 0
0 0 0 0 0
0 0 0 0 0
0 0 0 0 0
3079.696773499 993.182359681581 436 592.687920400691 1954.88492364611
4582.06405205575 994.377543688142 501 1763.63727593233 1087.29337917708
0 0 0 0 0
4582.06405205575 994.377543688142 501 1763.63727593233 1087.29337917708
7311.38462966058 1910.84012565636 947 1407.07662802781 3165.00338844042
0 0 0 0 0
0 0 0 0 0
4582.06405205575 994.377543688142 501 1763.63727593233 1087.29337917708
0 0 0 0 0
0 0 0 0 0
0 0 0 0 0
0 0 0 0 0
0 0 0 0 0
4582.06405205575 994.377543688142 501 1763.63727593233 1087.29337917708
0 0 0 0 0
4582.06405205575 994.377543688142 501 1763.63727593233 1087.29337917708
7436.36336100189 1956.38018757665 947 1431.12879608877 2956.65925540033
4582.06405205575 994.377543688142 501 1763.63727593233 1087.29337917708
7106.66933057718 1663.42679371725 1008 1367.67915035013 1809.45889389969
10785.5644622476 2406.0150994901 1448 19.9494902323085 1763.72328957522
10801.1589998753 2420.89017127468 1448 16.9483200665562 2199.69970485863
11101.3605006542 2540.16799173227 1448 72.3972495164331 2658.99913340689
11893.4486817163 2905.21766934451 1448 356.56064790452 4252.2967676175
10932.5185452859 2448.51193506183 1448 104.890898977221 2475.68702006601
11907.0926769324 2909.27737223716 1448 361.81222411173 4267.64759234254
11913.8377302425 2912.47808496025 1448 352.636773686153 4181.62223776471
11893.4486817163 2905.21766934451 1448 356.56064790452 4252.2967676175
10736.4110153272 2380.339594557 1448 29.4090755026804 2118.59855142326
10801.6843923136 2373.60882883203 1448 80.8226970430435 2121.46157529366
11893.4486817163 2905.21766934451 1448 356.56064790452 4252.2967676175
11077.7837210633 2461.62533593529 1448 212.198818699865 2485.38947859665
11893.4486817163 2905.21766934451 1448 356.56064790452 4252.2967676175
11880.7516035712 2894.69223952439 1448 359.004201732863 3911.07812149496
10868.3712011065 2449.66604767328 1448 10.6895852777574 2354.53102204736
11873.5887322316 2880.05223638726 1448 360.382696964882 3958.48779895631
10801.6843923136 2373.60882883203 1448 80.8226970430435 2121.46157529366
10801.6843923136 2373.60882883203 1448 80.8226970430435 2121.46157529366
11873.5887322316 2880.05223638726 1448 360.382696964882 3958.48779895631
11909.0408095885 2905.65333174466 1448 353.559941496437 4242.95905419118
11893.4486817163 2905.21766934451 1448 356.56064790452 4252.2967676175
11893.4486817163 2905.21766934451 1448 356.56064790452 4252.2967676175
11902.3002464506 2902.16766068075 1448 354.857163477159 4080.51899415145
11873.5887322316 2880.05223638726 1448 360.382696964882 3958.48779895631
10801.6843923136 2373.60882883203 1448 80.8226970430435 2121.46157529366
10801.6843923136 2373.60882883203 1448 80.8226970430435 2121.46157529366
11873.5887322316 2880.05223638726 1448 360.382696964882 3958.48779895631
11893.4486817163 2905.21766934451 1448 356.56064790452 4252.2967676175
11893.4486817163 2905.21766934451 1448 356.56064790452 4252.2967676175
11893.4486817163 2905.21766934451 1448 356.56064790452 4252.2967676175
11893.4486817163 2905.21766934451 1448 356.56064790452 4252.2967676175
11873.5887322316 2880.05223638726 1448 360.382696964882 3958.48779895631
10801.6843923136 2373.60882883203 1448 80.8226970430435 2121.46157529366
12118.5473834045 2987.09857710024 1448 313.240382566543 4602.35907237092
11917.6285283068 2903.02251083986 1448 351.907234258527 4069.13358470704
11873.5887322316 2880.05223638726 1448 360.382696964882 3958.48779895631
11893.4486817163 2905.21766934451 1448 356.56064790452 4252.2967676175
11875.2265187225 2904.38506989661 1448 360.067504807749 4253.49794411936
11893.4486817163 2905.21766934451 1448 356.56064790452 4252.2967676175
11876.2613930587 2890.97419397983 1448 366.643983321026 4000.12334215636
11420.8556624531 2625.30155316887 1448 447.511216867445 3264.71422055412
11893.4486817163 2905.21766934451 1448 356.56064790452 4252.2967676175
11420.8556624531 2625.30155316887 1448 447.511216867445 3264.71422055412
11420.8556624531 2625.30155316887 1448 447.511216867445 3264.71422055412
11420.8556624531 2625.30155316887 1448 447.511216867445 3264.71422055412
10749.3230741287 2347.62401024552 1448 38.4489059682595 2093.65544429221
11420.8556624531 2625.30155316887 1448 447.511216867445 3264.71422055412
10749.3230741287 2347.62401024552 1448 38.4489059682595 2093.65544429221
10480.7922518606 2266.46261561935 1448 515.042487527732 1595.04897247882
11873.5887322316 2880.05223638726 1448 360.382696964882 3958.48779895631
11420.8556624531 2625.30155316887 1448 447.511216867445 3264.71422055412
10324.7821849944 2370.35364106926 1448 208.192056567042 2745.76613807296
10749.3230741287 2347.62401024552 1448 38.4489059682595 2093.65544429221
10620.1492045246 2244.63238790406 1448 373.314574358564 2022.56103511144
10717.4326349745 2534.1154764788 1448 247.827049022409 3483.43013432164
10804.1683366413 2596.91337650612 1448 425.875187646232 3871.60989662275
11817.9759427275 2856.82827344165 1448 245.89519621841 3580.10496025863
10812.6583245815 2601.62764210932 1448 427.509086587133 3896.90016977175
11781.9545314468 2825.78142477217 1448 252.827520051585 3625.38028024776
11845.9374374843 2874.07197145841 1448 365.704191120154 4171.43970329858
11892.3110200718 2860.17021278201 1448 356.779590990083 3735.94272326511
11845.9374374843 2874.07197145841 1448 365.704191120154 4171.43970329858
11245.4336775749 2694.17420925027 1448 190.272988299417 3539.91171579981
11468.8297142349 2761.16437150993 1448 58.0878994106026 3341.07116461489
11449.6810071229 2758.67488099966 1448 102.327141197172 3731.30746663819
11643.379161008 2750.04315502235 1448 47.3720145272352 2872.60985567321
11522.9566888143 2667.80669971048 1448 323.06009916496 2928.87493343023
11777.4086075313 2871.26592156874 1448 59.2372638202929 3916.29994574327
11740.5144356785 2733.0017573689 1448 309.875991531687 3289.01278128366
11817.3326309897 2890.3897667846 1448 74.6040276142086 4086.6782540459
11372.0038556783 2725.77592558655 1448 132.225090728135 3674.68590099538
11249.0709972899 2687.24371046274 1448 144.11997717694 3781.31114916033
11373.1318460341 2730.17401167414 1448 96.3689342313605 3824.24145037173
12054.4025580376 2974.72018854173 1448 325.585059964116 4740.43700213975
11876.5477712173 2906.3797277594 1448 98.8428538909234 3607.54500602785
11876.5477712173 2906.3797277594 1448 98.8428538909234 3607.54500602785
11885.9754626993 2907.54358815693 1448 357.998869574917 4520.84512519305
11876.5477712173 2906.3797277594 1448 98.8428538909234 3607.54500602785
11817.3326309897 2890.3897667846 1448 74.6040276142086 4086.6782540459
11920.7872628826 2920.13555580445 1448 160.090512280473 3619.0065005032
11817.3326309897 2890.3897667846 1448 74.6040276142086 4086.6782540459
11878.318679111 2907.96844307842 1448 98.5020425078753 3566.94408348738
11934.263487525 2943.63984788581 1448 183.480445432194 4239.65826936101
11913.0880550648 2880.08601305247 1448 352.781048741362 4049.21757497044
11803.0336036034 2911.64405382594 1448 295.822945434738 2713.29600081541
11956.5381526844 2939.99885264913 1448 229.728235274854 4422.36897191368
11932.372972205 2924.94235376038 1448 349.069664707293 4282.21428521921
11687.3383794955 2855.7054636443 1448 4.01869451767666 3887.55293374782
11687.3383794955 2855.7054636443 1448 4.01869451767666 3887.55293374782
11687.3383794955 2855.7054636443 1448 4.01869451767666 3887.55293374782
11925.2297887133 2915.78367439805 1448 350.44437101124 4167.48198344795
11879.0538896927 2909.42720338439 1448 98.360551165468 4124.75312724548
11893.4486817163 2905.21766934451 1448 356.56064790452 4252.2967676175
11925.2297887133 2915.78367439805 1448 350.44437101124 4167.48198344795
11893.4486817163 2905.21766934451 1448 356.56064790452 4252.2967676175
0 0 0 0 0
0 0 0 0 0
0 0 0 0 0
0 0 0 0 0
0 0 0 0 0
0 0 0 0 0
80 10 16 30.79201435678 0
0 0 0 0 0
302.571209971692 67.0106370941726 27 116.459713017458 0
80 10 9 30.79201435678 0
291.64979040054 62.7551166528639 52 112.256056664566 0
80 10 41 30.79201435678 0
80 10 16 30.79201435678 0
140 20 52 19.2450089729875 0
70 10 7 13.4715062810913 0
140 20 51 19.2450089729875 0
0 0 0 0 0
0 0 0 0 0
4046.84710081052 731.035423431503 485 1517.21765650487 444.957777929126
0 0 0 0 0
3990.69199194538 717.068470471917 485 1501.37704771699 403.056919050367
0 0 0 0 0
8189.97034403967 1699.1992530251 963 769.139234997855 1025.31307794526
0 0 0 0 0
8377.93434773916 1774.76165172653 967 753.589293403567 883.501696836811
0 0 0 0 0
4067.27960690112 735.507559386503 485 1565.49665060922 488.374185794125
0 0 0 0 0
8342.21296873537 1747.59499460393 963 739.840128214456 1100.08615533972
0 0 0 0 0
0 0 0 0 0
8313.93201887241 1718.55297025223 971 746.303731812025 1061.27176036931
0 0 0 0 0
8313.93201887241 1718.55297025223 971 746.303731812025 1061.27176036931
0 0 0 0 0
4095.71356946274 746.443650482749 485 1576.44088790194 521.182459082863
0 0 0 0 0
4067.27960690112 735.507559386503 485 1565.49665060922 488.374185794125
4280.03462094453 993.37733581563 486 823.693046847748 555.581671340209
8347.31422784565 1728.88489520213 971 741.803603761475 1043.95585713433
0 0 0 0 0
3834.6398810553 657.609136994452 485 1475.9535783817 495.985066619043
7362.14777265229 1988.14617379438 963 1416.84599945153 1680.94620212741
8114.67450199984 1650.98647281008 971 652.260531533955 1051.56673795925
3085.61673051108 996.52062738041 477 593.827216658862 935.083290009059
3834.6398810553 657.609136994452 485 1475.9535783817 495.985066619043
7365.65135145561 1989.89796319604 963 1417.52026350661 1490.66496134927
11200.2912325109 2647.50710019049 1448 58.4333148750935 1986.65002796831
11183.7745111808 2641.0453901599 1448 61.6119593771173 1755.40315565653
11163.9490354623 2636.11278414303 1448 65.4273739580812 1952.02960713896
11342.5314936664 2690.82491409462 1448 112.207875031124 1848.70216907595
11201.9778029363 2647.11315407841 1448 58.1087342453877 1767.53868349354
11654.1626457864 2832.25551211957 1448 250.775513357243 2614.46339324258
11401.4308741402 2713.03001557686 1448 154.038581136588 1954.28813313203
11684.4205226395 2848.31952244956 1448 244.952382241838 2316.57997534804
11432.9309583567 2725.40552258254 1448 147.976387102614 1979.03914714339
11470.840958756 2787.07022844532 1448 139.182643511378 2271.68062250214
11200.2912325109 2647.50710019049 1448 58.4333148750935 1986.65002796831
11470.840958756 2787.07022844532 1448 139.182643511378 2271.68062250214
11616.8935281643 2815.35405403668 1448 257.947958387783 2431.24574233715
11502.8253299723 2795.32439102935 1448 216.108411245834 2797.67883229484
11517.0749394066 2797.53723471601 1448 131.428473950428 2988.51710136084
11614.3974659937 2825.35602642429 1448 258.428325776475 2472.22606014269
11616.8935281643 2815.35405403668 1448 257.947958387783 2431.24574233715
11616.8935281643 2815.35405403668 1448 257.947958387783 2431.24574233715
11628.0039456114 2796.50034416645 1448 337.747356234308 2531.97223336876
11616.8935281643 2815.35405403668 1448 257.947958387783 2431.24574233715
11523.2643629717 2780.05264490873 1448 212.174917511104 2800.06057976071
11200.2912325109 2647.50710019049 1448 58.4333148750935 1986.65002796831
11400.3790276323 2712.36415315998 1448 168.234708337064 2144.75746530768
11200.2912325109 2647.50710019049 1448 58.4333148750935 1986.65002796831
11432.9309583567 2725.40552258254 1448 147.976387102614 1979.03914714339
11432.9309583567 2725.40552258254 1448 147.976387102614 1979.03914714339
