3012.849954681 621.647716160645 315 1125.00547209064 605.027400168012
80 10 26 30.79201435678 0
70 10 20 13.4715062810913 0
130 20 50 25.0185116648838 0
4601.67755054695 979.752398485627 477 1771.18651502143 3339.20688304851
150 20 15 17.3205080756888 0
3012.849954681 621.647716160645 344 1125.00547209064 605.027400168012
60 10 14 11.5470053837925 0
2952.849954681 611.647716160645 313 1136.55247747443 605.027400168012
70 10 9 13.4715062810913 0
4601.67755054695 979.752398485627 477 1771.18651502143 3339.20688304851
0 0 0 0 0
4661.67755054695 989.752398485627 486 1759.63950963764 3339.20688304851
0 0 0 0 0
4707.75707742523 994.966789371337 486 1812.01654395388 3500.92277727761
0 0 0 0 0
4707.75707742523 994.966789371337 486 1812.01654395388 3500.92277727761
0 0 0 0 0
8768.30969026624 1993.08875080653 972 1030.56282925975 8153.37349636473
0 0 0 0 0
4707.75707742523 994.966789371337 486 1812.01654395388 3500.92277727761
0 0 0 0 0
2952.849954681 611.647716160645 313 1136.55247747443 605.027400168012
7336.19392981444 1972.40419430193 968 1411.85118006855 7430.31526480591
8751.22709727703 1987.12896091098 972 1033.93838608565 8063.97664793151
0 0 0 0 0
8768.30969026624 1993.08875080653 972 1030.56282925975 8153.37349636473
3224.75683922913 929.476446293594 476 620.604743066676 2971.71641231516
2812.87722785348 562.692175787254 294 1082.67694979905 312.882344252045
3224.75683922913 929.476446293594 476 620.604743066676 2971.71641231516
2812.87722785348 562.692175787254 294 1082.67694979905 312.882344252045
0 0 0 0 0
6673.1136783456 1529.99954849134 795 339.774098523307 3754.73506868244
0 0 0 0 0
2812.87722785348 562.692175787254 294 1082.67694979905 312.882344252045
7268.1095165331 1922.98201337195 963 1398.74832862336 7586.06651891628
6673.1136783456 1529.99954849134 795 339.774098523307 3754.73506868244
3224.75683922913 929.476446293594 476 620.604743066676 2971.71641231516
8751.22709727703 1987.12896091098 972 1033.93838608565 8063.97664793151
3335.87155258864 980.227694492673 476 641.988779623023 2460.82463062605
12087.0986498657 2967.35665540365 1448 391.949606462629 10524.8012785576
12106.0500489406 2979.36155179524 1448 388.302408010156 11256.8621416422
11975.9839365062 2916.60540720457 1448 413.333643018976 11035.6930602467
10872.2927763748 2599.04839620294 1448 280.049813065681 8025.09770825426
11975.9839365062 2916.60540720457 1448 413.333643018976 11035.6930602467
10599.5899327335 2522.0023054545 1448 415.876608955867 7804.56090567571
11975.9839365062 2916.60540720457 1448 413.333643018976 11035.6930602467
11957.0109989362 2908.8669639308 1448 416.984986556752 10924.3504582368
11904.8117555044 2926.58373873858 1448 291.312222008007 9972.91922498458
10546.1329169833 2489.1688809861 1448 405.588801478048 7415.57841404812
10546.1329169833 2489.1688809861 1448 405.588801478048 7415.57841404812
11975.9839365062 2916.60540720457 1448 413.333643018976 11035.6930602467
11904.8117555044 2926.58373873858 1448 291.312222008007 9972.91922498458
11904.8117555044 2926.58373873858 1448 291.312222008007 9972.91922498458
11985.8629645421 2927.55443858061 1448 411.432423187024 10883.3532719066
10546.1329169833 2489.1688809861 1448 405.588801478048 7415.57841404812
11975.9839365062 2916.60540720457 1448 413.333643018976 11035.6930602467
10611.8560782437 2489.62867775814 1448 355.704240596599 7620.84515892304
11982.6362679681 2943.6717685821 1448 388.098618366466 10345.9174152239
10546.1329169833 2489.1688809861 1448 405.588801478048 7415.57841404812
10611.8560782437 2489.62867775814 1448 355.704240596599 7620.84515892304
10774.7560813909 2543.20425703853 1448 207.218636916479 7544.40213058066
10552.0567984666 2474.46319841242 1448 344.195863837698 7157.07942933117
10646.8557916526 2505.69381549947 1448 362.43993858265 7530.36889537497
10592.2347584347 2485.93954489782 1448 317.60728258293 7131.43900308896
10592.2347584347 2485.93954489782 1448 317.60728258293 7131.43900308896
10592.2347584347 2485.93954489782 1448 317.60728258293 7131.43900308896
10552.0567984666 2474.46319841242 1448 344.195863837698 7157.07942933117
10592.2347584347 2485.93954489782 1448 317.60728258293 7131.43900308896
10552.0567984666 2474.46319841242 1448 344.195863837698 7157.07942933117
10592.2347584347 2485.93954489782 1448 317.60728258293 7131.43900308896
10552.0567984666 2474.46319841242 1448 344.195863837698 7157.07942933117
11975.9839365062 2916.60540720457 1448 413.333643018976 11035.6930602467
11904.8117555044 2926.58373873858 1448 291.312222008007 9972.91922498458
10552.0567984666 2474.46319841242 1448 344.195863837698 7157.07942933117
10592.9715012951 2487.33209323107 1448 317.74906881251 7176.86743055126
10592.2347584347 2485.93954489782 1448 317.60728258293 7131.43900308896
11904.8117555044 2926.58373873858 1448 291.312222008007 9972.91922498458
11957.1135284036 2907.28151128574 1448 416.965254751544 10951.3074897683
10550.6995119937 2473.31497508518 1448 290.592788743409 7141.85788069312
11975.9839365062 2916.60540720457 1448 413.333643018976 11035.6930602467
11975.9839365062 2916.60540720457 1448 413.333643018976 11035.6930602467
11904.8117555044 2926.58373873858 1448 291.312222008007 9972.91922498458
11904.8117555044 2926.58373873858 1448 291.312222008007 9972.91922498458
10592.9715012951 2487.33209323107 1448 317.74906881251 7176.86743055126
11975.9839365062 2916.60540720457 1448 413.333643018976 11035.6930602467
10592.9715012951 2487.33209323107 1448 317.74906881251 7176.86743055126
11857.6334862914 2835.51194817031 1448 504.287664035965 10351.0800673927
11904.8117555044 2926.58373873858 1448 291.312222008007 9972.91922498458
11881.0774686973 2901.6056213772 1448 333.540840842499 10389.5836855593
11857.6334862914 2835.51194817031 1448 504.287664035965 10351.0800673927
10687.2061589378 2516.37196290248 1448 335.884537131528 8940.61963810642
10556.2487428557 2484.40753411478 1448 441.552959336866 7424.96775333863
10592.9715012951 2487.33209323107 1448 317.74906881251 7176.86743055126
11193.6196012704 2638.92155288262 1448 563.899729536562 9809.79313450055
11351.042657749 2687.26085589147 1448 493.002758272883 10256.4859247688
11874.3285291227 2898.86377285401 1448 334.839674869207 10941.4202397406
11596.2786024918 2731.57059016151 1448 414.841716591138 9305.04184191869
11941.2212142833 2925.20347074215 1448 360.586681392082 11369.9426055862
11918.1674454251 2901.73973121209 1448 395.988100819993 11183.0826757079
11205.8106804864 2635.7627647651 1448 561.553555247534 9706.51177339179
11973.9357442316 2912.78556504732 1448 413.727817806003 11001.8773820815
11550.5537167611 2682.84180617067 1448 489.142305268304 9268.20197436409
11765.0162261894 2842.7104941532 1448 453.934397799538 10176.9338662802
11878.7997069464 2844.79056183102 1448 432.036756718072 9737.81836680911
10947.2166214726 2604.09207962212 1448 167.728287334336 8911.90648504903
12048.3314349785 2941.86194410749 1448 399.410360446244 10949.3551241595
11144.8473144515 2693.63929925714 1448 65.7598509695605 9538.07274906733
11524.4194628433 2666.42923146494 1448 463.476305464878 9507.82618840946
11817.1089825241 2863.08114564619 1448 443.909142168646 10628.4214382795
11941.2212142833 2925.20347074215 1448 360.586681392082 11369.9426055862
11103.0029530007 2611.62918714464 1448 581.338911627075 9738.39237653493
11941.2212142833 2925.20347074215 1448 360.586681392082 11369.9426055862
11755.5677346702 2805.50306722276 1448 455.752760840232 9980.00938436177
11948.163937518 2906.81263571565 1448 418.687604320527 10479.1690662528
11856.4074872518 2926.80610160477 1448 368.923435183371 11786.509659288
11880.1582954406 2913.98236242738 1448 431.775296240465 10939.5938429365
11777.7511765048 2852.31269348051 1448 451.483555468646 10811.3886370957
11778.7943304294 2904.04297799566 1448 176.294270364597 10834.0851949706
11894.0421071347 2947.69886670461 1448 235.463760443241 12233.0442477383
11938.2725813279 2897.15877802136 1448 417.513312372341 10681.1502045822
11970.6251741532 2936.92392135414 1448 405.533823126165 10363.0953861387
11634.9956256359 2808.8378827945 1448 259.255295299653 10090.4872194983
11871.0135155503 2883.97586907955 1448 433.535209950916 11648.3709146864
11724.2099120215 2849.84735006918 1448 461.787576622707 10495.4402945479
11660.4708702068 2862.89233969127 1448 145.562149433053 11226.8372942334
11743.8129710524 2855.15983503915 1448 458.014966153219 10555.4810957093
11754.3093040326 2837.69317238177 1448 455.994945929343 10120.1576628635
11786.1406170878 2853.17535532482 1448 449.869006875653 10747.3656179089
11709.356748443 2835.49523063518 1448 464.646069286158 10334.2761235151
11912.4380639547 2890.48163467522 1448 425.56305189347 11381.0330706272
11975.9839365062 2916.60540720457 1448 413.333643018976 11035.6930602467
10754.5756741043 2509.33963931136 1448 906.762381600028 10227.5293801307
5011.26966424089 935.867629625431 684 1928.83859308752 4383.75114719258
60 10 6 11.5470053837925 0
70 10 18 13.4715062810913 0
60 10 6 11.5470053837925 0
5011.26966424089 935.867629625431 684 1928.83859308752 4383.75114719258
60 10 6 11.5470053837925 0
0 0 0 0 0
130 20 24 25.0185116648838 0
5011.66533768162 930.74880045594 687 1894.34987171449 4126.73105131124
140 20 41 19.2450089729875 0
130 20 24 25.0185116648838 0
5011.66533768162 930.74880045594 694 1894.34987171449 4126.73105131124
191.883824952112 54.7131099154196 32 36.9280593297456 0
5071.26966424089 945.867629625431 695 1917.29158770373 4383.75114719258
207.482724845144 42.4722050542442 32 39.9300690138469 0
5011.66533768162 930.74880045594 684 1894.34987171449 4126.73105131124
0 0 0 0 0
4915.93269449068 898.031629813331 684 1851.72885747824 3761.88314963529
4310.06145499486 986.786473255738 501 783.283692219866 2943.3349665112
4336.63123983877 999.41679801015 501 834.585071232352 3321.23405361661
0 0 0 0 0
0 0 0 0 0
0 0 0 0 0
4336.63123983877 999.41679801015 501 834.585071232352 3321.23405361661
0 0 0 0 0
4336.63123983877 999.41679801015 501 834.585071232352 3321.23405361661
0 0 0 0 0
4336.63123983877 999.41679801015 501 834.585071232352 3321.23405361661
0 0 0 0 0
5011.26966424089 935.867629625431 684 1928.83859308752 4383.75114719258
0 0 0 0 0
0 0 0 0 0
0 0 0 0 0
4881.39132636407 909.3107119844 671 1878.8483975308 3878.46393789808
7556.36244194153 1995.36476111173 1024 1454.22262998311 7264.82563046672
4864.77241338482 903.759303773454 671 1872.45177494266 3765.44279612042
7556.36244194153 1995.36476111173 1024 1454.22262998311 7264.82563046672
4864.77241338482 903.759303773454 671 1872.45177494266 3765.44279612042
0 0 0 0 0
0 0 0 0 0
0 0 0 0 0
8765.37324844667 1974.88736449323 925 870.038522661763 6973.45894887741
0 0 0 0 0
4864.77241338482 903.759303773454 671 1872.45177494266 3765.44279612042
6414.1091937508 1619.24614023938 777 1234.39588987456 4497.0333323533
9201.4036532236 1903.1761017836 1172 1037.86670371031 7086.67684973703
2039.31668462906 600.038161304908 276 392.466678944494 948.358413089109
11328.8170987497 2547.41389997069 1448 628.445795226263 7725.19133729455
11240.7203378527 2503.21426308851 1448 645.400024765816 8035.03526282614
11985.1044505494 2970.83532759482 1448 250.400963911008 10917.0505257275
11240.7203378527 2503.21426308851 1448 645.400024765816 8035.03526282614
11240.7203378527 2503.21426308851 1448 645.400024765816 8035.03526282614
11270.2026435611 2513.65508929821 1448 656.747769523878 8404.19877799347
12040.3382166947 2992.09428341931 1448 271.660450412574 11327.9136153996
12023.9768861001 2984.31044002233 1448 274.809189953607 11247.0521274457
11342.622190072 2576.75339328502 1448 625.789004162554 8505.9355339254
12040.3382166947 2992.09428341931 1448 271.660450412574 11327.9136153996
11394.0068999596 2554.18027449313 1448 803.876696559639 8334.24296036844
12040.3382166947 2992.09428341931 1448 271.660450412574 11327.9136153996
12040.3382166947 2992.09428341931 1448 271.660450412574 11327.9136153996
11240.7203378527 2503.21426308851 1448 645.400024765816 8035.03526282614
11441.1037088892 2573.34254625643 1448 772.311062713103 9380.44637876114
11312.8617524371 2539.45402383276 1448 597.103829071943 8204.00271542423
11330.4201121873 2558.26844921397 1448 574.207648158084 8282.27753389807
12040.3382166947 2992.09428341931 1448 271.660450412574 11327.9136153996
12040.3382166947 2992.09428341931 1448 271.660450412574 11327.9136153996
11310.0823697477 2732.61121072909 1448 9.4151561288524 8494.99303449357
