1244.8605638073 207.344141756333 247 479.147054411797 283.733290586767
0 0 0 0 0
1247.71897115371 209.344141756333 247 480.247255912399 288.904863462021
961.781801400485 235.154659765417 260 185.094993980084 246.557798061569
1244.8605638073 207.344141756333 247 479.147054411797 283.733290586767
1043.0129940835 238.054804589374 150 200.727944300795 239.44686326084
1244.8605638073 207.344141756333 247 479.147054411797 283.733290586767
0 0 0 0 0
1244.8605638073 207.344141756333 247 479.147054411797 283.733290586767
2004.79479548398 473.209464354791 410 385.82293828088 486.004661322409
1244.8605638073 207.344141756333 247 479.147054411797 283.733290586767
2004.79479548398 473.209464354791 410 385.82293828088 486.004661322409
2287.8735578908 445.398946345706 397 278.419110111002 523.180153847607
966.204539755459 238.571455931097 260 185.946150373351 280.473461255024
2200.26058563079 434.955684028095 387 244.69686136512 472.777914580797
959.993105680678 235.562172013695 260 184.750759328308 257.550664420673
3009.31911641955 636.025753487579 620 1.54519112085736 565.683199106504
3166.46512538625 673.527139959192 647 58.7507109917692 753.251375835821
3249.65535929129 680.553606111123 657 93.3241161309175 769.737951909176
3166.46512538625 673.527139959192 647 58.7507109917692 753.251375835821
3249.65535929129 680.553606111123 657 93.3241161309175 769.737951909176
3167.25728149499 673.923218013563 647 58.5982604775618 730.77433530252
3167.25728149499 673.923218013563 647 58.5982604775618 730.77433530252
3190.88974879215 681.363524522473 647 67.6944013813145 767.975867847072
3167.25728149499 673.923218013563 647 58.5982604775618 730.77433530252
3167.25728149499 673.923218013563 647 58.5982604775618 730.77433530252
3009.31911641955 636.025753487579 620 1.54519112085736 565.683199106504
3167.25728149499 673.923218013563 647 58.5982604775618 730.77433530252
3167.25728149499 673.923218013563 647 58.5982604775618 730.77433530252
3249.65535929129 680.553606111123 657 93.3241161309175 769.737951909176
3009.31911641955 636.025753487579 620 1.54519112085736 565.683199106504
3249.65535929129 680.553606111123 657 93.3241161309175 769.737951909176
3249.65535929129 680.553606111123 657 93.3241161309175 769.737951909176
3167.25728149499 673.923218013563 647 58.5982604775618 730.77433530252
3167.25728149499 673.923218013563 647 58.5982604775618 730.77433530252
3167.25728149499 673.923218013563 647 58.5982604775618 730.77433530252
3009.31911641955 636.025753487579 620 1.54519112085736 565.683199106504
3249.65535929129 680.553606111123 657 93.3241161309175 769.737951909176
3072.14614948003 641.915475334624 620 47.4188792417956 599.345560141317
3009.31911641955 636.025753487579 620 1.54519112085736 565.683199106504
3249.65535929129 680.553606111123 657 93.3241161309175 769.737951909176
3249.65535929129 680.553606111123 657 93.3241161309175 769.737951909176
3009.31911641955 636.025753487579 620 1.54519112085736 565.683199106504
3249.65535929129 680.553606111123 657 93.3241161309175 769.737951909176
3249.65535929129 680.553606111123 657 93.3241161309175 769.737951909176
3167.25728149499 673.923218013563 647 58.5982604775618 730.77433530252
3167.25728149499 673.923218013563 647 58.5982604775618 730.77433530252
3249.65535929129 680.553606111123 657 93.3241161309175 769.737951909176
3167.25728149499 673.923218013563 647 58.5982604775618 730.77433530252
3249.65535929129 680.553606111123 657 93.3241161309175 769.737951909176
3249.65535929129 680.553606111123 657 93.3241161309175 769.737951909176
3167.25728149499 673.923218013563 647 58.5982604775618 730.77433530252
3071.37099251861 658.649005169442 620 25.4289693672021 640.823446861591
3167.25728149499 673.923218013563 647 58.5982604775618 730.77433530252
3009.31911641955 636.025753487579 620 1.54519112085736 565.683199106504
3009.31911641955 636.025753487579 620 1.54519112085736 565.683199106504
3167.25728149499 673.923218013563 647 58.5982604775618 730.77433530252
3009.31911641955 636.025753487579 620 1.54519112085736 565.683199106504
3249.65535929129 680.553606111123 657 93.3241161309175 769.737951909176
3167.25728149499 673.923218013563 647 58.5982604775618 730.77433530252
3167.25728149499 673.923218013563 647 58.5982604775618 730.77433530252
3009.31911641955 636.025753487579 620 1.54519112085736 565.683199106504
3009.31911641955 636.025753487579 620 1.54519112085736 565.683199106504
3167.25728149499 673.923218013563 647 58.5982604775618 730.77433530252
3248.39695855827 677.722654216278 657 93.5662954649026 761.24509622464
3098.76742171202 644.829716186375 630 35.9738598803018 576.208562567671
3248.39695855827 677.722654216278 657 93.5662954649026 761.24509622464
3231.81004257982 680.807440184361 657 134.862094093613 754.563646619304
3248.39695855827 677.722654216278 657 93.5662954649026 761.24509622464
3248.39695855827 677.722654216278 657 93.5662954649026 761.24509622464
3077.43401467569 679.42495744053 620 118.274906456164 832.219932601102
3249.65535929129 680.553606111123 657 93.3241161309175 769.737951909176
3119.93654420707 702.343734385657 647 93.0960410638834 834.762537347116
3119.93654420707 702.343734385657 647 93.0960410638834 834.762537347116
3119.93654420707 702.343734385657 647 93.0960410638834 834.762537347116
3066.05772731432 667.476462599245 647 103.465024209432 816.734526821346
2891.55821444421 633.914462885768 607 12.2252696767707 706.407051417496
3119.93654420707 702.343734385657 647 93.0960410638834 834.762537347116
3119.93654420707 702.343734385657 647 93.0960410638834 834.762537347116
3363.29507224687 694.04726582728 670 87.87867776895 1008.97587729793
80 10 3 30.79201435678 0
0 0 0 0 0
2304.32989604984 466.871810541682 397 285.479695623622 577.948243608703
883.301077303002 237.925946643624 220 169.991371585458 314.672599110904
2307.9528652418 471.316530836322 397 286.874177115782 625.400206344826
169.184324834715 42.3606797749979 43 32.5595384953293 0
1169.07511584062 202.481899167559 247 449.977221888982 201.163942634429
1101.75459335048 245.223852694529 180 212.032770350603 230.954007576304
80 10 3 30.79201435678 0
239.184324834715 52.3606797749979 83 46.0310447764206 0
169.184324834715 42.3606797749979 43 32.5595384953293 0
2270.8297091911 447.705751862088 427 237.944451538379 432.117950210733
80 10 25 30.79201435678 0
1157.19766217522 216.475280489712 227 445.405587841647 272.41141508119
150 20 28 17.3205080756888 0
1227.19766217522 226.475280489712 247 431.934081560555 272.41141508119
822.839490715531 235.794874260546 210 158.355533821489 262.724311494253
1132.94170031182 197.096734360425 247 401.428447616076 125.764160840015
1926.99123511171 471.080990532911 370 370.849636105932 535.282562661004
1169.07511584062 202.481899167559 247 449.977221888982 201.163942634429
0 0 0 0 0
1135.62572932997 196.265782465579 247 402.461530866839 122.440353260634
0 0 0 0 0
1169.07511584062 202.481899167559 247 449.977221888982 201.163942634429
1864.59408406601 471.018726955075 360 358.841298788299 493.678319070557
1169.07511584062 202.481899167559 247 449.977221888982 201.163942634429
0 0 0 0 0
0 0 0 0 0
822.839490715531 235.794874260546 210 158.355533821489 262.724311494253
2210.8297091911 437.705751862088 397 249.491456922172 432.117950210733
0 0 0 0 0
1169.07511584062 202.481899167559 247 449.977221888982 201.163942634429
1926.99123511171 471.080990532911 370 370.849636105932 535.282562661004
2197.7260808173 454.380425149111 370 244.447868009524 440.64707523245
0 0 0 0 0
1025.75905281436 174.475465810163 220 394.814843510709 93.6805528483552
1864.59408406601 471.018726955075 360 358.841298788299 493.678319070557
1025.75905281436 174.475465810163 220 394.814843510709 93.6805528483552
1041.75459335048 235.223852694529 150 200.48576496681 230.954007576304
1041.75459335048 235.223852694529 150 200.48576496681 230.954007576304
2197.7260808173 454.380425149111 370 244.447868009524 440.64707523245
813.210900754654 227.409709453412 210 156.502510819546 229.183652265715
2067.51364616484 409.699318504691 370 194.329078543899 324.63456042466
822.839490715531 235.794874260546 210 158.355533821489 262.724311494253
2197.7260808173 454.380425149111 370 244.447868009524 440.64707523245
822.839490715531 235.794874260546 210 158.355533821489 262.724311494253
2890.35313688037 645.494192765237 580 35.9735447224101 587.358871918913
2996.45223312895 664.599036018109 580 119.765342153133 671.104640796631
2996.45223312895 664.599036018109 580 119.765342153133 671.104640796631
2996.45223312895 664.599036018109 580 119.765342153133 671.104640796631
2875.31634942026 639.313852877738 580 30.1858825305179 556.940920236864
2937.85762027128 661.36025951599 580 78.0889842322202 561.286390324934
2937.85762027128 661.36025951599 580 78.0889842322202 561.286390324934
2937.85762027128 661.36025951599 580 78.0889842322202 561.286390324934
2875.31634942026 639.313852877738 580 30.1858825305179 556.940920236864
2875.31634942026 639.313852877738 580 30.1858825305179 556.940920236864
2875.31634942026 639.313852877738 580 30.1858825305179 556.940920236864
2875.31634942026 639.313852877738 580 30.1858825305179 556.940920236864
2875.31634942026 639.313852877738 580 30.1858825305179 556.940920236864
3053.51532284254 652.212845504003 620 47.7049103659144 659.261645307221
3053.99942065023 655.726758299422 620 47.6117456993864 672.224885568797
2875.31634942026 639.313852877738 580 30.1858825305179 556.940920236864
3205.99317980427 700.559617754468 650 83.1222723663143 807.055837195617
3205.99317980427 700.559617754468 650 83.1222723663143 807.055837195617
3200.22776555236 699.339833117116 650 84.2318268564249 845.919373281356
3002.31164990383 659.745956700286 607 43.0413845242882 639.136583729001
3199.03055904972 697.546407409518 650 84.4622293552816 791.989785470869
3199.03055904972 697.546407409518 650 84.4622293552816 791.989785470869
3098.44532288456 665.744865783161 650 10.0602697494695 858.248579469514
3175.47615273539 683.532986971512 650 88.9952769640086 813.518937868989
3205.99317980427 700.559617754468 650 83.1222723663143 807.055837195617
2987.63060982611 658.878295302037 580 145.333993541912 681.744187447691
3176.11708393481 688.525702567575 650 88.8719296971698 668.959013484388
3196.79524309645 699.72499792425 650 84.203178807392 822.322123922378
3205.99317980427 700.559617754468 650 83.1222723663143 807.055837195617
3205.99317980427 700.559617754468 650 83.1222723663143 807.055837195617
2988.3012057126 672.405707963773 580 73.6737739936715 647.074349871239
2921.45064625006 643.434772898593 401 1.84276355633914 216.198863016638
2900.08452256297 664.039509554641 336 67.2068384726826 212.268158000366
3057.21545441949 678.345915872557 401 54.0986625850709 230.828258981873
3057.21545441949 678.345915872557 401 54.0986625850709 230.828258981873
2921.45064625006 643.434772898593 401 1.84276355633914 216.198863016638
2888.11131155549 658.154799431936 329 69.5110840054273 206.383447877662
3057.21545441949 678.345915872557 401 54.0986625850709 230.828258981873
3057.21545441949 678.345915872557 401 54.0986625850709 230.828258981873
2900.08452256297 664.039509554641 336 67.2068384726826 212.268158000366
2900.08452256297 664.039509554641 336 67.2068384726826 212.268158000366
3057.21545441949 678.345915872557 401 54.0986625850709 230.828258981873
2900.08452256297 664.039509554641 336 67.2068384726826 212.268158000366
3057.21545441949 678.345915872557 401 54.0986625850709 230.828258981873
2900.08452256297 664.039509554641 336 67.2068384726826 212.268158000366
2900.08452256297 664.039509554641 336 67.2068384726826 212.268158000366
3057.21545441949 678.345915872557 401 54.0986625850709 230.828258981873
3057.21545441949 678.345915872557 401 54.0986625850709 230.828258981873
3057.21545441949 678.345915872557 401 54.0986625850709 230.828258981873
3059.97309400589 679.791517227623 401 55.1600785567618 232.273860336939
2900.08452256297 664.039509554641 336 67.2068384726826 212.268158000366
2900.08452256297 664.039509554641 336 67.2068384726826 212.268158000366
3057.21545441949 678.345915872557 401 54.0986625850709 230.828258981873
3059.97309400589 679.791517227623 401 55.1600785567618 232.273860336939
2900.08452256297 664.039509554641 336 67.2068384726826 212.268158000366
3053.5645415027 676.608676408516 401 56.3934050610397 224.978238286346
3059.97309400589 679.791517227623 401 55.1600785567618 232.273860336939
3059.97309400589 679.791517227623 401 55.1600785567618 232.273860336939
2957.1132649247 672.749608545994 380 56.2264601625065 211.719337190683
3071.68085987734 673.451963732811 408 34.1779162337339 236.120376814965
3071.68085987734 673.451963732811 408 34.1779162337339 236.120376814965
2645.57305448793 619.427929749796 303 30.7546712639679 140.147356139189
2951.58456534124 665.059501098257 342 57.5566685158888 180.474925781324
2954.06526611829 665.030562129824 386 55.0532848749253 188.562197942175
2954.06526611829 665.030562129824 386 55.0532848749253 188.562197942175
2645.57305448793 619.427929749796 303 30.7546712639679 140.147356139189
2826.36717235327 658.228121253799 336 38.8330171476696 164.27178077829
2768.53844080483 641.466134013564 332 16.5747279967445 142.947581218504
2900.07553023066 668.313550503385 343 67.2033773223625 205.062524469278
2826.36717235327 658.228121253799 336 38.8330171476696 164.27178077829
2953.08574868926 667.529953351834 369 57.0015560234062 204.278927317727
2953.08574868926 667.529953351834 369 57.0015560234062 204.278927317727
2905.00043717169 668.550131419839 346 66.255578539651 238.360342863765
2953.08574868926 667.529953351834 369 57.0015560234062 204.278927317727
