3352.16328149085 721.268366156174 640 139.845312284816 650.390158999562
3210.85063173716 676.988900471348 630 167.040944409879 589.284113615527
3297.63532961731 691.507140120532 640 150.339221515666 603.80235326471
3069.33924962616 703.299319111441 575 7.53900671352363 637.450473287152
3164.77780672613 694.963963813535 610 129.145214703001 648.677394295625
3239.29273997488 658.467267695965 640 161.567258127424 630.798979947984
3054.55504856418 678.578799006401 600 88.7875521082087 583.627165152578
3225.7516060928 648.067954138131 640 164.173250558074 599.841801434908
3069.33924962616 703.299319111441 575 7.53900671352363 637.450473287152
3286.64817360185 697.75992809688 630 147.872699383091 801.231035350624
3054.55504856418 678.578799006401 600 88.7875521082087 583.627165152578
3228.23435868487 657.955247131782 640 163.695444598954 629.774938819616
3198.7679759189 708.735785729417 605 28.3294569109718 606.764784598225
3299.38667828102 712.700663384981 645 46.369260635282 764.854699130181
3129.78237228069 645.047674079575 635 68.2756987366426 642.473284965417
2975.79701716287 657.397094325518 590 156.78268309481 495.482720412423
3289.38642221625 695.95235598627 645 37.5598850052931 805.945931369314
3233.18323063313 708.737409065348 630 140.620684336174 752.184471348239
1299.01805034276 222.586659122068 240 499.992280698384 195.961471681139
0 0 0 0 0
0 0 0 0 0
130 20 25 25.0185116648838 0
1309.42190530814 218.691714039922 240 503.996726341632 180.381691352555
130 20 25 25.0185116648838 0
1309.42190530814 218.691714039922 240 503.996726341632 180.381691352555
130 20 29 25.0185116648838 0
1379.42190530814 228.691714039922 256 490.525220060541 180.381691352555
70 10 20 13.4715062810913 0
1379.42190530814 228.691714039922 250 490.525220060541 180.381691352555
130 20 29 25.0185116648838 0
1433.72528947813 243.377617044653 266 517.200105064736 305.745949599536
235.208509247181 50.6155281280883 28 45.2658987098501 0
1439.42190530814 238.691714039922 265 478.978214676749 180.381691352555
80 10 13 30.79201435678 0
0 0 0 0 0
2031.58796456127 436.103298854948 390 344.79126453878 151.289589809121
1379.42190530814 228.691714039922 260 490.525220060541 180.381691352555
1044.32500854465 239.917007900775 120 200.980441601571 75.9170079007754
2418.05029802278 473.294624945429 380 327.766668846958 381.662957500311
0 0 0 0 0
0 0 0 0 0
904.687733977387 200.186290954173 270 174.107235581466 170.558872862518
0 0 0 0 0
2418.05029802278 473.294624945429 380 327.766668846958 381.662957500311
0 0 0 0 0
0 0 0 0 0
0 0 0 0 0
1044.32500854465 239.917007900775 120 200.980441601571 75.9170079007754
1044.32500854465 239.917007900775 120 200.980441601571 75.9170079007754
904.760669638147 203.186290954173 270 174.121272055923 179.558872862518
2424.43204646721 474.457871630455 380 330.049424637643 434.706077408322
910.765414421798 204.017242849018 270 175.276885728342 182.051728547054
2418.05029802278 473.294624945429 380 327.766668846958 381.662957500311
0 0 0 0 0
1044.32500854465 239.917007900775 120 200.980441601571 75.9170079007754
1044.32500854465 239.917007900775 120 200.980441601571 75.9170079007754
2418.05029802278 473.294624945429 380 327.766668846958 381.662957500311
853.28288388447 180.805843601499 260 164.214367568533 112.417530804496
2418.05029802278 473.294624945429 380 327.766668846958 381.662957500311
904.687733977387 200.186290954173 270 174.107235581466 170.558872862518
2418.05029802278 473.294624945429 380 327.766668846958 381.662957500311
904.687733977387 200.186290954173 270 174.107235581466 170.558872862518
3335.81954071135 687.362233387374 650 151.141895740223 593.865782826146
3322.73803200016 673.480915899601 650 153.659433265492 552.221830362829
3322.73803200016 673.480915899601 650 153.659433265492 552.221830362829
3322.73803200016 673.480915899601 650 153.659433265492 552.221830362829
3322.73803200016 673.480915899601 650 153.659433265492 552.221830362829
3257.20491983088 666.299748234948 640 133.26962312165 544.076886744912
3214.17262405833 654.299748234948 630 141.551192304359 495.076886744912
3322.73803200016 673.480915899601 650 153.659433265492 552.221830362829
3257.20491983088 666.299748234948 640 133.26962312165 544.076886744912
3214.17262405833 654.299748234948 630 141.551192304359 495.076886744912
3322.73803200016 673.480915899601 650 153.659433265492 552.221830362829
3257.20491983088 666.299748234948 640 133.26962312165 544.076886744912
3322.73803200016 673.480915899601 650 153.659433265492 552.221830362829
3214.17262405833 654.299748234948 630 141.551192304359 495.076886744912
3322.73803200016 673.480915899601 650 153.659433265492 552.221830362829
3214.17262405833 654.299748234948 630 141.551192304359 495.076886744912
3214.17262405833 654.299748234948 630 141.551192304359 495.076886744912
3115.97215738657 612.058436944024 653 107.006661934749 493.506984561788
3257.20491983088 666.299748234948 640 133.26962312165 544.076886744912
3115.97215738657 612.058436944024 653 107.006661934749 493.506984561788
3118.40766930805 607.300704425749 653 159.981166439029 498.077842935713
3214.17262405833 654.299748234948 630 141.551192304359 495.076886744912
3118.40766930805 607.300704425749 653 159.981166439029 498.077842935713
3214.17262405833 654.299748234948 630 141.551192304359 495.076886744912
3214.17262405833 654.299748234948 630 141.551192304359 495.076886744912
3322.73803200016 673.480915899601 650 153.659433265492 552.221830362829
3322.73803200016 673.480915899601 650 153.659433265492 552.221830362829
3253.59277089967 638.294624945429 650 166.966444968679 454.662957500311
3337.08018956865 684.921222408512 650 150.899283754518 586.542749889561
3253.59277089967 638.294624945429 650 166.966444968679 454.662957500311
3224.57814116976 652.228680423083 630 139.548649602579 493.005818933047
3192.09276376031 699.885221211968 610 77.9499464076754 560.19430377306
3284.7325735584 687.048649183374 657 127.971923691737 635.313266552621
3192.09276376031 699.885221211968 610 77.9499464076754 560.19430377306
3192.09276376031 699.885221211968 610 77.9499464076754 560.19430377306
3057.77517863644 648.975921885035 600 118.93568908644 374.022682041688
3338.13277996104 673.013607322783 720 73.1372414441241 501.473192393561
3338.13277996104 673.013607322783 720 73.1372414441241 501.473192393561
3057.77517863644 648.975921885035 600 118.93568908644 374.022682041688
3133.04916867129 704.820158364004 600 103.027881554483 595.193406531315
3123.35257756003 698.716348105916 600 99.2956618956103 576.88197575705
3338.13277996104 673.013607322783 720 73.1372414441241 501.473192393561
3133.04916867129 704.820158364004 600 103.027881554483 595.193406531315
3079.24956735996 674.5829096481 600 122.844304822433 486.269790544651
3097.09473177776 691.353952088683 600 40.1276550340735 532.782822866178
3200.5750535609 692.685664398897 660 93.9291895228516 586.120110938054
3092.35187022705 693.87142756349 600 38.3021267720546 540.3352492906
3133.04916867129 704.820158364004 600 103.027881554483 595.193406531315
3163.82004150903 696.131119968042 620 61.0432866792673 637.980967815062
3163.82004150903 696.131119968042 620 61.0432866792673 637.980967815062
3034.83323081933 709.283410502121 570 46.0071715058895 550.531740094788
3034.83323081933 709.283410502121 570 46.0071715058895 550.531740094788
3016.60802677417 674.750735481352 600 79.88244974113 503.555543396005
3199.74520768553 696.743799194187 620 54.1294852250386 584.55905716332
3034.83323081933 709.283410502121 570 46.0071715058895 550.531740094788
3163.82004150903 696.131119968042 620 61.0432866792673 637.980967815062
3521.35134471473 712.542740147905 740 140.071513683118 692.350490736281
3135.73403688433 658.094557832267 670 41.6884521370947 486.996655646689
3033.02269753738 694.629633006119 580 47.1360204217638 459.158951301457
3103.28872935342 703.932344530184 590 33.0596223934319 667.653391338163
3103.28872935342 703.932344530184 590 33.0596223934319 667.653391338163
3070.72589340749 697.897899097378 600 53.119274618179 591.788639478086
3103.28872935342 703.932344530184 590 33.0596223934319 667.653391338163
3005.61286285393 686.456781485108 580 49.8904943963129 633.024550644053
3397.57650710828 702.729246968679 687 35.7797803422477 746.118697335451
3255.00852826205 695.865798077871 640 57.0389889213189 451.163180512797
3018.43042717614 686.464405011182 580 47.4237529923861 633.055044748347
0 0 0 0 0
0 0 0 0 0
0 0 0 0 0
0 0 0 0 0
0 0 0 0 0
70 10 18 13.4715062810913 0
70 10 18 13.4715062810913 0
203.811391351563 61.2310562561766 22 39.223520553579 0
2044.20734342567 465.074499170184 460 393.407886668741 437.777279039447
130 20 71 25.0185116648838 0
1089.6127082854 203.442719099992 160 419.392126960673 109.885438199983
1159.6127082854 213.442719099992 200 405.920620679582 109.885438199983
80 10 10 30.79201435678 0
2051.91067235344 461.884748846091 460 348.702371476938 386.824599650617
2350.79438186844 450.27262713381 430 273.649759095823 315.662386980025
0 0 0 0 0
2379.77061795975 462.347181239312 437 268.073279860015 381.886049296532
2364.14940824755 461.9345309235 430 271.079583070818 380.648098349097
984.371020057464 237.534918549946 280 189.442291137548 238.360121102966
2456.73559332206 464.918861186134 440 258.593801516606 379.875076739551
984.371020057464 237.534918549946 280 189.442291137548 238.360121102966
1266.80946718983 229.479485289426 200 487.595191262677 111.887902766987
984.371020057464 237.534918549946 280 189.442291137548 238.360121102966
2364.14940824755 461.9345309235 430 271.079583070818 380.648098349097
984.371020057464 237.534918549946 280 189.442291137548 238.360121102966
1266.80946718983 229.479485289426 200 487.595191262677 111.887902766987
2174.2971461897 472.974294446654 520 418.443680883619 506.34729507553
0 0 0 0 0
2456.73559332206 464.918861186134 440 258.593801516606 379.875076739551
984.371020057464 237.534918549946 280 189.442291137548 238.360121102966
1260.8095697275 231.018960331916 226 485.285829652687 35.0189603319164
984.371020057464 237.534918549946 280 189.442291137548 238.360121102966
1260.8095697275 231.018960331916 226 485.285829652687 35.0189603319164
2116.7982271358 468.073914553172 465 407.378008752326 626.945215540834
1260.8095697275 231.018960331916 226 485.285829652687 35.0189603319164
2116.7982271358 468.073914553172 465 407.378008752326 626.945215540834
3292.87033708685 704.920342507609 670 92.3471569816816 633.544479437451
3441.10661337953 702.453779736081 720 69.1515103790585 618.235197842517
3441.10661337953 702.453779736081 720 69.1515103790585 618.235197842517
3301.7807569481 701.90238307731 670 90.6323458798526 624.490601146556
3301.7807569481 701.90238307731 670 90.6323458798526 624.490601146556
3301.7807569481 701.90238307731 670 90.6323458798526 624.490601146556
3441.10661337953 702.453779736081 720 69.1515103790585 618.235197842517
3301.7807569481 701.90238307731 670 90.6323458798526 624.490601146556
3301.7807569481 701.90238307731 670 90.6323458798526 624.490601146556
3301.7807569481 701.90238307731 670 90.6323458798526 624.490601146556
3301.7807569481 701.90238307731 670 90.6323458798526 624.490601146556
3301.7807569481 701.90238307731 670 90.6323458798526 624.490601146556
3441.10661337953 702.453779736081 720 69.1515103790585 618.235197842517
3441.10661337953 702.453779736081 720 69.1515103790585 618.235197842517
3441.10661337953 702.453779736081 720 69.1515103790585 618.235197842517
3301.7807569481 701.90238307731 670 90.6323458798526 624.490601146556
3301.7807569481 701.90238307731 670 90.6323458798526 624.490601146556
3441.10661337953 702.453779736081 720 69.1515103790585 618.235197842517
3441.10661337953 702.453779736081 720 69.1515103790585 618.235197842517
3441.10661337953 702.453779736081 720 69.1515103790585 618.235197842517
3301.7807569481 701.90238307731 670 90.6323458798526 624.490601146556
3448.41651652144 711.758923680224 720 71.9650934102144 641.535794482082
3441.10661337953 702.453779736081 720 69.1515103790585 618.235197842517
3441.10661337953 702.453779736081 720 69.1515103790585 618.235197842517
3299.94146485979 699.923942399998 670 89.9244020249819 620.940443921755
3441.10661337953 702.453779736081 720 69.1515103790585 618.235197842517
3441.10661337953 702.453779736081 720 69.1515103790585 618.235197842517
3423.46639052346 714.496855022175 671 80.6276691947259 575.060864032857
3403.46927720202 707.330085386672 681 72.9307766886272 564.18955883171
3306.31976443215 700.459663977319 670 92.3794106750304 620.162443846581
3441.10661337953 702.453779736081 720 69.1515103790585 618.235197842517
3301.7807569481 701.90238307731 670 90.6323458798526 624.490601146556
3395.48307779212 710.950449368602 670 72.5993258255243 877.163605127276
3225.43053591977 653.617663936011 660 105.325952767652 636.837918123502
3214.53333810641 653.286062236637 660 107.423119464635 629.794974066716
