4097.94431769924 890.727269468497 536 1577.2995032985 3935.34743236072
80 10 16 30.79201435678 0
6409.86513208243 1437.14810342276 863 477.434621940001 3459.62720090027
0 0 0 0 0
4157.94431769924 900.727269468497 552 1565.75249791471 3935.34743236072
0 0 0 0 0
2694.56324760319 564.849255902963 441 1037.13787756812 1029.90946852825
0 0 0 0 0
3488.78925834228 809.658703035558 422 671.417805816597 2354.70845155637
3399.43059635636 958.769093638666 720 654.220723299265 3811.92108714103
3488.78925834228 809.658703035558 422 671.417805816597 2354.70845155637
0 0 0 0 0
8149.80148553316 1871.42855769309 1008 859.030179869002 7412.97101832991
0 0 0 0 0
6183.35250594548 1374.50795893852 863 365.72007175152 3384.61792008462
3399.43059635636 958.769093638666 720 654.220723299265 3811.92108714103
2687.47761676941 561.790239160152 413 1034.41061698861 860.396212177629
7380.12054170752 1916.31771031709 1152 1420.30486046891 7023.91917017193
6086.36273975974 1337.59131438027 863 380.294870087582 2778.40811069221
3399.43059635636 958.769093638666 720 654.220723299265 3811.92108714103
8185.17435729702 1883.63511330882 984 852.222667524043 7571.65624133444
3844.0234188062 945.88131671118 841 739.782651872996 5291.98184064318
2610.38005157124 535.23743968172 413 1004.73575030792 838.549457256518
7380.12054170752 1916.31771031709 1152 1420.30486046891 7023.91917017193
6009.26517456157 1311.03851490183 863 350.620003406898 2756.5613557711
3321.95415971882 915.77311128394 720 639.310376116419 3107.05521150042
2610.38005157124 535.23743968172 413 1004.73575030792 838.549457256518
7029.45233574413 1827.82668066859 1097 1352.81873276584 5560.1010878395
8185.17435729702 1883.63511330882 984 852.222667524043 7571.65624133444
3844.0234188062 945.88131671118 841 739.782651872996 5291.98184064318
11387.1295692086 2751.54747832536 1704 352.226910945452 10633.4324953421
11228.9525244821 2695.65400477736 1704 382.668097396273 9483.24256981635
11228.9525244821 2695.65400477736 1704 382.668097396273 9483.24256981635
9960.46320194676 2294.79582527113 1704 347.91112239052 8362.64182445767
11403.8176566907 2750.31475736192 1704 349.015287012106 9901.1510704175
11424.4597616673 2757.88242171744 1704 345.042712057144 9632.35338426978
9854.50905975913 2258.44903489204 1704 389.397527332627 7743.61780574287
11584.6049536534 2842.40420694749 1704 198.001944224777 11383.5773284755
11584.6049536534 2842.40420694749 1704 198.001944224777 11383.5773284755
11232.5150971415 2691.72430600461 1704 381.982479968305 9385.83898288528
9853.28859336778 2256.91983161301 1704 389.162648466098 8048.54319641428
9853.28859336778 2256.91983161301 1704 389.162648466098 8048.54319641428
11232.5150971415 2691.72430600461 1704 381.982479968305 9385.83898288528
11511.178037352 2792.8217659553 1704 262.449243868103 9776.93059902901
11232.5150971415 2691.72430600461 1704 381.982479968305 9385.83898288528
11232.5150971415 2691.72430600461 1704 381.982479968305 9385.83898288528
11232.5150971415 2691.72430600461 1704 381.982479968305 9385.83898288528
9976.13558642359 2280.79935921321 1704 412.804563302734 8174.93021226338
10144.4583202118 2347.91655276558 1704 450.049605138753 9015.81675936807
11232.5150971415 2691.72430600461 1704 381.982479968305 9385.83898288528
11232.5150971415 2691.72430600461 1704 381.982479968305 9385.83898288528
11584.6049536534 2842.40420694749 1704 198.001944224777 11383.5773284755
11584.6049536534 2842.40420694749 1704 198.001944224777 11383.5773284755
11584.6049536534 2842.40420694749 1704 198.001944224777 11383.5773284755
9853.28859336778 2256.91983161301 1704 389.162648466098 8048.54319641428
11232.5150971415 2691.72430600461 1704 381.982479968305 9385.83898288528
9853.28859336778 2256.91983161301 1704 389.162648466098 8048.54319641428
9853.28859336778 2256.91983161301 1704 389.162648466098 8048.54319641428
9853.28859336778 2256.91983161301 1704 389.162648466098 8048.54319641428
9853.28859336778 2256.91983161301 1704 389.162648466098 8048.54319641428
9853.28859336778 2256.91983161301 1704 389.162648466098 8048.54319641428
11232.5150971415 2691.72430600461 1704 381.982479968305 9385.83898288528
9853.28859336778 2256.91983161301 1704 389.162648466098 8048.54319641428
11232.5150971415 2691.72430600461 1704 381.982479968305 9385.83898288528
9914.52645116818 2275.68979314466 1704 359.109373664483 8306.2111873367
11584.6049536534 2842.40420694749 1704 198.001944224777 11383.5773284755
11238.6422753769 2695.45183844932 1704 380.803303967123 9392.96686483384
11232.5150971415 2691.72430600461 1704 381.982479968305 9385.83898288528
9913.63806042874 2282.6373873727 1704 331.10748219937 8164.9298220446
9853.28859336778 2256.91983161301 1704 389.162648466098 8048.54319641428
9853.28859336778 2256.91983161301 1704 389.162648466098 8048.54319641428
9853.28859336778 2256.91983161301 1704 389.162648466098 8048.54319641428
11584.6049536534 2842.40420694749 1704 198.001944224777 11383.5773284755
11584.6049536534 2842.40420694749 1704 198.001944224777 11383.5773284755
9853.28859336778 2256.91983161301 1704 389.162648466098 8048.54319641428
11584.6049536534 2842.40420694749 1704 198.001944224777 11383.5773284755
11232.5150971415 2691.72430600461 1704 381.982479968305 9385.83898288528
9853.28859336778 2256.91983161301 1704 389.162648466098 8048.54319641428
11439.0772734013 2792.24766986645 1704 226.008759347465 10965.6240010983
11232.5150971415 2691.72430600461 1704 381.982479968305 9385.83898288528
11381.839866575 2757.19548936707 1704 394.726568972507 10351.8213687765
10068.2300198521 2311.57168518143 1704 292.925160837797 7887.73849692717
9707.72263912466 2223.93404600819 1704 810.202817567128 10081.3743387181
11499.3081226088 2779.69282123765 1704 306.780507164063 10894.6657210806
11499.3081226088 2779.69282123765 1704 306.780507164063 10894.6657210806
11284.3776514264 2709.58041612487 1704 348.143895628797 9981.89549750942
9853.28859336778 2256.91983161301 1704 389.162648466098 8048.54319641428
9912.78806236653 2273.2806937557 1704 648.768103396149 9022.40150320714
11638.3485072468 2850.400090509 1704 280.0221726644 11277.1630830984
10094.8091548509 2314.99501523083 1704 576.838445579251 8904.01765414255
9951.32005112863 2286.28386114366 1704 656.183588090887 9013.68740824394
10031.2349360388 2318.88282336897 1704 671.563214862594 8906.20017945112
10799.6890181416 2464.93605843081 1704 53.4440947557085 7270.32963995314
11333.7445149956 2749.92904775189 1704 168.03534490292 10177.9927415736
11359.4288307378 2760.25581272318 1704 111.33161410453 10221.2522533273
10739.6473161406 2442.54382644081 1704 30.334032880448 6941.16523591957
11211.6851761443 2567.52953575196 1704 388.167905336592 9019.90546067624
11078.6434997037 2647.27735843157 1704 84.8633690123989 10784.4730174542
10926.281921135 2586.53230104714 1704 140.063443642362 10063.8171216566
10932.1354264552 2606.95323920715 1704 141.189951266479 10327.3457193731
11078.5319531522 2656.94049894844 1704 84.841901868541 10854.657472494
11477.0424080413 2800.39574512003 1704 68.5448437348831 12318.5128932617
11152.0838951255 2693.66778392894 1704 325.523780562102 11812.638260235
11631.751064846 2860.32615218946 1704 243.203535340519 13444.5148751444
11477.0424080413 2800.39574512003 1704 68.5448437348831 12318.5128932617
11543.7325113722 2779.63114703612 1704 219.690955080491 11437.8684692518
11647.6290279861 2861.492719661 1704 122.845778783459 13167.8639600481
11571.9225063742 2832.81174477853 1704 193.120467991045 11248.8695616627
11632.6634158203 2829.48060805777 1704 244.310424803511 12071.843728817
11550.2880614836 2830.09543196343 1704 96.7371088894528 12519.8360088726
11703.6623230006 2858.8694815339 1704 230.646678745944 12610.6973921817
11584.6049536534 2842.40420694749 1704 198.001944224777 11383.5773284755
11603.6870781568 2849.07522129231 1704 207.109113860653 12709.1602795624
11658.6450765807 2862.32162808679 1704 196.532442132583 12288.6475027621
11654.4277394247 2845.87480845023 1704 197.344069046689 12489.0132961175
11484.5367405899 2789.9021044057 1704 117.070841659591 11316.615124639
11669.4474149097 2857.45846581148 1704 194.453531151884 12681.0137301422
11501.4513450345 2803.16994822515 1704 226.78438987363 12144.0551558593
0 0 0 0 0
0 0 0 0 0
80 10 10 30.79201435678 0
0 0 0 0 0
80 10 10 30.79201435678 0
0 0 0 0 0
0 0 0 0 0
0 0 0 0 0
60 10 30 11.5470053837925 0
80 10 26 30.79201435678 0
70 10 27 13.4715062810913 0
70 10 9 13.4715062810913 0
60 10 20 11.5470053837925 0
60 10 20 11.5470053837925 0
80 10 10 30.79201435678 0
80 10 23 30.79201435678 0
0 0 0 0 0
0 0 0 0 0
0 0 0 0 0
0 0 0 0 0
0 0 0 0 0
0 0 0 0 0
0 0 0 0 0
2538.43502107403 578.603010248634 316 488.522047579155 767.412863641027
0 0 0 0 0
0 0 0 0 0
0 0 0 0 0
2571.60507430123 583.959233876535 316 494.905627299074 844.19398178053
0 0 0 0 0
8840.14581362694 1899.50672271104 1083 1097.12521526145 8223.45417934041
3078.7810170321 951.247171296116 621 592.511682986465 3949.19168823322
0 0 0 0 0
4846.99188630676 940.596693559578 608 1865.60804687943 4023.87793444144
2298.72556438891 487.422491089161 291 442.389941131003 418.964294372293
2498.41149221392 557.731405335354 291 480.819515858721 689.296589369217
2451.49818105572 539.471329757554 291 471.7910449168 508.568051718329
3415.61332180078 928.648175957456 868 657.335090263117 6440.96807727206
5482.28832303305 1336.25585854614 1150 1055.06687969276 5680.04831222599
10325.99949769 2419.23600293166 1704 574.274477508985 11467.7587796807
10145.056579302 2354.92411541446 1704 609.096958388741 11228.8062337542
10188.0804390162 2369.7611187898 1704 600.817012726204 11173.0308782427
10390.5226390255 2439.76689953071 1704 561.85699316931 11474.7850108689
10145.056579302 2354.92411541446 1704 609.096958388741 11228.8062337542
11918.926830659 2850.75389400716 1704 504.613532274986 12172.6458675736
10145.056579302 2354.92411541446 1704 609.096958388741 11228.8062337542
11918.926830659 2850.75389400716 1704 504.613532274986 12172.6458675736
11918.926830659 2850.75389400716 1704 504.613532274986 12172.6458675736
10013.9584049405 2289.79989598471 1704 689.173748085789 10237.2916371686
11918.926830659 2850.75389400716 1704 504.613532274986 12172.6458675736
11918.926830659 2850.75389400716 1704 504.613532274986 12172.6458675736
11918.926830659 2850.75389400716 1704 504.613532274986 12172.6458675736
10311.2201812081 2419.35508317671 1704 510.058237205668 11189.7232805945
10470.1946713152 2447.32102257394 1704 546.524103406203 11353.9435867274
10013.9584049405 2289.79989598471 1704 689.173748085789 10237.2916371686
10145.056579302 2354.92411541446 1704 609.096958388741 11228.8062337542
10023.2399999157 2303.84128130845 1704 630.360462296218 10119.2808049344
10059.1608225863 2332.0556692352 1704 625.627604476096 11232.9786017848
11918.926830659 2850.75389400716 1704 504.613532274986 12172.6458675736
10059.1608225863 2332.0556692352 1704 625.627604476096 11232.9786017848
11918.926830659 2850.75389400716 1704 504.613532274986 12172.6458675736
11918.926830659 2850.75389400716 1704 504.613532274986 12172.6458675736
11918.926830659 2850.75389400716 1704 504.613532274986 12172.6458675736
11605.4749896596 2839.00536016107 1704 266.613566523579 13483.5016368883
11918.926830659 2850.75389400716 1704 504.613532274986 12172.6458675736
10013.9584049405 2289.79989598471 1704 689.173748085789 10237.2916371686
11605.4749896596 2839.00536016107 1704 266.613566523579 13483.5016368883
11918.926830659 2850.75389400716 1704 504.613532274986 12172.6458675736
10013.9584049405 2289.79989598471 1704 689.173748085789 10237.2916371686
11605.4749896596 2839.00536016107 1704 266.613566523579 13483.5016368883
11605.4749896596 2839.00536016107 1704 266.613566523579 13483.5016368883
11605.4749896596 2839.00536016107 1704 266.613566523579 13483.5016368883
10013.9584049405 2289.79989598471 1704 689.173748085789 10237.2916371686
10062.7523752497 2310.26563165872 1704 679.984754403721 10321.2220473986
11918.926830659 2850.75389400716 1704 504.613532274986 12172.6458675736
11605.4749896596 2839.00536016107 1704 266.613566523579 13483.5016368883
11918.926830659 2850.75389400716 1704 504.613532274986 12172.6458675736
10013.9584049405 2289.79989598471 1704 689.173748085789 10237.2916371686
11918.926830659 2850.75389400716 1704 504.613532274986 12172.6458675736
11918.926830659 2850.75389400716 1704 504.613532274986 12172.6458675736
11918.926830659 2850.75389400716 1704 504.613532274986 12172.6458675736
11605.4749896596 2839.00536016107 1704 266.613566523579 13483.5016368883
10013.9584049405 2289.79989598471 1704 689.173748085789 10237.2916371686
