29484.3880308566 4591.29466236599 810 313.208071952431 9031.21508467843
29435.1936204916 4712.25873774199 780 184.303470675038 10925.8400435102
30287.2330687377 4717.50225849233 840 77.7985396442791 10852.2891490304
28995.1734758212 4707.37600027745 810 239.305988758834 9320.08948122767
27667.8947202472 4397.20873467133 780 552.808652240274 8215.76936393531
29844.8669174337 4680.52973232681 870 254.883573013299 11927.8076970505
28955.4255692399 4594.66231923051 730 244.274477081505 9606.53323215572
27935.2629641456 4599.58146420611 720 371.794802718289 8920.40223903966
29388.8615416712 4660.90438476047 730 190.094980527585 9918.1580237368
29449.0481409697 4573.27610260761 860 304.3609200713 9290.26413933701
29449.0481409697 4573.27610260761 860 304.3609200713 9290.26413933701
28892.7750465115 4535.69241336624 790 399.698611457225 7289.49128556158
27745.306392024 4328.16001372174 800 561.659195629682 8495.34305406096
30508.4437989154 4692.08426723499 840 171.936462828085 8884.76793502126
28895.410902655 4656.39756355788 890 373.565574860638 9037.98951794319
29173.8183021259 4629.70764626462 880 367.325076691423 10083.9639239142
28942.1057035012 4698.89343360182 950 706.488875250856 10087.878437032
29788.2944986507 4615.24357274467 850 275.219763478172 9179.82453380095
29150.7610773026 4721.58451881305 770 219.857538573658 9877.34354399818
30150.1133631725 4806.17777720099 790 94.9385028399311 9631.60923641788
29035.1374252991 4698.84433532048 780 234.310495074105 10424.4216751331
30129.2107424116 4798.7093088234 790 97.5513304350407 9460.87537379712
27651.1942002255 4612.98506555741 840 559.341751780331 7580.34432699936
29612.3324520867 4702.36454492697 900 309.753935760335 7827.4110404346
29011.1657153422 4707.63235923314 790 237.306958818707 11338.4333495724
29485.2444903596 4686.21219057765 760 178.047111941543 10547.4802331503
29009.0126252906 4705.33754716924 790 237.576095075158 11334.2352048817
29004.5192723507 4707.20431352107 800 238.137764192651 11020.0219434449
29676.8213677162 4557.10150166312 790 296.08917943217 7471.76554404065
30530.8115976497 4696.75167253955 900 169.140487986299 11314.1050331767
27394.2599212372 4368.84965480663 740 439.420183081837 8159.34142492274
30046.0621512569 4641.29089508778 820 107.944904329371 10363.6637320506
29484.3880308566 4591.29466236599 810 313.208071952431 9031.21508467843
28356.9133205133 4562.2908941926 860 440.877772628352 9457.97192228526
28667.5115996251 4668.45166708917 880 402.052987739374 10633.3502078533
30933.7263003358 4720.29097617081 870 132.040788267536 9845.71735525959
27821.9927152859 4657.98157574965 930 507.742848281781 9416.40143420957
28332.0921073942 4648.51523089199 710 322.191159812208 8522.99145174101
29006.8277528931 4634.34160946823 830 378.217439512963 7435.12499596213
27784.8491083194 4609.4109809148 820 538.189353731244 7581.80061682858
29854.8700508351 4825.11527184475 810 131.843916882101 9287.42278436389
27841.6344840642 4623.06962172892 770 383.498362728468 9200.60483202846
29700.4869596837 4779.8253511692 830 151.141803276027 10044.273565887
28673.7459192995 4459.81101354594 780 414.538335897068 7817.39588015204
26738.0077580502 4299.07097967997 700 521.451703480215 8447.79424886382
28987.4467186094 4731.38696348635 740 240.271833410307 9272.979936385
28895.410902655 4656.39756355788 890 373.565574860638 9037.98951794319
29475.5774172037 4590.49053456336 820 314.309398659045 8800.2452009006
29664.0363191141 4769.53946324505 790 155.698133347224 10827.6877548165
28435.2835145501 4685.55367279308 740 309.292233917725 10221.848736264
28344.6623439958 4655.23367838021 730 320.619880237008 8342.75891424934
29975.103941209 4744.04034610794 800 116.81468058536 10070.9193409619
29083.5774934708 4570.34021587951 850 350.044751008668 9696.87849191588
29452.2508368452 4649.67243171798 750 329.764137665515 6816.56829108257
29432.4500078605 4728.50736628296 750 184.646422253929 9964.66984518106
28716.5053996544 4617.00398340148 720 274.139498279685 7709.36754779872
28676.8066796405 4618.41694037971 890 430.590958357857 8859.89152302918
27779.1770752803 4615.00075700145 840 526.35944139947 8150.41266597302
28373.5845074222 4628.96363957733 780 317.004609808711 8730.25082433067
29213.5932789045 4598.18506930742 800 212.003513373425 8848.31131649804
29778.6949443018 4649.48561784747 880 263.155069654786 9823.35369013774
29202.5433268732 4661.70985820213 750 213.384757377336 8975.22413022477
27937.8579744436 4465.81103905508 760 506.524329004061 7617.9695973388
29014.5584906655 4738.70453944506 830 236.882861903305 8535.55597767601
29015.2417788779 4617.84476979394 830 236.79745087675 8106.43360785042
28423.9330707131 4689.20225304195 820 310.711039397354 10171.534323707
29184.1324708657 4695.45909909281 900 350.740016951294 9820.68836093977
29457.8587546226 4574.08023041024 850 303.259593364685 9521.23402311484
29004.5192723507 4707.20431352107 800 238.137764192651 11020.0219434449
29641.9314962485 4763.60676465325 830 158.461236205426 10047.2597480504
29423.6771289029 4635.95065615584 810 337.232152200062 7093.58534976675
29779.0585129485 4651.57431422336 880 263.109623573948 9547.02257263656
24982.3184696145 4020.57818902019 700 740.912864534671 7365.15663749696
28414.6623985545 4721.60119106605 750 311.869873417178 8311.08868815985
29983.3486556311 4750.58157525525 800 115.784091282604 10187.6140962157
29163.0134110737 4760.92312378085 900 340.115261308298 9727.18873830954
29507.4058508805 4616.84648917073 830 175.276941876427 9210.35025710062
29933.8187420132 4698.64608503385 850 121.975330484832 10802.6660694047
28135.9936960605 4596.16089710909 710 346.703461228926 8208.80691050658
28555.5259692403 4667.4750643455 720 294.261927081448 9053.47756999971
30295.4261015748 4624.51845213004 880 198.563674995665 11478.2740559096
29060.1761231687 4722.34067529959 770 231.180657840398 8854.54890502107
28978.6720188993 4697.32010344189 790 241.368670874077 10503.0098375692
30343.6285905891 4629.03377891604 830 192.538363868879 9987.40365479318
28253.4302622085 4525.07048762691 780 332.023890460426 8463.86450152295
29743.3043404954 4668.96546019734 810 145.789630674568 8537.856040797
28405.4718080597 4640.03659497264 780 313.01869722902 8807.76151209782
29743.6997020132 4727.8736285749 910 267.529474940863 11885.5415291449
29981.3452596399 4713.11274214326 930 237.823780237524 10283.6816345868
28378.7509537125 4558.38458773472 880 438.14806847845 8416.41742920139
29700.4869596837 4779.8253511692 830 151.141803276027 10044.273565887
28814.0841600158 4730.7840185752 760 261.942153234516 9012.66423992442
29195.6255597225 4540.47235642411 790 336.038742727204 8960.13251738802
29557.4963259269 4741.57790725738 820 169.015632495623 9597.09885880817
29700.4869596837 4779.8253511692 830 151.141803276027 10044.273565887
28814.0841600158 4730.7840185752 760 261.942153234516 9012.66423992442
29195.6255597225 4540.47235642411 790 336.038742727204 8960.13251738802
29557.4963259269 4741.57790725738 820 169.015632495623 9597.09885880817
28373.5845074222 4628.96363957733 780 317.004609808711 8730.25082433067
29930.1584381542 4728.14328706979 860 122.432868467214 11327.0387211114
30264.8652700034 4712.83485318776 780 80.5945144860648 8422.95205087494
28956.4189891917 4651.67663492337 890 365.939564043556 9577.86858272857
30907.1970241018 4703.07654421507 910 122.092309679791 10335.736293696
29449.0481409697 4573.27610260761 860 304.3609200713 9290.26413933701
30766.6913088052 4749.5007209082 840 17.8662596358427 10093.9995634264
29317.1468140173 4699.77725772167 900 199.059321484324 8222.53450009879
29207.6305731783 4689.34110979291 750 212.748851589201 8412.74524951111
29089.0568652128 4707.8667755572 730 227.570565084886 8491.42646238525
28471.6038011355 4693.75047530049 730 304.752198094544 9862.04609758603
29743.6997020132 4727.8736285749 910 267.529474940863 11885.5415291449
27831.2964898208 4653.16668030606 740 384.790612008883 8824.18629124448
28658.8204582647 4610.48027141006 900 423.846125341931 10071.7612846778
30428.5163105644 4690.64702140317 820 195.192036988955 7821.89109042911
28100.931227271 4514.72282492738 810 351.086269827611 7963.36212438429
27862.2909308186 4635.92999067393 700 380.916306884157 7856.4381930592
28117.6918429222 4626.29487787638 790 348.991192871214 9128.41296418068
28063.1184989402 4642.87881329769 820 490.866763441988 8016.84430907337
28618.6605947637 4634.81898847087 790 286.37009889103 9580.66065373611
29834.8918728464 4574.50688274471 870 256.130453586716 9349.0173969921
27222.8290026741 4401.85731726248 760 460.84904790222 9135.47185444356
29256.1082003816 4676.19270446615 750 206.689148188782 8150.62250624035
30580.977467709 4729.526441924 810 183.069666933075 8106.43173340469
29546.4891853133 4740.23423662067 760 170.391525072324 9663.14545068752
28401.4808799821 4687.04946132856 820 313.517563238731 10522.3283950378
29812.3815113793 4681.62088152118 810 137.154984314072 8961.29469444658
31025.1280631546 4818.50863923633 870 14.4383346578416 11054.8166086057
28711.5882304824 4703.03585456622 820 416.743321586397 7295.43258288919
28689.3914072251 4654.65065015901 750 277.52874733335 9646.37464083579
27926.6342610449 4421.36343698982 740 372.873390605872 8795.04836730236
30113.272572485 4659.4393296097 860 221.332866131895 9266.35284284691
28472.6288647844 4704.50725513886 770 304.624065138441 9386.6088846797
29469.8275780169 4647.68575503226 880 301.763490440399 8529.48123309112
30544.2723580529 4692.65651354062 870 167.457892935899 9580.67480139137
29801.0381064584 4755.42166822015 910 260.362174385221 11439.3136322845
30007.8466982835 4745.23393530262 810 112.72183595105 8797.29462726225
28785.553989845 4701.02455757592 710 265.508424505866 8803.65301304556
29055.0335407024 4563.09649537522 850 353.612745104716 10918.4403688138
30971.3251078875 4734.40869606218 870 134.40524100351 10066.4289790229
28878.7550855556 4712.05473773629 810 253.858287542032 10372.9480363726
28972.4766370447 4738.21037056922 820 242.143093605905 10404.0100244285
29401.2703439234 4780.11439196763 880 188.543880246066 10087.8634419783
29930.1584381542 4728.14328706979 860 122.432868467214 11327.0387211114
28899.021679871 4625.07764221044 890 393.443169505569 8600.01857213252
29100.5764928604 4533.75772042619 820 378.168965200969 8484.06386764982
28046.2806607469 4459.09688254363 790 479.706855099155 8118.11897042757
30039.0528815853 4765.39811267516 840 108.821063038324 8938.44386887007
28858.5374987592 4681.89169089886 770 256.385485891593 10832.7480625541
28373.5845074222 4628.96363957733 780 317.004609808711 8730.25082433067
29011.1657153422 4707.63235923314 790 237.306958818707 11338.4333495724
27316.5060418956 4439.9566980152 760 449.139417999541 8141.53593165281
28971.1566741643 4670.56571774204 890 364.097353421981 8819.0263753807
28897.4527503955 4763.40679192214 920 373.310343893078 9331.7261459457
29089.0568652128 4707.8667755572 730 227.570565084886 8491.42646238525
28305.08433797 4713.11621478475 710 325.56713099024 9651.0197370788
29014.144561436 4704.79227740095 800 236.93460305699 9221.52279895587
28614.7852673651 4625.85824689128 870 286.854514815851 8844.8559803895
28146.8081224809 4612.87769473757 780 345.351657926377 9436.39285735435
27848.5219915199 4675.19600770539 890 517.691326869527 8926.38249577316
29341.6840805843 4722.03447603547 900 317.781427619475 11622.0910933289
30007.8466982835 4745.23393530262 810 112.72183595105 8797.29462726225
28770.6637013724 4693.75128337757 740 267.369710564943 8516.36083205794
28308.5279145884 4614.41740351757 780 325.13668391294 9186.77168176657
27857.9889123284 4576.99508146648 670 381.454059195439 8358.55838746043
28437.8845265349 4590.11953264778 870 430.756371875649 7608.81282533702
28701.9907154792 4542.76326894551 830 397.743098257619 8626.31232205009
29060.1761231687 4722.34067529959 770 231.180657840398 8854.54890502107
29787.6074298055 4766.51877367921 840 140.251744510798 9007.92428378516
28878.7550855556 4712.05473773629 810 253.858287542032 10372.9480363726
29352.2778270884 4616.49882512533 830 316.457209306462 8165.09385197288
29964.1047007773 4714.4425581477 820 118.18958563932 11816.5449379879
29069.5939238227 4728.37381361638 790 230.00343275865 11012.6697736323
30538.838839697 4708.42786451308 800 181.401720847382 8394.63746388369
29535.4799840365 4672.32490017613 820 171.767675231928 9085.20668849024
30392.8486996551 4762.33241892001 780 64.5965857795945 8439.5595413616
28923.9820266295 4780.62122387789 880 383.258822480823 8841.70720750929
30031.1859587176 4745.76818772643 900 231.593692852819 9469.74016793148
30663.6184951897 4723.82713016784 850 30.7503613377703 9873.92040954967
28209.099739315 4651.86111647838 770 337.565205822111 9617.90618201542
29930.1584381542 4728.14328706979 860 122.432868467214 11327.0387211114
28181.9940941943 4707.09870342471 810 340.953411462201 10124.8647826658
28398.3372782814 4685.62177542214 730 313.910513451317 7920.44827397337
30530.6789972222 4685.58538499465 870 169.157063039743 9193.44535142459
27969.1946834778 4590.31014593215 790 489.342602257785 8521.74651584316
28602.0231376712 4623.9369614753 770 288.449781027593 9342.09145698457
29205.4696120577 4594.02668856038 800 213.01897172928 8828.44825519069
29641.9314962485 4763.60676465325 830 158.461236205426 10047.2597480504
28096.9790877635 4629.83430939792 840 494.306423133032 6659.84559566349
28996.7075876981 4672.17310686626 720 239.114224774228 10635.2834445179
29272.359819946 4694.1752219917 900 339.711598316255 9796.95673450071
30530.8115976497 4696.75167253955 900 169.140487986299 11314.1050331767
28825.1193938847 4590.7740436054 820 382.35201345693 9311.80672272502
30527.9620322927 4695.18789854101 900 169.496683655924 10895.2673094928
29030.0897166714 4685.27990653006 720 234.941458652558 9179.77444443895
28480.1117783106 4662.98846502545 780 303.688700947657 9401.62702663034
28497.4271229203 4572.25642412844 750 301.524282871451 10029.6447123425
30136.6513725496 4687.7742274517 800 96.6212516677906 7976.84601935047
28648.27428316 4669.92625563529 880 404.457652297514 11010.4233161053
30384.1399899837 4736.95445011785 880 187.474438944547 12787.7034083191
29592.5874806908 4714.6483635664 780 164.62923815014 9418.62453102521
30386.5763841518 4733.69366035681 880 187.169889673536 12771.1490823809
