19829.1405558397 3222.13441987655 620 889.97231170621 2647.93550759257
18944.8394574037 3163.7793954693 620 816.669511682944 2053.16885488502
18817.04003905 3185.35071136766 470 108.471385540259 1939.77020448107
19214.8646177163 3169.00267139184 580 154.132192251996 1082.72758828838
18550.5763067629 2940.1163955369 550 1139.13891438673 2384.97745050814
18738.7108866704 3175.48356729798 540 316.767167519503 1504.49369135344
16597.2460057905 2912.79900889714 520 511.611002762089 814.124387607749
20377.4960143504 3504.75543226816 600 4.97639836118305 2405.16927052338
20921.5099407867 3490.597877214 600 2.13255068664338 2082.924193854
20528.5588243071 3507.61473883214 670 13.5221114310763 3322.13099228754
20286.8491542291 3460.17915674477 690 109.178599874901 4500.21326652242
18775.8331755672 3303.55567134624 560 326.927589853674 1432.15667589907
19870.9106610362 3455.26175502971 560 143.329787583515 1072.73581265318
19442.0201948513 3358.8614334213 590 1.70570007272886 3112.9834476621
19574.5020006075 3451.4004793123 670 321.935446139504 1781.42980658268
18601.1927280244 3162.20055308731 650 739.462170218805 3341.133199796
17792.8343412441 2950.87262355388 460 474.034644003941 2943.99534386158
17779.0125578456 2998.97666623458 540 688.545105289017 2290.28605426675
19401.0622764868 3239.94011987347 560 69.0388865561968 1121.01638292448
19574.5020006075 3451.4004793123 670 321.935446139504 1781.42980658268
19082.3729592219 3335.31003850097 660 142.402044884081 3112.07019361315
19836.0763668317 3428.57344932651 660 158.807634410559 2569.89483732975
20373.9082412026 3464.51759044455 710 174.796230243378 3587.61617511374
19559.9711205709 3443.36946765178 670 324.731915306402 1749.30575994062
20254.6474789138 3444.39147468046 720 115.37581517879 5144.2886888833
19556.2775904698 3339.62354246326 580 390.384196616389 1474.67031069619
19306.6187391543 3247.15607854171 690 31.6265271919057 2732.01952246485
19559.9711205709 3443.36946765178 670 324.731915306402 1749.30575994062
20410.2744282874 3446.91983813368 620 39.5310127650891 1226.63579643018
20243.1541333881 3523.57379156083 720 100.169894482364 2763.9183016293
19742.2260435146 3445.08580989964 670 714.457548839095 1734.66902702087
20678.9427902027 3412.45685029537 680 69.1581761751872 3074.97394245971
19829.638261528 3365.560375996 670 235.672384120642 4323.59416482258
21303.5861238831 3623.0497694607 720 83.375956590211 3828.79055334017
21303.5861238831 3623.0497694607 720 83.375956590211 3828.79055334017
18219.1269832575 3113.55402980634 550 615.554570859323 2677.15560348839
20273.3097541889 3522.72089049853 700 47.74631016114 4411.2976484963
20397.2278210689 3592.7414001146 690 588.402397975548 2029.98020745079
20286.8491542291 3460.17915674477 690 109.178599874901 4500.21326652242
19574.5020006075 3451.4004793123 670 321.935446139504 1781.42980658268
18219.1269832575 3113.55402980634 550 615.554570859323 2677.15560348839
20273.3097541889 3522.72089049853 700 47.74631016114 4411.2976484963
20397.2278210689 3592.7414001146 690 588.402397975548 2029.98020745079
20286.8491542291 3460.17915674477 690 109.178599874901 4500.21326652242
19574.5020006075 3451.4004793123 670 321.935446139504 1781.42980658268
20446.7304383271 3490.88624151259 710 160.781591872445 3375.66032268146
20213.6383159393 3533.45779565142 770 283.983109576965 3198.59224940056
19360.9451985986 3374.73668416009 680 184.694706372973 2187.52879102519
20079.1980777649 3509.74033328837 670 262.495663835673 2452.37959615668
21303.5861238831 3623.0497694607 720 83.375956590211 3828.79055334017
20308.9800449555 3493.34549885036 660 29.3668990680432 3081.36468820779
20349.5325181247 3490.21531178027 600 4.51590540037207 2340.79353821875
20921.5099407867 3490.597877214 600 2.13255068664338 2082.924193854
20348.1439614374 3494.09480253631 600 0.67240685568721 2117.30531957549
20213.6383159393 3533.45779565142 770 283.983109576965 3198.59224940056
19161.3046552696 3208.95641381833 550 8.16116615171106 4213.96701339016
20108.9105774716 3533.39395586968 710 219.088467569583 2402.19018469692
20006.7860416431 3448.2532138296 700 296.03599380388 2788.15783438161
20287.8226537543 3532.69865742537 690 541.450005199599 2264.56043431716
21165.8639565549 3658.20492056802 680 36.4562629438138 3207.98162571149
21726.3535766879 3600.47099386406 700 251.365411312314 2227.40481711061
20385.5506354622 3524.61087387619 700 60.0121573094907 4294.4721109999
21148.630837598 3584.55922807407 730 50.8306456884895 3883.16031238139
19954.9643664515 3459.37954915178 660 256.160717146547 2478.27886858243
20088.6648048289 3470.97104009621 790 308.034273004023 3287.57868421805
20425.7708665475 3496.81601015311 670 176.847615844831 2645.60998808697
20254.6474789138 3444.39147468046 720 115.37581517879 5144.2886888833
21303.5861238831 3623.0497694607 720 83.375956590211 3828.79055334017
19852.7896171022 3485.64500382938 700 121.952929412676 2703.73688513551
20450.2848660852 3429.40982256145 680 176.639949093854 3390.77823629844
19257.6346360865 3250.39354620784 660 11.1492560462638 1535.96221719196
20645.3168930867 3564.85184399263 800 200.906528670489 3569.22109590729
21081.7891385433 3551.4365911107 630 32.91465825658 2259.12122787782
21001.3039928144 3613.59564952464 670 95.384035506198 2845.37391895336
20252.0055310808 3459.23294256946 580 19.1742564042897 1615.75574979794
19375.6418428852 3375.34404567266 520 115.938225386801 4264.1742616586
20790.0678377679 3504.46439439983 650 67.807009266674 2291.66523495508
20113.3198507356 3537.01893754695 680 218.239902534293 1880.20086620375
20257.7369613808 3462.42269289356 580 18.0712421287763 1944.85833336944
20872.2999164299 3473.66616501454 600 11.6030242897103 2396.02676777488
20641.4933568279 3523.72920268012 650 61.4310718331109 2165.30061313281
18587.758279086 3043.68766976212 530 1211.40619588028 4244.46230004656
20542.5500515386 3497.40800387835 620 72.2719724735177 1827.30611363516
20571.6326915044 3592.21594514275 620 10.5120148100492 1680.75818870995
20560.4235259791 3540.35956701722 720 189.488410265592 3139.96486591668
21303.5861238831 3623.0497694607 720 83.375956590211 3828.79055334017
20017.7937671684 3478.23468130718 700 170.071011524144 3642.16794348665
20006.7860416431 3448.2532138296 700 296.03599380388 2788.15783438161
19870.5119709894 3402.92110234553 570 65.8814060504782 5199.88160242538
20037.1963170932 3414.29050702092 590 214.57993223286 1753.6343290802
21303.5861238831 3623.0497694607 720 83.375956590211 3828.79055334017
20308.9800449555 3493.34549885036 660 29.3668990680432 3081.36468820779
19535.2923719517 3392.49969557971 680 362.258423705769 3372.30463386822
21081.7891385433 3551.4365911107 630 32.91465825658 2259.12122787782
20235.3517039605 3506.84572318724 760 551.548044195637 2880.39770578464
20259.0940617039 3588.69641966481 710 275.235147225831 2643.36293606486
20243.1541333881 3523.57379156083 720 100.169894482364 2763.9183016293
19979.0765210507 3453.87379551972 690 308.647159466406 3803.92447743938
19991.218648118 3479.81753020573 720 164.182247661769 3719.39552423582
20710.5170057072 3603.89830750391 800 188.358761146273 3662.0078306681
20157.7831734066 3455.67574058925 590 191.372980915091 2204.2782089786
19587.0647399747 3455.94352531151 670 326.77084677647 1925.81073183821
21303.5861238831 3623.0497694607 720 83.375956590211 3828.79055334017
20125.7071891181 3537.26800674202 710 225.553486406636 2770.1999112181
21208.3867842142 3583.68563377595 670 54.5702606220528 3264.4441282886
19608.0451574939 3460.8567119313 670 334.846213244746 2288.421486514
20260.934971802 3448.6159837125 690 114.165786608271 4421.62125698765
14638.160203613 2453.33908084089 420 1166.5793375141 1089.62080627671
20217.3585213018 3504.74632794546 570 615.324380031939 1423.25131187396
20331.8649415039 3501.13060935608 700 31.2449568423803 3490.48329251616
20563.5102599392 3558.51760482251 780 88.6489578747947 4155.18879300046
20397.2278210689 3592.7414001146 690 588.402397975548 2029.98020745079
21303.5861238831 3623.0497694607 720 83.375956590211 3828.79055334017
19932.7200238134 3448.83589165093 660 247.598865673176 2398.13162468663
19907.768254519 3476.73960823402 660 115.158724674529 3152.39401808677
20446.7304383271 3490.88624151259 710 160.781591872445 3375.66032268146
20131.2980567859 3445.94991232322 590 250.799708728059 1531.30255297793
20432.218614971 3534.05203806524 610 3.60154084488309 2310.89566075067
21339.4926157286 3594.46439439983 660 173.54385708504 2471.66523495508
20287.8226537543 3532.69865742537 690 541.450005199599 2264.56043431716
19507.3156093094 3439.95159374124 630 268.312578809256 2865.18558242123
20246.2837790395 3495.99304872058 590 218.793562560067 2328.8300208722
19931.3402990863 3377.38970580242 590 75.2616984087783 1543.59030398037
21040.214124679 3533.19360887988 770 388.337934671924 3562.83131699018
21208.3867842142 3583.68563377595 670 54.5702606220528 3264.4441282886
20243.1541333881 3523.57379156083 720 100.169894482364 2763.9183016293
19421.1025629672 3369.78359220806 640 356.501639130638 2568.93022180913
17740.8735789555 3100.02043191415 510 569.461870023359 1389.30215734997
20481.2256914479 3560.54383549999 600 6.88682046304037 1508.3112025039
20308.9800449555 3493.34549885036 660 29.3668990680432 3081.36468820779
20348.1439614374 3494.09480253631 600 0.67240685568721 2117.30531957549
20293.4049995804 3541.1417791345 690 598.641339458339 2192.32781306268
21303.5861238831 3623.0497694607 720 83.375956590211 3828.79055334017
20373.9082412026 3464.51759044455 710 174.796230243378 3587.61617511374
19608.0451574939 3460.8567119313 670 334.846213244746 2288.421486514
20217.3585213018 3504.74632794546 570 615.324380031939 1423.25131187396
20213.6383159393 3533.45779565142 770 283.983109576965 3198.59224940056
20964.8471648803 3565.72444559162 640 4.48661550180171 3081.4146493805
21268.6071455204 3582.19676382436 650 369.903429664254 1410.92261676327
19932.7200238134 3448.83589165093 660 247.598865673176 2398.13162468663
19783.0251247108 3289.33622363561 640 519.199285545659 4798.34820556985
18967.9402638077 3345.42234395695 590 333.312776419015 2817.69078767994
20235.3517039605 3506.84572318724 760 551.548044195637 2880.39770578464
20257.7369613808 3462.42269289356 580 18.0712421287763 1944.85833336944
21218.412358359 3563.45285906356 630 350.58344707786 1450.89101212181
20032.3047228226 3530.83418175728 700 116.131456896381 3321.0791857039
20179.58180616 3499.55601999943 700 597.783768543072 2499.71629112683
21137.689814572 3559.19950037725 670 27.3589843195194 3031.5299407174
20213.6383159393 3533.45779565142 770 283.983109576965 3198.59224940056
20217.3585213018 3504.74632794546 570 615.324380031939 1423.25131187396
20213.6383159393 3533.45779565142 770 283.983109576965 3198.59224940056
20964.8471648803 3565.72444559162 640 4.48661550180171 3081.4146493805
20213.6383159393 3533.45779565142 770 283.983109576965 3198.59224940056
21303.5861238831 3623.0497694607 720 83.375956590211 3828.79055334017
19932.7200238134 3448.83589165093 660 247.598865673176 2398.13162468663
20113.3198507356 3537.01893754695 680 218.239902534293 1880.20086620375
21303.5861238831 3623.0497694607 720 83.375956590211 3828.79055334017
20785.3305569723 3597.27647221496 780 445.704564583985 3252.57125895573
20306.2793237473 3541.8310645108 700 603.596669140589 2070.04967838293
20397.2278210689 3592.7414001146 690 588.402397975548 2029.98020745079
19673.1409004879 3516.35884767054 570 197.596850612351 2591.12054127539
20366.4375082444 3406.33488548664 690 525.217842543863 4843.07317342254
20213.6383159393 3533.45779565142 770 283.983109576965 3198.59224940056
18984.4148175042 3356.82541767341 530 330.142247081858 1578.76998169051
20690.4611124459 3471.30592390807 680 110.097856325052 2949.34295844691
20774.5228580015 3629.25288482265 780 176.040829128998 3714.55069741967
20089.174679693 3377.95941204608 550 78.0905796993802 3010.84699603266
20231.7150382974 3550.50195850917 710 325.138937432477 2436.02408592079
19926.8430921214 3440.69145549773 660 248.729881704624 3342.55506892241
19489.146196553 3406.5008630174 740 319.807649125242 2593.34781849027
21303.5861238831 3623.0497694607 720 83.375956590211 3828.79055334017
21298.5799512119 3619.54157845099 720 81.4490798306374 3821.77417132075
20710.5170057072 3603.89830750391 800 188.358761146273 3662.0078306681
19587.0647399747 3455.94352531151 670 326.77084677647 1925.81073183821
20213.6383159393 3533.45779565142 770 283.983109576965 3198.59224940056
20286.8491542291 3460.17915674477 690 109.178599874901 4500.21326652242
19489.146196553 3406.5008630174 740 319.807649125242 2593.34781849027
21303.5861238831 3623.0497694607 720 83.375956590211 3828.79055334017
21304.161250642 3619.78352301783 720 83.597322982912 4338.88589310928
21298.5799512119 3619.54157845099 720 81.4490798306374 3821.77417132075
20710.5170057072 3603.89830750391 800 188.358761146273 3662.0078306681
20217.3585213018 3504.74632794546 570 615.324380031939 1423.25131187396
20532.611509008 3476.73526695251 710 392.214115789151 3271.25221725453
21030.1369763054 3594.69576470593 680 28.4999320790175 2872.0503398002
21208.3867842142 3583.68563377595 670 54.5702606220528 3264.4441282886
20571.6326915044 3592.21594514275 620 10.5120148100492 1680.75818870995
20047.2543669909 3446.43384792667 680 305.156309304128 2847.77984961205
19549.1507738291 3373.64211896925 550 527.429278251956 4419.20461403567
20519.9186446079 3518.03511350106 710 195.576537261798 4028.2317756018
20190.5363471832 3548.00022720827 710 279.638813063757 2423.5154294163
20286.8491542291 3460.17915674477 690 109.178599874901 4500.21326652242
20167.0986131795 3519.84844675991 700 259.555933884094 2421.20643427393
20762.8796301364 3623.50171784428 780 178.28156937639 3628.54235838786
21001.3039928144 3613.59564952464 670 95.384035506198 2845.37391895336
19688.2540040202 3498.52996914228 680 307.296963831222 1705.10361637719
20243.1541333881 3523.57379156083 720 100.169894482364 2763.9183016293
20103.2728334956 3526.26479399479 770 90.1553291805933 3629.66454560516
20143.1229809696 3552.90121762622 750 193.949758283016 2660.44933053558
20762.4284775937 3623.48891237885 790 178.368393723713 3229.8112791197
20759.8768862644 3624.14773009623 790 178.859447703994 3683.91976906111
