57110.9499523973 10007.9128176429 1630 48.2987281598644 41226.6473153606
56986.0861484566 9977.05735751996 1670 222.584852801304 40800.2221065044
57261.365206885 10001.8725550145 1670 245.706686361 34023.8632005699
58139.4166216612 10038.7649414633 1720 352.670657592198 33636.5508732669
58578.0673041364 10139.7250147377 1720 487.006864974569 32216.0607183295
57930.2014714395 9882.94802785763 1700 2451.50610870429 36794.3415075935
60752.9600497572 9941.02870712481 1800 2741.87791471433 42168.8774542702
53285.6593251842 9336.21599932466 1570 1454.14364378633 24735.5214354378
41859.9824782261 7826.83464434098 1300 3616.41863289781 26240.8288296199
54641.318253383 9511.59098327523 1540 920.380766363353 26477.7882479116
47841.8482922996 7986.52789191952 1420 2415.70970597595 24590.7603725604
53013.7892221936 9136.84054749374 1590 1466.36304321803 25579.933237542
53654.413392487 9420.9806791771 1530 220.85765070202 31566.9038494545
56454.379384226 9871.83038095052 1610 477.937256643753 28150.9232951423
57261.365206885 10001.8725550145 1670 245.706686361 34023.8632005699
46839.9970411781 8228.33515780338 1450 3220.58061483271 26025.1384450103
39966.0753361761 7461.46158677014 1230 4675.00423303302 18797.494418341
55950.4150683421 9973.06068586152 1610 713.68465983219 29563.7228804496
52193.9496712194 9145.3401213865 1500 1624.14123836711 22295.8038363356
51782.5011090597 9252.60813751331 1490 609.290922569505 24579.6398304706
47772.4961587544 8749.64370459007 1410 1435.7847462103 27951.9785990678
52927.3545525187 9480.39267078065 1530 90.4900179151246 32303.7573846158
58139.4166216612 10038.7649414633 1720 352.670657592198 33636.5508732669
51215.1773121657 9289.44099752051 1460 285.349671897636 24292.9883613114
49128.8477965233 9015.07999336148 1380 89.8593051687944 31545.8171199912
51288.6225189902 9304.20578305877 1470 119.013376517836 28927.46942708
54215.8994366663 9540.04078771462 1570 4.74157153329011 31001.6111586448
54809.1919979689 9710.95318464492 1590 59.9684641100233 33372.9258411196
58399.6856413667 10069.6505354504 1730 418.347730962203 34599.5025990049
46287.0815017011 8032.74442322613 1340 2017.38790929623 21974.8204601586
48043.8364076408 8247.33801605053 1320 617.88536771763 21764.6263811447
42031.0646140469 7616.9676021094 1260 4308.8012985133 18930.9472636475
44801.6895761632 8052.98311709271 1230 190.423108019306 17590.2814716376
58578.0673041364 10139.7250147377 1720 487.006864974569 32216.0607183295
50047.1378169912 9000.75440846452 1410 466.942917826623 24201.2954601807
55799.3218456154 9842.22969700889 1600 572.744888893527 26483.3154825528
56448.5453497158 10014.7698723277 1690 845.445944559867 32572.4985288191
46905.2824063257 7959.3949012865 1350 2507.53861413263 18298.1683738865
47976.9474981697 8226.57495616925 1380 2410.36981205558 20609.9975199616
47914.7125410892 8417.69786118459 1420 1469.45551114614 25154.6787558722
45066.2472397704 8250.44066593691 1310 796.531186227594 22181.4313713564
52052.2377860364 8956.20706165756 1450 581.97502081518 25285.516848433
50620.8216334797 9238.69551763418 1480 376.050057194204 28144.0471513729
53233.5225056318 9379.55284724923 1570 896.027107671857 29082.2723103395
55950.4150683421 9973.06068586152 1610 713.68465983219 29563.7228804496
51190.3884658911 8987.85585188864 1490 146.426353749208 27859.6285171861
47646.5958148703 8662.6305840873 1430 987.150064344114 28696.0623280437
56454.379384226 9871.83038095052 1610 477.937256643753 28150.9232951423
46692.263898842 8460.05375974896 1380 1909.13571497973 18958.8145255495
53699.4190946893 9717.61518515219 1570 845.488955475138 34378.7321007193
47365.2358840296 7970.12269709549 1400 2618.05682639006 17416.0938980689
51726.917865897 9414.88286478317 1490 102.927081231745 25742.1706716197
54739.3280564697 9552.81011861566 1580 343.146592252668 30762.6465876102
53360.7463255505 9436.89088953057 1540 216.905839721456 22631.3876812222
44648.4359321876 8091.00501675077 1400 3146.8933910379 21651.9709233122
46630.7529317313 8314.26345330882 1360 1952.65395065089 20581.5535488037
57814.2857512301 9924.76640107728 1740 819.371774207264 30107.3111865922
48107.5353555208 8813.17043984354 1390 708.948330658724 23503.1390823606
55798.7397032004 9936.9170836109 1640 402.350827823166 32779.8249910299
54733.3738613567 9578.55403650017 1600 849.752000081465 28909.0390286974
58139.4166216612 10038.7649414633 1720 352.670657592198 33636.5508732669
48810.4647104963 8464.10628592625 1410 1970.0777857545 24125.303912962
54286.1053633525 9632.33572718361 1580 354.346804203988 29202.4461548599
47494.5946227785 8302.41349589266 1380 1181.44869315291 21215.139808971
51262.4480758267 9129.13883442752 1410 301.659865252548 24375.1729989432
48687.269361387 9104.84035424213 1430 552.230734698751 27962.0197344684
49424.4464808795 8951.79283117787 1450 1112.5005153559 23692.7722422888
57261.365206885 10001.8725550145 1670 245.706686361 34023.8632005699
53248.8240246053 9340.66581118799 1530 973.036465741584 25958.411027967
47723.993242608 7937.12514672899 1320 2915.26338904024 15483.6703330056
58399.6856413667 10069.6505354504 1730 418.347730962203 34599.5025990049
45974.3919163291 7708.49602911529 1310 2463.03331485378 19909.5932577929
48417.3698687818 8723.77153657726 1410 1349.05563839983 30140.0057799465
58578.0673041364 10139.7250147377 1720 487.006864974569 32216.0607183295
43330.6720446279 7697.42591731143 1290 430.743190478723 17762.7489959089
58015.1110020609 10033.7241521155 1730 788.339442479852 32489.8222071772
56538.8653033512 10001.0201445182 1630 521.852837151892 30109.4956056412
58209.2244287721 9998.43822865958 1720 339.262293302171 35290.4853906418
55099.7854688197 10021.4433530801 1600 553.146252923069 32175.6386392317
56315.9846515809 10072.1558158136 1620 57.3581275920084 33253.8892575137
57915.1591778045 10058.9386512216 1710 75.1417391155186 37551.5312438726
58444.3989862788 10116.5088005117 1720 83.4661745769762 34044.5482887561
56124.1428732129 9973.37090871102 1600 19.2664178960736 27727.2757139369
56631.9758096101 9977.27386803711 1620 100.252010104932 27770.8950451352
57928.9435044922 10061.3295193962 1710 77.7945340234371 37426.8791098253
57952.9896951889 10082.8112932714 1680 105.67734975171 31782.5584962804
56124.1428732129 9973.37090871102 1600 19.2664178960736 27727.2757139369
57102.5623120867 10010.5272695203 1640 9.68759547764048 31188.4713139745
55386.2819165767 9880.38180436884 1600 683.492710133107 30282.8252161056
49578.1759273636 8680.14902199698 1380 1863.52449190683 20428.0675218963
57930.2014714395 9882.94802785763 1700 2451.50610870429 36794.3415075935
48195.8557493673 8232.90292405258 1380 2326.31176269418 17239.4395402832
51651.7853679748 9260.57521446069 1540 537.824888668602 26725.7611159914
55146.8924609718 9875.69803358191 1580 260.665409249826 31939.3873431026
46013.7821253196 8387.36366072516 1350 2374.89231260015 25313.3387579582
46477.2925522146 7891.56263031011 1330 2815.80205178293 16341.8814037975
46359.1097431636 7936.22948342586 1300 626.421905267856 18752.3036052783
49815.4830660722 8372.89317334347 1490 2035.88351666942 25004.8999942428
48764.4290842482 8191.63113614188 1370 1947.34578079159 23813.3815419105
50229.6205579469 8587.64864501609 1490 1956.18271919763 25993.4846793159
57261.365206885 10001.8725550145 1670 245.706686361 34023.8632005699
46186.6442438377 8068.11136289252 1330 2182.01201232456 21060.5683651147
48764.4290842482 8191.63113614188 1370 1947.34578079159 23813.3815419105
47703.6513729279 8108.64229037686 1310 2374.24037972917 17204.491054411
50229.6205579469 8587.64864501609 1490 1956.18271919763 25993.4846793159
57261.365206885 10001.8725550145 1670 245.706686361 34023.8632005699
46186.6442438377 8068.11136289252 1330 2182.01201232456 21060.5683651147
52469.9078083513 9154.07735777926 1540 1391.30605107077 24873.70138099
48265.902445434 8474.19669021835 1400 1976.88430196399 21618.1461710178
50905.2759931319 8777.33576990819 1470 2189.40251866232 21802.0801565757
58399.6856413667 10069.6505354504 1730 418.347730962203 34599.5025990049
55950.4150683421 9973.06068586152 1610 713.68465983219 29563.7228804496
46495.5028167925 8252.33465172715 1340 1858.56401008535 17098.7117844637
36020.6020043428 6820.47477603225 1090 920.349251479211 10399.6248171787
50717.4075006414 8777.28038504078 1460 1773.89479767007 20316.6013729197
54204.641272907 9664.5725180503 1540 227.801458281271 28858.4388272913
58139.4166216612 10038.7649414633 1720 352.670657592198 33636.5508732669
58404.7904733128 10037.4599512234 1750 705.729087456536 31896.9540895795
50238.7712577151 9032.65751024248 1380 38.3756546242092 27185.4225133762
43771.5435325462 8058.17591559568 1350 3015.78196168402 26546.5362128866
55798.7397032004 9936.9170836109 1640 402.350827823166 32779.8249910299
48200.9595556936 8237.99441556715 1390 1849.09879133389 25242.7030226602
56631.9758096101 9977.27386803711 1620 100.252010104932 27770.8950451352
57952.9896951889 10082.8112932714 1680 105.67734975171 31782.5584962804
44855.4956061663 7724.45757249673 1310 2867.84951694706 25435.3350246318
57952.9896951889 10082.8112932714 1680 105.67734975171 31782.5584962804
54432.900393434 9655.1472654326 1560 368.459125685373 30899.9566176748
56390.1289661071 10032.2707989785 1670 288.537911111476 35096.345727046
49356.0399394058 8847.18489579444 1450 1776.05622471428 28954.5647177657
51431.1332731067 8920.58934876776 1500 1862.43496053974 20563.9679485088
50343.3068476175 8698.03341528402 1490 717.895153939283 26638.6362157183
50755.1988804992 8697.77713827835 1430 2202.12829738192 20454.0373712544
42594.2195154342 7700.78843728816 1290 3196.95012219063 19569.4885681054
54398.8790106258 9529.48501799447 1600 1199.80238915032 20061.5887005417
50661.8006356088 8980.26563903371 1430 580.788955709722 24172.9560329288
51015.8020702221 8822.52950974303 1480 2190.83405579321 21541.1910712959
44033.0475811133 8281.45476437578 1350 2439.17220340162 20284.9496912942
57216.7088088098 10004.3170876386 1670 256.22474725847 31306.0243410124
57872.3571808631 10022.826794441 1670 2232.10593520517 23477.8769688149
56834.8134758148 10076.0363861067 1690 641.163849997655 32237.9979656554
44953.1418252302 7598.33138921368 1320 3293.5276112686 21793.9837652839
56631.9758096101 9977.27386803711 1620 100.252010104932 27770.8950451352
45983.1983383714 7821.84933448326 1320 2432.52673326475 15739.9547189115
48414.3102788273 8456.139010855 1390 1562.05760803538 23592.169610175
49428.467883975 8569.45686335929 1420 2304.32745132394 24576.6367152177
53607.0569672742 9278.05164898535 1540 1443.67825035183 19425.338892702
44217.5045857605 8159.29757097645 1330 2709.0079506275 26615.8997510934
55054.6357292561 9900.82079477632 1600 142.486768652088 32354.6957388656
57261.365206885 10001.8725550145 1670 245.706686361 34023.8632005699
48649.3453019506 8494.41581781448 1440 2397.79030519821 16704.7596648063
47571.9029522843 8552.59781448435 1400 1645.19664394791 26246.479482256
47978.6296215333 8620.92733328438 1410 1428.00125866545 22425.2850688175
55868.2160165498 10061.2461530427 1650 495.647523656358 36694.6425500694
43891.3773812519 7865.08060405981 1350 3923.35964612787 26627.0950212663
52117.3820374106 9214.46752757395 1370 157.929553232866 25674.4951181127
57952.9896951889 10082.8112932714 1680 105.67734975171 31782.5584962804
56490.9850698078 9927.59469809044 1660 837.883712248737 32336.6290980843
56986.0861484566 9977.05735751996 1670 222.584852801304 40800.2221065044
55872.0041452744 9983.69903015857 1620 388.251079372005 32308.2150871642
51259.096502702 9132.16407263222 1500 1895.54345244096 16769.4315182896
53475.3875789731 9444.00608885323 1560 1469.01803594506 20360.2179834205
49260.888718295 8905.92696845564 1450 1365.29150684944 26517.2833535281
51767.1608623853 9368.30749278632 1410 935.487065516712 26273.8898194706
50714.07907505 8874.07327618267 1530 1729.44574475363 26849.7508698672
60796.6834419974 9908.44707750382 1800 2733.46334395441 41311.2835111291
49395.1017250604 8583.97604696184 1380 1655.3775674751 22521.1339895375
51073.6033252554 8888.74874416205 1500 1793.75815989863 19529.8386436735
47726.7934060682 8228.27698230646 1380 1711.6045980286 24357.7076096538
51912.4386323609 9200.81499649251 1510 1275.10808558667 24022.9573017082
58209.2244287721 9998.43822865958 1720 339.262293302171 35290.4853906418
55938.3138443424 10026.3338799943 1580 10.1465013323196 33519.42473246
45545.2607400876 7635.65489236319 1220 2974.93146381451 22567.7879032457
54544.4048903965 9749.89680610025 1550 453.766338517582 29668.3314544064
57952.9896951889 10082.8112932714 1680 105.67734975171 31782.5584962804
51881.3295512481 9377.72552005008 1510 1290.06401232131 30877.014638139
57261.365206885 10001.8725550145 1670 245.706686361 34023.8632005699
56233.2782987559 10019.4415724663 1660 193.979105460562 29782.4739161424
56454.379384226 9871.83038095052 1610 477.937256643753 28150.9232951423
56404.331699174 9987.50069676502 1640 813.852839290203 24033.445308379
58399.6856413667 10069.6505354504 1730 418.347730962203 34599.5025990049
51967.8824012883 9140.03578987928 1520 1362.43246784689 28392.6309761828
37344.2611018416 6557.212603907 960 2555.60041897604 9968.11607589369
58020.2376434215 9884.81676845053 1700 2434.17863932742 36637.33262274
57216.7088088098 10004.3170876386 1670 256.22474725847 31306.0243410124
54399.7400470379 9686.39712149285 1530 651.359191143287 28364.1877845577
54618.1837073809 9394.39830418491 1550 1144.91904346255 27090.8487791763
48894.6671675196 8751.47259887372 1450 1464.41075215526 22518.5168821692
60833.1628377156 10043.6387883379 1800 2503.58707389101 44143.6600309762
58369.4278427448 10083.5109271008 1720 54.6097679764448 31695.2009297338
56980.2401609925 9974.8136091088 1670 223.709913613325 40567.4328798068
58147.6632293802 10107.065244058 1710 49.6997155587544 38228.4623013736
57445.1099724168 10111.0570641611 1680 705.044605124122 22290.1807840007
56161.1559279279 9983.75540396716 1610 1327.2280731224 35784.8745537716
55499.4432886856 9934.21615436805 1560 1908.1730197634 31519.1222450052
60760.4759579374 9946.27205587821 1800 2740.43147751064 52914.7283203763
57910.8590724387 10030.1414591894 1710 134.875809555219 33741.0790192333
57908.7577725833 10012.817782045 1700 30.7766409866161 38365.8184247644
57272.3448898169 9944.34916046948 1710 243.593645395534 25677.7745032688
55909.6439979332 10012.1604594334 1570 0.888527695673541 33348.7712658969
58734.2540566269 9944.9436302807 1730 436.708516599806 40231.9139430324
