8527.67907143509 2373.44095573328 645 624.374531107884 5476.84380219332
7363.90794556764 2050.49271578429 645 929.45297714954 5986.66239195258
8196.48725698026 2255.18159726651 645 692.370832542925 6041.58673681319
7486.47010837623 2042.58487118054 645 491.903017348275 5596.46263945172
8177.92943814998 2109.42655755126 645 397.801038094526 4681.91265485814
8189.66121380272 2233.20664040289 645 715.497891647489 4102.30006077442
7737.28967621437 2063.44023291197 645 374.516812415802 4312.43065891473
7692.83146126579 2153.70076909585 645 284.685743934431 3903.41939172958
7691.12850692091 2075.4177566568 645 1004.9889982837 6710.61504939125
7568.10885426939 2022.92886142456 645 972.143491719835 5481.45154882252
7851.7502124627 2141.79454304888 645 573.491044016241 4691.83550878328
8439.73623142942 2420.92706281569 645 36.8964494475117 5039.79314361862
8271.4225245881 2126.36980246237 645 792.156312466328 3622.83391118703
7702.59486860294 2160.58452694968 645 631.113003595912 5664.47155149341
8763.71432420409 2256.29088223835 645 635.711988664055 6431.7999306427
8098.08323860363 2197.3340976311 645 317.026377274323 5069.79582601023
7943.79028539102 2260.13474173682 645 531.365058527915 4848.14664640476
8070.27345596978 2294.2988696447 645 804.859034027249 7185.23208349193
8202.6320881728 2297.12604082218 645 694.135837755514 4618.24445812396
9326.33628951324 2551.78527777048 645 526.756750886968 5293.90762666527
8481.87416650439 2237.50694554481 645 619.904147685908 3315.58817565893
8053.91901054065 2159.25191892685 645 132.866025246491 3452.39757361317
8410.22583900007 2301.1475942084 645 513.381474656911 3907.00505923501
7761.20330794381 2116.87137302179 645 755.350452844638 6936.2427558693
7861.00094899604 2140.51603498864 645 774.644134125762 5505.84331712214
7831.05524837312 2141.4237577013 645 849.702835988338 5430.602240862
7796.05038643182 2180.17493783895 645 34.6845075764724 4983.25930390677
8048.71102638868 2289.54500924367 645 745.936628019559 7123.75653954851
8735.89543632366 2481.9561704285 645 276.744817075166 5850.71577326954
7842.15992498418 2179.29833330352 645 768.369268044725 5829.1020557627
8399.52740300233 2347.80701920507 645 734.371795796749 6502.68502621588
8110.14885248142 2231.96784478593 645 253.980337699862 2990.23017237405
8572.95544117341 2381.50510910884 645 617.051795489621 5002.01152274581
8291.19666036844 2315.77570453886 645 432.360373976177 7600.2557333878
8185.79374649064 2306.78647730545 645 726.091487869291 7722.96419072438
8131.00128128357 2224.04875938973 645 885.491316274605 5163.59850299592
7984.54120928543 2221.65644435699 645 788.884470441506 6998.76737871895
9097.64516067318 2544.98116396503 645 480.787557233862 5907.84005136846
8691.65016333057 2406.18791921973 645 123.508407090513 4694.87959280648
8015.1878753727 2205.18618690712 645 527.549466282852 6915.82801255938
8646.7305789048 2395.80762699741 645 656.013200028224 4756.29218289712
7825.96866077066 2211.70097185191 645 656.576511663864 5396.70886181952
7920.82141058955 2180.56231735771 645 330.42099838377 4216.73911603628
8211.7649017103 2317.74141704897 645 683.392774632901 6609.6070324651
8193.27211290252 2156.11185912637 645 837.904768054078 3657.16893534793
7476.72667130114 2068.410293427 645 944.357316196909 6846.75011599847
7553.52834920876 2148.75176671898 645 1035.7549641094 7609.46620577959
8014.77445147384 2218.34995240129 645 469.250074574448 4305.91077647535
8008.76450667407 2271.95530869197 645 304.953271126581 3862.53974500953
8706.97506319575 2201.46596296509 645 749.746441016063 6025.51015590398
8735.85073954849 2267.83362346631 645 633.330401726578 5046.06870635915
7907.79941658145 2152.60246199885 645 505.1858048477 3582.34823556258
8107.73196636849 2238.99175564869 645 573.470153351332 6643.39086196977
9052.1149407255 2351.29058834132 645 734.078037530911 5546.70115435114
8216.2692609149 2298.37495775905 645 745.819744746107 6593.8072497894
8109.46895012977 2216.69030795395 645 876.616725193362 5809.66682946276
8243.67261302452 2282.94363228262 645 667.608631997615 6779.02103475508
7461.1979476306 2012.04060754616 645 760.99800179854 5806.27977005429
7679.965119348 2104.92328840392 645 971.302841861789 6869.22320443251
7903.19619733868 2140.85923672986 645 850.092277596207 6280.95420608671
7453.57351805088 2040.68014337776 645 850.742145361977 7492.84012710379
8269.6445011279 2339.84433932751 645 739.448991700837 7754.83881987506
8046.85818574681 2090.14680607332 645 527.719991122297 4760.92598234958
7946.54915489382 1969.44539381696 645 587.18713155418 8282.59168488837
8166.00632262375 2283.30708382094 645 141.193659402295 3301.77683688215
7648.45909053224 2151.92631579251 645 899.305781024743 7907.92926011173
7027.29553892177 1950.77834457724 645 1241.55240533944 6782.80153368179
8518.32546037776 2387.18706701453 645 479.537494206778 3857.40864954337
8514.97301997284 2160.74070034561 645 675.024700670297 7360.43234057616
7401.89079356661 2027.18826702211 645 830.653798100239 5796.6077502963
8130.9763143877 2044.75889760804 645 776.381569682214 4653.78768081401
7716.91736920197 2169.66488116516 645 536.226850469855 6439.37270319072
8524.35145691416 2406.87132637472 645 604.623545133183 6941.34146682436
7980.56974114237 2002.38726722177 645 797.805871640516 3348.18169152956
8003.81890218871 2265.69263107061 645 828.1548952241 7382.49879534671
7780.99745401322 2171.558722537 645 36.4238381802445 4834.75617355343
8062.09225956593 2209.66753908912 645 696.687147962771 5977.31492359854
8641.8590329364 2250.85342453552 645 376.076247695998 4809.02207223795
8157.93174953239 2245.92381419316 645 655.347590683184 5398.40352553165
7486.83168835576 2114.63352782271 645 432.880185397075 3876.5914418237
7669.50486833367 2055.22287974911 645 1038.251674658 8167.17630669642
8171.63450838991 2213.47546445445 645 620.332882593599 2918.94293727981
7688.79961438333 2169.04058227957 645 140.507808895804 4690.44348042198
8319.0928072443 2320.96329481541 645 505.659895109007 6068.6984408148
7932.75366816479 2140.24601523131 645 836.003552713401 5213.35950780324
7616.28379252673 2094.68627874506 645 230.080905756466 4668.47343870609
8419.12184230078 2368.88785080465 645 548.355731752838 7143.51164884657
7481.13386991333 2087.58906865075 645 415.219530732847 5969.54145845227
8505.11991072242 2361.28451207053 645 680.457375804804 6010.46262280306
8626.55679822269 2192.64045932919 645 641.391149131811 6986.70360368692
8581.7464324793 2453.4782363059 645 170.414397706342 5203.26377192387
8384.8913749807 2360.28778246283 645 621.924652786846 7395.68275801797
8333.52888558506 2255.04743268465 645 680.527956298272 4766.53949720569
8241.93572908855 2342.7702491058 645 690.621817505581 5998.73476340537
7671.54865701735 2172.60300369297 645 976.299978024006 7177.3682616098
7537.53818835411 2054.80086449166 645 680.726404329998 7150.97007272014
8566.58837856374 2276.9321535313 645 336.386193674254 3251.91335034821
7798.42110549216 2029.8619966206 645 441.105736686046 2444.3233922702
8058.85409002754 2280.79091326286 645 460.156171125826 6254.3857069379
8256.99979419851 2287.30247772467 645 263.730466440786 4350.30915549874
7691.04633430765 2065.59676574394 645 992.598364761319 7079.38865829779
7481.14661499097 2085.52275421025 645 581.605648141958 5593.56601579536
7926.5984466155 2095.94395987409 645 228.954265738524 2144.23062116547
8123.48982945451 2261.36691644958 645 690.569306484567 7029.14854070747
8610.3431690614 2365.95344106857 645 272.504418552255 3689.22684285396
8218.17753075724 1996.43354252453 645 744.292529950015 7227.01285245411
8389.98091229322 2345.93288774416 645 630.707760398498 7119.23472319927
8041.92742691824 2204.70318093979 645 489.561602604207 4671.24616085689
7872.59948508608 2214.23650967081 645 448.852519926177 5338.55994355025
7755.85793806671 2109.18007407396 645 808.969674528462 5575.8629161706
8358.75509602006 2110.98069745192 645 762.130902734256 5288.7633671037
7249.87474448507 1983.92701620051 645 107.015996998059 4073.30180912054
8162.66109857315 2199.11364451242 645 135.223076913089 3774.7851171962
8598.23340828225 2444.35690559497 645 583.865572217298 7443.74449604524
7751.86848021283 2107.22551732529 645 950.602280519376 6767.22315329514
7999.64981535462 2193.88184376118 645 852.510417690816 6743.39701193879
7681.97047084917 2171.16530566764 645 991.725401022228 5666.08594732275
7736.7338808945 2141.38354633995 645 688.668862854107 6597.24802300953
8259.76678230493 2269.21716148626 645 362.432844113738 5202.31449649399
8792.6050256525 2259.22076152576 645 622.312100200852 6456.92944657001
8104.93191149639 2163.2116929731 645 81.5087171519242 3755.34303792263
7761.48631593143 2052.73136121705 645 807.865564820431 3502.99851917054
8797.10556517044 2396.96134759167 645 102.33961341448 4505.89880542573
7757.9945382785 2185.57836194383 645 957.694106277756 6856.77773391774
8408.19236198876 2259.39420851526 645 666.766293832926 3967.75668833957
8852.25976794907 2335.65725723421 645 528.099871678007 6038.68298152322
8198.27921602384 2336.29891715507 645 741.340885412625 6992.13696270312
7808.35509881111 2174.91677445104 645 507.037568963118 5764.38625261028
7689.17719544281 2078.63943760963 645 928.705152584466 8617.23683121779
8560.2888749744 2379.61203440669 645 630.678840537761 5196.98965981735
7720.66034261164 2065.10454733773 645 903.184046751227 7832.50448648697
7872.27677654548 2152.67084038388 645 518.482704433457 5366.89381949213
8084.01754756255 2060.20550220538 645 622.529979175081 3471.76853329291
8510.17420605248 2173.55831256797 645 599.197568536571 6976.86254129324
8420.16197849459 2365.90397692175 645 406.898723639265 6547.28458187246
8498.12377279858 2366.29614494541 645 490.906254405343 6638.43249639074
8272.51149928184 2232.40206328979 645 305.019018955989 3501.54548977841
8485.40623523159 2208.58582706693 645 383.344869888394 5460.51770138879
7757.9256955474 2158.22564623973 645 174.947562702795 2947.58638130549
7908.81715820442 2102.13556646076 645 258.489044752467 4983.44795147341
8515.52374465334 2198.45791983955 645 667.567267182783 4812.78387649736
7845.42279260428 2212.26394281997 645 196.04300643741 5763.26155645038
7602.14318640072 2051.16208327699 645 968.602143991869 6699.83158667912
8142.87287585159 2285.55470922986 645 602.142948137574 7098.53463484477
8679.64275854016 2226.49832113909 645 587.780965904234 6512.68282112083
8170.93335953028 2309.5266834332 645 712.71823839565 7239.47713096998
7375.11455047653 2042.54324960085 645 47.1802089649337 4377.17892950603
8084.16074958624 2241.95502343355 645 408.708108614115 6134.4993122311
7495.40380386985 2006.76094146658 645 888.003312076859 6202.65917170454
8091.22785561921 2249.86696645356 645 600.677280972448 7530.77058553183
7846.47668009402 2137.18417377547 645 861.390049958103 7623.75087828983
8764.01805733877 2439.21635272047 645 890.807722066834 6292.66316153341
7489.60622139086 2071.49654689666 645 382.097062153467 5810.31907621979
7690.47957770859 2144.2317844611 645 620.075709300536 7278.62459800803
8227.50644966832 2270.21521146391 645 739.655223091802 6212.3623934648
7783.44012796381 2189.66636090682 645 705.155918513447 4955.14987214845
8184.46733974408 2315.72715365077 645 704.329349140168 7157.42785509953
7865.9210723472 1952.64519545438 645 197.240674393033 3722.736892273
8445.58485903437 2411.41578881828 645 540.96358714356 6224.69684109628
8288.82464340293 2039.31306188257 645 785.444842477244 6493.08883298556
8238.04936033347 2288.80409877742 645 708.523450348726 7618.26355616103
7838.12396062965 2206.95038833869 645 924.630141654388 6851.44535675939
8385.8386539365 2393.40326967033 645 306.021267939293 5667.48383684856
8441.81027205776 2314.41909089682 645 755.906762642613 5156.03322146001
7981.93295245536 2190.43947899692 645 802.349157659203 5884.15983497657
7655.42433416722 2145.86651602482 645 417.103931293483 4846.04091344334
7802.79676043819 2203.45672862699 645 966.316297952486 7420.22498112894
8415.64295108305 2251.85225826226 645 768.60314245807 3927.97048675906
8701.21983255042 2486.85148831218 645 385.979261543238 6289.9205447459
8372.09506900939 2330.74350465553 645 573.084268892798 4816.69181361515
7905.13869255296 2243.23264842554 645 217.980283747192 5392.2156237571
8082.21577527023 2230.31887604191 645 576.52415640556 5866.71405579575
8677.90959838395 2423.92279577946 645 682.407805933989 5291.30172028399
8855.34759840743 2535.31780463424 645 450.037838677557 7085.96292231987
7751.56476211393 2176.30385751579 645 216.56147380888 4172.11152852528
7716.02517158709 2118.88399460189 645 907.852631441315 7861.81041594296
8022.69324026306 2274.89300306676 645 721.167683415456 5422.3587864211
8428.16598972531 2310.53667467166 645 689.783357450423 5522.57925085575
8611.52909305974 2317.0814271337 645 201.043242728831 3909.16408079533
7894.43961179738 2129.15965463043 645 400.921034761037 5505.02220961952
7308.3828482585 2054.86188306934 645 1195.27079675873 5978.06184413751
8314.28663119367 2399.78695377978 645 261.455074152504 5823.96532081036
8259.92704092267 2176.09329378869 645 694.008562849322 4443.07950087059
7660.65086888544 1936.46040754876 645 914.458245770601 3811.70547700796
7313.81229233417 1985.39356856985 645 565.995966059276 4184.38575748858
8331.15711444424 2138.97306994121 645 435.682219054776 4688.36694119189
7707.00667000837 2030.99407916386 645 383.254702439854 5681.26501089017
8920.58840257771 2366.98659475528 645 543.02057569158 5444.16184241604
8774.88385483261 2350.72412814776 645 260.852086153664 5576.35509573093
8339.32424644838 2334.97015765349 645 611.962997844 6847.12501108436
8305.80917545395 2321.78847554096 645 746.934796053804 6958.38235340569
7578.7706063068 2061.17202212031 645 62.3494612189136 3114.84625279509
8282.770439278 2348.32102974843 645 656.931291894651 6631.07967873138
8053.01772835568 2230.23500874155 645 302.410777791021 4408.19847116985
8400.79139951948 2332.65823676841 645 12.5352158300808 4676.70104491462
8493.70840463509 2368.89951863166 645 798.427916794333 5412.27213460149
7684.0023266896 2110.26732642977 645 867.883740467703 6540.66571125175
8420.20834098874 2390.1567347113 645 466.632894794999 5668.07691192731
8702.07377510922 2257.65931451666 645 596.531820470974 4824.95563018892
7564.10727623109 2121.93291751634 645 912.114358617317 7595.10611671899
