12613.0098213587 2988.45307011986 1099 74.3539439929558 15776.2638247436
11875.1649951776 2941.73651025119 1026 26.2046201094022 11792.0393187491
12746.0505580802 2958.88433484567 1130 86.9644255418463 16089.1785808367
12955.7439017999 2963.9878801938 1141 344.534043146024 15340.5459933709
12654.2138787219 2915.5216900891 1122 254.964781101326 17567.0622173781
13133.7771911079 2915.08327303142 1216 490.91412634226 16808.3420267993
12746.8040771316 2973.59889337611 1130 265.064381014982 14537.4874359973
13105.2972739673 2967.22776092787 1183 174.109653640221 16815.818385182
9768.28633091122 2609.89547805922 788 70.3162177918324 8167.80012813002
9752.74289420347 2712.43364175303 676 2.60812140411547 5777.45545313749
12955.7439017999 2963.9878801938 1141 344.534043146024 15340.5459933709
11160.7731859314 2684.68727452274 995 134.699497056159 11853.6409621256
10225.7533548407 2698.31699640094 747 24.9341557359815 8156.33739954205
9338.57001105994 2523.69336177994 715 524.110462384045 8310.42396985159
10228.9556525839 2717.15203016833 708 2.63385598437282 8588.7066325295
11521.6975006058 2747.0448399118 998 161.441273448959 13474.9723901329
9785.08484903346 2693.14985665866 733 51.9658254987299 7818.32602870717
10520.1635690595 2814.19680864832 763 60.6879366551197 7667.03386019572
13133.7771911079 2915.08327303142 1216 490.91412634226 16808.3420267993
11871.9119811238 2981.8350008204 1021 10.0896906468731 12200.3914129549
10225.7533548407 2698.31699640094 747 24.9341557359815 8156.33739954205
9338.57001105994 2523.69336177994 715 524.110462384045 8310.42396985159
10228.9556525839 2717.15203016833 708 2.63385598437282 8588.7066325295
11521.6975006058 2747.0448399118 998 161.441273448959 13474.9723901329
9785.08484903346 2693.14985665866 733 51.9658254987299 7818.32602870717
10520.1635690595 2814.19680864832 763 60.6879366551197 7667.03386019572
13133.7771911079 2915.08327303142 1216 490.91412634226 16808.3420267993
12746.8040771316 2973.59889337611 1130 265.064381014982 14537.4874359973
11979.6122070858 2842.00513887305 1053 180.471789134813 13669.2568639422
10200.0303550227 2677.0744337124 758 39.8059996328238 10688.5925362397
10625.1672743195 2872.65818517647 744 2.77836069419286 8360.84736234559
10625.1672743195 2872.65818517647 744 2.77836069419286 8360.84736234559
12746.0505580802 2958.88433484567 1130 86.9644255418463 16089.1785808367
10200.0303550227 2677.0744337124 758 39.8059996328238 10688.5925362397
10625.1672743195 2872.65818517647 744 2.77836069419286 8360.84736234559
12746.0505580802 2958.88433484567 1130 86.9644255418463 16089.1785808367
8996.59615087566 2288.88863075984 631 523.35948492709 6752.88055061675
10830.9643363851 2764.41076813634 838 13.795256796684 9861.97859219795
10806.4676592754 2875.06618756392 867 144.644236977474 9773.73413083084
13133.7771911079 2915.08327303142 1216 490.91412634226 16808.3420267993
10692.2659282785 2843.68940871499 672 5.10704926978202 10311.2920844349
9590.4452754568 2392.23104400676 764 160.950587956927 8550.95871505211
9886.07206675054 2601.49073658247 708 242.209202842612 10089.6277114209
10146.2397139992 2550.25142654341 802 74.0346862894816 8960.50008528821
10799.4325204311 2695.53569076666 832 98.9693081548733 10506.6564526247
11871.9119811238 2981.8350008204 1021 10.0896906468731 12200.3914129549
11789.6695086871 2799.79077365131 929 70.9503579535372 12254.7338702507
12654.2138787219 2915.5216900891 1122 254.964781101326 17567.0622173781
11871.9119811238 2981.8350008204 1021 10.0896906468731 12200.3914129549
13133.7771911079 2915.08327303142 1216 490.91412634226 16808.3420267993
12256.8010962671 2966.91424933176 1095 306.469023414477 16579.5926288554
10346.1591809427 2720.88939575542 876 138.06555105418 10099.3252601162
10806.4676592754 2875.06618756392 867 144.644236977474 9773.73413083084
11236.0018325888 2902.30883143222 886 6.21769589973203 12476.4965565376
11882.997438438 2984.65126246589 1021 14.3564851565093 12280.1331087846
11248.6322851176 2851.85783132139 909 20.7824961042855 10908.3723779431
12746.8040771316 2973.59889337611 1130 265.064381014982 14537.4874359973
9683.85889792875 2643.98551384243 726 56.7435394086409 5989.33798830051
12955.7439017999 2963.9878801938 1141 344.534043146024 15340.5459933709
11388.734158159 2805.04016311131 1007 205.544585677606 13952.6681506275
10106.8105244307 2523.51806062135 735 148.985354621447 6098.04533146403
12746.0505580802 2958.88433484567 1130 86.9644255418463 16089.1785808367
9579.40787024327 2578.16034028589 740 426.492657644103 10112.9204878513
12955.7439017999 2963.9878801938 1141 344.534043146024 15340.5459933709
10954.512755221 2943.85378995924 843 59.6630740275271 9102.33877514221
12327.4324759808 2918.01457199584 1076 314.347873052237 14795.2972865103
10091.7574051642 2546.86165916461 773 432.337587969516 7897.95421972917
11882.997438438 2984.65126246589 1021 14.3564851565093 12280.1331087846
10106.8105244307 2523.51806062135 735 148.985354621447 6098.04533146403
12746.0505580802 2958.88433484567 1130 86.9644255418463 16089.1785808367
9579.40787024327 2578.16034028589 740 426.492657644103 10112.9204878513
9557.11612232586 2566.93385574218 618 376.388810461706 6717.31946766012
12955.7439017999 2963.9878801938 1141 344.534043146024 15340.5459933709
10954.512755221 2943.85378995924 843 59.6630740275271 9102.33877514221
10223.07889704 2660.42885330472 668 74.5330466391734 7585.29261253543
12327.4324759808 2918.01457199584 1076 314.347873052237 14795.2972865103
10091.7574051642 2546.86165916461 773 432.337587969516 7897.95421972917
11882.997438438 2984.65126246589 1021 14.3564851565093 12280.1331087846
11802.5912082275 2941.42922762106 1025 165.868437561355 14656.4878285116
11788.9155134769 2900.1721482484 979 186.878443080276 12086.5123990214
13186.5788227599 2938.64316003099 1216 425.200774906667 17179.6837606883
12746.0505580802 2958.88433484567 1130 86.9644255418463 16089.1785808367
10137.0549215281 2821.93960970132 713 16.6496608446011 10467.2870523838
9738.22575723205 2420.71518893872 848 244.847813783855 8939.21267988786
9636.57641624205 2416.88000799498 690 377.87049811628 8000.61616567583
10701.2148298723 2836.41200178842 798 16.5418496204491 9467.67975417866
10930.5541475393 2704.57360512194 924 76.9695301693664 10815.312279137
10733.0805414722 2790.86919620562 849 89.1491831449064 9818.78128653881
11733.7758641541 2838.12582691678 1005 117.604003279407 12295.3378427302
10631.8379798726 2932.33768059156 770 49.7374778302364 8755.82346952693
11802.5912082275 2941.42922762106 1025 165.868437561355 14656.4878285116
10338.8227252787 2851.7066675931 728 228.190353562711 6780.78635279667
10598.2534224232 2813.01397408568 827 86.4635875795739 9849.30484713727
10485.1882809554 2811.46517993611 817 205.619471435218 9943.53238990608
11093.0518524055 2929.33463732616 880 14.5674287598812 12891.2951023916
11462.1868478324 2871.69749061074 978 132.944623281906 12872.3921992015
10954.512755221 2943.85378995924 843 59.6630740275271 9102.33877514221
10633.7921674524 2863.2170217915 762 39.1077094992314 10211.5347205797
13105.2972739673 2967.22776092787 1183 174.109653640221 16815.818385182
10098.2387491285 2587.19842140625 885 390.333427574823 9752.76856063873
10041.0727739292 2563.07331847634 753 333.513168859826 8231.51003013799
11802.5912082275 2941.42922762106 1025 165.868437561355 14656.4878285116
9805.5601213737 2495.81550039801 629 284.283733550167 8319.43990937004
12955.7439017999 2963.9878801938 1141 344.534043146024 15340.5459933709
10521.5053101094 2725.89210967756 858 2.87727040197401 10346.1759400958
7735.34126232779 1985.98051635649 745 1488.66712002619 10562.1965550916
7547.79925023812 1944.14439092469 717 1452.57464297141 10082.7908995173
11636.6459610137 2863.25460064429 961 43.4764289923452 11341.0133205757
9315.67266445659 2508.6145680268 646 413.380940645676 6967.25769756813
11110.9998252546 2894.3587018802 902 18.7829030011877 12921.7020231816
11630.491325927 2888.41666590606 906 155.385573050361 9852.19523401193
11826.5567180543 2784.81467947215 993 18.3272466137978 11703.7958077406
11409.0039601159 2921.96476318239 917 11.7815302042356 10624.3564064826
9741.36282772519 2597.41918552959 730 372.681050375663 9419.87254461194
13133.7771911079 2915.08327303142 1216 490.91412634226 16808.3420267993
11075.4527152497 2699.63948981905 975 111.53674568921 10255.9355898586
11762.0122683947 2897.91828208081 1041 142.564952306135 15048.1208806012
11545.327952706 2822.87450216884 903 28.0340476220443 13166.9543540208
10765.6245148047 2817.5480272437 829 137.99974687002 10526.7041852639
11317.4719989464 2855.61684586442 866 42.5911730620353 9548.62143078311
11807.5297850066 2867.422810974 1022 28.7718979152478 15500.3739714163
11834.9953937119 2912.52457944703 1022 33.7785560273716 14819.0089681988
9640.96989586593 2449.14474268902 792 678.918709336699 8863.64945502527
11582.2360781894 2809.20286825363 979 16.4537284672174 12162.7946136715
9964.76070742973 2637.65296488551 711 277.548049516104 8549.7478209904
13309.3120034673 2935.95114022058 1216 254.718004085108 19247.9978423988
13295.0044463952 2957.52544988195 1216 257.471494727437 19550.3648261024
11665.558470584 2991.69045138198 971 192.2388044462 13817.3983296733
12489.1280430083 2982.7493184899 1114 221.601739746509 15184.4694317604
10553.0132972194 2748.63782520593 820 61.1309908476944 9179.86008277905
13133.7771911079 2915.08327303142 1216 490.91412634226 16808.3420267993
9477.98675139283 2469.70817166534 688 403.939814561659 6549.86848611038
11593.3094968696 2866.91680404325 1010 139.47629228852 15037.1627533948
12157.0284644785 2813.60305791016 1056 16.327260401594 13157.8045310193
12157.0284644785 2813.60305791016 1056 16.327260401594 13157.8045310193
13133.7771911079 2915.08327303142 1216 490.91412634226 16808.3420267993
10778.5186168694 2863.13263771716 853 51.7715347332186 10676.3414631585
12746.0505580802 2958.88433484567 1130 86.9644255418463 16089.1785808367
11457.6116002102 2840.79357856775 942 74.1501463432089 11250.8182037719
13071.2666108101 2978.8800822735 1158 176.620700895449 18812.1272929673
10974.8309683629 2857.63960510938 819 7.18123561873217 13085.610462308
9261.42778050204 2611.48585602978 639 169.204195431667 6156.49841455735
11738.9148502819 2939.81288706825 967 152.04772321791 11739.2516269363
10742.9773154119 2742.58774083595 841 24.7503825416133 10613.279071536
10479.7038593364 2544.28323793554 861 236.458503741759 9404.04587381166
12013.7055088411 2926.28490619456 1007 161.831888976235 12191.9009668226
10806.4676592754 2875.06618756392 867 144.644236977474 9773.73413083084
11030.5938564245 2828.14186976804 809 16.6965089419186 8556.90141465628
12152.9360832685 2934.86623506185 1031 56.9077970491307 12349.8239961392
8402.93252263274 2030.97559583994 705 571.935696562525 6926.83598715201
11568.5369667183 2982.19908657658 954 199.037673684971 12640.0486747691
11674.3536208094 2975.62809427881 985 217.02012516832 12349.9747922366
11973.1553984383 2996.73276501306 1024 13.1967404848282 12193.7801426727
12955.7439017999 2963.9878801938 1141 344.534043146024 15340.5459933709
12394.592118968 2989.99404708114 1073 154.289576583924 14240.9346059962
11722.1283548816 2978.22806927852 973 145.412057077881 11696.925441142
13168.2544347806 2899.42358949868 1216 484.278977703793 16342.7942675813
11841.6421192477 2968.83359384276 1021 15.9151282810357 12070.5184273883
12365.8219864069 2957.55704547236 1093 62.0361270803808 15158.5891160719
13274.3820367859 2935.57260277152 1216 463.854711175062 17530.0358692802
12527.7952956664 2963.05260419448 1114 333.706008081151 15960.7055368113
12140.7200955533 2971.37669429837 1055 29.3577581127496 12885.7177552409
11761.3711905754 2991.6993855815 908 161.834405840531 11135.5095179125
11662.5323101313 2976.91261223052 917 46.6339454037544 12490.8918266816
12873.3944000616 2980.26213554802 1130 178.441609196724 15343.0312489209
12457.7118126875 2985.68397459733 1112 124.852775235811 17642.8086878527
12938.5634051958 2981.40944696711 1134 172.463891090123 16544.8685241178
12334.6935349701 2956.12159070823 1082 34.0031229379342 16181.1481094941
13133.7771911079 2915.08327303142 1216 490.91412634226 16808.3420267993
11424.1884801069 2984.16694157541 926 148.078784441007 11517.5122543485
12936.9098408867 2973.97804724473 1141 84.1360958708952 17466.3918440175
13048.7746813783 2894.99055427499 1216 253.993913557437 16825.4791004985
13133.7771911079 2915.08327303142 1216 490.91412634226 16808.3420267993
12931.4673977223 2992.58829664843 1181 72.1406022516209 19007.2905241577
12127.1200203205 2983.01006315736 1034 503.566418971559 12268.7828553471
12914.5438813493 2983.42850270882 1135 107.391667190263 16553.2748937276
12641.6485672009 2983.20955820187 1134 116.278888271029 17509.988510723
12595.813778175 2973.17350021949 1107 103.238064372092 15578.024499529
12256.8010962671 2966.91424933176 1095 306.469023414477 16579.5926288554
12140.7200955533 2971.37669429837 1055 29.3577581127496 12885.7177552409
11228.5563555744 2749.69676728842 966 179.336050285972 15287.0219226604
12936.9098408867 2973.97804724473 1141 84.1360958708952 17466.3918440175
12089.0721739515 2937.90116915292 1021 222.602950025057 13661.4365818716
11904.6657574872 2888.68995483902 1019 84.7162279735313 12791.7837879258
11408.5195478023 2778.29403080027 809 143.158135317071 9700.57664314455
10697.3267528358 2887.55007437886 831 115.558735028288 9687.49346049631
11871.9119811238 2981.8350008204 1021 10.0896906468731 12200.3914129549
12914.5438813493 2983.42850270882 1135 107.391667190263 16553.2748937276
12489.1280430083 2982.7493184899 1114 221.601739746509 15184.4694317604
12077.1814505206 2869.72037889562 954 79.6235168866067 12958.8013473748
10810.1648761791 2809.43406068986 802 41.906176511121 11069.5301034057
10106.7743268531 2659.83154637131 797 97.1416069472111 9250.67333648554
11157.4355100454 2900.04718125632 918 36.6560064104789 13187.3979862057
12427.4858644195 2891.66373464685 1068 87.771841371933 14028.0220523956
11535.1346287746 2916.39193843834 923 321.490219053529 10902.6688042103
12086.2510052871 2847.01189536219 1017 118.28362437437 12440.8835797834
11816.3240598692 2760.05912764342 1011 294.922233897582 15233.3453524916
10946.2363891882 2899.81530475951 885 117.745732364337 10085.8354034528
9711.6914734387 2608.44015303315 771 402.859930080011 9904.72716320796
11543.4800156387 2953.60923330661 814 8.12551172700843 11691.8008586991
