11177.6707300157 2912.37388511155 1021 75.2285148048658 13881.4547112778
11698.5726611474 2950.14839287268 1062 445.685299618674 13050.3107049554
11815.0854041868 2896.03536597054 1080 374.000238167822 13374.8499378244
12002.5522913227 2947.45646443408 1091 559.210800081595 13416.244633877
11926.1768313641 2975.94454506284 1115 145.156233175676 13747.0811473427
11781.664538419 2985.83026869042 1033 159.292763679719 12651.7179381142
12061.533566572 2993.31614259781 1144 131.789322493555 15144.6663059373
11646.1463865405 2979.01034983699 1076 335.374806104119 13146.4982581731
11926.1768313641 2975.94454506284 1115 145.156233175676 13747.0811473427
11815.0854041868 2896.03536597054 1080 374.000238167822 13374.8499378244
10195.1003978962 2768.21200676712 838 40.6730132788892 8911.4894506057
10121.9591780028 2814.2631800627 798 34.3182017423433 9258.09622497595
10121.9591780028 2814.2631800627 798 34.3182017423433 9258.09622497595
11926.1768313641 2975.94454506284 1115 145.156233175676 13747.0811473427
11781.664538419 2985.83026869042 1033 159.292763679719 12651.7179381142
12061.533566572 2993.31614259781 1144 131.789322493555 15144.6663059373
11646.1463865405 2979.01034983699 1076 335.374806104119 13146.4982581731
10133.7309788343 2900.82127714172 817 180.91295427933 8308.57222017838
11926.1768313641 2975.94454506284 1115 145.156233175676 13747.0811473427
11815.0854041868 2896.03536597054 1080 374.000238167822 13374.8499378244
9973.44064698804 2669.08015026985 772 90.8849196545151 9507.81421802156
10195.1003978962 2768.21200676712 838 40.6730132788892 8911.4894506057
10029.9743987935 2760.66542149371 817 141.400826414485 10070.8080900126
10121.9591780028 2814.2631800627 798 34.3182017423433 9258.09622497595
9563.5180823715 2678.44678767331 789 156.896949162181 8308.29716484865
10107.1995408712 2810.2497769163 861 9.12094105301943 10192.8602663413
10051.6317294939 2670.44338428307 814 174.505784211248 10437.4813883468
9627.28558010891 2813.16713807043 816 40.9743370415212 8391.73758228241
10282.984930329 2828.7942624506 869 46.4368889491101 11207.3211144066
9897.75122971792 2799.32101102572 798 0.952908969486898 8951.73940365811
9611.60361384922 2745.10180082142 647 6.95253592784713 8443.43081168529
9935.33740624618 2875.07138541181 790 2.97423395262617 10287.9139067084
10419.5391084749 2838.31825044821 892 3.92767282300757 11688.9143398001
9976.72247813306 2885.36053353207 754 23.5466236915446 6865.85107423554
9949.37145509382 2757.8846097811 719 80.0047859370843 8285.56575085852
9724.84217309174 2699.28886272395 745 53.6847961005823 8960.3446477948
10837.8851491966 2875.10105155717 901 20.074574019675 10623.7092676228
10458.8798856139 2883.68761955311 868 0.295645462680329 11401.772491023
9201.96091345597 2631.58026566983 737 239.247000501326 7097.20621105133
11698.5726611474 2950.14839287268 1062 445.685299618674 13050.3107049554
9611.60361384922 2745.10180082142 647 6.95253592784713 8443.43081168529
9935.33740624618 2875.07138541181 790 2.97423395262617 10287.9139067084
10419.5391084749 2838.31825044821 892 3.92767282300757 11688.9143398001
9976.72247813306 2885.36053353207 754 23.5466236915446 6865.85107423554
9949.37145509382 2757.8846097811 719 80.0047859370843 8285.56575085852
9724.84217309174 2699.28886272395 745 53.6847961005823 8960.3446477948
10837.8851491966 2875.10105155717 901 20.074574019675 10623.7092676228
10458.8798856139 2883.68761955311 868 0.295645462680329 11401.772491023
9201.96091345597 2631.58026566983 737 239.247000501326 7097.20621105133
11698.5726611474 2950.14839287268 1062 445.685299618674 13050.3107049554
9817.46318133538 2794.12362767335 651 69.6572689574707 6502.04107151263
10245.3105357243 2748.80867720835 646 60.4101566928093 7293.36777837878
10347.1674320762 2888.21047111305 891 1.92883526011818 11814.0851301893
10459.84266165 2937.10497673595 787 3.40656060531965 10339.4458542436
10370.6493024926 2861.37189893131 753 48.4040360352 6493.84890180095
10387.8782395174 2834.96114282695 937 32.9814938258989 12706.8701961847
11593.30415941 2987.48527451576 1035 28.5070446660772 14912.304503002
10135.6398491185 2817.17481087575 789 55.1948076327135 9871.67964515178
10370.6493024926 2861.37189893131 753 48.4040360352 6493.84890180095
10387.8782395174 2834.96114282695 937 32.9814938258989 12706.8701961847
11593.30415941 2987.48527451576 1035 28.5070446660772 14912.304503002
10165.7111991174 2947.81112219685 866 166.265780340563 9720.03909363136
10135.6398491185 2817.17481087575 789 55.1948076327135 9871.67964515178
9952.53002029949 2748.24182887933 832 29.6756351357256 11649.0473747618
11417.9186016682 2916.37815587038 1022 183.310289944177 13446.2554733775
11846.1300292636 2903.71690766281 1087 368.025697286159 13497.7546049007
9678.87165751204 2622.91928903131 811 376.483895581795 8736.8007964628
9226.51481249441 2489.54963326944 648 13.8848094151513 7293.78127414267
9877.39683770561 2819.4995369764 757 11.7011019337307 8344.22141842008
11926.1768313641 2975.94454506284 1115 145.156233175676 13747.0811473427
12002.5522913227 2947.45646443408 1091 559.210800081595 13416.244633877
11926.1768313641 2975.94454506284 1115 145.156233175676 13747.0811473427
11646.1463865405 2979.01034983699 1076 335.374806104119 13146.4982581731
10134.539143753 2802.66481528574 804 139.062722317359 8005.16274152584
10261.1522501536 2663.97103343188 760 16.153059819609 9062.24207645469
10628.7537217627 2839.11211966493 857 92.6096867985551 9293.31749225346
10387.8782395174 2834.96114282695 937 32.9814938258989 12706.8701961847
11593.30415941 2987.48527451576 1035 28.5070446660772 14912.304503002
10027.4829545546 2858.51470073403 782 38.4470175368799 9431.68763780659
10135.6398491185 2817.17481087575 789 55.1948076327135 9871.67964515178
10370.6493024926 2861.37189893131 753 48.4040360352 6493.84890180095
10387.8782395174 2834.96114282695 937 32.9814938258989 12706.8701961847
11593.30415941 2987.48527451576 1035 28.5070446660772 14912.304503002
10152.9292301428 2760.82639933462 843 201.313531233429 10860.706520766
10027.4829545546 2858.51470073403 782 38.4470175368799 9431.68763780659
10165.7111991174 2947.81112219685 866 166.265780340563 9720.03909363136
10135.6398491185 2817.17481087575 789 55.1948076327135 9871.67964515178
9952.53002029949 2748.24182887933 832 29.6756351357256 11649.0473747618
3281.32549080782 980.930454245758 368 631.491385138893 4593.15657699964
10895.1076530317 2982.26879194034 936 141.77606140772 10980.1639389675
10799.0634100942 2924.44219018193 938 159.940491918934 12238.5366217959
11760.6140087815 2982.24748718118 1069 230.335156580748 13100.0442730721
10900.7615184395 2985.9210091044 936 140.687974502686 11005.7294591159
10951.0611630142 2996.59343828233 939 131.007803390903 11068.6200715903
11319.2673083477 2978.82724398017 1044 246.317275594783 11304.1641926135
11319.2673083477 2978.82724398017 1044 246.317275594783 11304.1641926135
11098.6430109719 2959.96103404384 970 102.286370848789 12324.5373926403
10027.7224740011 2919.35263804619 687 23.0348260856945 7642.86299858707
9790.30848248813 2736.24000764646 684 119.434239565511 8884.48818862486
10448.2400531158 2897.93885257749 775 78.2687298744833 6852.47950515137
9435.15239301504 2542.29081295396 683 325.412839173017 6247.98901590227
11593.30415941 2987.48527451576 1035 28.5070446660772 14912.304503002
11698.5726611474 2950.14839287268 1062 445.685299618674 13050.3107049554
10214.5357924565 2844.81521084306 820 76.3962276507226 10832.3342917181
9976.72247813306 2885.36053353207 754 23.5466236915446 6865.85107423554
11605.1592199325 2992.38901041452 1035 33.0700595886958 15042.8516023418
11698.5726611474 2950.14839287268 1062 445.685299618674 13050.3107049554
10190.4940357089 2652.96078455302 841 127.299823722984 9649.55543088615
9905.72116815342 2872.59198728132 603 54.2653510862925 6308.24614597288
10748.1735549951 2891.00850918771 938 1.24471551798742 11664.15182176
10479.4228028407 2866.73814992503 957 15.3637344000586 13135.2482871208
10235.0677849617 2797.4713381305 851 150.466128686811 10487.7996748243
11926.1768313641 2975.94454506284 1115 145.156233175676 13747.0811473427
11593.30415941 2987.48527451576 1035 28.5070446660772 14912.304503002
10900.7615184395 2985.9210091044 936 140.687974502686 11005.7294591159
9892.37326782044 2852.15023402507 846 86.3097373980659 10441.703713172
9930.48718364987 2823.41718822866 791 56.006549046901 9754.99031057248
11608.1395497637 2949.30626431888 1089 211.409546819179 13910.472453106
10388.5288871294 2839.37820567625 879 63.9296728340072 10176.8007885349
10865.9090637053 2855.03842357424 889 13.2441875438986 9920.67074427392
11926.1768313641 2975.94454506284 1115 145.156233175676 13747.0811473427
9639.44960982642 2803.32188704296 747 26.6951759294642 8336.08297073353
10657.5840186585 2844.25961050999 942 184.306815271885 12380.8011531514
10184.0463179732 2825.51741990849 840 94.903730221851 12625.5890753344
11698.5726611474 2950.14839287268 1062 445.685299618674 13050.3107049554
11926.1768313641 2975.94454506284 1115 145.156233175676 13747.0811473427
11938.7168099352 2933.45505559779 1092 350.207363038111 13978.945293093
9485.33762718692 2620.61044367133 666 54.877376807754 7407.7630509717
11926.1768313641 2975.94454506284 1115 145.156233175676 13747.0811473427
10262.2462925509 2851.08939020666 833 145.778241643139 10456.0204858985
10895.1076530317 2982.26879194034 936 141.77606140772 10980.1639389675
10382.7954428609 2846.11779124006 892 150.056718324117 8901.57988127362
11923.6965250567 2927.05499936298 1088 353.098018210739 13913.9485210349
10895.1076530317 2982.26879194034 936 141.77606140772 10980.1639389675
10362.9018633918 2839.13994375009 817 32.2783824454663 9741.95566005596
11646.1463865405 2979.01034983699 1076 335.374806104119 13146.4982581731
10042.2207869708 2926.6093659994 825 118.734298543772 9366.80506246609
10529.6802256116 2892.2921592668 775 109.615066883337 6672.4698276077
9505.92962363985 2707.2870832885 729 211.918748833632 9345.35252902235
9932.87846001145 2734.22403326558 701 184.383620397613 7747.76408501187
10900.7615184395 2985.9210091044 936 140.687974502686 11005.7294591159
11926.1768313641 2975.94454506284 1115 145.156233175676 13747.0811473427
10895.4870227265 2939.94160751769 957 141.383759015771 12618.0737501092
10365.4671482643 2843.41865920742 755 203.320651380826 7957.1424828862
10615.1978626873 2955.65804012299 770 28.8039080471727 7412.9611326223
10806.3263276713 2819.68302351768 1013 360.357358765697 11542.8718404361
11520.5364410408 2998.05369730458 1007 58.8468944395449 12033.8713815861
10710.1621708381 2995.39286572913 885 74.7809294214222 8072.45700801919
11401.0772090297 2991.42627895227 1016 90.7109494838574 14716.6674387884
11919.5242340022 2967.57415834256 1127 219.779736302392 14609.1596712532
10603.3554073893 2993.44835439615 829 231.583289428113 8726.04762292131
10684.5220568477 2857.90250550136 872 16.0161552029352 10748.672483263
10165.7111991174 2947.81112219685 866 166.265780340563 9720.03909363136
9368.06259259376 2514.89678277161 729 160.485184185372 8058.13605542147
10883.0061646664 2849.92440614486 983 477.629912837482 10957.7281890844
9729.54496038288 2535.55572816253 672 256.713557505154 9114.86298051999
10849.6897493832 2946.08672993634 962 210.732826849811 13550.0952979631
9738.72294092651 2739.94440832821 656 61.4627158702267 8903.88117229679
10874.2095929908 2939.18750201614 880 101.109783619124 10119.998421705
10748.1735549951 2891.00850918771 938 1.24471551798742 11664.15182176
10101.5270608383 2759.0610501031 717 62.8307665279927 8997.69241723861
10850.7366895607 2873.82600758357 851 228.583442369572 8665.44328551786
5954.18847288273 1704.4466577722 446 47.243636701661 5141.07320582162
11593.30415941 2987.48527451576 1035 28.5070446660772 14912.304503002
10153.7852330648 2800.73361565374 772 189.309414591331 8163.04258718312
10241.3361850859 2819.64314051891 876 173.811392599201 10678.1451688055
10895.1076530317 2982.26879194034 936 141.77606140772 10980.1639389675
11646.1463865405 2979.01034983699 1076 335.374806104119 13146.4982581731
9966.97735526314 2906.68747874891 700 42.5317349226565 9059.7308159095
10346.049749011 2895.04465640487 852 261.521872378052 11431.6880000362
10842.7004240524 2921.70554652661 836 13.7524940895582 9285.45848269853
10457.9331005598 2845.55634149074 962 19.4994295322783 13087.0398346758
10511.5858116697 2836.93853421461 877 233.386956314405 9647.82165202762
11646.1463865405 2979.01034983699 1076 335.374806104119 13146.4982581731
11608.1395497637 2949.30626431888 1089 211.409546819179 13910.472453106
9034.95263188716 2305.28763161742 770 837.899278489245 9010.28643958489
11926.1768313641 2975.94454506284 1115 145.156233175676 13747.0811473427
10976.9575514741 2942.15257670502 883 25.5978285263028 10584.7616811227
10186.454204481 2851.33673482351 825 102.185506750215 8192.27319998612
10520.2442225229 2916.8257721578 831 216.860069461495 8988.25557187694
9918.90577839457 2938.88426447441 687 48.7314287526172 8455.8606481445
10217.3365259662 2824.42362852376 762 32.7634266681461 10679.6956225187
10213.3334167146 2959.65511273825 774 114.618216413723 7266.61200866689
12061.533566572 2993.31614259781 1144 131.789322493555 15144.6663059373
11605.1592199325 2992.38901041452 1035 33.0700595886958 15042.8516023418
10435.3194559106 2789.11451825967 933 27.2163712811095 10670.3828936405
9895.56635364277 2881.74557940136 620 34.9574045746971 5993.41497575996
11103.9927466643 2960.26199841275 977 197.291770401516 11378.4788728321
9761.48237899507 2727.70902821834 681 235.952799350886 7429.91966860443
10261.8758693852 2911.82288131867 827 67.9877571656154 10098.7153279605
10835.9945730487 2978.65996944482 930 224.45450128178 10437.4813977952
10788.1428856286 2893.92511403949 938 162.042147832242 12382.0195456535
10692.6579977523 2867.86714067109 910 500.108000931379 9796.45299105025
11132.0744296186 2806.42766128775 1051 198.869078613942 11505.6472176525
10116.5271239927 2746.79901448314 685 26.4666292513842 7811.59330763379
10714.0930450636 2994.93466858998 976 191.148026652572 13022.7052211004
11040.1294035202 2992.45159491736 989 188.819647727956 15300.1913116304
11034.1146793913 2990.08258730492 924 138.875735195947 12958.8582983302
10946.3096079167 2994.62621063722 956 239.967994429957 12013.1891543361
11360.6917202618 2989.20664683643 1033 411.985126368902 11776.1006383503
