11718.0758579072 2992.66021276034 1044 284.759140628451 13137.5495073163
11426.8771630307 2991.87938754686 1031 160.004246439835 15805.4240021223
11613.0292556122 2995.93921485728 1023 254.806335042343 13882.567311819
11594.6593599512 2988.31107802872 1061 220.864602467902 16957.1155410561
11404.0367739775 2994.03571463504 1035 339.466962633507 13028.4279259027
11441.0220657098 2940.84144579801 1061 161.729580342692 16894.1415744142
11356.1998624388 2976.34812085309 985 227.219056127994 11731.0777195154
11441.0220657098 2940.84144579801 1061 161.729580342692 16894.1415744142
11613.2510955337 2984.42468928521 957 154.324289254868 10825.2709349771
11690.7381573549 2996.61253960215 1056 355.982905877351 13056.9282443807
11372.1515037964 2919.47047513376 1044 135.221288702737 16544.7157028162
11824.3584185163 2988.19999952403 1058 111.806073227185 14599.5909009298
11622.2167602212 2962.56588725681 969 152.598846281265 10793.4128910804
13113.3736234338 2994.37472464913 1291 407.599073390191 20543.8280711598
11827.6864122087 2994.49815729085 1049 41.2231203270158 14424.1595694217
12393.2299159384 2986.76857297007 1158 229.221262946231 15417.8938654726
12176.4580559674 2995.23019768085 1158 244.148347988016 18850.5394984743
11550.6746569887 2908.71039875211 1031 224.078858105948 14267.3583474796
11824.2251224882 2988.18772792312 1045 100.301463162213 16098.0671019557
11597.4751914233 2959.45340129637 1059 279.889261725669 15691.2601558477
11667.085370483 2998.43262544191 1042 40.6652331705942 15506.7639458298
11817.674942568 2993.55432999991 1110 113.092308773144 15277.827989444
11963.8502799912 2995.86974172807 1114 325.992703435292 16694.8088525618
11925.2964416195 2982.11695554885 1114 311.153324127145 16666.5919751193
11817.674942568 2993.55432999991 1110 113.092308773144 15277.827989444
11925.2964416195 2982.11695554885 1114 311.153324127145 16666.5919751193
9937.39180815244 2632.54733390432 796 160.5855760493 8503.56974797001
13113.3736234338 2994.37472464913 1291 407.599073390191 20543.8280711598
11690.7381573549 2996.61253960215 1056 355.982905877351 13056.9282443807
10010.3729897067 2729.09874443654 690 14.9905926456675 8739.11783468661
10819.0048208002 2781.66318262525 892 70.1279578732669 11355.3763625171
11597.4751914233 2959.45340129637 1059 279.889261725669 15691.2601558477
11667.085370483 2998.43262544191 1042 40.6652331705942 15506.7639458298
11817.674942568 2993.55432999991 1110 113.092308773144 15277.827989444
11963.8502799912 2995.86974172807 1114 325.992703435292 16694.8088525618
11963.8502799912 2995.86974172807 1114 325.992703435292 16694.8088525618
11925.2964416195 2982.11695554885 1114 311.153324127145 16666.5919751193
11817.674942568 2993.55432999991 1110 113.092308773144 15277.827989444
11925.2964416195 2982.11695554885 1114 311.153324127145 16666.5919751193
9937.39180815244 2632.54733390432 796 160.5855760493 8503.56974797001
13113.3736234338 2994.37472464913 1291 407.599073390191 20543.8280711598
11690.7381573549 2996.61253960215 1056 355.982905877351 13056.9282443807
10010.3729897067 2729.09874443654 690 14.9905926456675 8739.11783468661
10819.0048208002 2781.66318262525 892 70.1279578732669 11355.3763625171
10171.4370716763 2631.25443249688 825 124.196956658102 9024.37671346183
11824.3584185163 2988.19999952403 1058 111.806073227185 14599.5909009298
11171.0773521227 2920.0639571936 963 137.293284077492 12412.7053530998
11614.3953991243 2992.52179751853 1083 228.461007487478 17354.491246267
10407.8578381023 2822.32520692269 785 18.7035104051847 8264.8946179507
11578.0241700745 2965.65335704811 1067 214.46171489902 17191.8845094154
11426.8771630307 2991.87938754686 1031 160.004246439835 15805.4240021223
11667.085370483 2998.43262544191 1042 40.6652331705942 15506.7639458298
10308.9563917264 2830.70925026361 868 14.4911204604728 9869.7996202306
10604.2468431341 2804.6914792826 910 19.5206361454741 11318.3370448125
9478.40301316547 2613.60465256681 663 425.668181353296 9362.15371185208
11426.8771630307 2991.87938754686 1031 160.004246439835 15805.4240021223
11690.7381573549 2996.61253960215 1056 355.982905877351 13056.9282443807
10523.65892822 2911.09589882798 775 3.74419954804317 11144.5542970005
11613.0292556122 2995.93921485728 1023 254.806335042343 13882.567311819
10499.1506477925 2848.2109286946 861 5.02117425713518 11912.6878461833
11827.6864122087 2994.49815729085 1049 41.2231203270158 14424.1595694217
10308.9563917264 2830.70925026361 868 14.4911204604728 9869.7996202306
10604.2468431341 2804.6914792826 910 19.5206361454741 11318.3370448125
9478.40301316547 2613.60465256681 663 425.668181353296 9362.15371185208
11426.8771630307 2991.87938754686 1031 160.004246439835 15805.4240021223
11690.7381573549 2996.61253960215 1056 355.982905877351 13056.9282443807
10523.65892822 2911.09589882798 775 3.74419954804317 11144.5542970005
11613.0292556122 2995.93921485728 1023 254.806335042343 13882.567311819
10499.1506477925 2848.2109286946 861 5.02117425713518 11912.6878461833
11827.6864122087 2994.49815729085 1049 41.2231203270158 14424.1595694217
11690.7381573549 2996.61253960215 1056 355.982905877351 13056.9282443807
11817.674942568 2993.55432999991 1110 113.092308773144 15277.827989444
11568.6402576932 2948.51051124967 965 162.909649000191 12084.1831493921
11963.8502799912 2995.86974172807 1114 325.992703435292 16694.8088525618
11925.2964416195 2982.11695554885 1114 311.153324127145 16666.5919751193
12064.6180030029 2990.11668474326 1117 343.939986884615 15841.2938496864
11943.5380013092 2986.9550028188 1114 378.056004184119 16270.2282727127
10707.268139966 2903.31230669914 918 18.3653507617646 12550.9693275468
10133.6689322934 2855.42063872665 755 10.3127399586042 10508.8800225232
11614.3953991243 2992.52179751853 1083 228.461007487478 17354.491246267
11667.085370483 2998.43262544191 1042 40.6652331705942 15506.7639458298
11372.1515037964 2919.47047513376 1044 135.221288702737 16544.7157028162
11326.8496355884 2868.67667079548 1011 38.0727025152094 15701.9770099198
11817.674942568 2993.55432999991 1110 113.092308773144 15277.827989444
10391.7964401262 2852.30140150027 773 338.868940601135 8569.72207522422
10462.1722509603 2877.54433237618 868 61.190209261442 10832.1576824659
11236.8418318738 2980.56723692348 976 34.4233141177711 14044.6367549579
11690.7381573549 2996.61253960215 1056 355.982905877351 13056.9282443807
11824.3584185163 2988.19999952403 1058 111.806073227185 14599.5909009298
10431.5515081987 2785.02880240785 902 176.016476516607 10707.2021757429
11597.3943789251 2969.95526234966 1041 320.054868808275 12618.3566989737
11441.0220657098 2940.84144579801 1061 161.729580342692 16894.1415744142
11667.085370483 2998.43262544191 1042 40.6652331705942 15506.7639458298
11817.674942568 2993.55432999991 1110 113.092308773144 15277.827989444
11925.2964416195 2982.11695554885 1114 311.153324127145 16666.5919751193
9892.21930091446 2774.50758575023 735 308.992611830534 7269.4577655746
11525.4503519206 2989.19679097791 1008 303.923482175032 13515.6756305348
9831.46093211455 2650.72618664277 730 172.454215148758 7811.16908872844
11326.8496355884 2868.67667079548 1011 38.0727025152094 15701.9770099198
11817.674942568 2993.55432999991 1110 113.092308773144 15277.827989444
10391.7964401262 2852.30140150027 773 338.868940601135 8569.72207522422
10462.1722509603 2877.54433237618 868 61.190209261442 10832.1576824659
11236.8418318738 2980.56723692348 976 34.4233141177711 14044.6367549579
11690.7381573549 2996.61253960215 1056 355.982905877351 13056.9282443807
11824.3584185163 2988.19999952403 1058 111.806073227185 14599.5909009298
10431.5515081987 2785.02880240785 902 176.016476516607 10707.2021757429
11597.3943789251 2969.95526234966 1041 320.054868808275 12618.3566989737
11441.0220657098 2940.84144579801 1061 161.729580342692 16894.1415744142
11667.085370483 2998.43262544191 1042 40.6652331705942 15506.7639458298
11817.674942568 2993.55432999991 1110 113.092308773144 15277.827989444
11925.2964416195 2982.11695554885 1114 311.153324127145 16666.5919751193
9892.21930091446 2774.50758575023 735 308.992611830534 7269.4577655746
11525.4503519206 2989.19679097791 1008 303.923482175032 13515.6756305348
9831.46093211455 2650.72618664277 730 172.454215148758 7811.16908872844
11578.0241700745 2965.65335704811 1067 214.46171489902 17191.8845094154
10591.7759234694 2843.05721398674 904 7.0109065924072 10498.472606231
11681.3196193152 2995.65874201464 1036 352.357708895624 13119.8943982861
11878.45753597 2926.42653901157 1070 369.132824011356 15431.5761830126
10451.0654804562 2772.40280051056 832 7.34130340989346 11011.4001918039
12064.6180030029 2990.11668474326 1117 343.939986884615 15841.2938496864
11681.3196193152 2995.65874201464 1036 352.357708895624 13119.8943982861
11578.0241700745 2965.65335704811 1067 214.46171489902 17191.8845094154
11925.2964416195 2982.11695554885 1114 311.153324127145 16666.5919751193
10780.3097539249 2918.09192001166 840 6.54445164471882 13660.488064189
11280.7980146832 2991.32256543079 1003 225.011615084994 14099.9564953203
11690.7381573549 2996.61253960215 1056 355.982905877351 13056.9282443807
10620.542637981 2781.04936930345 950 18.7969705655025 11559.4622038102
11268.1752508451 2945.61596557157 954 214.772285807319 12035.3584839967
11925.2964416195 2982.11695554885 1114 311.153324127145 16666.5919751193
11052.0323758484 2831.0724809788 893 25.2817839947072 11772.4962742244
10652.3408580101 2905.46004237745 850 225.168453273697 8828.83729286339
11597.4751914233 2959.45340129637 1059 279.889261725669 15691.2601558477
11404.0367739775 2994.03571463504 1035 339.466962633507 13028.4279259027
11736.038987457 2954.30969628617 1039 188.405476074617 15068.4866834314
11667.085370483 2998.43262544191 1042 40.6652331705942 15506.7639458298
10943.913107215 2845.41469191356 961 49.857725445704 12405.1099398922
10397.6437263096 2885.18043008603 678 4.29571384323685 7875.24519466165
12077.2475909868 2888.31565790831 1100 508.597360569202 14976.9109913954
11631.6052040219 2971.69649440964 1069 235.085064480999 17503.2502098494
12176.4580559674 2995.23019768085 1158 244.148347988016 18850.5394984743
10848.4871748845 2863.06895087071 975 75.910918463631 12490.2592633754
10459.4172499305 2855.75554472247 881 149.45641564937 11503.592101595
11217.3257589093 2907.13772030595 983 123.904405511963 15793.063583066
11525.4503519206 2989.19679097791 1008 303.923482175032 13515.6756305348
11943.5380013092 2986.9550028188 1114 378.056004184119 16270.2282727127
12393.2299159384 2986.76857297007 1158 229.221262946231 15417.8938654726
10451.7586963767 2741.66857771736 878 61.4939105670179 9910.87567827796
11925.2964416195 2982.11695554885 1114 311.153324127145 16666.5919751193
10469.8442256586 2647.58071909315 928 70.4685357314286 12044.1985279903
11690.7381573549 2996.61253960215 1056 355.982905877351 13056.9282443807
11650.4932459381 2963.45040674446 1047 358.290247218089 12666.6391016271
11690.7381573549 2996.61253960215 1056 355.982905877351 13056.9282443807
11575.4961180248 2988.14470888436 940 120.646171161758 13049.7488497844
10009.508319569 2781.27103787655 712 11.1345402296983 9727.91946334415
9329.62987626361 2532.63049969505 643 414.831556145172 8591.23475891547
11817.674942568 2993.55432999991 1110 113.092308773144 15277.827989444
11269.6789803684 2982.60893484303 934 84.2851148040329 11529.5601468887
11578.8334753017 2966.84331847293 979 160.947963356798 12412.9029267381
11133.2403648794 2924.91730063726 1000 65.4171393384302 13570.2853322913
10762.2353408673 2783.3897712317 934 44.2711841540567 10240.1063929111
11439.1470218863 2995.69453450393 1022 191.761195651265 15013.8552883352
10972.6870780032 2938.06709764573 884 297.050805566972 12105.0682826674
11553.5236771841 2995.79557945788 1019 188.159606300491 16905.8293115821
11269.895277345 2987.86420842646 968 92.2623754540244 14337.4324395112
11360.7844563769 2994.74199094647 943 249.630654876546 11895.9813327172
11764.6974787829 2993.799374986 1024 348.772115617619 13062.6329258782
11068.5176211677 2974.24486707609 915 180.171194901975 12200.5606539863
11272.6637444486 2970.55582021112 853 82.0174007778853 13657.3358585293
10980.4616043667 2992.6632494525 913 285.213842111009 11837.2849314056
11698.6080534361 2975.07425597479 1025 365.505494798041 14814.8540030461
11281.1687307845 2992.45170568883 1001 192.158780813571 17014.1959065334
12538.5509518001 2990.5092675655 1196 245.672588833884 19229.0252704625
11549.6141703139 2990.91678867429 1061 272.405061414446 13687.5032575654
11175.1692531237 2991.47887995101 931 236.742586358658 13525.1677979906
11507.5598709346 2994.37601145525 1008 222.044965899531 14925.5389432912
11252.1334077047 2994.31760885641 905 294.027522554028 11020.9779556394
11575.8221571353 2990.85715080633 989 36.8609737574185 13881.9285650972
10925.0630225651 2981.40262530525 852 350.316674169398 10715.1933638447
11718.9776046572 2995.44596124966 1027 90.928999719962 13064.9263645962
11361.0866325084 2996.74039083991 924 39.4011207812583 13142.8244978761
11672.2578137336 2992.21943604979 1059 168.575782713252 15341.0798398154
10552.5561103313 2939.72916097285 817 237.612950059941 12047.567313901
11137.7668933142 2997.4441088045 916 124.335786865913 13363.8584741149
11010.1470971563 2996.08136855504 887 87.3067793529331 13056.919758411
10840.3516960215 2977.2417314047 905 105.751690607686 13931.9406159817
11462.1252390377 2949.61668774776 1054 400.793886730667 15970.666895621
11088.723557348 2990.57395017915 872 485.806012439635 13212.5054558684
11251.9120654442 2995.05000372294 981 259.019913435851 13608.2409163369
10940.9232744617 2989.81961552046 866 198.856119013801 12430.5760371362
11651.930713278 2953.0268920666 1075 4.62904781342118 16765.2501810214
11053.4317708754 2992.15759454245 952 348.27208383859 12016.5465338595
11039.9332172661 2995.46767590457 922 205.243863769049 12844.0134162815
11202.8085971016 2917.70108715047 935 340.672697973346 11346.6504045796
12046.6304936554 2992.07335136718 1121 329.31126571183 13298.0304275821
11758.1759116348 2982.10673382897 1090 207.240530526428 15556.5976928891
11439.1470218863 2995.69453450393 1022 191.761195651265 15013.8552883352
11161.5526377527 2978.62784486425 916 113.112926165139 13606.3500062603
11360.7844563769 2994.74199094647 943 249.630654876546 11895.9813327172
11764.6974787829 2993.799374986 1024 348.772115617619 13062.6329258782
11112.7809053818 2988.44524840541 927 25.7156154805373 13816.2371234228
