11561.6795387356 2993.82064727666 1044 465.13999415067 10897.0257934363
11482.1092878323 2968.13732990858 1044 480.45329607684 10804.8497693319
11772.078898751 2997.66448210736 1066 135.113201399322 12737.6426415111
11863.0662803692 2994.7883461703 1061 10.4712098546518 13065.8746654921
11641.8353368 2939.36956148656 1067 160.178586583527 12379.364425216
11932.4208243603 2980.73723946702 1088 183.912450483166 13145.2833442372
11877.8551861457 2958.76146273204 1055 319.438850211152 11791.9196807095
11692.653847888 2979.66366287143 1082 358.876970734167 12989.5558708786
11975.8040436623 2995.3673538405 1078 149.871476202256 12794.0356511901
12176.0020380765 2962.51603659254 1161 201.854430405533 15332.3742047211
11840.1954400061 2993.28518279551 1084 329.153812675005 12032.029459845
9209.17512875775 2711.14305411633 747 183.614813807443 6884.18470658824
11561.6795387356 2993.82064727666 1044 465.13999415067 10897.0257934363
9845.79965309013 2710.88033612496 809 136.326044606205 6588.28677701581
9808.33005154151 2743.97570634254 756 1.96875059060001 6036.9946919521
10239.3628892223 2846.23427945285 848 12.490750789332 11039.9397796193
9567.13277454413 2660.02682119687 767 31.7411549208373 7654.4676511231
9535.38890807153 2707.78582014565 622 5.15909596822914 5965.67247019492
11840.1954400061 2993.28518279551 1084 329.153812675005 12032.029459845
9162.27441892078 2515.34783266886 820 292.526199118674 7218.63959306521
10157.714486024 2699.20365625254 794 41.7151488743562 7407.47124150442
11975.8040436623 2995.3673538405 1078 149.871476202256 12794.0356511901
9798.57490538102 2820.01238237609 704 84.9176837314903 6280.58375365066
12005.8454300246 2990.61785206604 1072 368.702318049249 12174.1963527175
10013.6970845802 2705.34571039508 839 164.963459986059 7215.91496355107
9953.62729577364 2838.13585912589 734 128.028768006359 6141.12716343475
9195.66755030398 2673.66249673339 674 14.5942826103547 6271.03144238289
10594.2886068181 2954.08779466928 844 118.765822290621 7549.62508934911
11561.6795387356 2993.82064727666 1044 465.13999415067 10897.0257934363
11482.1092878323 2968.13732990858 1044 480.45329607684 10804.8497693319
9758.49089840129 2780.59696084335 717 0.450605774995371 6735.54936803893
10594.2886068181 2954.08779466928 844 118.765822290621 7549.62508934911
10448.7718802532 2824.44471828932 953 16.515017067167 9621.11917467082
11975.8040436623 2995.3673538405 1078 149.871476202256 12794.0356511901
11772.078898751 2997.66448210736 1066 135.113201399322 12737.6426415111
11772.078898751 2997.66448210736 1066 135.113201399322 12737.6426415111
10253.0499617647 2827.0238283223 882 74.8516287828134 9468.32530966129
11752.7859295969 2988.29862483265 1030 147.819954585809 11998.0066771567
12005.8454300246 2990.61785206604 1072 368.702318049249 12174.1963527175
10013.6970845802 2705.34571039508 839 164.963459986059 7215.91496355107
9953.62729577364 2838.13585912589 734 128.028768006359 6141.12716343475
9195.66755030398 2673.66249673339 674 14.5942826103547 6271.03144238289
10594.2886068181 2954.08779466928 844 118.765822290621 7549.62508934911
11561.6795387356 2993.82064727666 1044 465.13999415067 10897.0257934363
11482.1092878323 2968.13732990858 1044 480.45329607684 10804.8497693319
10933.1083107911 2897.78785123415 921 162.691128727189 9226.81146410749
9758.49089840129 2780.59696084335 717 0.450605774995371 6735.54936803893
8607.13575383364 2431.01339075876 711 143.161145761797 5543.41551734929
11561.6795387356 2993.82064727666 1044 465.13999415067 10897.0257934363
9778.16648059073 2826.48502246693 673 142.415198196224 6079.12048320543
12176.0020380765 2962.51603659254 1161 201.854430405533 15332.3742047211
9965.75025486156 2780.0138821576 826 27.7350090552611 9145.46936362777
10305.9108348475 2907.95837902321 649 158.274913644863 5891.04538042242
11975.8040436623 2995.3673538405 1078 149.871476202256 12794.0356511901
11561.6795387356 2993.82064727666 1044 465.13999415067 10897.0257934363
10457.7397258712 2819.18747756316 904 22.4989493424565 8977.9973998493
11482.1092878323 2968.13732990858 1044 480.45329607684 10804.8497693319
11692.653847888 2979.66366287143 1082 358.876970734167 12989.5558708786
10930.3394418588 2916.25494519184 941 168.681810695397 9564.46934081628
11561.6795387356 2993.82064727666 1044 465.13999415067 10897.0257934363
11482.1092878323 2968.13732990858 1044 480.45329607684 10804.8497693319
10933.1083107911 2897.78785123415 921 162.691128727189 9226.81146410749
9758.49089840129 2780.59696084335 717 0.450605774995371 6735.54936803893
10933.1083107911 2897.78785123415 921 162.691128727189 9226.81146410749
11840.1954400061 2993.28518279551 1084 329.153812675005 12032.029459845
11975.8040436623 2995.3673538405 1078 149.871476202256 12794.0356511901
12176.0020380765 2962.51603659254 1161 201.854430405533 15332.3742047211
8552.46548034125 2387.83731137679 640 551.403077106132 5711.32392611739
11975.8040436623 2995.3673538405 1078 149.871476202256 12794.0356511901
10171.8397645318 2822.53187647423 787 110.21230663768 7014.8297228399
11175.1397093938 2917.62662524014 957 223.905479583442 9175.38305684339
12176.0020380765 2962.51603659254 1161 201.854430405533 15332.3742047211
11975.8040436623 2995.3673538405 1078 149.871476202256 12794.0356511901
12005.8454300246 2990.61785206604 1072 368.702318049249 12174.1963527175
9320.01092922946 2635.12104894745 780 118.325267559004 6638.26468199259
10268.8439644896 2837.39817057357 850 136.647887676128 7776.0093574654
9911.24405864769 2842.43262824082 642 123.122897715502 6289.79436172899
10666.0807142584 2842.33139188775 934 86.118722255455 9699.88456793474
10930.3394418588 2916.25494519184 941 168.681810695397 9564.46934081628
9995.85729132418 2691.98072736369 833 12.4957670958851 7444.87916374847
9930.25685233076 2720.43344660533 883 179.47575786143 8371.84337033183
11975.8040436623 2995.3673538405 1078 149.871476202256 12794.0356511901
10316.5414716186 2833.50190899591 841 49.377530709632 8376.92726459855
10290.7203595285 2909.32527391623 794 196.461363692266 7012.59696299564
10232.1206688631 2791.65464622504 810 24.1095937052695 7920.14447163076
10379.8011432906 2814.19650874214 827 220.829504685247 6135.11001882954
11561.6795387356 2993.82064727666 1044 465.13999415067 10897.0257934363
12176.0020380765 2962.51603659254 1161 201.854430405533 15332.3742047211
10744.5747296212 2861.69041613885 892 106.174102945644 7976.49910941837
11080.3050575992 2896.52233924793 923 304.305838880559 8041.78176920563
11752.7859295969 2988.29862483265 1030 147.819954585809 11998.0066771567
12176.0020380765 2962.51603659254 1161 201.854430405533 15332.3742047211
11482.1092878323 2968.13732990858 1044 480.45329607684 10804.8497693319
11840.1954400061 2993.28518279551 1084 329.153812675005 12032.029459845
10001.8639776166 2758.79742829382 685 197.816693739366 6548.19519840724
10554.4251613163 2801.28208334222 786 72.0368319839704 6752.65209136484
10254.599681692 2915.53691553979 863 248.363451600033 8741.01946196448
12176.0020380765 2962.51603659254 1161 201.854430405533 15332.3742047211
11863.0662803692 2994.7883461703 1061 10.4712098546518 13065.8746654921
11771.6705428524 2971.70641254795 1081 135.191789528655 13054.2269193729
11975.8040436623 2995.3673538405 1078 149.871476202256 12794.0356511901
12176.0020380765 2962.51603659254 1161 201.854430405533 15332.3742047211
11877.8551861457 2958.76146273204 1055 319.438850211152 11791.9196807095
11482.1092878323 2968.13732990858 1044 480.45329607684 10804.8497693319
10863.5201851316 2935.78255359216 971 373.16561386242 9635.94985728685
11561.6795387356 2993.82064727666 1044 465.13999415067 10897.0257934363
10681.7927849107 2689.56371985824 885 258.73497343333 8211.25553330507
12005.8454300246 2990.61785206604 1072 368.702318049249 12174.1963527175
10300.8994540024 2810.48895650455 910 36.8153539625709 8861.4506365245
10317.4559287349 2817.99680948195 831 227.886292288242 6926.69621577201
10004.3469172318 2824.8486272338 792 179.882916821552 7210.83895268084
10675.7626516726 2771.53491628801 1000 88.9323639179553 9926.76492019578
10716.9266036159 2927.11033556671 781 13.8186588136493 7388.14097455446
12005.8454300246 2990.61785206604 1072 368.702318049249 12174.1963527175
11975.8040436623 2995.3673538405 1078 149.871476202256 12794.0356511901
11482.1092878323 2968.13732990858 1044 480.45329607684 10804.8497693319
11771.6705428524 2971.70641254795 1081 135.191789528655 13054.2269193729
11975.8040436623 2995.3673538405 1078 149.871476202256 12794.0356511901
12176.0020380765 2962.51603659254 1161 201.854430405533 15332.3742047211
11877.8551861457 2958.76146273204 1055 319.438850211152 11791.9196807095
11482.1092878323 2968.13732990858 1044 480.45329607684 10804.8497693319
10863.5201851316 2935.78255359216 971 373.16561386242 9635.94985728685
11561.6795387356 2993.82064727666 1044 465.13999415067 10897.0257934363
10681.7927849107 2689.56371985824 885 258.73497343333 8211.25553330507
12005.8454300246 2990.61785206604 1072 368.702318049249 12174.1963527175
10300.8994540024 2810.48895650455 910 36.8153539625709 8861.4506365245
10128.8474181666 2911.36273166852 765 94.3076397293507 6687.02128354861
10317.4559287349 2817.99680948195 831 227.886292288242 6926.69621577201
10004.3469172318 2824.8486272338 792 179.882916821552 7210.83895268084
10675.7626516726 2771.53491628801 1000 88.9323639179553 9926.76492019578
10716.9266036159 2927.11033556671 781 13.8186588136493 7388.14097455446
12005.8454300246 2990.61785206604 1072 368.702318049249 12174.1963527175
11975.8040436623 2995.3673538405 1078 149.871476202256 12794.0356511901
11482.1092878323 2968.13732990858 1044 480.45329607684 10804.8497693319
11462.9296412468 2950.87211128553 1005 283.528859119949 10775.0860614996
11483.0591906396 2959.82079825384 1003 378.534676703379 9906.47265053267
11668.0324811012 2949.74125602568 1012 238.37390353266 10747.7007189892
9698.39199906262 2771.72067684247 660 107.401986241545 7602.81188251456
10737.6998958726 2726.30576976932 907 303.506027405232 7763.25878340617
10627.9276872656 2794.55884451504 864 396.501821810801 7112.09345850858
11668.0324811012 2949.74125602568 1012 238.37390353266 10747.7007189892
11658.4815328912 2970.28088889802 1039 48.6006453387722 13315.6772192881
10118.4185600362 2684.04304834456 828 7.77430520330512 9118.04362356016
10832.0319655573 2747.0346032366 903 198.301723921694 9100.31107476254
10314.4981190868 2972.18108487305 765 165.764627830354 6892.18933783785
12176.0020380765 2962.51603659254 1161 201.854430405533 15332.3742047211
10309.2525986121 2872.88965822137 684 18.5587437133956 7019.75925988136
9881.21340879417 2683.6614517037 836 367.388328708668 8184.89193975829
10385.3833928031 2865.72082207339 836 113.202744599325 7253.20437471747
11932.4208243603 2980.73723946702 1088 183.912450483166 13145.2833442372
11641.8353368 2939.36956148656 1067 160.178586583527 12379.364425216
11840.1954400061 2993.28518279551 1084 329.153812675005 12032.029459845
11863.0662803692 2994.7883461703 1061 10.4712098546518 13065.8746654921
11805.5016624383 2972.58998951853 1016 291.285816099482 10999.0367874105
10930.3394418588 2916.25494519184 941 168.681810695397 9564.46934081628
10814.6465456463 2873.85908125766 912 133.144757508764 8066.27874281797
9573.967332945 2812.81832802712 705 9.95876375118667 7592.58161255831
11840.1954400061 2993.28518279551 1084 329.153812675005 12032.029459845
11561.6795387356 2993.82064727666 1044 465.13999415067 10897.0257934363
11175.1397093938 2917.62662524014 957 223.905479583442 9175.38305684339
11561.6795387356 2993.82064727666 1044 465.13999415067 10897.0257934363
11482.1092878323 2968.13732990858 1044 480.45329607684 10804.8497693319
9543.17013211781 2667.78089845862 753 150.669457927538 6620.38183630833
11781.8122531301 2986.4322947773 1012 282.167758205494 11025.3060219531
11668.0324811012 2949.74125602568 1012 238.37390353266 10747.7007189892
10932.8579005058 2733.10709253735 998 151.229717096731 9267.33805565612
11658.4815328912 2970.28088889802 1039 48.6006453387722 13315.6772192881
10594.2886068181 2954.08779466928 844 118.765822290621 7549.62508934911
11771.6705428524 2971.70641254795 1081 135.191789528655 13054.2269193729
10167.5222695919 2900.31300137662 646 201.622687470389 6538.17584291402
10357.6098047197 2990.45665182963 778 217.459800762789 7196.45052344641
12139.9802971238 2956.06270888479 1154 208.786817684096 15275.0203565841
10857.289289863 2973.9982428663 795 215.738311833478 9153.27273366583
10872.7329200225 2977.15921809218 897 324.229840170642 8786.09990410808
11721.805037761 2994.15094893744 1057 224.445477512735 12091.3919376497
11742.3177484517 2994.19363272124 1063 58.1556902948713 12558.7966502173
10426.9216503173 2998.28241846746 798 200.093316558433 9686.07921746374
11301.1633496403 2984.53424991199 942 327.662678242241 9575.2423321372
10364.6710288803 2995.50651498081 743 155.877434813549 8801.26079851055
11654.8531600027 2970.23825212689 1053 463.552655776303 11731.7112559081
11085.3363763542 2994.25599282668 905 170.517622127392 9870.15767855723
11668.0324811012 2949.74125602568 1012 238.37390353266 10747.7007189892
10941.1826359431 2982.08412856328 863 187.024546685858 10672.4361539894
11790.7178946704 2988.10938078171 1115 174.670048214086 12281.7148088605
11186.5585974123 2992.28704395162 944 286.038640030425 10427.1946176253
12146.9442935618 2989.79284167365 1101 339.684567267287 13408.4881368139
11236.038169101 2992.9843999893 956 144.896144181134 11202.4216197241
10642.7511007643 2988.28194405123 823 290.763246170669 9569.11451948351
11056.4651664864 2991.45820947348 938 373.410441361851 10617.057077661
11048.128325026 2996.65437177876 948 254.895924139721 8660.41826973536
11652.0364939584 2992.1470965306 1046 345.692031635759 12184.2727020509
12391.7261833219 2992.17756573704 1179 160.338299296144 15775.2752476501
10976.039372975 2974.43291251062 862 329.311631363033 8938.80836802155
12062.2045793238 2942.80270728863 1145 223.754761553524 15420.7742727326
11706.2847463757 2985.67137209119 1041 306.234015717529 12014.8258075475
12018.9377900503 2969.29436657389 1125 232.081459031526 15344.2289920327
10953.3596745651 2985.74588060309 946 235.073669857849 11055.6900676505
10821.5022418075 2995.22459199039 953 306.466543632387 9975.49542577523
11483.5645178159 2988.44639699965 1048 390.721837665369 11183.4181401059
11684.4761745765 2991.48077209346 1087 236.574049886412 13328.1313481245
