11748.4477069871 2994.73580279882 1096 207.883521536679 11705.2406049419
11700.6363074765 2996.48579329769 1056 41.0534979272479 12844.5927313409
12064.7939050159 2995.63693068466 1082 83.6798152273062 11865.3529736747
11904.3573049292 2990.86250522168 1096 148.397075968421 11155.2592899083
11798.8113884659 2978.17734978475 1079 149.924262211183 11170.1926134115
12064.7939050159 2995.63693068466 1082 83.6798152273062 11865.3529736747
12077.1814218472 2992.62155983321 1072 81.2958365015915 11808.0609274972
12077.1814218472 2992.62155983321 1072 81.2958365015915 11808.0609274972
12125.1406242107 2990.82266126712 1124 182.239571366033 12041.6232296878
11973.2023251897 2959.55782217473 1114 358.837891039383 11497.7893247089
12349.7154311433 2994.38468573462 1174 230.145421499217 13083.201814119
12001.7533410915 2979.90186688025 1115 435.65356100848 12390.9555447324
12840.911350304 2976.54841817056 1213 403.644503156048 13907.6536471073
10321.2783178498 2782.02149145562 776 1.96177008101473 6259.92244913845
9474.20850051117 2703.41415002314 749 208.508030967308 8153.82352586268
9560.61580246543 2677.33298417386 782 22.2019935708935 6702.57484100426
11798.8113884659 2978.17734978475 1079 149.924262211183 11170.1926134115
12064.7939050159 2995.63693068466 1082 83.6798152273062 11865.3529736747
12077.1814218472 2992.62155983321 1072 81.2958365015915 11808.0609274972
12077.1814218472 2992.62155983321 1072 81.2958365015915 11808.0609274972
12125.1406242107 2990.82266126712 1124 182.239571366033 12041.6232296878
11973.2023251897 2959.55782217473 1114 358.837891039383 11497.7893247089
12349.7154311433 2994.38468573462 1174 230.145421499217 13083.201814119
12001.7533410915 2979.90186688025 1115 435.65356100848 12390.9555447324
12349.7154311433 2994.38468573462 1174 230.145421499217 13083.201814119
12001.7533410915 2979.90186688025 1115 435.65356100848 12390.9555447324
12840.911350304 2976.54841817056 1213 403.644503156048 13907.6536471073
10321.2783178498 2782.02149145562 776 1.96177008101473 6259.92244913845
9474.20850051117 2703.41415002314 749 208.508030967308 8153.82352586268
9560.61580246543 2677.33298417386 782 22.2019935708935 6702.57484100426
11016.0012297394 2736.79389676057 974 8.46096309087927 8166.02175931824
9190.02468422179 2570.06524705575 739 445.167072382892 6819.6185836704
12077.1814218472 2992.62155983321 1072 81.2958365015915 11808.0609274972
10411.2779364646 2980.65583106164 668 207.649006170478 6086.50457517359
12349.7154311433 2994.38468573462 1174 230.145421499217 13083.201814119
12077.1814218472 2992.62155983321 1072 81.2958365015915 11808.0609274972
9733.29094434686 2738.53720121573 737 76.7712140917764 6293.49231459636
11154.3199718188 2950.11596766094 977 188.513162021164 9207.79960067147
11748.4477069871 2994.73580279882 1096 207.883521536679 11705.2406049419
11700.6363074765 2996.48579329769 1056 41.0534979272479 12844.5927313409
12064.7939050159 2995.63693068466 1082 83.6798152273062 11865.3529736747
11154.3199718188 2950.11596766094 977 188.513162021164 9207.79960067147
10943.8248291604 2998.44025090351 951 51.0659176561661 11574.0486561115
11671.5136830583 2992.89691561592 1025 48.9257890963089 12416.5008101238
11748.4477069871 2994.73580279882 1096 207.883521536679 11705.2406049419
11700.6363074765 2996.48579329769 1056 41.0534979272479 12844.5927313409
12064.7939050159 2995.63693068466 1082 83.6798152273062 11865.3529736747
11904.3573049292 2990.86250522168 1096 148.397075968421 11155.2592899083
11798.8113884659 2978.17734978475 1079 149.924262211183 11170.1926134115
12064.7939050159 2995.63693068466 1082 83.6798152273062 11865.3529736747
12077.1814218472 2992.62155983321 1072 81.2958365015915 11808.0609274972
12077.1814218472 2992.62155983321 1072 81.2958365015915 11808.0609274972
12125.1406242107 2990.82266126712 1124 182.239571366033 12041.6232296878
10601.0242945658 2875.76903146706 887 12.4545578063575 10542.222753241
11671.5136830583 2992.89691561592 1025 48.9257890963089 12416.5008101238
11748.4477069871 2994.73580279882 1096 207.883521536679 11705.2406049419
11700.6363074765 2996.48579329769 1056 41.0534979272479 12844.5927313409
12064.7939050159 2995.63693068466 1082 83.6798152273062 11865.3529736747
11904.3573049292 2990.86250522168 1096 148.397075968421 11155.2592899083
11798.8113884659 2978.17734978475 1079 149.924262211183 11170.1926134115
12064.7939050159 2995.63693068466 1082 83.6798152273062 11865.3529736747
12077.1814218472 2992.62155983321 1072 81.2958365015915 11808.0609274972
12077.1814218472 2992.62155983321 1072 81.2958365015915 11808.0609274972
12125.1406242107 2990.82266126712 1124 182.239571366033 12041.6232296878
11973.2023251897 2959.55782217473 1114 358.837891039383 11497.7893247089
12349.7154311433 2994.38468573462 1174 230.145421499217 13083.201814119
12001.7533410915 2979.90186688025 1115 435.65356100848 12390.9555447324
12840.911350304 2976.54841817056 1213 403.644503156048 13907.6536471073
10916.0668313311 2897.20864801045 934 91.3903899435044 10219.3676440627
11176.9919580565 2890.53567673898 924 37.9931206740407 9015.22818138174
10094.3081120128 2711.65172361629 763 46.207144651817 6687.03424342625
11615.1738249001 2953.83770987167 1093 162.445738156329 10773.7659360249
11427.5339701141 2843.43922731699 1008 149.938062532895 8611.8625865353
10837.1739241208 2861.74195333012 884 450.083186681668 6942.97520353446
11748.4477069871 2994.73580279882 1096 207.883521536679 11705.2406049419
11271.1947067909 2968.92855332979 984 352.49897804711 11890.5674524654
11700.6363074765 2996.48579329769 1056 41.0534979272479 12844.5927313409
12064.7939050159 2995.63693068466 1082 83.6798152273062 11865.3529736747
11350.2254698285 2987.88325808883 1010 151.267443933382 13130.1738324208
11904.3573049292 2990.86250522168 1096 148.397075968421 11155.2592899083
11798.8113884659 2978.17734978475 1079 149.924262211183 11170.1926134115
11369.2678924658 2894.34649002283 1010 147.954684283333 11774.2978893935
12064.7939050159 2995.63693068466 1082 83.6798152273062 11865.3529736747
11350.2254698285 2987.88325808883 1010 151.267443933382 13130.1738324208
12077.1814218472 2992.62155983321 1072 81.2958365015915 11808.0609274972
12077.1814218472 2992.62155983321 1072 81.2958365015915 11808.0609274972
12125.1406242107 2990.82266126712 1124 182.239571366033 12041.6232296878
11973.2023251897 2959.55782217473 1114 358.837891039383 11497.7893247089
12349.7154311433 2994.38468573462 1174 230.145421499217 13083.201814119
12001.7533410915 2979.90186688025 1115 435.65356100848 12390.9555447324
12840.911350304 2976.54841817056 1213 403.644503156048 13907.6536471073
10916.0668313311 2897.20864801045 934 91.3903899435044 10219.3676440627
11222.989192138 2951.44386596033 968 288.585629783954 10356.6416456917
10976.5731032726 2919.47346881123 907 36.9232374508513 10709.1618940803
11364.6789295974 2994.04126169576 985 203.448005982517 11718.4841802146
11176.9919580565 2890.53567673898 924 37.9931206740407 9015.22818138174
10094.3081120128 2711.65172361629 763 46.207144651817 6687.03424342625
11436.9976826746 2986.23503903231 1018 204.178104289795 11095.2402640022
11205.7444995796 2995.92831671072 990 179.072819622049 13270.8358026242
10984.2530393212 2905.81601828722 813 173.137864584085 7743.39355613888
11615.1738249001 2953.83770987167 1093 162.445738156329 10773.7659360249
11427.5339701141 2843.43922731699 1008 149.938062532895 8611.8625865353
10837.1739241208 2861.74195333012 884 450.083186681668 6942.97520353446
12064.7939050159 2995.63693068466 1082 83.6798152273062 11865.3529736747
11767.3629860908 2992.41129443031 1088 221.023373610446 11133.0574042175
11973.2023251897 2959.55782217473 1114 358.837891039383 11497.7893247089
11374.0157396383 2957.60436299502 973 188.270791882728 9968.68712242066
12077.1814218472 2992.62155983321 1072 81.2958365015915 11808.0609274972
10134.0056394051 2605.79068145928 840 391.90311526605 6655.14609832393
12315.8815021275 2987.27931609544 1177 236.656764174216 12969.5158998923
10431.0875509109 2979.15873675661 676 215.273730325909 6071.53363212322
9559.44213560164 2567.34633999263 835 216.980424806265 5700.40736963873
10039.8224916287 2770.40241345302 713 7.63836067854626 7348.29391450645
10804.2039407669 2768.12378647796 893 151.784895564055 9437.34783068055
11364.6789295974 2994.04126169576 985 203.448005982517 11718.4841802146
12840.911350304 2976.54841817056 1213 403.644503156048 13907.6536471073
10154.1222616074 2674.23017350468 877 38.8078860176459 8003.70914753957
10601.0242945658 2875.76903146706 887 12.4545578063575 10542.222753241
11084.2158497638 2925.67708235144 886 69.5167714547496 10065.6195396965
11162.5327589594 2979.55882080243 990 187.388922981801 12963.8170284084
11671.5136830583 2992.89691561592 1025 48.9257890963089 12416.5008101238
11546.8366569056 2968.4510590228 1004 183.360734102377 10309.0785188075
11351.8328829757 2988.47486551349 1010 150.958097128971 13098.9639489339
11631.8044121846 2950.75430198788 1068 329.651626485921 12323.3756119076
11436.9976826746 2986.23503903231 1018 204.178104289795 11095.2402640022
11748.4477069871 2994.73580279882 1096 207.883521536679 11705.2406049419
11794.0635450214 2953.66596251354 1069 450.980574609173 11731.1294657054
11271.1947067909 2968.92855332979 984 352.49897804711 11890.5674524654
11700.6363074765 2996.48579329769 1056 41.0534979272479 12844.5927313409
12064.7939050159 2995.63693068466 1082 83.6798152273062 11865.3529736747
11350.2254698285 2987.88325808883 1010 151.267443933382 13130.1738324208
11889.0791202668 2984.76754192409 1086 350.855726331206 12045.0841460873
11631.8044121846 2950.75430198788 1068 329.651626485921 12323.3756119076
11642.4323292662 2991.00660491213 990 261.758396865164 9187.34673893975
11904.3573049292 2990.86250522168 1096 148.397075968421 11155.2592899083
11734.1040795018 2981.28492616612 1074 210.643953933283 11488.2522101721
11798.8113884659 2978.17734978475 1079 149.924262211183 11170.1926134115
11369.2678924658 2894.34649002283 1010 147.954684283333 11774.2978893935
12064.7939050159 2995.63693068466 1082 83.6798152273062 11865.3529736747
12081.4416034707 2970.1883228107 1066 223.390956005316 11104.5560113851
11350.2254698285 2987.88325808883 1010 151.267443933382 13130.1738324208
11889.0791202668 2984.76754192409 1086 350.855726331206 12045.0841460873
12077.1814218472 2992.62155983321 1072 81.2958365015915 11808.0609274972
12081.4416034707 2970.1883228107 1066 223.390956005316 11104.5560113851
12077.1814218472 2992.62155983321 1072 81.2958365015915 11808.0609274972
12045.9695349594 2985.5672488689 1088 191.140628583205 11668.6323731791
12125.1406242107 2990.82266126712 1124 182.239571366033 12041.6232296878
11973.2023251897 2959.55782217473 1114 358.837891039383 11497.7893247089
12349.7154311433 2994.38468573462 1174 230.145421499217 13083.201814119
12001.7533410915 2979.90186688025 1115 435.65356100848 12390.9555447324
12840.911350304 2976.54841817056 1213 403.644503156048 13907.6536471073
11138.2081678554 2912.17561197882 922 259.744186267287 8708.22000009583
10967.4510825466 2997.51101141859 882 331.741683231306 9353.11508373813
11958.6118384706 2992.54324966205 1123 118.142611849437 11898.7739131147
10942.603160114 2983.67850704461 877 336.523668133061 8584.08764309779
11929.017102014 2992.36134152243 1133 123.838121536027 12840.4210238197
11007.8167941985 2985.65465581047 881 323.973298401899 8929.46318096219
12004.1186762678 2989.23159104186 1148 141.7321892229 13333.8642772746
10802.1232328483 2866.68563636796 923 395.490096402734 10958.3153120952
10763.6445219738 2954.90527356158 769 248.917874190482 10152.3047648024
11640.3837465528 2975.19034781121 1070 75.0565172545004 10559.4901880485
12180.2697907503 2990.64902878269 1145 392.67709136338 14380.1647265748
11459.812368935 2992.65894674543 1013 216.989671795955 10717.4427409672
11435.8447847213 2975.95342168324 1023 212.650540889316 11529.7796075079
10965.2636714581 2964.13987418313 842 184.917884422625 9675.4645537278
10934.0978813013 2993.23562874993 868 195.750110338846 10483.0854584432
10627.0868967565 2939.37124893112 794 285.557524606288 8808.03454385696
11282.354193649 2995.6908727265 1011 301.904579430736 13303.7530479024
11806.1890891874 2990.23605503741 1122 132.838116322748 11681.4323805824
12417.3416017233 2991.73646725843 1169 248.580511555788 12730.0184972072
11508.0997861756 2992.45648026454 1012 28.4412718010051 13103.5471865419
11243.8910072649 2995.78894142227 972 179.299661948537 11149.0241239382
11727.8316352352 2995.0243976353 1055 199.383474022646 12095.1372349262
11311.0730822354 2969.39655144042 984 147.124128181148 12317.2762774684
11860.2478538088 2984.91355653549 1009 249.046183948392 11340.7885547096
11378.7859011599 2994.46240277369 1016 149.736218570114 12795.3986117704
10672.7757757865 2951.72468059717 809 320.520258945828 8696.16355705101
11896.6758881297 2997.41636914272 1106 317.332922203365 10946.0144097004
10733.6799397548 2974.86067631416 852 30.3795179206175 9095.49788005803
11597.9822952662 2995.06085411013 1036 512.800150369787 11007.4751661227
10994.8567513794 2988.54476948073 859 260.533243848796 10831.4296153797
11059.206567964 2898.51358299455 964 118.045944422604 8833.42593670842
10997.6978507517 2978.58641713139 833 156.595727315661 9246.96009083469
11419.4045194562 2939.67376901484 997 146.356574115852 9349.16555086033
11245.1846861459 2891.91884083353 988 442.712462483372 8735.74145531546
11965.1539443716 2941.14814404732 1028 429.865350811328 10992.5120915784
11176.9994368841 2928.01713137094 955 273.110067038051 10183.910850349
11863.8909505363 2988.11290120658 980 69.6264436232123 11764.297932519
11370.6579507567 2995.32670312677 944 129.136089761097 11999.1658901235
11121.0308430094 2995.68726038459 908 302.185244549552 9725.05397006535
11663.730397772 2990.44592564308 1072 227.347975067327 12480.7709127819
11473.5802700821 2987.73259339521 1000 136.33972266787 11976.2810452836
11063.4855695952 2965.33449850815 886 273.867277302948 8280.9908383676
11595.2103712089 2997.71274763545 982 70.7079458262704 12416.8315669678
11593.2398064115 2958.01314574708 950 118.521111842873 12689.7634933661
11379.4988402429 2987.19963893046 939 238.78994744218 9615.15848086143
11807.8315651144 2992.01186332759 1107 145.384322780393 11241.7812264312
12187.3076692377 2994.64029732921 1167 421.596184359977 15033.9738634561
11649.950022934 2991.23912320137 1079 290.173688942215 10334.2804556521
11435.8447847213 2975.95342168324 1023 212.650540889316 11529.7796075079
