2486.01037312452 576.215879626275 300 5.43752778764289 562.269517358962
2748.79446326265 652.488074665248 354 0.090566844635362 833.837044336538
2531.15323276037 592.691470518486 248 1.45470237364556 274.241104545829
2664.56452749978 531.688652068452 349 58.5054199731066 414.173060379874
2727.49516784664 638.844369080474 323 0.0316298610613149 402.336306802337
2525.63761805814 618.968946567779 310 17.1932186218381 378.13932912931
2748.79446326265 652.488074665248 354 0.090566844635362 833.837044336538
2748.79446326265 652.488074665248 354 0.090566844635362 833.837044336538
3037.46162606884 637.304950545529 475 3.32574714175126 661.832823129886
2515.56975797091 603.848487929468 304 4.47872275639402 526.525199914262
2553.55252599589 590.963563255326 371 9.21010476661484 442.084149070498
2681.25654983937 598.300500491841 373 0.353701800240379 476.967657532864
2892.91166411789 658.3412837232 391 0.101132345581493 511.928434605537
2892.91166411789 658.3412837232 391 0.101132345581493 511.928434605537
2727.49516784664 638.844369080474 323 0.0316298610613149 402.336306802337
2553.55252599589 590.963563255326 371 9.21010476661484 442.084149070498
2681.25654983937 598.300500491841 373 0.353701800240379 476.967657532864
2892.91166411789 658.3412837232 391 0.101132345581493 511.928434605537
2892.91166411789 658.3412837232 391 0.101132345581493 511.928434605537
2634.92559564007 617.747624698753 399 1.32943287382599 626.43696423007
2743.59873571637 577.04414336728 381 6.79903273982564 364.463399303835
2727.49516784664 638.844369080474 323 0.0316298610613149 402.336306802337
2634.34733083537 628.603352226443 326 2.08245144489459 558.020128975139
2813.49751991528 635.370277122418 388 0.554379657523635 479.427650001069
3037.46162606884 637.304950545529 475 3.32574714175126 661.832823129886
3037.46162606884 637.304950545529 475 3.32574714175126 661.832823129886
2634.92559564007 617.747624698753 399 1.32943287382599 626.43696423007
2743.59873571637 577.04414336728 381 6.79903273982564 364.463399303835
2905.10126544988 669.798185269323 416 85.0433418938116 326.759900645612
2727.49516784664 638.844369080474 323 0.0316298610613149 402.336306802337
2634.34733083537 628.603352226443 326 2.08245144489459 558.020128975139
3097.59053616919 667.561469602038 490 51.4123422290035 579.030059252987
2813.49751991528 635.370277122418 388 0.554379657523635 479.427650001069
3037.46162606884 637.304950545529 475 3.32574714175126 661.832823129886
3037.46162606884 637.304950545529 475 3.32574714175126 661.832823129886
3037.46162606884 637.304950545529 475 3.32574714175126 661.832823129886
2892.91166411789 658.3412837232 391 0.101132345581493 511.928434605537
3001.45756493305 644.488546851233 452 3.11705405058775 582.918763690726
2791.0290714035 585.457535072787 466 25.6971656907188 538.00677982887
2751.52945086647 591.042353906417 433 22.6242130054851 435.049788651534
2708.23618036992 609.483607153422 377 19.0905089053011 349.408156437877
2892.91166411789 658.3412837232 391 0.101132345581493 511.928434605537
3001.45756493305 644.488546851233 452 3.11705405058775 582.918763690726
2791.0290714035 585.457535072787 466 25.6971656907188 538.00677982887
2751.52945086647 591.042353906417 433 22.6242130054851 435.049788651534
2708.23618036992 609.483607153422 377 19.0905089053011 349.408156437877
2708.23618036992 609.483607153422 377 19.0905089053011 349.408156437877
3037.46162606884 637.304950545529 475 3.32574714175126 661.832823129886
2791.0290714035 585.457535072787 466 25.6971656907188 538.00677982887
2751.52945086647 591.042353906417 433 22.6242130054851 435.049788651534
2708.23618036992 609.483607153422 377 19.0905089053011 349.408156437877
3037.46162606884 637.304950545529 475 3.32574714175126 661.832823129886
2701.51371480802 597.317291905066 371 11.821782729109 423.15158272795
2510.30934769266 572.771858158887 353 111.155798546474 288.431299089767
2748.79446326265 652.488074665248 354 0.090566844635362 833.837044336538
2912.22542613612 607.898308009446 476 20.9513329957329 612.845213806502
2680.14555559485 626.493280116636 416 7.37315247705339 626.098709595837
3037.46162606884 637.304950545529 475 3.32574714175126 661.832823129886
2701.51371480802 597.317291905066 371 11.821782729109 423.15158272795
2510.30934769266 572.771858158887 353 111.155798546474 288.431299089767
2748.79446326265 652.488074665248 354 0.090566844635362 833.837044336538
2912.22542613612 607.898308009446 476 20.9513329957329 612.845213806502
2680.14555559485 626.493280116636 416 7.37315247705339 626.098709595837
3037.46162606884 637.304950545529 475 3.32574714175126 661.832823129886
3037.46162606884 637.304950545529 475 3.32574714175126 661.832823129886
2813.49751991528 635.370277122418 388 0.554379657523635 479.427650001069
3037.46162606884 637.304950545529 475 3.32574714175126 661.832823129886
2847.97597875328 633.957718263343 432 2.28854801746715 560.795970578327
2905.10126544988 669.798185269323 416 85.0433418938116 326.759900645612
3037.46162606884 637.304950545529 475 3.32574714175126 661.832823129886
2804.53298950404 644.932092223225 420 0.240707372937689 498.025813402673
2905.10126544988 669.798185269323 416 85.0433418938116 326.759900645612
3037.46162606884 637.304950545529 475 3.32574714175126 661.832823129886
2804.53298950404 644.932092223225 420 0.240707372937689 498.025813402673
3037.46162606884 637.304950545529 475 3.32574714175126 661.832823129886
2804.53298950404 644.932092223225 420 0.240707372937689 498.025813402673
3037.46162606884 637.304950545529 475 3.32574714175126 661.832823129886
2804.53298950404 644.932092223225 420 0.240707372937689 498.025813402673
2905.10126544988 669.798185269323 416 85.0433418938116 326.759900645612
3037.46162606884 637.304950545529 475 3.32574714175126 661.832823129886
2804.53298950404 644.932092223225 420 0.240707372937689 498.025813402673
3037.46162606884 637.304950545529 475 3.32574714175126 661.832823129886
2804.53298950404 644.932092223225 420 0.240707372937689 498.025813402673
2905.10126544988 669.798185269323 416 85.0433418938116 326.759900645612
2804.53298950404 644.932092223225 420 0.240707372937689 498.025813402673
2905.10126544988 669.798185269323 416 85.0433418938116 326.759900645612
3037.46162606884 637.304950545529 475 3.32574714175126 661.832823129886
2804.53298950404 644.932092223225 420 0.240707372937689 498.025813402673
3037.46162606884 637.304950545529 475 3.32574714175126 661.832823129886
2804.53298950404 644.932092223225 420 0.240707372937689 498.025813402673
2905.10126544988 669.798185269323 416 85.0433418938116 326.759900645612
3037.46162606884 637.304950545529 475 3.32574714175126 661.832823129886
2804.53298950404 644.932092223225 420 0.240707372937689 498.025813402673
2677.82658422201 637.444797022049 367 14.1827100228286 367.774462815155
3037.46162606884 637.304950545529 475 3.32574714175126 661.832823129886
2905.10126544988 669.798185269323 416 85.0433418938116 326.759900645612
2590.27999885879 580.477472019311 378 4.92630612942193 431.598057834483
2850.31085260557 637.200263308413 455 0.212735947420942 736.256621596832
3005.80440157406 649.922308413487 460 62.6916362885933 510.732847389484
2681.25654983937 598.300500491841 373 0.353701800240379 476.967657532864
2818.15426169798 655.916369708663 422 0.341810716405644 705.604734833233
2905.10126544988 669.798185269323 416 85.0433418938116 326.759900645612
2631.98866730721 621.461588120781 364 31.8257324693958 342.797268547224
2677.82658422201 637.444797022049 367 14.1827100228286 367.774462815155
2979.12119993957 658.71144195602 384 6.1868789789052 391.588278779468
2633.52255183782 638.150793410341 384 20.8896896172333 444.808933413103
2691.25058158981 641.672780478807 353 9.69997223777287 345.317879193612
2905.10126544988 669.798185269323 416 85.0433418938116 326.759900645612
3037.46162606884 637.304950545529 475 3.32574714175126 661.832823129886
2804.53298950404 644.932092223225 420 0.240707372937689 498.025813402673
2677.82658422201 637.444797022049 367 14.1827100228286 367.774462815155
3037.46162606884 637.304950545529 475 3.32574714175126 661.832823129886
2905.10126544988 669.798185269323 416 85.0433418938116 326.759900645612
2590.27999885879 580.477472019311 378 4.92630612942193 431.598057834483
2850.31085260557 637.200263308413 455 0.212735947420942 736.256621596832
3005.80440157406 649.922308413487 460 62.6916362885933 510.732847389484
2681.25654983937 598.300500491841 373 0.353701800240379 476.967657532864
2818.15426169798 655.916369708663 422 0.341810716405644 705.604734833233
2905.10126544988 669.798185269323 416 85.0433418938116 326.759900645612
3005.80440157406 649.922308413487 460 62.6916362885933 510.732847389484
2681.25654983937 598.300500491841 373 0.353701800240379 476.967657532864
2818.15426169798 655.916369708663 422 0.341810716405644 705.604734833233
2905.10126544988 669.798185269323 416 85.0433418938116 326.759900645612
3037.46162606884 637.304950545529 475 3.32574714175126 661.832823129886
3007.52500457262 636.300494467064 490 57.6321578383823 667.994197965691
3095.77992181345 654.490760557159 516 25.7724696396384 713.390253164776
2781.23411520878 644.25326724027 364 16.6642104160703 338.478450122923
2677.82658422201 637.444797022049 367 14.1827100228286 367.774462815155
2543.51511138417 631.205262153729 345 8.86800724296328 654.999590913565
3119.31272435582 679.882461504137 490 47.2319051633564 677.738143399377
2681.41430541656 622.907995150016 374 50.3693870578036 353.034370572045
2991.70730033272 650.396166929207 440 6.93344041598039 530.697400840479
2694.11578415635 659.298932857286 373 0.10172021208626 483.353876241828
2571.51516909874 607.033877440304 318 11.1948816117999 343.400003479658
2321.32198231646 487.258254493127 284 133.892860069214 197.206051256778
2748.79446326265 652.488074665248 354 0.090566844635362 833.837044336538
3037.46162606884 637.304950545529 475 3.32574714175126 661.832823129886
2781.57917566948 616.138222603652 370 4.59951466428873 416.467742464472
2608.0736464734 617.491345663232 360 5.60062496292943 392.818103554208
2831.27642944074 649.653982759179 471 15.2600705666987 775.105252167605
2668.21234936746 591.462641795279 410 1.33758178039358 430.643664766596
2892.91166411789 658.3412837232 391 0.101132345581493 511.928434605537
2920.85642340155 611.913293102868 404 9.18202160977044 736.30459644428
3037.46162606884 637.304950545529 475 3.32574714175126 661.832823129886
2876.73176965942 656.291010056237 465 20.4209526473563 720.671929495436
2677.82658422201 637.444797022049 367 14.1827100228286 367.774462815155
2858.01795188195 663.496965039475 416 25.9486006445189 347.806067357836
2667.05487064029 610.606339857503 339 79.6805273651283 308.162139154828
2689.25746656962 615.77628012447 399 56.5022263749271 506.927647620836
3005.80440157406 649.922308413487 460 62.6916362885933 510.732847389484
2924.04835058618 623.25779547363 452 15.0983381165913 254.264790528152
2898.32619321791 636.565058624232 435 24.9046428593004 451.202621594989
3095.77992181345 654.490760557159 516 25.7724696396384 713.390253164776
2671.76855295388 600.303695942876 333 17.2577622921015 464.006058429839
2931.44187701699 643.69080663011 402 8.94707341987554 393.776273008177
2616.72828210864 576.33897383757 444 81.2980520274644 443.8034008407
2904.5293396372 631.176622471914 435 23.7108467742997 445.886353865548
1992.26326338457 394.726471350981 236 105.189104595762 199.374143428967
892.47853135469 198.368141238809 131 308.874130731017 9.36814123880868
1887.48272934186 399.569940478725 235 121.214659008181 216.261138785768
2810.5728524333 663.291744845359 410 11.1254494542187 699.400967453421
3037.46162606884 637.304950545529 475 3.32574714175126 661.832823129886
2632.09704842701 628.168209811952 333 21.5773623657479 408.221139511924
2979.12119993957 658.71144195602 384 6.1868789789052 391.588278779468
2890.67593081068 671.903214383754 439 3.82863119814338 727.732462211697
2726.24946510854 652.459528552836 397 6.0824095705134 564.649737608417
2696.49567395438 609.327320750454 377 83.4295889113376 403.872590794023
2677.82658422201 637.444797022049 367 14.1827100228286 367.774462815155
2708.23618036992 609.483607153422 377 19.0905089053011 349.408156437877
2833.4663763321 659.368119578259 397 4.31573442380584 513.189688418245
3037.46162606884 637.304950545529 475 3.32574714175126 661.832823129886
3007.52500457262 636.300494467064 490 57.6321578383823 667.994197965691
2616.91883619132 565.359278108214 418 136.503685454545 429.667532791717
2634.92559564007 617.747624698753 399 1.32943287382599 626.43696423007
3037.46162606884 637.304950545529 475 3.32574714175126 661.832823129886
2925.43816294979 640.094430516162 439 1.94988880780637 548.399208522424
2905.10126544988 669.798185269323 416 85.0433418938116 326.759900645612
2945.3109353606 666.725436542582 343 0.0500863022563245 525.331765911866
3194.20646501611 672.727336727106 534 63.6568637819456 773.20237871976
3135.06026707553 668.853435888375 495 40.8914815802568 756.478279158425
2920.85642340155 611.913293102868 404 9.18202160977044 736.30459644428
2677.82658422201 637.444797022049 367 14.1827100228286 367.774462815155
842.349984571846 224.095606961543 210 162.110330114811 274.260922159691
1814.96562852628 378.234536232057 276 159.130802119779 236.766416213623
1746.15796143333 434.989414391867 274 289.860234825211 255.377155515043
1879.47609346186 413.178438292859 244 120.515965159352 316.307295919691
1967.58629429095 427.242274087278 359 332.474137352396 356.435694437342
855.423826601036 165.018319471551 186 288.838265529611 14.6973337531985
1728.25918151572 433.761345531354 274 332.603634559182 258.733274039035
776.832078257644 179.881890819368 210 103.313381630559 128.596191707146
1767.61982402924 440.723820549196 287 293.990572207563 281.447641098392
702.333927070327 132.619030600084 120 235.687438418663 0
633.547143496338 129.579802157478 112 203.437890384679 0
1905.19484418917 420.289544417545 346 366.654918717102 398.441128132655
0 0 0 0 0
1798.32072006273 411.300141681289 266 299.898962403997 309.420727496462
623.547143496338 129.579802157478 96 205.362391281978 0
741.062916424119 215.574108009572 111 142.617624761305 28.7219887602902
1960.53419576894 383.780094865095 295 130.779792197963 364.988412850011
1675.04199175494 351.542379856461 249 322.361981614548 262.233922860396
