2742.4610149789 614.121768689041 342 0.424301827111157 37.0382604682497
2767.42088398202 627.82873676985 345 0.106298145327571 114.939051323839
2767.42088398202 627.82873676985 345 0.106298145327571 114.939051323839
2776.33395429687 624.760347738559 356 0.081146737186505 110.635029469713
2476.96031159098 569.091969684423 351 107.957665408224 25.0213759667622
2443.63357258042 542.18007234755 313 5.13057814805384 18.3744634280244
2448.59077958091 567.33787035229 348 51.2336221708809 65.2099045581878
2443.63357258042 542.18007234755 313 5.13057814805384 18.3744634280244
2448.59077958091 567.33787035229 348 51.2336221708809 65.2099045581878
2532.63973903675 570.131206479356 392 1.87598995915801 11.4100591229565
2789.61037245039 582.265637468169 390 19.2173666893127 171.75747332419
2782.32080162239 637.423098747666 348 0.094595737045484 55.6684983011145
2890.78428445063 645.995873912969 390 0.396880576141749 22.5618927809128
2786.22268417492 577.809821730114 389 19.3129154772892 165.88143345293
2646.03053713194 580.895638670548 339 14.1147665568737 14.8325483271545
2786.22268417492 577.809821730114 389 19.3129154772892 165.88143345293
2646.03053713194 580.895638670548 339 14.1147665568737 14.8325483271545
2786.22268417492 577.809821730114 389 19.3129154772892 165.88143345293
2646.03053713194 580.895638670548 339 14.1147665568737 14.8325483271545
2646.03053713194 580.895638670548 339 14.1147665568737 14.8325483271545
865.036590134661 203.473724333812 137 166.476369391041 0
865.036590134661 203.473724333812 137 166.476369391041 0
2724.66111595493 603.23623076537 352 16.0284829209483 15.0792721829149
2578.53079448452 577.120513588736 381 80.5559691758497 64.1632840972394
2727.60282034141 631.796353789698 328 1.74242640950129 16.5740197057354
2961.58376027042 646.396614553616 454 2.1387046351957 197.873546436696
2864.22374965621 662.672860487511 423 0.0486032844191378 166.590856092844
2787.87454005461 639.035119770465 365 0.0116111149413716 126.512397033185
2693.86939353934 612.959437482926 424 19.3112484954574 54.1090057620132
2586.59625740305 593.576710116578 299 1.12325734649066 17.8624498262354
2746.92040187097 626.835417217046 385 2.91771423170082 12.5107666587148
2843.49366643295 624.436050195367 418 0.0815081818725786 153.952417720197
2613.26264815831 555.615608889322 395 34.6908094125391 14.6170328477803
2836.35369530758 595.492811076241 418 2.20567789544064 51.1029281364508
2782.32080162239 637.423098747666 348 0.094595737045484 55.6684983011145
2582.56439729644 591.751571208084 353 0.332847330696965 65.2099045581878
745.331569094166 210.609534455528 104 143.439127350681 0
857.788190989974 216.598959359981 128 118.893392790078 0
2817.9257849085 605.642349128303 412 4.56341515510181 111.784153332871
2897.38104522934 640.346468918564 391 0.0826095134120152 108.135974824632
3047.90919681735 636.873943685464 502 0.851858063227239 110.663449591531
2767.42088398202 627.82873676985 345 0.106298145327571 114.939051323839
2655.33348498044 647.777313576367 291 0.976502502750781 23.2713633372433
745.331569094166 210.609534455528 104 143.439127350681 0
857.788190989974 216.598959359981 128 118.893392790078 0
2817.9257849085 605.642349128303 412 4.56341515510181 111.784153332871
2897.38104522934 640.346468918564 391 0.0826095134120152 108.135974824632
3047.90919681735 636.873943685464 502 0.851858063227239 110.663449591531
2767.42088398202 627.82873676985 345 0.106298145327571 114.939051323839
2655.33348498044 647.777313576367 291 0.976502502750781 23.2713633372433
2914.67321348744 635.774904427307 372 0.696067134873748 40.7749044273065
2626.09823624061 634.375781227918 319 1.80657224989782 142.420306816966
2799.81365258459 582.076403211243 415 4.8264566053322 37.686520271452
1769.5637295584 427.105610697995 207 155.460325333298 0
2655.33348498044 647.777313576367 291 0.976502502750781 23.2713633372433
2914.67321348744 635.774904427307 372 0.696067134873748 40.7749044273065
2626.09823624061 634.375781227918 319 1.80657224989782 142.420306816966
2799.81365258459 582.076403211243 415 4.8264566053322 37.686520271452
2698.41352203089 653.714211634866 275 0.0347663495540253 122.8644563105
2699.90297873065 655.245830670007 288 0.321412425070291 124.396075345641
1769.5637295584 427.105610697995 207 155.460325333298 0
2699.90297873065 655.245830670007 288 0.321412425070291 124.396075345641
2699.90297873065 655.245830670007 288 0.321412425070291 124.396075345641
2470.25702114098 587.03367685413 380 64.4576952064003 116.82165124249
2776.16922267096 625.772226467028 453 17.0241995195904 15.6348768705371
2661.92677309929 657.01118241069 262 0.486956241882866 194.91800786855
2719.79255900126 627.458122564973 372 0.56360118342056 85.9059453317364
2940.58095966898 627.201454201523 463 17.5484774656656 29.201454201523
2767.42088398202 627.82873676985 345 0.106298145327571 114.939051323839
2695.32998356978 597.388317427039 430 5.71422006648286 95.6823121275638
2768.2047877257 627.861692521625 352 0.0445642004819307 119.513425389255
2626.09823624061 634.375781227918 319 1.80657224989782 142.420306816966
2922.49740275886 617.639556292137 481 24.508841765641 19.6395562921367
2897.38104522934 640.346468918564 391 0.0826095134120152 108.135974824632
2567.13439247624 588.466899789036 317 2.62218030498435 12.7526394986942
3026.00240502786 633.063196174028 461 1.97396965633338 111.225742749551
2352.94872572053 559.473102362564 333 84.788247143625 45.8493380499502
2479.59765165789 555.933579340584 382 148.792034011761 138.796602033702
2961.58376027042 646.396614553616 454 2.1387046351957 197.873546436696
2961.58376027042 646.396614553616 454 2.1387046351957 197.873546436696
2730.32271139063 627.649159093783 380 1.37567978990081 126.354553329965
2699.90297873065 655.245830670007 288 0.321412425070291 124.396075345641
2798.59413471751 630.370957061779 412 0.843037341219376 71.5205253408665
2767.42088398202 627.82873676985 345 0.106298145327571 114.939051323839
2914.67321348744 635.774904427307 372 0.696067134873748 40.7749044273065
2767.42088398202 627.82873676985 345 0.106298145327571 114.939051323839
2718.0276862989 643.585013147258 406 11.8173183058863 30.5850131472581
2776.16922267096 625.772226467028 453 17.0241995195904 15.6348768705371
2961.58376027042 646.396614553616 454 2.1387046351957 197.873546436696
3132.5950924256 658.275697936455 510 33.4474744805509 144.632135043805
2782.32080162239 637.423098747666 348 0.094595737045484 55.6684983011145
2727.60974010696 593.966964001772 417 5.97841762758295 67.8457326545434
2655.33348498044 647.777313576367 291 0.976502502750781 23.2713633372433
2783.8457193111 591.372415900365 412 30.3187786856142 101.183295885225
2883.41310044552 602.574644790348 402 0.608611145129652 190.646256513164
2699.90297873065 655.245830670007 288 0.321412425070291 124.396075345641
2814.1847436983 631.411881174124 453 33.9542661271052 17.9204677081989
2661.92677309929 657.01118241069 262 0.486956241882866 194.91800786855
2794.45213156756 596.252935570668 442 59.4881385463049 27.9304600594385
2769.29990148434 626.476114518046 465 42.5923580386936 12.9847010521203
3167.93452555743 669.69936810649 527 47.0496286349983 143.488874012558
2435.311620468 579.6850064788 316 77.3001734484026 63.8345747578878
2554.99769866842 603.426994448878 378 83.153759486241 20.3763441023239
2957.23308681786 654.195021587837 487 33.5570019199955 67.1011717413144
2671.82060033136 611.509791885784 373 25.7198333575576 46.6353982953775
2118.96460868375 496.614715670274 334 163.769646946422 106.961114034003
2655.33348498044 647.777313576367 291 0.976502502750781 23.2713633372433
2766.08797069521 649.247086870823 407 0.771086108427834 110.681287342838
2907.97612525477 604.407004381208 484 20.4299798758835 22.3769125911905
2782.32080162239 637.423098747666 348 0.094595737045484 55.6684983011145
2734.25438519694 606.75382229251 453 0.891171053812962 15.6348768705371
2699.90297873065 655.245830670007 288 0.321412425070291 124.396075345641
2849.19312262658 633.924740753483 371 12.3667715144918 12.5107666587148
2806.9786093059 642.712288676531 419 0.7699817675401 96.2476778516944
2961.58376027042 646.396614553616 454 2.1387046351957 197.873546436696
2030.46400309855 445.307012484181 362 390.762979589598 98.096518390249
979.558169782161 189.050163535363 123 342.391099189041 0
80 10 11 30.79201435678 0
2619.36666800433 586.514343357992 426 35.8371177234328 10.9915184269557
2476.96031159098 569.091969684423 351 107.957665408224 25.0213759667622
2914.00637488945 639.684207814101 372 0.824400282893147 55.1353385739019
2672.01976192614 605.678002339964 331 42.9925778289531 12.7526394986942
2719.79255900126 627.458122564973 372 0.56360118342056 85.9059453317364
2798.47718388639 629.458207339888 468 85.7570896249582 20.0272079226107
2776.54885263932 633.365694307342 406 0.414298130985831 154.920562930689
2871.49715519382 608.853695256161 379 0.0431151629324206 103.206312847753
2818.29511984942 635.881757184208 339 24.9968031742906 7.53777620920258
2401.48823251584 579.532377288708 296 27.6303452282006 0
2655.33348498044 647.777313576367 291 0.976502502750781 23.2713633372433
2787.87454005461 639.035119770465 365 0.0116111149413716 126.512397033185
2914.67321348744 635.774904427307 372 0.696067134873748 40.7749044273065
2691.88850372266 657.903973638716 314 2.73806236121075 104.884564040476
2696.21528673234 606.963624256408 426 14.2624041769297 14.8325483271545
2661.92677309929 657.01118241069 262 0.486956241882866 194.91800786855
3048.69310056102 636.90689943724 509 0.700995717417671 115.237823656947
2478.4878723718 562.270340520129 300 78.0939289857284 135.126691172645
2701.24194551528 620.732783373175 451 55.6901177717703 43.1895135811615
2488.47255794306 570.030642808334 368 130.256350758523 95.8879657739234
1841.03843199293 463.69402183629 217 67.8570035638236 0
2642.01689824108 626.894640834308 324 1.25697568047182 134.939166423355
3047.90919681735 636.873943685464 502 0.851858063227239 110.663449591531
3033.78532496547 652.656753508026 490 32.6312505432235 117.058065072472
2964.99826063543 616.286875796887 473 16.8080751710258 105.654405575282
2914.67321348744 635.774904427307 372 0.696067134873748 40.7749044273065
2362.62860341411 577.52831795133 265 32.6620270130305 25.9373929376927
2914.67321348744 635.774904427307 372 0.696067134873748 40.7749044273065
2529.60240435531 598.74007587866 335 46.174303567349 10.9915184269557
2734.25438519694 606.75382229251 453 0.891171053812962 15.6348768705371
2699.90297873065 655.245830670007 288 0.321412425070291 124.396075345641
2699.90297873065 655.245830670007 288 0.321412425070291 124.396075345641
2803.5745629879 654.895273900383 348 1.98387056708182 25.7856751469737
2632.8676620922 590.77853135433 385 36.9929440769009 39.4650858027544
2699.90297873065 655.245830670007 288 0.321412425070291 124.396075345641
3047.90919681735 636.873943685464 502 0.851858063227239 110.663449591531
3225.16146303995 668.275697936455 519 69.0762871419556 164.632135043805
3149.29248634288 665.594115844373 517 39.874304395825 139.383621750441
2450.4052796158 598.32598713028 313 66.1659390660464 56.4755554093676
2814.1847436983 631.411881174124 453 33.9542661271052 17.9204677081989
3169.62208026876 672.104215037454 528 47.6991687462386 145.893720943522
2655.33348498044 647.777313576367 291 0.976502502750781 23.2713633372433
2799.81365258459 582.076403211243 415 4.8264566053322 37.686520271452
2767.42088398202 627.82873676985 345 0.106298145327571 114.939051323839
2791.9037834114 602.61152683878 422 52.9496256557771 60.8884688694469
2699.90297873065 655.245830670007 288 0.321412425070291 124.396075345641
2907.97612525477 604.407004381208 484 20.4299798758835 22.3769125911905
2879.42750981254 645.220981322581 470 70.1781921368071 22.1871290976494
2872.28105893749 608.886651007937 386 0.107747182877081 107.780686913169
3097.86231893914 666.461566316012 516 35.4989870699025 63.2966193199907
2711.0402115822 635.084296038856 350 19.1273912361597 15.0842960388563
2722.76728071963 623.145463538993 389 57.1548349857113 71.0694231170493
2473.57958653184 601.731841887473 319 54.6668540272032 48.1225116382662
2778.35655711417 625.657896588599 478 4.1225677616444 32.6138178214443
2684.94224034837 626.785458553109 351 13.6160271836276 27.4664173052545
2951.70028787016 620.604077489696 431 1.98484809514714 135.228366095376
2947.1931948755 652.190395008139 458 7.9215216572673 49.0507014145741
2991.71120159326 670.514745348251 483 48.5691855784066 47.4808931233198
2782.32080162239 637.423098747666 348 0.094595737045484 55.6684983011145
2736.12905943629 606.8767684884 440 9.10474769287793 14.0660594616189
2016.12452170305 493.323470820824 265 88.5194790510647 94.0372629917622
2121.3112597323 504.782834991867 243 123.031125965762 0
2661.04026603821 599.188950485125 371 58.7626503213813 12.5107666587148
2778.30749125432 608.417967189878 423 55.5662333014002 66.6949092205443
1537.66759744398 391.146997429159 139 71.65742726411 25.4232938596828
2691.88850372266 657.903973638716 314 2.73806236121075 104.884564040476
3083.895845941 647.498632728693 485 27.2327756099834 179.059568618535
2836.70094321132 652.244345583475 435 8.99179588231638 190.428359288479
2476.96031159098 569.091969684423 351 107.957665408224 25.0213759667622
2978.02940268998 655.332039659083 454 5.30366999450529 215.744396647629
2856.03162596364 634.809076569749 461 37.778713791174 36.8090765697486
2908.50867498495 637.719756677529 458 22.8112003054514 45.2193503415006
2790.81915192665 626.731403844624 417 47.7623625340886 11.4462990452698
2258.86055554392 548.229933396444 376 164.916192723724 25.0561835367125
810.020942479613 199.097539268674 137 155.88860306328 0
2053.14092535428 407.856685842489 307 172.691200458878 112.362513025981
920.693763248262 198.795739296081 106 354.375194701729 0
1448.97433507739 353.87967716931 184 278.85524080193 0
714.110602260595 195.754600446552 105 137.430649482107 0
919.848384234917 227.009044016249 214 177.024904083891 5.00904401624939
1856.84454626701 404.462151006508 203 165.83508156915 1.23981692254497
1955.7776018134 413.743397458987 256 208.466183781558 5.90426740605284
