2582.07974600492 571.14920248754 328 3.50003440034558 26.6564538776341
2582.07974600492 571.14920248754 328 3.50003440034558 26.6564538776341
2571.07380222049 571.425819546586 370 18.6454016332473 206.783344678809
2569.99334679335 561.570387319141 351 31.9022693582747 307.438859220034
2576.3576122828 579.612393724675 382 27.3396885618322 100.673634705845
2642.30711567382 578.730420045243 367 43.0835625868088 37.9723242002461
2691.59904990799 585.930576624423 429 50.2600174212863 128.528060096553
2405.14248821894 525.915575532841 301 0.951094574858045 4.15640679478358
686.836098298636 184.377522467302 130 132.18166874729 0
2936.71860280215 664.763442815707 401 0.00238360454846979 336.942040081714
2936.71860280215 664.763442815707 401 0.00238360454846979 336.942040081714
2936.71860280215 664.763442815707 401 0.00238360454846979 336.942040081714
2528.89345063694 557.179022019835 325 7.8881639040783 73.6102291625234
2528.89345063694 557.179022019835 325 7.8881639040783 73.6102291625234
2936.71860280215 664.763442815707 401 0.00238360454846979 336.942040081714
2936.71860280215 664.763442815707 401 0.00238360454846979 336.942040081714
2528.89345063694 557.179022019835 325 7.8881639040783 73.6102291625234
2528.89345063694 557.179022019835 325 7.8881639040783 73.6102291625234
2936.71860280215 664.763442815707 401 0.00238360454846979 336.942040081714
2936.71860280215 664.763442815707 401 0.00238360454846979 336.942040081714
2936.71860280215 664.763442815707 401 0.00238360454846979 336.942040081714
2838.15727207122 652.547201578778 393 25.3557574450721 28.5472015787777
2554.06555590496 619.992072872261 343 4.56140660045977 88.2475593698608
2694.84268847624 596.474465423548 373 22.1534073036028 24.664837822283
2570.5768509758 626.543406508384 368 1.79379383541849 88.2475593698608
2936.71860280215 664.763442815707 401 0.00238360454846979 336.942040081714
2554.06555590496 619.992072872261 343 4.56140660045977 88.2475593698608
2694.84268847624 596.474465423548 373 22.1534073036028 24.664837822283
2570.5768509758 626.543406508384 368 1.79379383541849 88.2475593698608
2936.71860280215 664.763442815707 401 0.00238360454846979 336.942040081714
2936.71860280215 664.763442815707 401 0.00238360454846979 336.942040081714
2820.00168522597 586.626940240408 379 2.72776126371254 190.235671627341
2580.34503942107 572.472668369796 416 6.43960985297216 92.7679684590764
2570.5768509758 626.543406508384 368 1.79379383541849 88.2475593698608
2956.33721133515 651.069010296868 449 10.1517017964973 173.500277750567
2820.00168522597 586.626940240408 379 2.72776126371254 190.235671627341
2895.92247229016 640.993477572883 468 75.3782548756578 266.627149978036
2580.34503942107 572.472668369796 416 6.43960985297216 92.7679684590764
2570.5768509758 626.543406508384 368 1.79379383541849 88.2475593698608
2936.71860280215 664.763442815707 401 0.00238360454846979 336.942040081714
2854.54574076658 639.39304176921 410 3.82551573446652 131.530011297632
2936.71860280215 664.763442815707 401 0.00238360454846979 336.942040081714
2580.34503942107 572.472668369796 416 6.43960985297216 92.7679684590764
2570.5768509758 626.543406508384 368 1.79379383541849 88.2475593698608
2936.71860280215 664.763442815707 401 0.00238360454846979 336.942040081714
2584.99551336172 633.016799012741 346 7.34353957532853 88.2475593698608
2854.54574076658 639.39304176921 410 3.82551573446652 131.530011297632
2936.71860280215 664.763442815707 401 0.00238360454846979 336.942040081714
2936.71860280215 664.763442815707 401 0.00238360454846979 336.942040081714
2982.5507303375 656.61230547307 476 73.7306605314422 76.6170706247766
2936.71860280215 664.763442815707 401 0.00238360454846979 336.942040081714
2936.71860280215 664.763442815707 401 0.00238360454846979 336.942040081714
2474.70322265613 602.660460736648 310 9.04533970560796 69.4647018536434
2957.14869915811 659.546201297948 471 78.7892577714626 114.341079522329
3197.87091877336 674.159960171817 534 105.643416409556 252.966543974821
1003.02900040654 207.330109891983 156 386.066042259811 0
1692.01658796989 376.312699504636 248 325.628744179243 2.44038478818825
1924.13754564637 431.306122735558 322 370.300443312265 38.4624449065258
2775.17535789622 619.045146709261 406 10.9831626224064 74.7186227390235
2936.71860280215 664.763442815707 401 0.00238360454846979 336.942040081714
2587.56288065158 603.519222012163 336 73.5826705595855 33.9205292876336
2554.06555590496 619.992072872261 343 4.56140660045977 88.2475593698608
2694.84268847624 596.474465423548 373 22.1534073036028 24.664837822283
2699.48818304302 588.591496246898 338 62.1472535650036 74.8228862644991
2570.5768509758 626.543406508384 368 1.79379383541849 88.2475593698608
2823.84131132124 646.705843099363 353 3.15357005864753 74.6724511383011
2838.02297951766 637.596368148314 388 2.03669599379783 117.74269839673
2775.17535789622 619.045146709261 406 10.9831626224064 74.7186227390235
2936.71860280215 664.763442815707 401 0.00238360454846979 336.942040081714
2936.71860280215 664.763442815707 401 0.00238360454846979 336.942040081714
2956.33721133515 651.069010296868 449 10.1517017964973 173.500277750567
2848.64575654757 634.311434026921 376 7.44600694745505 62.8829268663758
2820.00168522597 586.626940240408 379 2.72776126371254 190.235671627341
2895.92247229016 640.993477572883 468 75.3782548756578 266.627149978036
3132.53794927613 666.04060028321 490 35.0815458980926 355.193585654705
2638.6777206104 601.832193316008 315 4.43416147510077 155.348664626645
2819.74335108402 635.213001710069 440 30.1310554443444 129.553975513054
3132.53794927613 666.04060028321 490 35.0815458980926 355.193585654705
2629.1648845967 618.893498615561 323 22.4119954155417 83.4287492192272
3040.08674471014 667.904917258256 422 4.92355624412314 173.431446408145
2580.34503942107 572.472668369796 416 6.43960985297216 92.7679684590764
2570.5768509758 626.543406508384 368 1.79379383541849 88.2475593698608
2936.71860280215 664.763442815707 401 0.00238360454846979 336.942040081714
2584.99551336172 633.016799012741 346 7.34353957532853 88.2475593698608
2854.54574076658 639.39304176921 410 3.82551573446652 131.530011297632
2860.91879985842 662.564125185819 365 0.15651746607906 92.9539683330435
2936.71860280215 664.763442815707 401 0.00238360454846979 336.942040081714
2936.71860280215 664.763442815707 401 0.00238360454846979 336.942040081714
2826.16967692261 634.490172257501 361 6.53095436095276 62.8615313958305
2982.5507303375 656.61230547307 476 73.7306605314422 76.6170706247766
2848.64575654757 634.311434026921 376 7.44600694745505 62.8829268663758
3132.53794927613 666.04060028321 490 35.0815458980926 355.193585654705
2936.71860280215 664.763442815707 401 0.00238360454846979 336.942040081714
3132.53794927613 666.04060028321 490 35.0815458980926 355.193585654705
2936.71860280215 664.763442815707 401 0.00238360454846979 336.942040081714
2860.91879985842 662.564125185819 365 0.15651746607906 92.9539683330435
2757.10843410361 607.734674429916 380 4.49326114782312 209.548596967282
2474.70322265613 602.660460736648 310 9.04533970560796 69.4647018536434
2957.14869915811 659.546201297948 471 78.7892577714626 114.341079522329
3031.74515072537 672.369282132197 482 64.4331639738133 176.812404028328
3071.11741174592 670.396982021097 517 56.8559688075395 201.404844157222
3136.67701042548 670.267851636054 487 34.2849832085022 289.65312848221
3197.87091877336 674.159960171817 534 105.643416409556 252.966543974821
1003.02900040654 207.330109891983 156 386.066042259811 0
1692.01658796989 376.312699504636 248 325.628744179243 2.44038478818825
1924.13754564637 431.306122735558 322 370.300443312265 38.4624449065258
2936.71860280215 664.763442815707 401 0.00238360454846979 336.942040081714
2848.64575654757 634.311434026921 376 7.44600694745505 62.8829268663758
2860.91879985842 662.564125185819 365 0.15651746607906 92.9539683330435
2936.71860280215 664.763442815707 401 0.00238360454846979 336.942040081714
2936.71860280215 664.763442815707 401 0.00238360454846979 336.942040081714
2965.92165580096 654.216534682938 421 0.767490332000236 95.1474484573708
2936.71860280215 664.763442815707 401 0.00238360454846979 336.942040081714
2936.71860280215 664.763442815707 401 0.00238360454846979 336.942040081714
2838.15727207122 652.547201578778 393 25.3557574450721 28.5472015787777
2823.84131132124 646.705843099363 353 3.15357005864753 74.6724511383011
3197.87091877336 674.159960171817 534 105.643416409556 252.966543974821
1003.02900040654 207.330109891983 156 386.066042259811 0
1692.01658796989 376.312699504636 248 325.628744179243 2.44038478818825
1924.13754564637 431.306122735558 322 370.300443312265 38.4624449065258
3080.47973942745 653.833448218301 509 12.7252856345568 362.855742340879
2273.01323593621 502.442395283481 280 176.791782669179 36.7846353775948
2776.32803828267 641.401207219114 381 14.2786355483275 162.850125167453
2767.86523589703 638.533208431402 385 19.7456213991796 136.353825711159
2586.34393101716 584.640407583659 374 35.9475767273585 120.969803822545
2957.14869915811 659.546201297948 471 78.7892577714626 114.341079522329
3022.58960251322 663.977139783566 454 12.854179365233 281.470063711301
1170.74073464232 259.828775808016 205 20.8098634467835 0
2982.5507303375 656.61230547307 476 73.7306605314422 76.6170706247766
2786.0463843372 638.162441948029 403 4.31138436333345 88.0647780810291
3140.56509839073 670.091209996043 490 33.5367203307127 362.592390021316
2598.02597307856 602.986756305024 342 54.0838974669522 30.0282365220055
3136.67701042548 670.267851636054 487 34.2849832085022 289.65312848221
2948.11238229545 656.760604581781 438 17.1577646048412 114.689212511768
2860.91879985842 662.564125185819 365 0.15651746607906 92.9539683330435
2873.69983051885 604.203725520513 473 41.6761738306931 318.070911555553
2296.83257754109 523.079233930826 262 114.479712532942 48.0475279946253
772.886426255739 189.535900278902 157 148.74206208392 0
2377.23995921561 570.290899321459 288 1.3770705081395 37.7774068120943
2839.92148210546 655.774146200365 365 8.2383888373691 79.5590531088996
3136.67701042548 670.267851636054 487 34.2849832085022 289.65312848221
2570.5768509758 626.543406508384 368 1.79379383541849 88.2475593698608
2528.35228162614 606.200078208028 318 1.55343171928837 45.1182678629474
2319.78677799647 550.543288017098 316 145.610155941705 35.9771730929206
1691.86543398165 394.391501575898 288 185.422676863984 14.7209453823178
2860.91879985842 662.564125185819 365 0.15651746607906 92.9539683330435
3136.67701042548 670.267851636054 487 34.2849832085022 289.65312848221
1895.62172698944 468.678583375772 270 214.286491936698 27.8080001718108
3013.96646310607 678.534355746214 448 8.47873714492192 133.980627362677
3197.87091877336 674.159960171817 534 105.643416409556 252.966543974821
2629.1648845967 618.893498615561 323 22.4119954155417 83.4287492192272
3143.80887129606 672.693460123176 490 32.9124559440194 365.144030435617
2859.64389492646 654.0875104763 410 17.6135340167079 181.567766809023
2584.99551336172 633.016799012741 346 7.34353957532853 88.2475593698608
2293.32169407248 546.925586331673 318 84.2598212524881 82.7427490710032
2842.35566366427 629.213157420938 376 6.23547800765468 57.7846502603923
2630.97241049491 626.125424061632 385 25.0400555328961 88.2475593698608
2811.10220969207 606.258061219899 399 28.8391436299871 124.111116036046
2711.18650422147 599.292231587785 362 31.3063744743853 137.663640363734
2622.33897866464 622.011857016263 283 0.607569815836688 55.8727410759482
2949.74208718028 647.504703116413 476 61.1026078923972 119.070911773342
3100.17141302788 666.258106436286 500 41.3104887033144 372.407070541267
2936.71860280215 664.763442815707 401 0.00238360454846979 336.942040081714
2857.39348088003 646.951765587741 442 18.0421394949668 103.418841960735
2480.7952397567 603.686656554703 319 79.563010968881 50.9569178476057
2857.7859332866 659.531654522217 406 2.28856758760616 114.935543953368
2911.22448683178 628.092464708594 477 30.618850082294 146.822749483366
2882.4187728641 598.425784779145 393 0.9480492925918 41.3669267196638
2767.08474179964 610.87050111859 374 9.42612282864804 88.5409741957629
2360.01826655615 548.218523167081 314 167.251767112338 47.9800884536334
3132.53794927613 666.04060028321 490 35.0815458980926 355.193585654705
936.651723169354 182.570732006811 108 360.517416339169 0
810.146779539698 161.274597137343 145 311.825640833569 0
936.651723169354 182.570732006811 108 360.517416339169 0
2038.2309783017 473.699135099248 216 63.2987484495549 120.969803822545
2982.5507303375 656.61230547307 476 73.7306605314422 76.6170706247766
2896.34972372933 656.836816459785 363 0.790447843546393 251.237615898671
2990.62362444995 671.842295201523 448 2.3411765554607 157.203013146101
2781.99257427506 675.707938453215 393 5.23148137484881 147.65682794829
3132.53794927613 666.04060028321 490 35.0815458980926 355.193585654705
2839.92148210546 655.774146200365 365 8.2383888373691 79.5590531088996
2616.46539141639 618.715746600284 406 27.8319326562717 66.6143556151131
3105.25626327678 662.255780627449 482 47.449938692895 401.623824413355
3197.87091877336 674.159960171817 534 105.643416409556 252.966543974821
2580.54873884605 589.959291203391 361 54.4740428510506 78.1885783134704
3132.53794927613 666.04060028321 490 35.0815458980926 355.193585654705
2548.33402101142 587.606428313049 391 54.5753157483779 105.248868562364
2570.5768509758 626.543406508384 368 1.79379383541849 88.2475593698608
2809.13301506992 672.588952597683 372 30.9414783093139 40.5889525976833
2593.59159304577 601.544154738373 335 32.3281783253994 2.44038478818825
2869.39236911158 662.573382304019 438 24.5675734188717 52.8777781649393
2842.35566366427 629.213157420938 376 6.23547800765468 57.7846502603923
2598.6059261662 636.878868055007 344 12.5821899062919 88.2475593698608
2820.44645752373 622.689310453108 390 9.29930450515742 128.323464582801
2745.11911842126 639.088180747632 386 25.7100170702124 297.44889869221
2936.71860280215 664.763442815707 401 0.00238360454846979 336.942040081714
2911.22448683178 628.092464708594 477 30.618850082294 146.822749483366
829.957876816869 211.043502282192 178 159.725467865423 0
849.221140236556 218.768847340453 178 117.244663103862 1.0732432013729
1921.11955280907 416.316757363788 253 126.781909143329 62.2080737321587
