11839.9506809546 2878.86426003368 1448 262.401000537891 7883.18580928841
12200.5039049614 2982.98231606116 1448 394.02014553697 10527.8776367814
11729.1235760397 2888.86125818511 1448 280.2153096665 7084.92869024172
11628.5778867016 2854.33771154672 1448 368.268996042828 7349.65559255668
11887.6224562894 2941.00697724433 1448 227.175954362073 7809.05424140917
11456.430580108 2768.17268358068 1448 9.69689882747259 7296.320370323
12168.2393329319 2982.77597250077 1448 512.373077936994 9020.59107750304
11939.3786622308 2950.84670099509 1448 362.211510182644 9299.96118376934
11999.9776387829 2953.690781054 1448 291.991825123701 6633.56833041687
11710.922599819 2870.32913354928 1448 338.191923067065 6093.77794502644
11988.6414322922 2921.56262762908 1448 349.328162003857 9004.58778095362
12010.6022131035 2963.7388372625 1448 369.659787256884 7534.07358736919
11869.667361494 2877.23353647786 1448 263.572250332924 7757.3787401351
11559.7663088968 2831.99185056479 1448 339.587958586906 7449.29512869023
11674.8909805258 2848.79625976332 1448 233.446376573908 7055.06173244509
11962.9278912381 2949.61625699553 1448 426.46734776312 8511.17303108195
12079.7054151991 2942.07918495737 1448 480.159092110713 9002.09244719632
12191.5352698189 2970.00266227332 1448 551.064201201238 7900.53038754254
11999.7228553665 2968.17149985917 1448 365.639998485275 8257.35521124963
11995.9586580462 2919.73184593959 1448 408.230395381602 7967.21112368181
11775.2881197895 2875.36520082077 1448 331.264004710941 7886.54552523028
11911.2080257432 2911.27965783241 1448 341.862309475653 8542.75188399335
12070.6073629607 2953.90450863155 1448 460.787645484037 9307.36797410527
12232.3950942146 2989.77119942705 1448 420.575668453771 9363.04200233335
10846.841330088 2604.67864653094 1448 252.470919673203 7554.59545211532
11230.7399193409 2702.3260988708 1448 557.572237063969 7823.26566425507
11911.5925967297 2912.6541200141 1448 401.598350425282 7997.00018070341
11800.415319497 2840.62523428832 1448 259.700736408414 7066.48908570016
11947.80561048 2945.91756037527 1448 353.381601186414 8687.29699743055
12261.0426916559 2998.10412055324 1448 361.768082308035 8238.67552829844
11708.7553668657 2859.22901168156 1448 288.139090500547 8147.7017670254
11804.2574738928 2882.86253097985 1448 225.244612881874 8690.550036334
11450.1745192509 2772.23129640839 1448 99.8519935688223 8043.39018500146
11587.7979132839 2821.77693586212 1448 252.143263229985 8161.08675969825
11935.0217119935 2929.61286787062 1448 331.474885584496 8549.08774453347
11594.086820549 2818.84428184802 1448 144.32052363477 6775.29865823559
12137.995799156 2947.4263949933 1448 507.041875606662 7110.0357850903
12117.3891037325 2957.32582191262 1448 407.332175980929 9429.12284706619
12153.7907356495 2987.24008398831 1448 364.87793050388 8834.61785019736
11728.3258369862 2863.84823098574 1448 258.365289586737 8327.35961790581
12099.9647445619 2952.6864753695 1448 517.928838541286 8798.61274150501
12205.6130155145 2989.81513770321 1448 509.75682817824 9679.16381802928
11876.278682807 2906.87496803106 1448 388.907546963309 8195.87346449904
12113.5510214903 2968.42156236286 1448 382.791342531043 9307.09562218603
11956.9882829187 2917.50520927761 1448 371.185881267215 8605.60128245203
12080.7666404096 2960.56694548632 1448 417.820121293082 8294.23447752203
12138.556916056 2993.74117577879 1448 242.752287706862 7991.81233300041
11885.1081101342 2911.85869332432 1448 328.51601903893 7835.69772226094
12115.295662887 2945.39408585626 1448 351.1415828914 8487.37619142186
11864.3007635498 2879.75328722945 1448 369.458395562078 8489.66100353346
12118.9055901923 2981.17179865006 1448 352.17333307341 7895.18647192609
12092.424663293 2968.09971912454 1448 539.982238791225 6049.79110858671
12001.1697215845 2921.57429061489 1448 391.418555364669 9969.04410971086
12034.100057357 2951.25577664563 1448 435.04981660394 9093.9312016218
11866.3136649409 2926.97045375735 1448 376.777729455147 7231.4390783116
11818.9131643961 2876.94265356377 1448 307.851383758909 7931.77710048686
11881.9866369269 2952.00255799268 1448 172.415539784971 7360.87534291786
11868.8788789896 2890.47815859387 1448 401.064209805335 7355.70931003963
11099.8745402131 2686.40940779954 1448 130.370677894284 6563.43012566696
12012.4765030755 2970.19526418405 1448 408.620906750725 7925.79544174852
11792.3083883753 2908.18803285714 1448 299.083544339383 7600.94331098317
11091.7715946871 2673.28625576077 1448 573.24130072689 6774.22216164933
12111.72471494 2947.93539423918 1448 391.299763016032 8043.6960878615
11979.7631667137 2944.11977538649 1448 288.455717737746 9040.05207222368
11878.0730986854 2880.77887979899 1448 443.479702391536 7963.90995892864
12090.5198195294 2944.90962244601 1448 405.76849969658 9242.61982437075
11675.0208304325 2827.81402788948 1448 485.596939014235 8538.61679222687
11969.4719165123 2934.43235940918 1448 343.353645433763 7222.31197043645
11439.9633734232 2767.51733339081 1448 561.511113486299 6641.25644556948
11905.457835084 2908.10339557561 1448 367.665143468956 10706.6936037604
11839.8754279208 2860.06273499015 1448 351.286171198759 6342.90523996187
11365.3744858284 2780.56908439341 1448 423.888752546454 7200.53312879517
12207.558692894 2986.35837511576 1448 304.38940033932 7368.20483682932
11716.0136788841 2812.9761194023 1448 279.89289732588 6979.38701589062
12033.4540767558 2927.35423732024 1448 430.698277853758 7263.72158109841
12100.5308867182 2959.61545996305 1448 402.170196688252 7116.17256343531
11813.7579881434 2891.48766601005 1448 427.308736179417 8186.64912806042
12044.9038181739 2961.27275937889 1448 282.504043617563 9346.88898117123
12169.8693683157 2988.00622360401 1448 444.941266795251 8860.29032152318
12140.2347794552 2964.54700738855 1448 322.952235301091 9041.59223040196
11954.5004408647 2901.02351487491 1448 429.766282293617 9119.00740667439
11386.7025827137 2768.66784975639 1448 88.4628373397271 6761.42727611552
12048.5964777785 2971.95650846078 1448 487.328346838514 8853.33962210223
11823.4901446418 2893.92233132932 1448 360.447370813953 6609.01153682962
11708.060460154 2821.2454416174 1448 320.893487882261 7350.23668958221
11548.4897028042 2809.42950730657 1448 533.406642405962 7802.18354726022
11999.2006568502 2967.11376899913 1448 330.942004454546 8691.38474785012
12265.2420812897 2974.2062443768 1448 499.96087506966 10796.8986355486
11603.6515817795 2842.23547505359 1448 105.081817767781 9857.42964336815
11974.6851752512 2932.83635659396 1448 336.353740074594 6244.0327551326
11930.8787959035 2913.76821288923 1448 318.053815121894 8476.50087446397
11659.0553978297 2836.7798678177 1448 162.683383200645 8753.45932353139
11294.9744668726 2703.97057583517 1448 581.939643688534 6827.43124334434
11606.8159897522 2804.71439384522 1448 506.248232879869 8285.49590497797
12136.5087145295 2938.84461090394 1448 395.141164637699 8346.5191712188
11484.0872658381 2803.88021764385 1448 116.485330988687 7654.70383477678
12063.2385019942 2985.14329683602 1448 235.684493773394 8411.50325359276
12093.7001027585 2956.90342426831 1448 335.447809069257 7459.04544809822
12173.0166086774 2994.68958042654 1448 397.148760871223 8358.10584595609
12134.8825943139 2990.71442830246 1448 467.117902302258 7646.47213840452
11704.6179636366 2848.18178654046 1448 200.424367199733 7361.8505943189
11923.3270330539 2911.93954046416 1448 441.325201352291 8253.37299581342
11562.6721797123 2774.46132815832 1448 72.865136994637 6326.6302789389
12109.4859708577 2962.91336873619 1448 380.629826948111 8975.84143864099
11709.2439871972 2864.89348770647 1448 223.188106491526 7114.96119435456
11877.1977662336 2899.07390906441 1448 276.737410346155 8194.2210174372
12111.4279761717 2959.20854860177 1448 311.060464547178 10826.526671034
12186.9690128455 2990.70303754072 1448 383.840605843614 7218.62895647385
11668.9333095524 2872.23846402598 1448 257.048065293814 6490.25664982216
11178.275293402 2700.20554608027 1448 10.7622943145456 7598.3125702678
11921.0301916498 2942.8328020714 1448 220.746632694283 8562.6651631502
11528.2056531029 2758.07394133481 1448 111.644012146819 6282.99650465757
12156.2077998672 2968.53013694833 1448 514.688547554884 8658.25826726048
11357.8509594149 2761.78209354994 1448 474.126568769975 8162.97223558118
12097.6059717333 2990.57309197018 1448 273.203243687217 6357.21709543657
11705.9377311411 2858.28478878375 1448 395.461391710604 6251.08798500062
11996.0340126494 2927.79409153375 1448 347.905459250766 9124.18592405119
12029.3637059521 2972.14485305106 1448 334.221298196768 8611.59237730527
11869.5803619171 2904.63690304475 1448 315.380451427467 7466.50763782819
11763.7262118076 2811.59064897444 1448 327.620033975668 7288.49141011241
11910.3798837635 2970.56039235244 1448 184.705985910927 7969.07677328561
12106.5843632964 2952.15034129902 1448 451.583092578088 8496.75182077059
11874.2072839713 2896.26269231537 1448 332.717188195746 6982.29613522571
11966.5076148403 2940.02451966868 1448 347.916778920696 8597.36088183863
12005.1379169693 2954.18427373717 1448 380.987069838104 8176.38262600331
12025.9468122168 2961.07943621678 1448 404.878420962152 7195.33506251258
12053.5310350172 2964.85594231883 1448 269.950256669655 9636.00358390394
12005.6333753099 2838.91547171091 1448 494.414262833865 8053.31049845217
12217.1079576383 2979.16521613737 1448 391.66869566035 8659.37233562689
12073.8729804015 2973.48744798991 1448 320.001140502943 8523.10089521709
12075.6796000366 2986.10751888764 1448 257.384218332405 10035.0716595907
12026.8850305643 2972.66400594777 1448 379.135985157775 7661.7687568654
11995.9586580462 2919.73184593959 1448 408.230395381602 7967.21112368181
11823.7588693385 2840.20164630099 1448 493.273332769916 7318.76263246839
11921.6149887893 2910.63594813409 1448 475.389367660751 8421.91879591339
12084.7020124707 2943.83085283793 1448 524.698498188017 8755.25015330891
12068.9906455562 2949.89395682462 1448 452.022869260344 8949.68345252486
11403.6363878725 2658.15645846337 1448 266.69591065207 5934.53286524374
11229.7551050899 2700.31429157098 1448 557.761764654949 7815.70371643002
12030.6031555019 2918.77755044744 1448 378.694757710774 8470.69480391486
12187.5257606056 2975.75875901772 1448 359.769680683882 9423.14029015249
11822.6180262276 2858.06023513478 1448 255.427823505878 7275.70909585769
12025.4314868798 2956.12435025068 1448 338.442494307912 8932.33630085027
12056.283998647 2976.81801107713 1448 541.661034167131 9942.12925804139
12261.0426916559 2998.10412055324 1448 361.768082308035 8238.67552829844
11908.8346423039 2853.80698297589 1448 580.800034984213 8616.404095094
11775.7886116251 2874.79670357737 1448 214.286942686001 8464.39742169934
11727.4459970024 2865.06397852566 1448 206.573835114464 8483.47821804717
12131.9585078004 2995.39286380601 1448 386.56253217567 7605.10484585935
11796.1168721824 2810.284426161 1448 612.370378245294 7753.04690280061
11988.7168332729 2908.49977318135 1448 392.036264336207 8515.13287426028
11562.529198075 2806.24557748121 1448 150.393790911545 6739.0090102573
12145.0777709808 2950.44648949883 1448 509.767727832954 6773.85572635081
12140.0567601971 2958.48134360119 1448 534.632738840388 8196.66647103412
12163.73165237 2988.89031913009 1448 257.291167582847 8726.14403521924
12141.8234964286 2981.35445246408 1448 367.181026765768 9184.2334409694
11691.8904419314 2854.67908928476 1448 194.869891977352 8093.60137835008
12200.215454689 2985.37003232396 1448 576.462034718893 8650.70205584088
12185.031399409 2984.44889200646 1448 501.834960445665 9531.39003370742
11950.8882137983 2927.33351743969 1448 374.548936029319 8561.94896171654
11842.7492691569 2896.5250464019 1448 481.099940573312 8549.79611759213
12061.9082022294 2944.25914102688 1448 446.491326825463 8900.57514080545
11956.9882829187 2917.50520927761 1448 371.185881267215 8605.60128245203
12050.7094214235 2937.69229375047 1448 540.88826709288 8242.78297552395
12208.5851371859 2990.08353557731 1448 572.302207721506 8603.28299706904
11922.92084722 2923.67068846532 1448 388.960799757226 7984.16411732011
12192.2254659187 2950.31879472534 1448 463.10791664919 9431.21562101353
11867.991356973 2878.65150029974 1448 370.878905632977 8525.80295813322
12107.8660542036 2978.3862630522 1448 299.685054819757 7823.12297846974
12064.2469471877 2964.55433973951 1448 368.855996298782 7660.74739170108
11978.8207244819 2903.82578079793 1448 561.845327009077 5699.87999587292
12084.6951419483 2947.4202084687 1448 423.567504652154 10418.026028778
12034.100057357 2951.25577664563 1448 435.04981660394 9093.9312016218
11970.3553569595 2972.02463575871 1448 319.978178136938 7711.54836496775
11933.8667390884 2912.34789660655 1448 352.097035287511 7831.68003640457
11932.1375315122 2965.46410074245 1448 162.763995621995 7217.01319499719
11823.932571688 2875.52144515524 1448 409.714130678551 6500.56736927682
11520.9751672689 2746.9875247771 1448 314.394154940349 6153.15874183047
12048.5536665545 2971.20492369508 1448 422.507013448178 7539.71499059412
11928.8054885311 2930.57866808707 1448 431.090820372107 7549.39217797032
11293.9131014426 2720.34747450535 1448 534.339149613674 6642.02166729586
11958.3793415217 2899.16745078489 1448 525.748718003545 8275.05285057316
11968.5926703579 2947.57293882137 1448 290.605480763757 8303.70230611348
11896.2265593957 2838.81933346124 1448 439.98606724893 8002.80149472369
11532.8245477742 2785.14508006477 1448 83.4212954884707 8540.26510956848
11869.0677635366 2858.13776439254 1448 448.25258932655 8719.83527408248
11969.4719165123 2934.43235940918 1448 343.353645433763 7222.31197043645
11439.9633734232 2767.51733339081 1448 561.511113486299 6641.25644556948
12020.4027527786 2923.88568267428 1448 505.357588036525 10047.2664425856
11873.9608713782 2843.80538387725 1448 679.488370190618 6443.41301378698
12042.0859001021 2953.54856206331 1448 292.387447295509 6855.82442207496
11365.3744858284 2780.56908439341 1448 423.888752546454 7200.53312879517
12172.5285036544 2979.34739361291 1448 311.130963401731 7123.25076767485
11605.7150352554 2832.93794922417 1448 301.119881189314 7258.63048435529
11996.1677502021 2917.26057215965 1448 347.646162138563 7062.42038710976
12050.5481849999 2911.51449995064 1448 460.032362583647 5857.47273483146
11813.7579881434 2891.48766601005 1448 427.308736179417 8186.64912806042
11764.9737315906 2874.31868605758 1448 112.661688352318 8601.37367741171
12129.8131260881 2992.70592040429 1448 333.343398180826 9316.45847248018
11968.0186778309 2907.3860573601 1448 371.579997759457 8525.93254007329
