11410.7462803366 2764.9306598822 1448 399.244747707062 4504.19123302417
11864.9237354047 2870.49436544983 1448 318.091381444161 4904.26316736389
12081.6149038054 2981.74058764865 1448 198.691582886096 6653.16193431518
11719.5995883066 2841.78112018565 1448 350.310340520232 5027.34138247276
11277.3531524695 2728.99065938877 1448 5.06338649485076 4912.53842984958
11754.0694876397 2859.64137040251 1448 229.053094097663 4613.96864747052
11913.526278765 2885.06905832883 1448 533.47443926291 6417.6001718414
11941.5672361762 2963.7765012071 1448 250.07471340253 5861.86669947125
12070.1990205679 2944.00897136584 1448 386.194861049122 5847.51482759174
11505.4687582381 2818.21818463101 1448 444.536195047949 4729.37575507049
11579.6261244717 2817.05376668964 1448 188.363007362472 5436.9874462589
11391.7110351858 2784.62988892685 1448 128.503125243556 4989.3572108698
11979.2777936397 2983.31845786002 1448 294.621317628621 6315.09944483788
11787.0771372215 2853.1048971177 1448 518.900907750381 3904.63818283074
11878.7110645098 2944.00301421573 1448 90.1974939629944 5278.43156797746
11665.7201823605 2844.72989772514 1448 244.180876357812 5280.24504983341
12085.21037715 2932.85232793478 1448 425.721743196936 5762.12446508556
11232.507057406 2716.79480745361 1448 58.9221963774165 4035.57801220162
11660.7524501771 2840.66551505003 1448 169.551730947704 4577.07251842583
12018.6776357963 2967.48881609726 1448 324.775654880038 6020.58193064529
12073.9837009927 2963.0965034093 1448 343.872258516767 5715.32116962382
12133.4212666874 2969.71167653874 1448 346.072716489154 5244.26095561643
11851.9760087099 2873.17687804171 1448 265.641115704833 5730.89154325986
12031.3962331202 2922.01610965153 1448 542.319396859153 4699.87312742328
12058.4797691881 2956.75046235878 1448 387.664317819628 6030.72951520013
11483.6681263094 2764.29500037634 1448 33.9631736740733 4903.12451832578
12021.4634740955 2951.90604511799 1448 355.726791264242 5969.65043457634
12150.3893223866 2951.19075006182 1448 416.056374845257 5749.59188505176
11919.9675112818 2888.13048470947 1448 424.74381854754 5278.73530055933
12170.5992113883 2958.5658725862 1448 370.854025809742 5187.00595813165
12054.1805995655 2965.12646108218 1448 338.236955932183 5701.94238033869
11701.4991165995 2820.74613432848 1448 455.071284685694 4752.31713373467
12070.0398636506 2969.16448283931 1448 335.881037557464 4355.84225065429
11762.7967668866 2872.8181566235 1448 491.492758001424 5338.50254376737
11871.8456365965 2938.02938286601 1448 120.437080194956 5635.27201346126
11820.3970003709 2908.41791798458 1448 345.986025218879 5912.6439486955
11829.4021210873 2918.33555071531 1448 297.764796931798 4962.71941905465
11337.4301911498 2724.87439677944 1448 26.5134597632908 4228.20268654119
11921.5051467569 2908.44226916035 1448 458.936120151752 5267.02889224412
11585.5604036358 2842.50417911254 1448 47.6815740695403 4763.59835801157
11387.5798275849 2766.90376949428 1448 539.732606435489 4543.76341901581
11228.3208769602 2714.32929607253 1448 381.891243808352 4840.09083812018
11357.2633971431 2755.59989288919 1448 432.937711896033 4443.27872817213
11933.9102872753 2946.7782765825 1448 206.467998173108 4895.39034222316
11751.0406764684 2865.90467487195 1448 433.430722821227 5146.73930384855
11717.0161171807 2844.48787086204 1448 475.209485039882 6254.66441409498
12036.4309171033 2955.83359722327 1448 367.582593306889 4638.59985210178
12120.011749227 2979.48931288795 1448 282.559748442865 4633.43164967307
12151.9290283397 2980.58534713784 1448 366.113766613675 5957.67350677296
12128.546562174 2941.5627426334 1448 375.853731568506 6399.4375258403
11957.9274548594 2953.28066478607 1448 333.690309781726 5845.80045978984
11760.1108560522 2864.45189027218 1448 333.402249973841 4457.88219068428
12078.4998878025 2957.58415315223 1448 401.316352210116 6640.75474988472
11821.2655169516 2883.48807887436 1448 337.963516632663 4962.36734430261
11961.2410902839 2893.11158290815 1448 299.577868842071 4698.23205905527
11878.0354257485 2925.8657502425 1448 330.791484156675 4826.13851797696
11134.0109258084 2696.61425989321 1448 135.347500657671 4383.04481646585
11944.7240756712 2924.64110502759 1448 414.453998407482 5173.27622341208
11802.7630923899 2885.27836411401 1448 383.013805605618 4018.52439185496
11971.4625789174 2914.6509051439 1448 368.603279132773 4610.25197664108
11995.3813773593 2965.52700493506 1448 233.89261087241 5703.32973433277
12127.2885553828 2986.45857828261 1448 231.542404077568 5761.69199426057
12122.087610431 2960.60182167672 1448 337.78800537544 6558.49849650889
11890.1344611184 2920.40254425832 1448 286.263878512614 4113.06518981746
12073.4956540112 2933.895801883 1448 362.472414896001 4847.76056009859
11641.7452269315 2822.66970459576 1448 107.421491759646 4834.58539363928
11784.7843936478 2883.18675829767 1448 268.986991752542 5277.957133337
11000.4317688959 2654.65725786672 1448 598.877831108402 5183.60574947338
11820.597758012 2872.88525127713 1448 325.871468638214 4564.66755495169
11730.995725164 2828.29816929079 1448 374.184183384883 4736.61850813012
11957.9851939746 2929.79066172966 1448 400.587625298878 5569.36019912501
11957.5275948912 2899.18526627182 1448 484.583125917939 5761.84287505091
11839.3841721036 2882.50074072424 1448 473.445580735548 4775.50846897251
11960.4407198239 2939.7230965263 1448 461.471257725512 3420.12609482968
11679.4165674989 2840.37545498657 1448 218.922911269477 4326.98904285757
11774.4795344999 2848.37431989902 1448 208.441141540567 5407.05379269124
11887.5423136568 2875.31375327572 1448 498.244259654418 5358.49424917398
11900.0428951044 2908.50301281514 1448 252.675603749059 4965.28819033619
11796.7344674219 2854.68193681033 1448 323.585192617176 5746.03734258387
11885.1787727503 2876.90963663169 1448 224.428529069723 5406.20629003617
11810.0518278283 2890.00728546525 1448 393.38036894949 6121.59249163565
11647.6902553447 2840.27934369565 1448 126.509020374737 4262.45637472579
11877.2626306271 2889.96149223597 1448 477.716434028573 3249.04386331417
11671.360030856 2824.16652202162 1448 268.505409322682 5004.42461304946
11822.7819191503 2855.19730339432 1448 284.480636750324 5436.00486117361
11829.9671942818 2937.48791606211 1448 327.947246627283 5063.99994974251
12065.3829277939 2968.91542246066 1448 519.603720012713 6490.84167739213
11953.9278276253 2929.4911603803 1448 356.554731255017 4167.53089308423
12082.0907586179 2961.73519257885 1448 389.576632817237 6639.4641337945
12173.500460315 2984.77015598682 1448 348.097874438258 5711.92754414429
11990.8759956949 2933.06825221827 1448 467.926667887942 6222.65024261802
12117.3657803133 2965.33047042448 1448 348.492294947619 5861.79755027421
12151.9810577825 2955.78963765923 1448 492.867084354491 6548.05923098687
12150.5696083408 2960.61255850977 1448 444.410851697045 4533.0873115998
12161.5186111057 2952.84704319051 1448 403.127401409621 6007.16913855069
11459.2231448388 2777.60926196487 1448 364.833610779733 5310.2458219854
12036.1407236481 2911.70242063329 1448 515.894347410808 5309.13539430724
12129.7055713335 2982.45120613758 1448 344.177373910594 6165.13883486165
11750.6644109759 2825.40806370004 1448 333.827472964715 5815.95446721744
12006.7656410517 2930.22119151201 1448 372.686356382599 5803.37102632193
12104.8857040646 2989.68163539109 1448 194.213115288118 6649.54145723003
11726.6917264636 2849.95609674425 1448 348.945457895531 5097.4666920404
11267.2975993487 2763.33094871768 1448 142.905347281713 5576.62111175664
11754.0694876397 2859.64137040251 1448 229.053094097663 4613.96864747052
12016.0791944232 2885.02431763506 1448 513.738121442419 6060.76358569162
11894.6182862033 2943.16891552198 1448 232.004054132533 5676.39842830518
12009.9764482921 2927.77648435635 1448 317.88073290822 5695.37603503977
11526.8274471569 2835.25202538729 1448 162.068048796366 5771.29871041539
11368.0277316299 2740.00897659285 1448 106.918747984251 4909.39872839616
12336.405144779 2981.06951263124 1448 629.945027619412 5034.07064427762
11391.7110351858 2784.62988892685 1448 128.503125243556 4989.3572108698
12255.5920324045 2981.14342330902 1448 521.169918688306 4534.83064882442
12115.0710020392 2905.56016764931 1448 428.48547214113 5024.34965925085
12008.8249294853 2945.11023303634 1448 492.385859168173 5875.80725315178
11654.0893012914 2738.74168936699 1448 544.494428708116 4442.90570549306
11487.9483084262 2819.7241005118 1448 117.606691847203 4875.39568709371
11801.7751317814 2878.46470533983 1448 476.557078319222 5209.26266908775
12214.861040859 2971.7766015096 1448 526.353603644232 5993.1504607712
11247.981686301 2731.0624470006 1448 52.9660089386518 4058.81746997932
12070.2643336986 2948.97199001737 1448 394.812390106688 5506.3147924715
12058.6897382201 2990.60573335547 1448 275.806401132563 5850.20495740092
12180.7275486526 2980.44493573412 1448 425.594004709604 6052.14632500174
12114.2678802575 2946.19479231933 1448 368.560990232542 5195.44320204629
11892.5309349637 2893.02042940718 1448 281.250714097886 5857.89877086823
12031.3962331202 2922.01610965153 1448 542.319396859153 4699.87312742328
12058.4797691881 2956.75046235878 1448 387.664317819628 6030.72951520013
11794.684733403 2866.32523870662 1448 244.230536295572 4659.75792285837
12150.3893223866 2951.19075006182 1448 416.056374845257 5749.59188505176
11919.9675112818 2888.13048470947 1448 424.74381854754 5278.73530055933
12069.9380115494 2919.00685031524 1448 332.109511927138 4963.24933842479
11927.242846625 2921.24390274754 1448 214.910746242897 5717.55855212545
11856.3056508728 2815.07940240584 1448 509.885099472668 4037.10626615344
12070.0398636506 2969.16448283931 1448 335.881037557464 4355.84225065429
12041.4992691445 2982.53839710105 1448 320.838421908586 6688.65797385139
11661.5117319854 2853.43854775961 1448 10.6956571278694 5110.90543349489
11830.2345749613 2909.3121446824 1448 349.772509444151 6012.89579937336
11886.256892633 2910.96943157054 1448 344.656059522805 4614.58381398975
11482.5008320723 2764.34403319486 1448 127.722754763034 4386.3213361747
12205.4781404433 2983.44325168636 1448 459.502309686402 5008.75729510559
11921.5051467569 2908.44226916035 1448 458.936120151752 5267.02889224412
11534.6210616478 2821.92643741469 1448 28.0750121967897 4657.74395635262
12162.6941203796 2962.94217597859 1448 394.677965896788 5931.08938537572
11387.5798275849 2766.90376949428 1448 539.732606435489 4543.76341901581
11972.2969610543 2931.26259796183 1448 159.410417165239 5225.56119352648
11228.3208769602 2714.32929607253 1448 381.891243808352 4840.09083812018
11415.9000936251 2777.1810084908 1448 430.040436085977 4733.41025605597
11952.34968313 2924.48819320027 1448 293.823452183209 4620.21715029581
11708.7998748052 2861.38747368899 1448 130.709686144086 5517.64537842765
11940.0712657903 2920.23970685289 1448 432.282501675258 6562.74145281839
12088.2070739045 2968.58115995777 1448 387.511245351415 4845.64728107895
12120.011749227 2979.48931288795 1448 282.559748442865 4633.43164967307
12163.1591386298 2985.74786425358 1448 334.537766863491 6469.0169854597
12064.2171262498 2895.97648946221 1448 377.006362478131 5669.68758026962
11970.7122741582 2850.06446593549 1448 406.2289544596 5364.39649409848
11703.2894932823 2849.66022563592 1448 500.795515782146 4742.43487707318
11944.8877416113 2865.71842266195 1448 405.058184816454 4306.26893668713
12196.8741575608 2981.80360108472 1448 454.772377291475 5981.66998617949
12072.4600043674 2956.60490069281 1448 402.478728319146 6561.01175287492
11939.7124314308 2929.86075800305 1448 192.154911935263 5453.72783949749
12042.7642571091 2890.02202351544 1448 354.437799488971 4822.71701972987
12170.7706692455 2968.8050908333 1448 472.415878849475 5540.20319752214
12106.2039708375 2983.50224399659 1448 461.53783305213 4767.93501978143
11134.0109258084 2696.61425989321 1448 135.347500657671 4383.04481646585
11750.0370644478 2802.92032802407 1448 540.417151136486 4376.06178774561
12106.0220857667 2917.91817621053 1448 631.915354323425 4846.60911872258
12047.3145815982 2928.89025993501 1448 354.005554410661 4848.39963620461
11904.3696304151 2909.55715709797 1448 145.740869852527 5120.90736994009
12100.3787160394 2932.13156673628 1448 341.965884049055 6462.08841047333
11703.37790596 2794.25023520559 1448 427.462575351599 3446.00597008556
11968.0379291191 2896.84378889387 1448 321.881717659608 4528.03945062978
11923.688909608 2898.07204514905 1448 463.901745580893 5016.54883061481
12173.8581154497 2980.88370673268 1448 479.301696233897 5755.27121598416
11784.7843936478 2883.18675829767 1448 268.986991752542 5277.957133337
10993.8241699404 2650.2691377841 1448 596.33456508463 5075.35102678969
11766.839045488 2858.71077681094 1448 238.462514026008 4199.33615162404
11663.7817906732 2823.15571607065 1448 387.119511108735 4126.82875747788
11823.0036843118 2876.81227228588 1448 574.425950650027 5176.6071648754
11839.3841721036 2882.50074072424 1448 473.445580735548 4775.50846897251
11960.4407198239 2939.7230965263 1448 461.471257725512 3420.12609482968
11797.9880011099 2874.10036143468 1448 436.699587204035 4992.74858549599
11930.3688248004 2886.01640865231 1448 284.270766672371 4484.92060247034
11843.5513587899 2870.13669595204 1448 293.569173893689 5083.82001186167
11887.5423136568 2875.31375327572 1448 498.244259654418 5358.49424917398
12011.897036144 2944.92722797659 1448 115.666428229994 5046.98080915909
11905.3992489409 2890.83983480697 1448 365.410286524786 6058.24630165556
11886.4648884973 2872.137284608 1448 224.923555251563 5254.39769836654
11638.2720100638 2863.0327715471 1448 99.9539298766583 5742.91601695386
11746.8668121678 2878.96748991136 1448 294.33525567809 3895.9684137774
12071.1819350561 2968.74817634598 1448 344.469979757232 4190.75331742348
11671.360030856 2824.16652202162 1448 268.505409322682 5004.42461304946
12063.2219918541 2924.61267470197 1448 514.256481969901 5579.1852606476
11895.5396138252 2943.10464535473 1448 315.327828602365 5151.08930134856
11795.6937065664 2887.23206221167 1448 325.161580987852 6047.35695692585
12011.2597997914 2939.45553661229 1448 374.416158888047 5326.66589256587
12005.0626909552 2923.78705439858 1448 213.424063118138 6392.46070976186
11678.7288003513 2842.01039809395 1448 285.905095133209 5121.20666525068
11428.7411840337 2811.83763291171 1448 80.7656825638286 5694.49181430153
11783.869894159 2823.49060231048 1448 386.512513023792 4353.0813740856
11922.8969119425 2938.09636333792 1448 345.475982594717 5394.10479752606
11683.7797296829 2875.51679139033 1448 341.451572127293 5164.61602037417
