3580.05633026266 701.488962246248 810 119.445984489945 561.611645867102
3087.05302499605 589.639817931574 710 201.915008658273 369.867653925911
3577.06966190024 693.736592062277 810 120.020769084286 530.602165131219
2559.45175544062 507.761423584388 506 99.2477492465789 159.632229595578
3015.01029748961 626.962028565806 660 11.1061228961112 396.475940910016
3577.06966190024 693.736592062277 810 120.020769084286 530.602165131219
3577.06966190024 693.736592062277 810 120.020769084286 530.602165131219
3118.42339225461 642.792980460651 670 28.6975958374259 396.475940910016
2516.12811700362 582.038329211008 470 19.7550208173746 314.543323260711
2516.12811700362 582.038329211008 470 19.7550208173746 314.543323260711
2516.12811700362 582.038329211008 470 19.7550208173746 314.543323260711
3580.05633026266 701.488962246248 810 119.445984489945 561.611645867102
3580.05633026266 701.488962246248 810 119.445984489945 561.611645867102
2583.31180077061 603.967900647941 434 14.1333240200635 323.483011178499
3435.7654533598 672.369455486076 750 126.494339093496 434.174390221435
3580.05633026266 701.488962246248 810 119.445984489945 561.611645867102
3435.7654533598 672.369455486076 750 126.494339093496 434.174390221435
3435.7654533598 672.369455486076 750 126.494339093496 434.174390221435
2445.79071821188 533.288148266248 505 51.0752108436923 145.79318539424
2445.79071821188 533.288148266248 505 51.0752108436923 145.79318539424
3338.77579851096 675.533943031381 700 49.5394355820764 256.588040975229
3580.05633026266 701.488962246248 810 119.445984489945 561.611645867102
3435.7654533598 672.369455486076 750 126.494339093496 434.174390221435
3435.7654533598 672.369455486076 750 126.494339093496 434.174390221435
2445.79071821188 533.288148266248 505 51.0752108436923 145.79318539424
3435.7654533598 672.369455486076 750 126.494339093496 434.174390221435
3435.7654533598 672.369455486076 750 126.494339093496 434.174390221435
2445.79071821188 533.288148266248 505 51.0752108436923 145.79318539424
3338.77579851096 675.533943031381 700 49.5394355820764 256.588040975229
3435.7654533598 672.369455486076 750 126.494339093496 434.174390221435
2960.4985998806 680.733174684983 560 0.407334455695921 417.992511763266
3580.05633026266 701.488962246248 810 119.445984489945 561.611645867102
3338.77579851096 675.533943031381 700 49.5394355820764 256.588040975229
3435.7654533598 672.369455486076 750 126.494339093496 434.174390221435
2960.4985998806 680.733174684983 560 0.407334455695921 417.992511763266
2960.4985998806 680.733174684983 560 0.407334455695921 417.992511763266
3580.05633026266 701.488962246248 810 119.445984489945 561.611645867102
3435.7654533598 672.369455486076 750 126.494339093496 434.174390221435
3435.7654533598 672.369455486076 750 126.494339093496 434.174390221435
2445.79071821188 533.288148266248 505 51.0752108436923 145.79318539424
3338.77579851096 675.533943031381 700 49.5394355820764 256.588040975229
3577.06966190024 693.736592062277 810 120.020769084286 530.602165131219
3230.58813442986 636.976127336763 726 174.291663968348 428.411808221421
3101.1898020917 664.705299653276 660 4.14461737986655 402.908474020367
2959.0970263747 680.914082749981 564 0.677067402669992 448.157678932926
2863.90618245529 570.770499452315 640 32.9046027204787 276.263421733345
3580.05633026266 701.488962246248 810 119.445984489945 561.611645867102
3118.42339225461 642.792980460651 670 28.6975958374259 396.475940910016
3530.3982943473 695.638644270147 746 1.98739914409933 690.770034789485
3101.7226172439 642.260844834998 670 4.76147911970721 421.768524512688
3211.50954959248 671.384922854968 690 0.976405335777361 419.71813737517
3148.3515945272 652.0453775463 670 1.88432651513012 434.248645983999
3288.5795458442 673.863262647909 720 37.3862431416774 484.72241696474
3530.3982943473 695.638644270147 746 1.98739914409933 690.770034789485
3101.7226172439 642.260844834998 670 4.76147911970721 421.768524512688
2958.77986728161 698.675104028517 546 0.738104698593573 384.577049898792
3101.7226172439 642.260844834998 670 4.76147911970721 421.768524512688
2960.4985998806 680.733174684983 560 0.407334455695921 417.992511763266
3644.63332138746 703.377762338718 820 107.018136753492 610.097983646686
3660.17839513724 704.412557199915 820 104.026485915489 568.999569021854
3577.06966190024 693.736592062277 810 120.020769084286 530.602165131219
3148.3515945272 652.0453775463 670 1.88432651513012 434.248645983999
3569.38093776984 701.497478975898 800 147.701397900483 482.594592990977
3339.93640579909 673.714341498888 720 14.7726634684775 473.108951300383
3545.90888902885 690.067926283481 790 138.75175640649 457.731316648288
3255.66235718437 661.26209938329 720 24.7164113192003 472.121253700122
3590.66458274592 711.718118458669 810 117.404425347665 592.299114504365
3044.31198845836 671.801524080557 589 0.183472450205818 372.259171011374
3545.90888902885 690.067926283481 790 138.75175640649 457.731316648288
3580.05633026266 701.488962246248 810 119.445984489945 561.611645867102
3116.00760707635 635.178145267786 670 29.1625139117499 381.246270524285
3656.1214223664 709.896741520643 820 104.807250689269 576.365612396266
3257.06203594586 661.683464756649 680 55.1064913112005 345.530894044773
3116.00760707635 635.178145267786 670 29.1625139117499 381.246270524285
3656.1214223664 709.896741520643 820 104.807250689269 576.365612396266
3656.1214223664 709.896741520643 820 104.807250689269 576.365612396266
3261.10340908655 635.732871334444 710 78.0882016337377 370.009738137277
3543.38880430694 688.206916780242 790 139.236746937348 444.625374845645
3562.42520592801 712.602839685259 800 123.196801722932 516.263635290722
3580.05633026266 701.488962246248 810 119.445984489945 561.611645867102
3357.60701972106 657.557733043248 720 134.847969806182 364.603874401924
3403.5261622422 682.411304985269 740 134.245699332506 353.138751941029
3125.7802385701 637.695989553646 670 6.80339244340743 427.166286389789
3655.41180384372 702.375736627506 820 104.943816837634 562.889107304626
2986.2147374884 615.03613715038 569 1.4674434645154 287.593776756027
3650.91672341371 707.248155224509 820 105.808895469732 615.187313008991
3222.25179460888 625.184554098978 700 85.5651983261159 359.461420901811
3543.38880430694 688.206916780242 790 139.236746937348 444.625374845645
3580.05633026266 701.488962246248 810 119.445984489945 561.611645867102
3357.60701972106 657.557733043248 720 134.847969806182 364.603874401924
3289.68271321361 656.375876460698 720 33.2301398832504 481.924633955299
3484.95368822204 695.04636122743 770 74.0449729072758 483.51720015493
3543.38880430694 688.206916780242 790 139.236746937348 444.625374845645
3419.09933544265 661.776361269693 740 0.815497711247263 485.836400754026
3656.52093592613 696.733649940278 830 104.73036426885 558.581008130049
3289.68271321361 656.375876460698 720 33.2301398832504 481.924633955299
3485.43184295925 700.033851301607 770 74.229014751437 493.492180303285
3183.75207819463 658.676501395997 690 18.0600150117607 409.187403361845
3580.05633026266 701.488962246248 810 119.445984489945 561.611645867102
3255.66235718437 661.26209938329 720 24.7164113192003 472.121253700122
3435.7654533598 672.369455486076 750 126.494339093496 434.174390221435
2922.01094311143 600.496282663272 528 13.4020613243561 101.91525883516
2407.40866966848 529.889454183396 522 209.753876208381 396.579186944832
3350.84822574835 675.669551273757 730 22.6479517155425 313.003488624579
3656.52093592613 696.733649940278 830 104.73036426885 558.581008130049
3271.09080641494 652.260920028703 720 22.4341026230997 426.084974721748
3419.09933544265 661.776361269693 740 0.815497711247263 485.836400754026
3269.35291410006 656.836164152416 690 119.909790343786 287.059602645458
3286.66781334254 658.196669187484 703 40.8800486669883 357.391632474965
3183.75207819463 658.676501395997 690 18.0600150117607 409.187403361845
2586.07656984196 575.041219781088 435 26.5589290639098 129.354066202869
3484.95368822204 695.04636122743 770 74.0449729072758 483.51720015493
3111.66110193989 647.056019915362 670 0.936154576665373 428.031223994397
2954.13135629454 671.004590288924 560 1.63271105516556 386.488806942309
3415.94823505418 695.579474827142 770 29.8250017142114 704.348826329868
3299.34142186584 657.752385732022 710 146.061189341583 364.993179779472
3162.7988091879 649.451020247432 690 115.280588354277 356.937556327071
3270.00959133685 650.053582671118 700 156.546037643428 357.540118750757
3285.54654729337 650.191166924719 720 143.726278968498 413.896810237074
3553.70762468653 683.987662379285 780 38.0932243461483 474.591054510077
3331.57118901014 665.284068237013 717 49.3663249102258 405.545514969939
3010.92923427041 639.101776098914 658 9.95528479852019 370.478577150785
3553.70762468653 683.987662379285 780 38.0932243461483 474.591054510077
3331.57118901014 665.284068237013 717 49.3663249102258 405.545514969939
3580.05633026266 701.488962246248 810 119.445984489945 561.611645867102
3543.38880430694 688.206916780242 790 139.236746937348 444.625374845645
3543.38880430694 688.206916780242 790 139.236746937348 444.625374845645
3265.94695780668 621.016330284395 670 124.444925258544 299.742484192806
3590.66458274592 711.718118458669 810 117.404425347665 592.299114504365
3059.21821388529 651.767061650812 655 16.1143641356351 346.627412076316
3528.02561518442 672.068174525088 800 6.42818862859425 500.718948236144
3217.96070786017 649.182830707725 690 5.65412031513627 407.096266172746
3346.90355420747 653.892794175323 730 145.142725329529 256.414858696406
3530.3982943473 695.638644270147 746 1.98739914409933 690.770034789485
2599.02477323933 559.483253069786 549 228.043643019895 325.201225518341
3001.4500634573 631.286760753482 690 58.0218470469097 413.257677457596
3278.59283814029 655.05095952779 680 61.1216517056215 266.448634260748
3580.05633026266 701.488962246248 810 119.445984489945 561.611645867102
3577.06966190024 693.736592062277 810 120.020769084286 530.602165131219
3230.58813442986 636.976127336763 726 174.291663968348 428.411808221421
3435.7654533598 672.369455486076 750 126.494339093496 434.174390221435
3562.42520592801 712.602839685259 800 123.196801722932 516.263635290722
3652.05914012124 698.667815517404 830 105.589037271859 560.655766648864
3574.22923764124 700.900762567827 800 146.768342155194 470.297570498182
3352.2227064011 670.022136326319 720 19.1384768644365 485.343182574677
3352.2227064011 670.022136326319 720 19.1384768644365 485.343182574677
3325.72034659137 660.140818838546 720 29.3392399113072 464.58109370267
3599.14570520461 688.754883078801 810 84.4609922938055 466.492566571614
3204.07988167621 648.983871474452 710 168.511243629169 574.590319539902
3401.03791453934 659.098050898662 760 153.898094659198 455.805824054974
3372.6754089954 657.445276395083 740 40.8182556032402 529.74488448764
3325.72034659137 660.140818838546 720 29.3392399113072 464.58109370267
2958.77986728161 698.675104028517 546 0.738104698593573 384.577049898792
2959.0970263747 680.914082749981 564 0.677067402669992 448.157678932926
3228.12635426778 675.715141450874 686 94.8374998932943 353.032753867008
3324.83157741274 679.999729329307 740 88.996334952682 408.723369512536
2960.4985998806 680.733174684983 560 0.407334455695921 417.992511763266
3644.63332138746 703.377762338718 820 107.018136753492 610.097983646686
3101.7226172439 642.260844834998 670 4.76147911970721 421.768524512688
3118.42339225461 642.792980460651 670 28.6975958374259 396.475940910016
3543.38880430694 688.206916780242 790 139.236746937348 444.625374845645
2965.22371663291 679.940782423494 547 0.502014687270754 415.6153349788
3538.33507770657 675.103797439113 790 106.7548056844 395.167700305358
3576.34266954362 683.79423723497 805 99.4402412249441 424.267555699095
3469.49405221309 674.184183339206 790 7.01354411214208 547.689664759997
2922.01094311143 600.496282663272 528 13.4020613243561 101.91525883516
3545.90888902885 690.067926283481 790 138.75175640649 457.731316648288
3352.2227064011 670.022136326319 720 19.1384768644365 485.343182574677
3644.63332138746 703.377762338718 820 107.018136753492 610.097983646686
3580.05633026266 701.488962246248 810 119.445984489945 561.611645867102
3640.91966066842 685.683037327441 815 87.0123934884911 472.753893478679
2960.4985998806 680.733174684983 560 0.407334455695921 417.992511763266
3502.26033211701 702.204927590124 780 115.617227706642 491.908679311906
3562.42520592801 712.602839685259 800 123.196801722932 516.263635290722
3636.91937985137 697.265402403136 820 108.502685494283 520.178352136547
3609.10432140097 688.655367881495 790 93.1352583852979 463.644868638195
2954.13135629454 671.004590288924 560 1.63271105516556 386.488806942309
3650.91672341371 707.248155224509 820 105.808895469732 615.187313008991
2628.78301744486 554.482476566658 620 6.96333233924208 160.40714588331
3419.09933544265 661.776361269693 740 0.815497711247263 485.836400754026
3415.94823505418 695.579474827142 770 29.8250017142114 704.348826329868
3428.79117719849 685.243838724811 733 20.3127328688994 553.680617652394
3580.05633026266 701.488962246248 810 119.445984489945 561.611645867102
3656.1214223664 709.896741520643 820 104.807250689269 576.365612396266
3502.26033211701 702.204927590124 780 115.617227706642 491.908679311906
3543.38880430694 688.206916780242 790 139.236746937348 444.625374845645
2448.09569136214 543.290929015064 478 33.469291612046 107.311240317979
3421.27414665524 689.356178426718 747 46.6550917710897 526.960589854583
3255.66235718437 661.26209938329 720 24.7164113192003 472.121253700122
3499.84848759149 666.499622287137 790 14.7246838654095 522.009553813053
3580.05633026266 701.488962246248 810 119.445984489945 561.611645867102
3562.42520592801 712.602839685259 800 123.196801722932 516.263635290722
2730.7228509714 603.62912815905 516 3.76000367280329 268.209390943281
3535.81499298466 673.242787935875 790 107.239796215259 382.061758502715
3548.94333018983 685.332953651534 790 104.713246542121 425.855168942621
3282.26589232323 640.13066911965 663 69.0429834103412 298.59535012034
2936.34954194784 625.274891487862 529 1.09298573624944 207.383666821042
2960.4985998806 680.733174684983 560 0.407334455695921 417.992511763266
3618.11200051971 683.257805244174 810 91.4017297306382 438.112439222738
2852.89314735094 616.601387495226 590 104.74607100828 367.232899346473
