3001.12583013545 650.748016854008 600 0.283682276523788 245.361688696943
2657.81557581337 579.735073056902 577 32.5195428427021 103.448148366015
2892.37972931522 686.704354488093 534 0.304037753963431 322.947553709832
3266.7819863566 641.030703574266 690 13.7865939087643 99.6381862234545
2950.2733237068 616.757030508788 588 132.626771446979 50.8191499408625
2656.31204274485 611.153741232826 523 25.5350029791475 113.436562979228
2766.46947562129 582.536088148621 610 1.19139974618553 98.4243147472356
2914.48687697198 686.578351067455 607 0.762612750840984 239.415126851036
2743.04771294593 664.490152665362 520 1.7594137280792 166.734575958552
2665.6505708694 613.888725818768 484 10.3414298487101 134.888725818768
2914.48687697198 686.578351067455 607 0.762612750840984 239.415126851036
2743.04771294593 664.490152665362 520 1.7594137280792 166.734575958552
3258.48657890896 671.582110977025 670 28.7232318983293 141.228846988843
2665.6505708694 613.888725818768 484 10.3414298487101 134.888725818768
2950.2733237068 616.757030508788 588 132.626771446979 50.8191499408625
2694.41486533601 598.891981299493 543 77.0657638210288 67.042582146391
3191.2325666994 680.528163428049 650 8.49658697957512 157.768408182623
3191.2325666994 680.528163428049 650 8.49658697957512 157.768408182623
2950.2733237068 616.757030508788 588 132.626771446979 50.8191499408625
2694.41486533601 598.891981299493 543 77.0657638210288 67.042582146391
2283.57620920542 419.758230467882 480 152.59044645904 122.395207428102
3253.48759249513 672.372464416126 670 33.2265408810501 138.441493316429
3253.48759249513 672.372464416126 670 33.2265408810501 138.441493316429
3092.52281617 651.113834620852 650 0.449852960851423 152.217582194008
3092.52281617 651.113834620852 650 0.449852960851423 152.217582194008
2665.98011194889 591.744188162515 496 18.1477873094647 140.108725939222
3191.2325666994 680.528163428049 650 8.49658697957512 157.768408182623
3312.81700167583 657.726395904183 690 31.5054795665695 114.726395904183
3217.20162181368 668.675362664811 670 7.35857017042234 165.367849150648
3461.83136099443 664.837900876804 733 139.571959285357 163.993592807721
3066.82121343091 660.390785514418 620 1.55683867560096 267.45932430416
2681.68109643455 644.120277017788 513 0.105243186706122 197.176900465256
3461.83136099443 664.837900876804 733 139.571959285357 163.993592807721
3066.82121343091 660.390785514418 620 1.55683867560096 267.45932430416
2681.68109643455 644.120277017788 513 0.105243186706122 197.176900465256
3253.48759249513 672.372464416126 670 33.2265408810501 138.441493316429
2914.48687697198 686.578351067455 607 0.762612750840984 239.415126851036
2681.87534681992 618.282300796641 464 4.09651067366158 139.282300796641
2413.98109837073 568.152636619935 450 100.723070516055 143.951104075382
3066.82121343091 660.390785514418 620 1.55683867560096 267.45932430416
3388.84067138769 654.937469930663 728 12.7385477276731 170.047276858657
3185.59781222934 652.213522519405 690 18.0135008131807 264.244063841811
3359.91691854447 688.451760387163 763 68.9448820190548 353.398934006965
3438.67407384005 691.881210346521 750 71.6627426176412 238.380717818633
1097.47350983315 201.382902905728 240 422.4177508871 0
1157.47350983315 211.382902905728 270 410.870745503308 0
3286.91425773845 647.964006947801 730 100.868932843785 155.384641513272
3284.30094472261 685.249466953037 748 47.9307956976524 222.876856946987
3258.48657890896 671.582110977025 670 28.7232318983293 141.228846988843
3066.82121343091 660.390785514418 620 1.55683867560096 267.45932430416
2960.32390617225 633.474942305907 594 43.0636022997067 102.021806104949
3284.30094472261 685.249466953037 748 47.9307956976524 222.876856946987
3258.48657890896 671.582110977025 670 28.7232318983293 141.228846988843
3066.82121343091 660.390785514418 620 1.55683867560096 267.45932430416
2960.32390617225 633.474942305907 594 43.0636022997067 102.021806104949
3348.20092697975 668.494952770839 720 1.88248851987316 178.113333054384
2888.25538603294 670.630465045155 546 0.665117086048024 246.849269081595
2665.98011194889 591.744188162515 496 18.1477873094647 140.108725939222
3191.2325666994 680.528163428049 650 8.49658697957512 157.768408182623
3257.32397796305 644.820613429215 674 136.851111630236 122.204424471669
2940.98503592632 676.050320859332 480 0.862435645591416 139.263507126133
3359.91691854447 688.451760387163 763 68.9448820190548 353.398934006965
2940.98503592632 676.050320859332 480 0.862435645591416 139.263507126133
3359.91691854447 688.451760387163 763 68.9448820190548 353.398934006965
3066.82121343091 660.390785514418 620 1.55683867560096 267.45932430416
2914.48687697198 686.578351067455 607 0.762612750840984 239.415126851036
2960.32390617225 633.474942305907 594 43.0636022997067 102.021806104949
3461.83136099443 664.837900876804 733 139.571959285357 163.993592807721
3208.21912935258 665.674882733228 730 0.770046222143267 236.278211840913
3179.77477489583 650.213522519405 680 20.2547889278524 264.244063841811
2929.05650826724 694.578351067455 607 2.04131409926237 247.415126851036
2459.25429606558 576.531126737648 404 108.091271025295 115.867497767756
2954.85302703255 644.481342054212 602 6.29687990720509 189.705186223866
3191.2325666994 680.528163428049 650 8.49658697957512 157.768408182623
3066.82121343091 660.390785514418 620 1.55683867560096 267.45932430416
3461.83136099443 664.837900876804 733 139.571959285357 163.993592807721
3461.83136099443 664.837900876804 733 139.571959285357 163.993592807721
3208.21912935258 665.674882733228 730 0.770046222143267 236.278211840913
3179.77477489583 650.213522519405 680 20.2547889278524 264.244063841811
2929.05650826724 694.578351067455 607 2.04131409926237 247.415126851036
2459.25429606558 576.531126737648 404 108.091271025295 115.867497767756
2743.04771294593 664.490152665362 520 1.7594137280792 166.734575958552
3040.05743780282 689.499441067857 627 1.23751935918078 178.336216851437
1708.48750515885 357.277776665418 291 248.676297651333 0
2485.07045236362 553.669954621035 417 81.8492424365343 160.101159511437
2914.40285363488 631.073424770518 585 1.48775959276526 177.711742719983
2914.48687697198 686.578351067455 607 0.762612750840984 239.415126851036
3191.2325666994 680.528163428049 650 8.49658697957512 157.768408182623
3486.38772943305 705.196680475113 678 0.331725962176485 335.164536686681
2929.05650826724 694.578351067455 607 2.04131409926237 247.415126851036
3461.83136099443 664.837900876804 733 139.571959285357 163.993592807721
3486.38772943305 705.196680475113 678 0.331725962176485 335.164536686681
3066.82121343091 660.390785514418 620 1.55683867560096 267.45932430416
3066.82121343091 660.390785514418 620 1.55683867560096 267.45932430416
2903.50372388276 636.683568257909 650 27.5636531201716 139.454943299813
2931.62237841214 622.894225456353 595 14.1728302312551 167.624989368023
3029.31017906757 609.121275130043 618 29.2686602557056 103.177522232962
3409.84488488343 681.287814527182 746 77.2109226191833 212.351705525466
2914.48687697198 686.578351067455 607 0.762612750840984 239.415126851036
3328.95693549588 684.981130174039 744 97.6393775522173 247.72641321667
2969.44316709671 693.284532333408 620 9.81373021488441 202.123347280559
2976.78020231569 644.340144035404 632 10.9240289387699 267.047785372311
3247.49745037011 671.971684712646 670 43.2039948287338 138.04071361295
2982.19107850865 641.95497922827 632 11.9653525476214 257.507126143772
3286.64304712476 673.236750785876 706 108.947195265148 142.631603647127
3352.10895283323 680.716601578812 700 23.0715017929286 184.707910360224
2914.48687697198 686.578351067455 607 0.762612750840984 239.415126851036
3066.82121343091 660.390785514418 620 1.55683867560096 267.45932430416
2914.48687697198 686.578351067455 607 0.762612750840984 239.415126851036
3388.84067138769 654.937469930663 728 12.7385477276731 170.047276858657
2929.05650826724 694.578351067455 607 2.04131409926237 247.415126851036
2656.04071270839 598.65931031776 529 75.8673794033715 70.4366726392809
2960.32390617225 633.474942305907 594 43.0636022997067 102.021806104949
3461.83136099443 664.837900876804 733 139.571959285357 163.993592807721
3104.50446938319 649.502543201133 640 46.5311068725995 105.25484177074
2613.46740856697 547.098266883038 563 92.644109139637 127.247727062897
3253.48759249513 672.372464416126 670 33.2265408810501 138.441493316429
2914.48687697198 686.578351067455 607 0.762612750840984 239.415126851036
3339.87567935012 666.05859431692 729 95.5380643177308 210.975013385755
2773.21146739873 638.519803646599 575 1.21394483962413 166.898423158853
3359.91691854447 688.451760387163 763 68.9448820190548 353.398934006965
2929.05650826724 694.578351067455 607 2.04131409926237 247.415126851036
3045.88777328222 627.068868953985 660 5.51177654635027 181.927674626049
2770.56417769515 622.359716290603 509 1.97942552771781 142.339191346402
3066.82121343091 660.390785514418 620 1.55683867560096 267.45932430416
3038.77374076341 665.72990963421 615 4.68183964695346 231.500478965548
3124.83316019043 647.459540940194 680 1.17317150565266 265.946715752229
2665.6505708694 613.888725818768 484 10.3414298487101 134.888725818768
3388.84067138769 654.937469930663 728 12.7385477276731 170.047276858657
2846.40429029888 644.328613759222 593 94.9773697039701 88.5446320952459
2914.48687697198 686.578351067455 607 0.762612750840984 239.415126851036
3359.91691854447 688.451760387163 763 68.9448820190548 353.398934006965
3284.30094472261 685.249466953037 748 47.9307956976524 222.876856946987
2846.40429029888 644.328613759222 593 94.9773697039701 88.5446320952459
2914.48687697198 686.578351067455 607 0.762612750840984 239.415126851036
3359.91691854447 688.451760387163 763 68.9448820190548 353.398934006965
3284.30094472261 685.249466953037 748 47.9307956976524 222.876856946987
2675.52612982087 678.491648300879 416 1.07928069038164 255.412693296603
3359.91691854447 688.451760387163 763 68.9448820190548 353.398934006965
3461.83136099443 664.837900876804 733 139.571959285357 163.993592807721
3205.90767856218 653.992559449063 700 16.6494059256629 148.509485586252
3092.52281617 651.113834620852 650 0.449852960851423 152.217582194008
3284.30094472261 685.249466953037 748 47.9307956976524 222.876856946987
2984.29617673488 662.188688988162 594 24.5664962797746 144.32445266212
2958.41471142551 675.590567033571 611 3.58452976547876 181.033206131414
3438.67407384005 691.881210346521 750 71.6627426176412 238.380717818633
2929.05650826724 694.578351067455 607 2.04131409926237 247.415126851036
2914.48687697198 686.578351067455 607 0.762612750840984 239.415126851036
3066.82121343091 660.390785514418 620 1.55683867560096 267.45932430416
2929.05650826724 694.578351067455 607 2.04131409926237 247.415126851036
2750.22305520316 593.7233565586 587 3.04811255785206 103.448148366015
3266.7819863566 641.030703574266 690 13.7865939087643 99.6381862234545
2675.93581284372 683.876001696529 392 4.09259139504047 164.733729257407
2960.32390617225 633.474942305907 594 43.0636022997067 102.021806104949
2681.68109643455 644.120277017788 513 0.105243186706122 197.176900465256
3191.2325666994 680.528163428049 650 8.49658697957512 157.768408182623
3015.36133814825 647.766817721099 595 4.69846521958663 138.784307082569
2929.05650826724 694.578351067455 607 2.04131409926237 247.415126851036
2393.41148216516 562.737069807625 420 38.8237831711428 155.573845591205
3258.48657890896 671.582110977025 670 28.7232318983293 141.228846988843
3062.89663462717 637.631467482245 618 175.975504031581 116.352314263392
1167.47350983315 211.382902905728 260 408.946244606009 0
3205.43897679899 674.200660908851 700 0.524795636684281 301.108514352225
2940.98503592632 676.050320859332 480 0.862435645591416 139.263507126133
3104.50446938319 649.502543201133 640 46.5311068725995 105.25484177074
3328.95693549588 684.981130174039 744 97.6393775522173 247.72641321667
3253.48759249513 672.372464416126 670 33.2265408810501 138.441493316429
3092.34621966374 656.569655355121 626 27.5272733396476 141.569655355121
2952.83525594227 627.826402157041 610 26.7816740300213 142.856674880969
3359.91691854447 688.451760387163 763 68.9448820190548 353.398934006965
3066.82121343091 660.390785514418 620 1.55683867560096 267.45932430416
3286.91425773845 647.964006947801 730 100.868932843785 155.384641513272
2857.01205062263 651.912188400059 593 94.087219492886 103.71178137692
3154.47925461364 649.239885816464 703 35.3992647096065 237.570747287066
2365.13437180016 539.21662433263 404 62.5468118185561 195.254164803858
3104.50446938319 649.502543201133 640 46.5311068725995 105.25484177074
2741.99847340328 590.708226507889 613 148.687315941374 145.919789154088
2869.01518090343 649.755450711996 633 53.0052141439328 196.904256136455
3258.48657890896 671.582110977025 670 28.7232318983293 141.228846988843
3191.2325666994 680.528163428049 650 8.49658697957512 157.768408182623
3220.0421280466 658.438555390666 722 118.600042018744 160.494398015533
3103.04489427457 698.763377927875 660 3.28924151016272 244.270047996306
3066.82121343091 660.390785514418 620 1.55683867560096 267.45932430416
3284.30094472261 685.249466953037 748 47.9307956976524 222.876856946987
3179.77477489583 650.213522519405 680 20.2547889278524 264.244063841811
3092.52281617 651.113834620852 650 0.449852960851423 152.217582194008
3191.2325666994 680.528163428049 650 8.49658697957512 157.768408182623
3126.8961777559 672.200517286653 630 20.8781308046493 149.440762041228
3359.91691854447 688.451760387163 763 68.9448820190548 353.398934006965
3339.87567935012 666.05859431692 729 95.5380643177308 210.975013385755
3508.12529097389 702.027047298892 759 58.2968496483851 302.454742128922
3252.83276756505 672.135038313067 664 0.197320393935996 238.02691816478
3144.9233106683 664.656504599912 713 16.728354103769 197.599608104682
3066.82121343091 660.390785514418 620 1.55683867560096 267.45932430416
3191.2325666994 680.528163428049 650 8.49658697957512 157.768408182623
3253.48759249513 672.372464416126 670 33.2265408810501 138.441493316429
3179.77477489583 650.213522519405 680 20.2547889278524 264.244063841811
2914.48687697198 686.578351067455 607 0.762612750840984 239.415126851036
743.076922973796 156.461195164176 137 245.595922161739 0
1213.14074782559 206.220944475558 240 466.938091548007 3.2209444755579
