11621.0886763496 2999.51355268544 901 9.02595071673152 16054.6968540466
11268.6589429249 2997.9396805458 817 163.847354741112 11823.7929372549
11660.5490964101 2999.18037460944 862 352.020938937774 10979.7284392802
11444.9116479082 2995.57636409162 858 106.835990327838 14361.8570759748
11204.0163778789 2995.79124708907 829 156.405066584791 12627.1542954891
10922.51146995 2985.06572119588 763 227.995561888186 11502.2442690839
11440.7015133545 2996.99515337976 842 110.705945684759 12834.5621235031
11760.1927009052 2995.67555150674 957 520.205859647927 14416.937834181
11150.6897229811 2997.74075645929 800 226.605480474478 10488.0916975773
11269.5316299043 2994.01689238055 808 172.125978196473 12408.7388105279
10798.8190619562 2998.16810316173 829 261.583184733662 13013.2164536092
10771.1309320713 2997.19195253479 728 229.803122494554 10068.6707373843
10970.478794879 2995.76628731902 763 79.0706761515948 12973.3612151693
11138.6938623911 2982.54219798386 775 353.629740826328 11365.9094276236
11463.5309064674 2996.40669351086 843 392.96326894317 10330.5978175124
10743.523206054 2992.33970482795 700 282.024613213246 11165.8783855337
10888.8252234983 2987.00589008531 752 230.670770491625 11089.9004900721
10958.0420113216 2996.82125970185 752 200.575565202412 11498.2125144446
10649.3125291101 2997.06057683743 747 108.414487361954 12616.7225686532
11555.6055793881 2997.37218644645 828 38.3300217628546 14475.8274731713
10755.1215122618 2996.51006220724 749 239.697300523779 11508.4332347425
11164.5561294358 2995.27840555355 849 388.736712043085 13005.3531680956
10865.5833727453 2997.51154483564 810 327.836050227471 10696.5258425481
10984.2417612815 2998.03568118092 825 266.16075559489 11155.4420591221
11012.2719432546 2994.87693082729 797 169.976043132076 12009.2150814118
11038.6139035953 2998.6911236842 826 142.051169518266 12568.917376084
10988.0327771022 2998.50183566032 807 161.439648590906 12163.6579289656
11082.157843063 2997.29243641271 810 253.269758864292 10853.7187333885
10778.7551337803 2995.76116022632 766 204.530610880325 11688.574849648
11020.8945253825 2997.03690569111 799 183.796739257534 11932.382247241
11331.7986964395 2973.52503381266 791 226.194350277584 12524.2485150237
10658.1628744459 2990.43416015513 747 303.588775297804 10776.0330323399
11272.8921030684 2992.17550243126 844 324.411274754012 12203.0358999903
11000.4486836903 2997.25240200707 826 214.146398120374 14563.4457323313
10401.9175087681 2997.02402870636 714 146.783632708754 11254.0436909795
11003.7086050265 2997.59051398867 799 237.673917008144 12714.8509898936
11372.3354156672 2998.11207431476 939 163.072410073825 13763.6628647932
10701.5561863779 2997.34447363766 791 245.290516575638 12674.7463306462
10793.4494246426 2997.5214888976 751 164.925314189966 11223.4661418566
11232.8338490477 2996.57545413624 849 106.713026637964 14571.4385143698
10659.6359777324 2991.6118806691 764 289.67412481356 12172.7165524256
11275.2373544241 2993.34677240557 808 61.5830893825731 12354.7695142603
11477.9420602769 2986.74541997253 830 69.354768540028 13377.1874021576
11061.5541543643 2994.66485177959 801 211.944609878866 12199.6700148062
10761.2113310952 2987.33867910491 740 290.83354029566 10471.892164561
10834.944214848 2997.62780319776 771 240.251408446337 11004.450542604
10890.1442790092 2991.92737842832 790 225.87491520401 12432.7817137899
11340.894652048 2998.69519160564 890 126.257038651283 12950.4782677602
11473.1793370358 2996.32416482697 858 300.875941158429 11980.9277461874
11223.8263938274 2981.33134040264 844 281.222890242485 14013.1843054393
10974.360963812 2996.418626466 835 436.02540397844 12787.761728746
11351.4232188303 2965.77992072425 847 60.923092213358 14494.0035740105
11140.4319444721 2995.24730607169 802 188.524652099153 11940.9181004031
11248.0472936013 2994.90437315422 855 383.607665967891 13746.2614099987
11134.0514328327 2993.6498475742 844 509.463857674867 11848.9033146801
11029.783716076 2995.59017866612 841 341.384976399809 12703.5275981614
11587.313589941 2961.57982765687 862 366.115118729159 10948.2425292057
11584.8292874905 2997.30450271823 895 79.9088280354274 14066.8733766132
11290.1229968408 2998.35760056702 810 199.771534408847 10363.8724783605
11058.335847685 2996.19075578953 828 201.170829718097 12845.6830576285
11243.2149192029 2988.79568935117 808 177.190631532351 11920.9224637572
10815.3272082113 2997.4392672866 762 246.814277112307 9478.97097073116
10871.6162585934 2997.60021884328 759 98.0967801306845 11134.6377126681
11275.2270822089 2942.66098814992 843 320.485093193137 9601.99047089549
11220.7764514847 2996.58316091696 877 165.244571569803 13708.3608074943
11114.8691573206 2981.51096684749 808 235.502114475314 12504.2360580058
11150.122493294 2997.35791226963 849 345.999271519302 11932.8031232687
10743.523206054 2992.33970482795 700 282.024613213246 11165.8783855337
10888.8252234983 2987.00589008531 752 230.670770491625 11089.9004900721
10537.3101340968 2969.618591307 723 129.969358332229 11342.2648111471
11222.2043725458 2996.56982189626 840 102.493113935715 14674.8440431323
11267.4375024535 2991.54392618737 886 165.254018830199 13809.8344571427
11629.6854947163 2998.1781094992 940 368.770004572246 14149.2698101275
10669.8828061628 2994.59007319367 775 256.101497160997 11758.7913615189
11170.5090445262 2996.30495235303 887 323.243174398305 13569.3041046239
11280.8769337681 2983.79816346965 833 297.330666116638 12053.0555917119
11257.1262374003 2996.54712478002 917 408.512317777737 14057.4045883019
11251.3660967711 2928.53961045526 818 308.734460935665 13414.6934287227
10972.1175733259 2996.51619216571 815 368.841083149524 10510.8601848636
10984.2417612815 2998.03568118092 825 266.16075559489 11155.4420591221
11026.9619604613 2996.51714116508 804 160.311836733345 11979.8181837301
11104.1811626446 2995.871361135 827 167.288019293 12835.6044747534
10988.0327771022 2998.50183566032 807 161.439648590906 12163.6579289656
11049.4256190524 2997.57547361461 836 296.787960636672 12132.0248208437
11165.0044973414 2997.99591208475 814 237.32591281459 11692.8707224856
10920.0056581657 2998.2227907706 832 389.263589972027 12079.6595683717
11059.052615837 2996.91145659034 848 145.200138302282 12525.9297276201
10929.3068996547 2996.19437524464 850 259.834730721294 13370.8144461965
11452.8563322039 2964.68252127228 904 325.142128534058 13988.5252947397
11431.6473468262 2971.60824921735 884 442.411354084516 13504.513289989
10800.4796070902 2973.84665367448 750 244.13368994363 13058.9220569725
11381.1001529439 2987.54230639773 820 351.564657535894 12084.7102296845
11008.2442135464 2998.57999844457 787 187.817244945885 11371.6126640251
11367.0045527352 2974.23415667968 792 239.745090683833 13122.6440770206
11289.9361551419 2995.30487137369 823 159.607647518088 13154.4226390849
10689.8434647201 2995.43416015513 748 297.491842856835 10816.0330323399
11111.35159631 2994.38255096655 834 292.469844899785 12902.2106693704
11272.8921030684 2992.17550243126 844 324.411274754012 12203.0358999903
10692.3040628099 2976.43511900634 790 90.8987143270623 11766.5055712894
11171.3365448613 2984.75067952104 840 346.368142574285 12399.4975917201
11301.7249098899 2986.91948842068 784 129.764438989893 13016.4723123876
11093.5148276375 2998.10625274773 850 186.625724023992 13400.1921767785
10984.1894452244 2988.31505234996 799 241.430381063509 12790.8727803131
11280.7951760866 2971.95287496131 932 127.838555431466 13475.9116719054
10701.5561863779 2997.34447363766 791 245.290516575638 12674.7463306462
10793.4494246426 2997.5214888976 751 164.925314189966 11223.4661418566
11567.6286144529 2997.3618421134 848 298.78763722561 11899.8224731632
11260.6812572149 2996.04198117003 871 101.353790437434 15076.3195612462
10703.0201755085 2966.98182285545 780 306.3727103233 12502.1195772841
11804.6733534683 2996.10132118707 957 340.183433453896 14400.6504198086
11275.2373544241 2993.34677240557 808 61.5830893825731 12354.7695142603
11405.3665694901 2986.93665641666 848 83.3219282541436 13289.7320763624
10812.8025620244 2996.82015344631 767 208.233878255047 12196.3611658534
11798.353209697 2998.71484802461 942 155.032039041691 15972.1230299672
11284.2037850812 2997.69934947048 809 165.276845990111 12406.9028639137
10978.5948080736 2979.4513663863 790 357.908174136108 13139.222482254
11056.5718575093 2997.35650197517 801 210.026922925255 12564.6145793209
10797.2804112576 2996.48997321431 747 304.716535723116 11007.307758784
11258.2665565146 2996.10892899975 848 144.860809266672 14530.2092578066
10834.944214848 2997.62780319776 771 240.251408446337 11004.450542604
11039.6298507948 2996.25735421716 842 167.835837250088 14167.7949507344
11290.9805319487 2974.59573400162 890 135.863015543168 12093.9064160149
11505.6477852275 2997.03362822939 874 294.627385390534 12041.8432447646
11113.817445563 2998.41354511092 802 191.473621029081 12744.0643627451
11116.7644631217 2997.48546149463 844 240.014733900551 13956.8147423769
11194.2803479725 2987.75944678332 767 140.238928985454 12749.3803917964
10778.1058236185 2997.6397035506 749 192.108028116846 12856.2560656073
11324.8268622116 2996.90950258611 882 154.209431395212 13542.3441704622
10762.1478371835 2998.27628079367 731 287.004733990249 11512.1695712466
11125.0673497363 2997.83897808924 844 128.289889851578 14085.6765965195
11351.4232188303 2965.77992072425 847 60.923092213358 14494.0035740105
11556.6757341716 2996.21550612617 848 412.58165318491 12385.7106361977
11136.789811231 2998.15678623073 832 189.225580968198 11981.6508226297
11349.5060975725 2966.21957020564 922 440.503513884885 15073.7813166063
11248.0472936013 2994.90437315422 855 383.607665967891 13746.2614099987
11298.9165374021 2994.86113955469 956 494.168818006153 14278.8209412303
11234.183968069 2995.95255895351 853 420.058670073522 12870.1280404118
11424.6426996015 2988.58239000369 861 345.678644328816 13095.5405266544
11583.9861665136 2963.62187647778 842 366.755481666334 10704.8290429922
11715.7375656179 2984.17003823519 965 215.407207381285 14909.76994151
11584.8292874905 2997.30450271823 895 79.9088280354274 14066.8733766132
10786.780418503 2995.76004642301 750 190.438601552953 12797.3642048118
11404.5809628711 2988.30453772311 865 156.647861108625 13330.1195674369
11017.1320111363 2987.49959659912 756 256.689922341818 11052.63894297
11229.3402547575 2999.28401225617 779 211.469178576811 10538.3854692304
11469.5310706218 2996.76809837654 927 191.28905771352 14241.5198378185
11339.4942606945 2996.34880956113 876 158.661663623174 12302.7915242081
11089.0294051245 2997.22861623031 826 205.732178150384 13090.1467993353
11138.1288997915 2945.97055890014 814 113.404352219474 13766.0234754404
10837.9274746854 2995.58640934161 805 242.464853801447 10033.3049908477
11020.565553724 2996.64408333007 844 69.4314749176022 13191.0772139032
11643.3957305707 2996.40715257977 879 428.152857715257 11091.7101384206
11247.3652511006 2992.89410912446 830 175.478605313591 13080.4048592754
11114.8691573206 2981.51096684749 808 235.502114475314 12504.2360580058
10821.7308328799 2993.88995562925 728 266.973548413036 12730.3640908097
10882.0463021462 2997.6142161366 766 257.334647542814 11293.870063993
11241.2381663475 2998.3563832645 872 187.855801180123 15409.4887743006
10990.9781683863 2997.36195656539 856 303.943809693479 10304.3509706632
10921.3428333179 2966.33097393846 762 207.638325302245 11491.3689587036
10537.3101340968 2969.618591307 723 129.969358332229 11342.2648111471
11417.4818035507 2990.91245642866 843 177.655432173943 14483.4760089345
11088.2891824035 2998.85309952746 763 224.238802838028 12185.7192190486
10791.9348056039 2994.17272482516 819 303.079333649291 12575.9691993071
11202.51018361 2965.83282989868 790 196.251934885181 11910.1370712926
11107.841247653 2979.18561923885 888 299.122328135469 13983.2515804676
11232.8527872645 2972.58520408413 937 413.183745434433 14222.1895779327
11223.5739625976 2949.14275188522 780 75.1089012493265 12010.0558029491
10964.9880197432 2998.44499149493 826 244.415788838675 12712.0850131363
10924.1330088965 2997.67352647128 810 350.371815689345 10460.1511958438
10984.1143549078 2997.42371718902 826 266.185274962936 11318.3021251218
11494.1094447474 2998.87774033566 926 456.731755461639 13927.0241002291
11437.8097421388 2998.42832064033 858 274.745531332279 12938.6986747165
10735.1047715829 2995.64488897431 775 270.380800955519 13126.0524899246
11071.029636627 2998.72782643375 830 163.571835103817 12721.9707953321
10897.1631764453 2994.95137687293 874 350.371687000996 13057.1727400278
11252.9541022942 2995.13951020055 824 224.550750462901 12803.1622215112
11008.4121865395 2995.27813949311 799 172.739406089749 13469.5026637804
11145.4913737069 2985.02086450754 787 289.766820936601 12159.8548685916
10904.788116237 2994.87300703593 757 203.073022993706 12247.1809073159
11103.4855350039 2984.2201487995 826 362.85879574093 13150.6912778766
11165.0044973414 2997.99591208475 814 237.32591281459 11692.8707224856
11263.7442520139 2996.50429603889 882 323.111066742317 13503.625534186
10943.1789289979 2997.16570957567 779 167.500039731789 12382.0317971143
10929.3068996547 2996.19437524464 850 259.834730721294 13370.8144461965
11431.6473468262 2971.60824921735 884 442.411354084516 13504.513289989
11036.4250112166 2998.54891133188 850 240.953158997228 14073.5827615124
11288.0299669407 2986.99112282362 769 369.476023183379 11959.2224711636
11386.012477457 2935.3961195452 794 236.087013865547 13267.3998039216
11348.8023920524 2995.31234709349 873 183.240614172367 14067.0363997482
10771.4033868465 2977.3112648196 768 281.795628525249 11186.2519805006
11111.35159631 2994.38255096655 834 292.469844899785 12902.2106693704
10782.0018582411 2990.16014490846 785 97.3907748764625 13676.8404207401
10974.7695966674 2988.45835280664 799 130.056996374621 12263.7796225024
10679.2996759656 2996.86389203677 717 226.349392304726 11954.8646002901
11399.406687277 2949.48809942827 838 240.180058057786 14792.2360594314
11171.3365448613 2984.75067952104 840 346.368142574285 12399.4975917201
11062.7341778926 2936.57643400145 742 37.7768633549143 12376.4945250714
11185.1854929893 2996.18792965913 866 221.909779569122 13288.4442460643
11321.8180205643 2988.88523283587 816 139.084249606784 13664.2169591348
11513.4851606961 2993.15446533373 1002 186.800662744289 14585.2235079914
