10696.4294664071 2987.1093071009 698 249.928830022983 8077.78658483461
10596.6695603916 2997.64627456802 658 305.301892351356 6941.55724391876
10772.6501987808 2995.900316438 750 202.751425802656 10715.6261195107
10571.347837586 2997.74021315711 661 281.970891515789 9396.40786351406
10746.8116452953 2994.83695435208 707 67.5161321122933 11375.865440013
10904.1814141811 2994.72934867836 790 244.5728746393 10137.8517608134
10963.2968908218 2995.61911940727 748 134.223075466069 10088.0286417255
10895.1277847329 2982.19023509533 778 237.847453452727 9734.8251922247
10972.8255335053 2996.10617506028 750 242.792746009305 8573.5687271174
10752.4137686024 2994.91980347722 749 307.061326835648 9659.84436862627
10975.1295235077 2994.69750236288 845 256.169348770446 10600.1318867807
11186.2175004767 2991.87436626431 875 136.769195558112 10020.2767072227
10914.8802723938 2994.82040809991 727 312.8560393397 8750.28983058362
10983.0314015677 2991.58353163375 761 409.214105908367 9527.51446625433
10668.4252273051 2961.61364741434 699 229.447094450961 8257.64660811777
10573.8918436711 2992.47856204678 658 205.883984811857 9259.28185830621
10619.2850289649 2996.06997025995 684 304.388263879035 10531.6142255347
10733.6406574635 2997.17136560287 737 107.86518532521 9678.71941215366
11236.3998367881 2994.93155083925 860 184.102754493689 9332.35740404093
10730.4364053096 2989.11530782196 703 297.270142285982 7713.41794251301
10917.3774651849 2981.74740120953 754 239.726533314254 10048.4448756695
10784.7464433622 2995.90345645579 702 212.618594030621 8275.09460364302
10934.8289337444 2994.96237747825 798 296.56717878762 9865.78845686351
11089.9345340884 2994.12650187215 873 278.619655757548 9201.76197664255
10705.091598848 2962.7439253468 699 312.796340018461 7612.18460495394
10619.8730404347 2996.29964533663 686 286.711916845753 9282.06927373984
10832.3409880405 2997.41321110257 788 240.119304266575 10979.3062912446
10948.6049205151 2995.28210848 803 316.507123866916 9085.60791729651
10978.881652075 2996.37444576827 776 277.665391704841 8696.4469252074
10898.1017488465 2991.93312525844 746 170.669466547024 9983.11969306453
10960.7209341784 2995.13711251882 773 345.502937268749 8795.5578455307
10639.1543614735 2998.28936363916 727 319.945437901393 9126.54090101113
10877.4182135167 2995.54949638639 763 167.033557929174 9804.6579226216
10553.1642134256 2992.8562615678 661 215.594648001526 11155.9213494193
11361.0898524661 2996.78746772742 938 171.000745987086 11504.885903844
10817.9008850973 2994.52380394369 725 120.30363801569 10306.416605209
11138.3483956117 2981.90697278864 913 175.623046814027 13609.6383151162
10961.4314398626 2987.58935520695 741 363.655244790894 8576.87612131333
10540.5350645436 2990.77776473456 655 309.837449699086 7707.20103589098
10666.3641859808 2987.06351785946 698 186.590259846464 7657.70193170204
10615.667436888 2994.37275967462 671 259.658300944831 9127.38739500356
10696.4294664071 2987.1093071009 698 249.928830022983 8077.78658483461
10774.8819347699 2994.64026715014 692 373.895867231492 7458.07537564797
11120.4808927852 2976.59082811791 822 306.70375901726 10370.3437181983
10842.8851007162 2980.73009547815 744 247.150917841003 9561.1776799445
10571.347837586 2997.74021315711 661 281.970891515789 9396.40786351406
10812.9076416379 2994.9276371251 718 92.9564929661187 11654.7758377582
10828.3395021904 2995.66520007057 764 215.381309103521 10282.9913297617
11058.8606198677 2978.95471902599 797 353.292606809617 9473.44094097246
10875.8988523872 2995.84727477491 754 299.265714891595 8115.66523671408
10890.5127816792 2982.71847566218 770 242.651785914234 10133.5946235968
10978.4335874097 2996.70478303579 839 196.998745769715 9685.14274220442
10895.1277847329 2982.19023509533 778 237.847453452727 9734.8251922247
11029.383825052 2995.09154775982 771 264.56204257555 8980.90011061789
10661.3333106793 2966.95928322512 749 324.589769135571 9153.23861817392
10988.9643361322 2990.9054067012 849 253.506837839467 10711.018788765
11147.995562005 2988.23420721578 893 144.125011046633 10116.0669697508
10668.4252273051 2961.61364741434 699 229.447094450961 8257.64660811777
11123.1410364321 2959.96094051916 821 204.597225545306 10082.2577192592
10573.8918436711 2992.47856204678 658 205.883984811857 9259.28185830621
11080.6162351094 2996.63917765857 868 219.220346697665 10779.814228423
10805.5939960482 2989.29818861324 725 212.839962190758 8595.71060376477
10598.7990963222 2987.517601844 684 308.33078345432 10686.0383817258
11162.2126055924 2967.98484379632 851 152.772900582918 11319.8278595915
10746.6349606156 2954.04684188348 744 267.459402970682 10759.2607210434
11045.0867987005 2944.62921071636 775 383.409211480807 9379.92389290458
10668.4568333707 2941.29036717139 738 120.409818120812 9032.56708821896
11236.3998367881 2994.93155083925 860 184.102754493689 9332.35740404093
10730.4364053096 2989.11530782196 703 297.270142285982 7713.41794251301
10894.2574511184 2998.4100154048 758 255.1479399352 9233.36518708838
10922.2194626241 2991.5300616417 723 186.161899138244 9149.36054787099
11051.7915093251 2980.9000966625 796 320.78139471984 9944.16661344021
11089.9345340884 2994.12650187215 873 278.619655757548 9201.76197664255
11065.6777219117 2994.34849666856 784 359.790671711072 8975.42382403751
10562.2580412318 2954.9376984504 720 296.515218689266 10902.0638308583
11130.5116031917 2986.22559124878 901 235.983704250634 10686.8504874472
10954.4395984342 2996.13031224449 838 216.621415740411 10996.4627756281
10978.881652075 2996.37444576827 776 277.665391704841 8696.4469252074
10800.1308532062 2982.16733317197 743 189.523974203929 11544.5848313086
10609.9789078314 2997.24502233199 673 258.001612782801 8072.47498447501
10842.7561667406 2966.46048689926 722 419.034316790025 9443.48631252191
10836.3842481756 2995.66989598071 762 227.868047837661 9900.16280174562
11027.9042456106 2974.75588920352 813 223.751375346926 10106.7736707342
10639.1543614735 2998.28936363916 727 319.945437901393 9126.54090101113
10963.4526763476 2995.69044623839 769 150.47621783752 9596.72002235313
10856.8796153209 2926.3930587547 812 103.431861054905 10155.5344845759
10553.1011574185 2993.06261922315 661 215.606783135761 11157.9849259728
10977.7295423882 2980.83730379858 732 276.813442804547 9335.67580715799
10791.4731972599 2972.15413003502 737 250.636938558848 9897.01252226867
10963.0235300888 2979.2684781442 799 255.712081978595 11981.9477069627
10773.0412706658 2996.00877609228 730 251.477430849777 9625.75522121503
10696.0976432044 2930.7000042319 718 232.93575512978 8411.34409799134
11361.0898524661 2996.78746772742 938 171.000745987086 11504.885903844
10859.1268116475 2994.65880375862 729 112.369704751909 10307.7666033583
10669.906930931 2995.6865507331 721 236.655450987451 9656.35969487992
11272.8230022649 2996.28494184753 936 175.875141828842 14066.8639700219
11031.5611308881 2994.714492666 757 233.826283318548 9423.37039039174
10668.398474539 2987.66233526937 698 187.373257877588 7478.96423694949
10805.0415340915 2996.36276290696 748 223.213238945516 9901.05614452948
10992.6494993117 2979.90082024107 843 158.418724204224 11667.0603375501
11188.5468024746 2987.56671404594 878 296.027518268869 12194.7296409772
10820.1154359545 2981.64884429677 721 130.402703816924 9217.65988463853
10776.8871652764 2998.20203290224 728 222.715073573382 9515.88665161116
10866.8631639326 2989.64180831883 749 218.470483779073 10174.8241035007
10671.0062606966 2994.94374781673 671 261.281611296473 9180.26809207249
10655.8506300618 2995.29696697916 657 263.077941866551 9702.26926169519
10644.8318983901 2992.88488247508 704 320.557874912111 11115.0076117756
10869.2553033697 2996.55567768902 737 193.46538152193 10816.5394374404
10921.3444593943 2997.71182287373 755 217.901927737063 9997.70298145843
10764.8759070481 2994.55494349595 690 233.493783352949 8957.16897092396
10752.4279284522 2997.66881581352 711 223.071776670188 9083.85188953754
10902.1699124893 2994.05362828787 727 259.951205576433 9297.53079608544
11069.4572675332 2995.8780422938 785 157.760265676716 11337.4956969608
10693.5523107825 2995.17749975068 701 226.292201701094 9729.85609651149
10971.5362302657 2994.4315346434 731 409.209064579091 8755.16951265147
10679.860223412 2995.56417071153 692 215.129246398876 9613.80000926427
10867.7910323127 2996.86639142801 761 200.020786479356 10958.6397847357
10773.0468507399 2992.72181381202 702 320.766493272422 8057.68297169925
10724.1271825257 2996.33089982869 729 232.886062380945 8960.15562969509
10774.8819347699 2994.64026715014 692 373.895867231492 7458.07537564797
11095.6717606474 2955.92444116498 819 311.478278723299 9923.49855841515
10946.7644373317 2996.16805324759 737 179.149927175403 9722.02273170281
11274.6926830818 2980.44170569711 873 312.71724503624 13447.6382287421
10923.4591434364 2995.9472906006 780 321.510600438862 9799.50416011968
10879.5687440488 2991.56821506162 787 237.381184304741 9923.04620644121
10433.5324723777 2993.4628480022 639 308.493470916277 8449.50429155895
10930.1089957652 2983.37911659873 783 252.690113317159 10985.1675388938
10867.5287407999 2995.11791815238 747 82.4446575312484 11417.852469386
10773.7853824776 2987.80122041531 761 225.880254337382 10079.636458096
11268.4141809153 2990.7987641357 871 320.831069480835 13144.1456906768
11326.6028340849 2990.21819316042 921 343.447777765747 12027.2332139803
10818.4491342262 2995.37279487682 739 277.153308061508 8707.44375648723
11068.6460333258 2996.04076943743 856 269.457367117735 12131.8508096991
11078.7168063204 2995.27758808958 773 178.648221654709 10733.6127587949
10851.8357154949 2996.34643465621 753 227.764976198941 9809.54891112264
10986.8436846869 2988.78555079606 849 195.380221794079 9470.06269486948
10895.1277847329 2982.19023509533 778 237.847453452727 9734.8251922247
11031.9344369186 2967.25218091408 822 251.147760730433 10463.45600801
10884.1952077634 2995.42523016695 749 208.678917725656 7853.69866406185
11017.4785561364 2997.99207131702 768 220.588022241582 10000.7342651845
10692.3887207337 2949.5474126837 699 257.1665549437 9348.35696210666
11009.6675364304 2992.35145239316 780 250.759157859025 10022.639687513
10777.7785369369 2994.12077065212 751 315.429485930557 11595.1878487573
11063.7323396667 2965.16384487877 813 490.329355251119 11051.3257384727
10661.3333106793 2966.95928322512 749 324.589769135571 9153.23861817392
11256.5395472006 2991.10159911257 910 356.49658459871 11637.7652538176
10763.3533599128 2996.93906339608 723 313.923849945764 9763.86758238578
11009.7714979906 2997.37659607997 832 268.546982512689 11134.1232515752
11193.166465574 2994.34083948852 897 135.431866601602 10304.6354696098
10975.1817894242 2987.78617719172 782 365.827991564864 9877.43845057873
10894.1985619598 2958.96585434127 766 353.969263707132 10225.9036780908
11159.1369661567 2989.42007572264 842 244.748538057793 12857.0712271684
11086.8363628247 2984.39653569136 783 262.73311636676 9669.8286337905
11034.5466993956 2993.22341873951 831 185.806038047887 10995.1687555297
11116.6397949216 2996.01393771445 829 212.757604337734 11281.9090458571
10987.9673787248 2986.11175779008 781 224.178501680743 10643.4749758905
10938.2946739049 2995.79754023573 783 344.410520946403 10403.0428860011
11012.0506895463 2982.12960896645 765 204.414246114793 11317.5597590304
10982.5597951001 2999.27235786434 764 277.160308283654 9219.91898986274
10948.096165436 2995.36263908082 786 228.19866419337 11204.7748814356
11391.9963122144 2995.36989444065 914 443.162443206138 12447.8910185644
10703.2922237126 2987.67030072587 693 276.060149627505 10239.4106176712
10982.1955551275 2998.24690103137 768 281.013067624517 9372.51338533821
10707.5034195932 2944.13155156884 714 244.535123711671 8550.16773173209
11299.9145684768 2996.11698902953 871 153.307524485072 11870.224848425
10565.4608197837 2994.56307387715 675 213.405553311907 9843.7876882443
10937.1496083144 2996.26983692167 822 164.000016297781 10211.8718614688
10786.1001895887 2977.61333805723 725 216.591546993072 8504.00056754825
10598.7990963222 2987.517601844 684 308.33078345432 10686.0383817258
10871.6421024287 2999.39588469799 725 291.599977517053 8124.84229886504
11262.6221113355 2992.63989479472 899 233.833015445015 11758.7643416895
10860.8830254734 2998.54211653351 761 193.093946436905 10445.6315832215
11206.7804278127 2996.57669055591 869 125.390698874096 11305.0918470932
11098.8327469813 2992.05923341281 828 252.326954443725 10912.3545183253
10746.6349606156 2954.04684188348 744 267.459402970682 10759.2607210434
11036.0631684315 2997.17252286864 789 413.938161722485 9207.05225003425
10729.2109988513 2975.83188104651 711 201.232738850036 9506.3857019097
10991.1078620996 2954.1865557875 761 393.797462673176 9854.25779921399
11178.5578018726 2995.97818377949 856 194.928650655205 10425.6411330134
10882.0926266327 2984.30349978011 720 300.787790957421 9969.13753602415
11436.8476698681 2983.09641566963 961 261.25516141851 9478.05657686342
10909.6105072771 2975.69213913573 733 393.90542723707 9330.8823021516
11196.249452736 2996.12036748815 883 225.199067146835 13055.1480225936
10799.9611235661 2996.15503249661 734 192.015817387571 10635.144475117
10894.2574511184 2998.4100154048 758 255.1479399352 9233.36518708838
10996.9460551374 2992.92764035266 788 328.021322649829 10727.9039972299
10872.2471935948 2995.81478413129 756 199.163197840763 11028.6469218721
10653.9716344812 2978.67715440865 678 329.07770561371 8717.47028693272
10775.8754186593 2969.56312624609 726 281.076027325552 11017.3500228955
10886.3717256746 2998.81834629468 761 149.145143056588 9852.80226531698
10783.4101164657 2994.29670897599 735 299.706428153493 10955.5199086257
10784.3723982055 2990.02444445315 692 236.337550300087 10407.452497619
11044.9741385786 2987.21070820801 807 322.093398331734 10000.9621173498
11182.8787993285 2984.33314431908 869 305.880031218206 10594.0717293876
11369.0292323424 2996.84753501667 899 221.309840304988 11871.6200080366
11072.5455286953 2980.70932642311 859 281.966171405759 9800.67073506302
10943.4852262072 2990.7495228352 765 341.242954651581 11638.3552462078
11371.5986156971 2997.19882722756 861 396.786871472404 10573.3557728117
11065.6777219117 2994.34849666856 784 359.790671711072 8975.42382403751
10944.2235465105 2994.42016324059 773 223.005922924658 12503.2765869158
