9699.75104211643 2993.45833734664 594 170.774851688099 7707.3119283887
9925.77165086053 2974.74839747814 628 207.458741414358 8174.47981331874
9652.040966969 2980.47638314891 648 226.635137102025 7451.86963047417
10009.6381061827 2982.13350348831 678 249.61758981816 7425.97306405181
9762.75015894375 2997.76738505719 623 142.910459448389 7921.49065089565
9690.51306272997 2976.9749335231 574 185.667663646518 7483.60999835669
9682.73031004685 2995.28196521576 582 224.348507509385 6169.17580303956
9838.04488352351 2984.46990298993 654 222.369217396458 7919.97379373469
10186.3269420526 2977.56829495079 707 191.326862389644 6896.92206773295
9903.47755928071 2984.42895094815 685 78.6069347882482 9402.42247506572
9658.40951523479 2981.85299260211 569 254.172169537733 5587.77720505253
9880.79340650085 2990.62015499598 659 176.686209648982 9632.26043911417
9959.09934676722 2970.98348750422 631 186.079881654112 6134.89681896828
9879.52682218747 2986.57537325949 655 72.9043431036332 6475.11246231642
10071.3004099001 2971.23008791746 645 314.504467504502 6713.03091254817
9890.91282948147 2977.88381797413 616 294.51544212621 6600.35240942792
9986.01126871528 2983.94647503813 669 77.809051461896 7789.94522430048
9661.24855070285 2984.06578580546 597 194.214954079121 7049.67397769751
9645.90822891926 2981.0059896703 567 225.763372325946 6974.31396326746
9757.62215487281 2980.18254338761 614 148.527964734079 5918.86052030462
9794.36096079405 2976.64943287845 596 181.096217006259 7806.53000512368
9728.82831130867 2991.169513755 614 228.275977653277 5782.29750904339
9814.96132850672 2977.34705821834 572 311.51417416107 5839.60280976445
10027.5442207743 2972.2789672127 686 191.659375007023 7431.32611428668
9933.71674562181 2981.19660183004 665 266.993181185174 8424.40386618143
9679.87928783917 2982.78088626816 602 226.569983331652 7127.7491539285
9824.77700108876 2975.14523605674 595 200.017385975676 7527.27237601524
9762.86407960255 2978.42373942805 646 101.232035679797 6613.01307516423
10064.0151495402 2991.65201251477 704 236.124407237157 7008.36447094218
9638.13910450428 2982.42475243114 551 244.754677817382 6532.80676270213
9933.35475115535 2976.36894695995 637 286.928187931864 7330.54265912717
9649.58978492536 2985.31791594451 587 169.355644409061 8307.93796343165
9793.81989818418 2977.08293593113 625 291.001422014247 8885.61811553828
9668.77374050342 2980.04937546145 598 230.028201132688 6965.72258435588
9822.18067080381 2956.39472258298 656 328.932636029913 9405.37294405685
9842.58756858891 2972.14121968858 609 246.296109838342 8080.84063883637
9860.38950202708 2989.58800043947 609 171.735211593859 7068.59653708414
9929.20974401038 2988.52117053891 656 83.1417403685994 8177.66677109756
9910.95475296489 2988.0648888074 658 302.399005068386 7685.82417318933
9729.32260840549 2979.21469085107 625 197.643869832415 6242.97868504357
9924.30225179761 2976.95874145509 660 230.2188477179 6536.32020067923
9976.44351989248 2978.48323197208 664 251.169444257063 7651.19148871398
10067.4681440451 2983.54581895347 654 296.12912848992 6238.08455531542
9876.51393700111 2975.9274216033 630 260.888509852223 7942.58061147576
10015.8416347459 2979.89292742898 628 244.193035657165 6874.09733876005
9934.95258366662 2988.67999042613 665 203.588455984837 6190.52083311901
10066.7085261228 2976.21131969051 686 253.191687986129 6600.73076165765
9888.32124986862 2973.73994601492 655 283.562130642311 7382.0143393604
9894.95862818361 2990.518109476 651 366.737288781895 6587.81838426406
9756.32906335764 2978.8850401962 625 268.695281733061 7877.05460855078
9645.58415361781 2982.5145597337 601 232.5856402456 6201.63640658125
9772.29876712025 2978.78997292998 602 188.594284275146 5905.66209506208
9891.79261345099 2972.41782721348 629 396.077479991616 8711.37350482281
9702.37847207629 2982.41381399294 603 137.047914504134 6316.76721182505
9742.14762334099 2987.56331839055 581 206.729727169177 6615.28454637973
10045.3645930894 2986.42092164676 654 171.532697192064 6441.57754863291
9706.90219962828 2993.09132361369 619 315.46996926332 7619.54220979791
9871.83227136119 2965.44893982796 612 203.587600437598 7597.68207679361
9874.19617221557 2988.64353794496 622 204.932378247141 7744.64327171625
10061.5614388188 2979.74825467386 646 463.073769201584 6576.24658826962
9789.13497105092 2976.75801801028 582 154.494492108346 7112.67137853846
9873.8740646745 2980.48835538741 641 294.795213842838 7599.42874381632
9872.62488781987 2991.7018390286 625 110.214172735292 7426.29239007412
9752.96092036633 2988.77094409631 608 266.501184437978 8872.84636470774
9914.10456923896 2978.98616011494 631 320.62916096902 6777.86721396083
9906.50040186873 2986.50695238578 640 138.250161635759 8649.03578232903
9891.2993343843 2972.71369478596 650 299.673169938471 6808.89363124384
9807.0401626425 2974.75710090145 643 344.489144565552 7351.29600977054
9787.5523533456 2978.09793121653 640 278.235956187641 7824.78578011288
9654.42039038909 2984.36153841087 600 137.862997760112 7786.94845161013
9997.17929544365 2979.67845602391 650 198.155784373293 7472.35450629003
9954.74334534576 2993.56039249655 684 165.116742793557 6793.50882884425
9849.00753670947 2979.51148173235 613 209.885093388242 7538.88182642747
9826.17088381797 2986.61614033352 602 171.513417595315 7321.4683925248
9880.57643036342 2978.3679732716 628 206.848464388438 7556.39825524107
9791.47903307219 2984.60726225845 617 334.750520101207 6585.60831524536
9857.86166176453 2989.89839970578 597 214.587447555199 6135.84196813362
9921.48508744051 2989.97375775025 658 131.152364565078 8457.87402898997
9852.08717585271 2984.39516902869 653 208.14223007085 8830.01154796325
10313.7228146948 2964.40683849397 744 386.204233061389 8889.50400780274
9915.72412400856 2985.10328918815 679 236.190281030165 6806.01224467698
10093.3220351886 2996.78034898749 745 158.158975463765 9573.38623967225
9992.90110629779 2997.65867269131 647 154.727567412844 7250.67483299295
9771.58639144565 2997.8573390197 637 141.209925710523 7395.65311150634
10106.1845535885 2981.91759337953 648 145.372805155558 6678.91431621706
9866.37100606586 2998.05828429777 641 189.006839082469 6854.51997490086
9933.19670639919 2993.3546992342 686 234.461489774232 7811.5085079123
10503.5983409068 2996.24125646913 764 154.833286007077 8285.12039581672
9794.80290493737 2996.9912174335 606 279.471364177909 5845.61967875783
10097.25676009 2995.31445221019 651 180.58216951222 6886.69219578841
10409.380277619 2988.77981654461 749 193.395374790483 8391.4984581127
9963.4406312559 2903.51869687202 677 329.247332790171 6608.83961320599
9666.21528270589 2993.50478685195 611 189.040121120629 7737.65646919269
10052.9735729979 2985.8497726383 653 282.637879341833 7068.62332039328
10443.5653873939 2998.74689504543 780 169.141751923501 8301.85773242819
9749.57827558756 2992.96926328713 613 213.156406885394 7619.28339224999
9897.9644890931 2997.25787171984 636 102.892589169136 7760.48240291845
10204.7607642039 2993.81551019299 758 30.9286503004693 8109.03846282941
10089.8350333201 2985.28296856176 653 238.595916800968 6468.661806644
10403.5517572709 2996.48589512112 818 249.34262768164 9488.17975156606
9746.34015288279 2995.69384108844 601 150.736027414254 8973.03274016356
10328.8625367738 2979.56225672939 754 339.675398706925 8620.45698023894
10359.4539354131 2997.68404813247 756 227.800560889547 8427.93222592959
10099.871178476 2995.43864718772 683 287.545157657504 6323.521176373
10232.5920889876 2996.7316352713 755 288.678196633031 8707.45009151997
10269.2265174881 2988.81138399807 723 294.709399902228 6857.77350159774
9871.68333638159 2995.58648652984 684 318.973053487806 8598.64129838301
9925.14603347524 2996.77342008833 658 289.342818337227 9080.6844966657
9760.45179171436 2992.38734240089 638 252.653763410793 6267.91078739705
9977.84663165325 2995.90824088496 673 166.951918624077 6768.8839901941
10046.9094755024 2994.2656676103 675 70.7428919800592 8384.2645820848
9936.50806891079 2991.28195351486 644 243.221054628554 7015.51336536609
10646.2133208743 2996.23694670805 819 136.008986100481 10685.6359785708
9874.19617221557 2988.64353794496 622 204.932378247141 7744.64327171625
10311.1320326131 2995.6667309552 725 46.9872241835 10062.9272226422
10029.686143587 2988.68611783221 657 107.425726803934 8203.83093707251
10080.134454428 2975.50153847549 717 116.661590833568 9013.77240311505
9978.81460216483 2994.35334059836 683 260.13712929303 6532.73875620137
9917.65007739963 2996.92988659897 697 323.202256545529 7199.13602767307
9988.73644481404 2991.71238471907 658 252.765155554435 7478.13803950657
9799.25141748262 2994.53218790125 650 126.375357502194 7893.00169301013
10136.5900562812 2995.71257786371 706 118.565429284784 8921.21107733765
10158.1622423028 2996.73167074786 725 125.968757821429 7596.33284148741
10307.2719599571 2988.23239923486 719 101.074270360876 9175.06754670831
10313.7228146948 2964.40683849397 744 386.204233061389 8889.50400780274
10324.3415441839 2989.39381465177 778 247.078425934761 10207.4455816648
9992.90110629779 2997.65867269131 647 154.727567412844 7250.67483299295
9986.24630674887 2998.85610674853 660 99.8986057490106 8412.00601513957
10234.4533217913 2983.8258638302 665 120.687469205387 6560.50923895839
9866.37100606586 2998.05828429777 641 189.006839082469 6854.51997490086
9933.19670639919 2993.3546992342 686 234.461489774232 7811.5085079123
10262.2328090319 2968.04284118662 761 159.507028735713 10828.9592553816
10415.9284515847 2975.07351185134 780 479.232808625591 9237.70216809281
9804.99020553022 2986.48006733304 646 277.51081726471 5352.06985779106
10399.5741957144 2994.61216718605 751 195.282556132918 8650.09114721334
10364.0421340599 2976.01136593864 749 205.305511723943 9835.38839178552
10087.7626189121 2927.86851682619 732 141.033856301627 7047.9555460602
10432.2872838526 2948.47543042002 793 398.209736772738 10985.1698916663
10228.0028840566 2968.57378505574 769 121.177497707481 9888.22212975022
10371.2344008999 2985.9681274703 768 230.432952929435 8517.18830238028
9899.66332006708 2991.52406561616 650 144.113025383203 8274.64207184335
10500.5444673965 2995.51473273658 760 301.411236373952 8320.57778815081
9870.55169906685 2987.6128619903 633 172.174205531653 8718.33457898825
10479.2148565631 2951.72874746036 824 162.281008383054 8483.41514301708
10360.5452889487 2990.65731921803 722 425.165555274152 7367.27957428162
10148.4045613153 2960.75781083746 664 391.539750166291 6998.60695095532
10270.9857892496 2985.57570535607 746 156.730721919182 8233.98628765479
10318.8175066192 2994.35322985098 761 204.701096901501 10258.0173142208
10244.4935410569 2998.18280773116 683 363.194729052471 7149.13757821065
9909.31534599526 2997.25451819818 656 100.708115739805 7718.99610421128
10414.6328548907 2977.85332533739 771 259.702162315573 10025.2345137098
10213.0208902187 2974.61077104097 711 381.637315503212 7332.24972252267
10326.4453958908 2979.02926098711 812 77.7650868742846 8860.39853384008
10725.3091256619 2996.10042177578 813 234.53471736802 9261.59146386863
10424.890136525 2992.49584974848 781 382.626899792597 8658.20950740149
10298.8452367626 2995.58139801424 680 198.371884394012 6327.25330605097
9948.5076614789 2900.21026286748 742 127.722988114354 7671.05458616341
10627.0474293809 2986.07480249229 844 206.330865529843 9673.46217722467
9992.05218559078 2997.11701411665 668 103.448724671892 9566.45097446592
10468.5835310914 2991.92003608839 782 442.863514086002 9530.39845610373
10594.3582074013 2996.42929837965 787 339.116763021196 9731.23951861297
10298.6252596368 2993.54987360379 741 138.644973348378 8322.81627156049
9973.85201151946 2933.55517020598 680 303.883774139801 8482.59283370548
10342.9611115216 2995.35224161898 758 408.662865862916 8255.17096825258
10323.443648563 2982.33217576532 756 234.730743825062 8439.99785389234
10105.2680028559 2996.06406797331 714 230.414357834493 7436.24807567841
10140.8961936686 2958.96154149662 685 290.354784553829 7218.78320192884
10530.631923277 2973.87726029671 827 208.494900076857 10099.9315060308
10466.1460158085 2988.30168893616 793 134.853345189424 9770.9717965441
10481.2415145434 2977.12821226699 777 345.224718538429 8100.94903886326
10411.5268261858 2994.049948735 737 178.782159088598 7568.58569575505
10464.9784324684 2994.60675733922 747 246.891632145562 8027.88777673619
9893.27126752426 2991.61376329177 643 296.238438383662 8437.87882045937
10420.1576735282 2995.54661753844 755 201.329468073919 7774.34438988798
10183.1983356335 2997.90603927732 760 298.184028898113 8647.47587907531
10459.9228515036 2993.83852221503 742 466.5863254502 8224.98432225996
10314.6330357982 2996.84283812138 755 285.970911379135 6988.16778069446
10489.7033617782 2996.57886424393 794 236.414380804893 10017.5120951101
9925.14603347524 2996.77342008833 658 289.342818337227 9080.6844966657
9753.94665778504 2989.62553287214 639 253.905677019195 6243.05450163827
10359.4580432052 2998.30596546734 743 181.843707697724 9641.77583581143
10049.2115536539 2912.60124553039 721 367.183823056171 8051.6164302151
10545.2187896832 2996.26161082325 825 409.963123686694 9600.26197667439
10545.1521510189 2997.06541815334 808 155.458217307369 10543.4912152229
10023.4157048469 2997.25516702989 625 362.162392186174 7324.30418266972
10552.191797022 2998.65240124798 750 136.7733360624 9132.92475831649
9874.19617221557 2988.64353794496 622 204.932378247141 7744.64327171625
10308.0980463263 2992.1321673589 725 47.5711151166452 10013.4433322941
10233.4412143367 2998.06546749521 728 289.307188976524 7585.78867440826
10446.6634506716 2995.85502859055 755 430.269392992002 8146.22020881245
10182.4257152865 2957.07961430112 738 254.672415803335 7912.88678987846
10080.134454428 2975.50153847549 717 116.661590833568 9013.77240311505
10392.7278373126 2993.59113838435 776 236.668480567269 8397.72734693685
10254.9017884368 2997.83370361229 732 453.010500646839 7627.91618451451
10097.3486397358 2993.73611537259 660 230.377902821623 7777.95691430046
9799.25141748262 2994.53218790125 650 126.375357502194 7893.00169301013
10139.2606167498 2992.43691030591 706 119.593328488388 8338.88855484743
10362.6208771627 2957.58504336773 746 304.222493265739 8496.13913127576
10390.9849932294 2997.67830754313 760 156.917192328787 9165.52563906652
10057.7536595035 2943.68999958555 725 145.292398590802 7829.46820024385
