9806.52042010754 2957.09034527774 416 168.276802637077 6015.50640333651
10511.3138670535 2967.9795256099 601 355.488393567118 7743.01067228955
10346.608328479 2990.48522276197 505 339.273669134354 5310.07522929618
10055.0130394299 2985.48134313697 466 186.64450311563 5574.32393163886
9785.08602917745 2963.74905330884 404 362.944989275021 5913.59660148955
10047.8528437712 2985.3491061204 442 115.982523892345 5664.26561427465
10201.6523722031 2992.5129771095 469 122.546137191048 5491.12969639505
10059.1048132528 2980.74016555657 488 352.457231476768 6738.5454121552
10050.3426462489 2991.00132486752 479 183.806400847921 6256.42620843047
10103.0165451635 2972.18739480205 500 240.525042264124 6321.99097328169
10087.0650044594 2987.59010397176 501 212.560767519289 6555.32659899527
10109.0112561314 2967.4486877191 461 222.68489211611 6002.39485350738
9813.55403207415 2968.37288015915 451 308.677406670782 5549.02313200582
9990.64395184978 2978.90338019017 454 314.052815645314 5268.38441149093
10283.5547362984 2967.09874429711 557 130.42952406075 7369.44060402463
10070.1507187145 2979.41678982487 479 149.151046758847 6040.89717196222
10005.0743572465 2964.75125534734 447 314.375448370098 5557.7049415378
9871.73883874575 2978.96769416754 421 283.190022531181 5804.50553389808
9828.14316427985 2978.07099315986 438 172.187242128988 7109.05475696833
9875.27888458281 2974.07493203926 462 48.2655386556072 5759.68974479924
9960.23221146943 2992.11158400322 498 195.636677383021 6450.42610852369
10139.6970895272 2974.44085828894 505 169.850121883342 5555.6255232311
9962.33366757931 2980.76708164605 455 268.883499587292 5970.2141953858
10140.7621920033 2948.7627318465 567 202.251487284422 6088.19395768145
10086.0738530768 2977.09227861673 470 114.336484157395 6946.68435054434
10140.4427775482 2970.64713389229 535 93.2167959434627 6778.13764486032
10329.0140615377 2971.4621613149 537 117.662908574016 6725.75196552492
10023.2681233947 2970.06480329269 450 295.951502429194 6208.41094444222
10040.9675691557 2964.57045045945 477 168.834621697487 6660.61510295012
10122.0277607519 2956.77044572842 489 215.232497445409 5262.77118345654
10091.0591566318 2971.34173927502 489 159.686796003451 6964.04844427076
10333.5268888723 2966.2641535395 538 346.289761404233 6635.65693998199
10091.7972860526 2974.14124957024 508 9.69265492630607 5944.104608293
10309.629627958 2962.49222578195 511 111.02553987106 6576.66114202645
9984.19931556061 2981.36266530733 447 181.327185708184 5811.17441414331
9944.91936372444 2980.34536277139 433 178.807634839729 5784.13032582885
10131.6052265828 2992.82760520617 490 263.528594731788 5862.43529369328
10267.0210577197 2964.95427253053 532 206.076279756344 6593.2218298933
9892.4909806102 2978.52831002671 463 211.501411040951 6120.6222787522
10013.2292832926 2965.77681027975 468 337.84739123769 5723.44251610444
10017.5770291099 2986.10758958742 478 230.244764058694 5489.77905718792
10016.312216481 2983.32571023709 446 120.60024140518 5941.47263010561
10283.2868509778 2988.56189329582 555 165.739441668959 7610.63981488413
10261.6079012768 2973.29185787227 536 179.742791139724 6010.4934719285
10273.4598768728 2968.70385260226 552 47.7078342165493 7468.04939897131
10004.9201526251 2955.42393998365 458 217.95299382539 6786.24709468306
9955.57098005759 2986.90892326599 438 63.7549478977453 5747.59986728428
10074.636121489 2956.19606763163 455 167.584687665631 5827.90193615988
10124.2544768221 2967.95214844495 490 404.010897054109 6358.306686355
10097.2964820887 2992.4224441845 490 195.031942312279 6253.58196713732
9884.19039888009 2959.3510411879 437 379.253226090167 5047.3235609296
10112.427138665 2964.12003791024 472 252.658893330948 6296.49594280414
9801.66933255961 2978.60419711747 412 236.235348211059 5761.51396570802
9952.26006641107 2959.96702672456 456 401.267842741509 6931.39526902056
9811.92407853905 2975.86651603049 412 214.749932410723 5098.32896229203
10002.7162419485 2985.47484320506 496 118.155608955684 7186.96548431333
10134.5891451384 2970.04195735046 512 75.8527845749563 6517.82123553357
9937.38317069624 2984.59436189663 472 258.875101764606 5510.45153605839
9986.53661862307 2990.37628664201 416 408.3942937877 5405.67832677569
10130.4332367146 2979.0823519992 471 300.421328026046 5934.77439483279
10032.3938481664 2969.17847416137 431 430.944077741746 5569.94109310156
10242.5221172603 2950.50735020953 535 102.169635704267 7201.44906103324
10040.7416514544 2951.55340953186 490 233.276183262414 6969.61976420942
10358.7970086962 2955.79271206169 550 239.874465094123 7086.42423767605
10050.6114834691 2965.76659802857 437 340.172049044535 7006.49225340587
9981.4122813988 2966.71513497695 434 368.342092397006 6421.18598192341
9869.26678901066 2991.28777968475 400 351.794372972897 4839.464220586
10273.3628055817 2967.15501633102 544 249.281495018682 5673.32338153354
10180.0622253929 2973.30135028793 493 386.97932583636 5577.29759118332
10067.3288722656 2975.69329797128 501 195.559934833293 6553.47219914667
10141.3078915472 2988.95375194821 517 219.535399377965 6011.57702798116
10063.4344927479 2966.57423523489 432 348.979806616419 6317.05504309913
10024.3285761012 2981.13844822299 474 38.9180083280596 6003.68458467054
10013.6518710198 2967.68516951144 454 312.273204466391 5928.46760440174
9818.25098518041 2974.37229896531 435 132.955763671769 5844.04379363616
10516.1509992243 2991.55280233216 577 226.34721377716 6196.41280980465
10723.5110947666 2993.36497914427 650 301.113487485471 6851.17905572549
10758.3302655623 2992.14328967393 657 260.037745398915 7207.9994081005
10074.4940872265 2995.29168603042 500 194.142761908616 5906.7888254495
10441.0036139742 2995.89581828443 611 428.637754094633 6960.52380090646
10758.6627226476 2999.2640878414 646 53.6809813651226 7929.54387983481
10587.7207795616 2996.41645470481 627 92.7307726517981 6935.34976004597
10137.1615394799 2994.98570273839 462 129.586226953732 5817.88138693701
10770.8020512495 2983.91352982006 655 314.637303139318 7430.09260271031
10201.6523722031 2992.5129771095 469 122.546137191048 5491.12969639505
10497.8374930078 2992.70594324191 623 295.66270197125 6718.25037479234
10777.8757070055 2991.82497363833 677 343.370234736535 6737.65297948258
10097.5265711183 2997.12479165451 503 196.090425645921 6271.49988021976
10365.145107494 2988.54276697722 568 190.078376922851 7573.02263970535
10375.297711925 2994.91320362364 585 239.202549309924 7471.56473716752
10143.9326721454 2992.09727210478 543 310.609281747896 6104.64635626411
10594.5335235292 2992.79464105845 551 345.381892007228 5862.99750886767
10360.9431670991 2998.12171208715 533 93.1880139744603 5922.43678841961
10433.3055427787 2993.7377029616 598 63.917157590287 7726.35726474662
10415.1411572658 2991.18221304705 571 84.879876603315 7027.78594394938
9969.94918078017 2996.27290666495 471 198.830613001939 7614.62260048481
10684.8880331356 2994.84846316065 650 309.922435666996 6733.33522744064
10242.383826158 2999.46315986754 552 224.380941201931 7286.41965592587
10389.2970333579 2993.24223321042 600 113.063113910647 6848.25713908048
10451.185880703 2992.1587857048 574 137.171789056538 7217.77936440494
10452.7680346532 2997.42150396493 604 286.446319389095 7531.33005110492
10035.9898036192 2999.38603554164 495 219.07894014937 6922.11742270768
10033.0264488718 2996.37667160409 451 154.157288202739 6095.85616165514
10257.279204043 2986.80788128175 551 138.187157468773 7209.06222575775
10764.672649941 2996.16611127224 651 50.8779300481411 8019.46928262862
10577.9093570949 2991.32633995961 634 310.91067765376 7245.0799902003
10500.357689431 2993.32674400857 595 201.74285322668 6051.19750344594
10505.5058690794 2995.87950803689 602 68.6308631709617 7116.81356013963
10578.1036164598 2975.06750165182 572 348.284542911628 6414.67147480154
10777.4230705804 2972.90422420079 650 276.711080709401 7913.24524488188
10182.1178718371 2987.40369687154 542 257.506073537431 6149.58414684651
10458.5925951365 2988.47384423095 537 110.208159265937 6325.32483377784
10245.6009191465 2984.53823013803 560 198.146900308033 6284.68851567569
10455.6490230071 2989.34168982776 569 273.816686202831 6633.41624188746
10149.2527523097 2989.19367308236 532 111.338082927651 6334.72464025771
10346.2900026465 2996.88931158867 572 107.134191425465 7596.11840679891
10497.9819311575 2974.42419691582 610 171.685957470275 7409.23130249636
10398.810424792 2986.44528738334 565 48.3699231418411 7956.21928983292
10137.2890159449 2975.11285399886 513 187.335375583118 6507.59578598925
10793.8710128964 2981.45608565974 675 258.276654427644 7870.99303403876
10094.5634066979 2975.11912279324 477 108.781126061558 6756.40377537521
10458.9983499154 2996.48929253486 587 245.654724876975 6674.54991305379
10082.7722171464 2992.51656489269 554 140.374172013606 7639.93095948798
10370.8056569503 2987.58895156244 585 292.056089374541 7215.24844218337
10211.4779799997 2982.40192114601 532 105.447310911532 6671.77336527209
10329.1760129434 2987.37048263619 534 183.47453411862 6166.50322569702
11235.9042029353 2995.05701931383 762 196.306311492542 9367.51178654223
10627.725942779 2993.64267849554 601 269.292429574563 6610.95653207439
10723.5110947666 2993.36497914427 650 301.113487485471 6851.17905572549
11300.9546536866 2992.00267222183 788 468.893969767177 8703.23540951461
10816.2148039419 2967.37191809931 624 213.373503437644 7462.99713460655
10758.6627226476 2999.2640878414 646 53.6809813651226 7929.54387983481
10530.2848643809 2965.57416590346 604 103.784319682053 6979.48464539298
10353.2721579768 2991.44266769899 552 87.9957190324252 6545.656433163
10916.7250683719 2980.03047961919 734 241.837430704184 9049.38381525633
10221.4443450813 2987.11159425516 481 118.737170234708 5738.31230816246
10384.6880542731 2927.61182114088 620 277.338303299854 8414.06204574518
10497.8374930078 2992.70594324191 623 295.66270197125 6718.25037479234
11131.2398746247 2995.40944414274 782 479.380166267837 7514.27767243268
10097.5265711183 2997.12479165451 503 196.090425645921 6271.49988021976
10758.0203850829 2963.64458010726 620 396.934611100479 7822.7528495076
10435.2312021 2992.51146519982 579 227.668343747921 7445.53543603338
10311.8370831415 2987.00657072511 568 278.296062785658 6422.96756397276
10472.2786066276 2977.48372951516 586 265.964435206977 6429.67468681679
11027.014203061 2991.46375984717 723 136.852688335288 8850.70534294467
10558.4889502634 2995.70007362172 594 55.1703102787197 6546.03708737456
10644.6936825356 2944.08150734447 674 191.664813986165 8546.49929226231
10768.6597947199 2995.84221925503 680 360.040921825608 7555.30422601171
10564.5332872082 2994.11485398258 620 38.6623663997852 7858.06028024134
10904.983436726 2974.41070661149 676 294.566538759446 7273.59434453727
10011.9808381696 2998.04713330393 470 190.741616765846 7271.96099419982
10441.4717631248 2985.53364891108 585 349.28731830899 7067.13693072377
10793.0442311235 2994.74828914636 687 351.55177568225 6574.64713845617
10242.383826158 2999.46315986754 552 224.380941201931 7286.41965592587
10479.6541077473 2990.58823411321 623 97.8992977827148 6932.52293415702
10389.2970333579 2993.24223321042 600 113.063113910647 6848.25713908048
10708.4224891596 2935.3996323496 703 117.336442275838 8020.65881208854
10018.8108807247 2987.61926160868 436 357.442468207916 6576.88267105216
10451.185880703 2992.1587857048 574 137.171789056538 7217.77936440494
10841.6223920776 2985.76693500761 659 121.682413193707 7333.76350713064
10440.1836686938 2992.22892066349 604 288.868181747179 7570.79715353212
10863.9343427651 2963.83151735534 671 462.562475819995 6874.88883885122
10764.672649941 2996.16611127224 651 50.8779300481411 8019.46928262862
10814.6432406524 2981.25687393768 674 265.351220521007 6644.79590574153
10419.8094383815 2990.75147950826 588 230.601563594142 7485.66607722635
10500.357689431 2993.32674400857 595 201.74285322668 6051.19750344594
10975.6717009693 2977.71315780009 722 415.233992751743 8509.08469509029
10324.3487865234 2935.73672488075 585 381.161376031411 6355.76341025338
10515.0001729072 2969.01704721578 605 70.4580427945453 6832.06670021732
10777.4230705804 2972.90422420079 650 276.711080709401 7913.24524488188
10614.1224583128 2994.04833063162 619 174.366752106461 7058.09113540056
10602.665298364 2994.33084459684 575 141.025284837721 6565.21258565369
10245.6009191465 2984.53823013803 560 198.146900308033 6284.68851567569
10682.3823207441 2988.76566102823 635 222.459206779463 7516.74629336653
10149.2527523097 2989.19367308236 532 111.338082927651 6334.72464025771
10627.725942779 2993.64267849554 601 269.292429574563 6610.95653207439
10383.3050891305 2989.01965548551 556 276.267323689337 8267.59762022987
10806.7006473869 2971.32495604142 685 285.103650619108 7453.48145613402
10558.4248054532 2964.12497472166 607 425.121600738459 7433.66537504963
11261.2121956715 2980.54205626364 788 453.597090544987 8294.96296853557
10877.7271324664 2988.68255354471 705 39.5604902782014 8277.17375282749
11084.4153189562 2986.61217632413 732 161.758290257539 8997.7713143111
10758.6627226476 2999.2640878414 646 53.6809813651226 7929.54387983481
10572.1226689458 2989.58972301837 604 95.7326304394312 7137.27300867673
11285.3019178538 2992.47017714464 766 317.386650067927 9683.04629600739
10353.2721579768 2991.44266769899 552 87.9957190324252 6545.656433163
11042.0912044807 2974.90368152836 759 217.710706560969 9797.34839669633
10221.4443450813 2987.11159425516 481 118.737170234708 5738.31230816246
11130.2547727941 2991.39132750064 734 189.110405573002 8530.67048584758
10528.4429459156 2983.45328952179 569 176.806132776547 6937.59737323315
10303.3883874359 2987.02679497349 514 219.656718039476 6317.38204133832
10470.1749827147 2983.35631997811 623 285.015396795118 6741.3462518831
11126.5469425537 2990.74881998934 782 480.283321466001 7548.93041480906
10097.5265711183 2997.12479165451 503 196.090425645921 6271.49988021976
10725.3769572213 2959.73875207474 620 384.370149858351 7542.18135550292
10626.1105721326 2975.96095619077 598 329.799695463585 7602.28141434074
10435.2312021 2992.51146519982 579 227.668343747921 7445.53543603338
10261.7692310863 2968.75220390799 568 287.931625406254 6351.14579871166
10512.216141575 2991.15366218402 606 172.551379198149 7529.36666857942
10655.826586113 2985.63200505839 648 320.898703284097 7340.66159649245
