2933.50036320994 656.569568147689 371 59.5638996667861 535.484356952089
2885.84021664876 653.582565248676 339 57.0115684093376 558.363746155579
2777.72473002372 653.872933616227 316 6.00207695450265 356.402293157991
2685.69442187357 660.235530561529 284 69.8743344405073 480.518665353247
2701.26705450247 646.139883124632 313 49.3259080518424 516.029331212114
2802.55855081187 647.242637951556 322 125.542894502724 378.724998771016
2772.97078131005 657.814059688076 316 78.7575920176725 370.489208275258
2680.28288929807 662.261243067417 284 42.4594656427507 549.843501090977
2858.19128229636 663.283631391708 339 97.9656704342933 416.403621105713
2638.38395732525 656.103689671446 284 9.00990848824816 409.653728874042
2932.46411588203 675.176335374655 339 47.7567368568925 483.45139732026
2992.46712119106 676.435290377402 371 74.3988093015906 475.729930323361
2909.99130963668 669.770172055947 339 54.8131257386142 478.339660737712
2706.77957031945 649.988973907143 313 48.2650238882271 513.196359199266
2927.52435368539 682.294502739962 339 10.1473462871992 643.216178271139
2863.43451437588 657.231894021341 339 54.3624111818564 526.197862351228
2681.36484064975 649.404709203509 313 34.5326369102949 533.837478896308
2709.84057081101 642.780734163053 313 89.3332306097791 424.175089175729
2682.3654536528 640.766301247518 313 37.7379950727233 523.189748315855
2893.54139735293 647.32767055022 355 128.433279728862 497.838107731065
2885.84021664876 653.582565248676 339 57.0115684093376 558.363746155579
2849.75267532992 656.218158386503 354 111.908168878919 579.465704711431
2685.69442187357 660.235530561529 284 69.8743344405073 480.518665353247
2802.55855081187 647.242637951556 322 125.542894502724 378.724998771016
2894.22964771258 665.895765555702 339 59.4406625714753 479.272738131018
2772.97078131005 657.814059688076 316 78.7575920176725 370.489208275258
2815.99034380819 663.698814897484 316 77.5447802938247 359.169129817956
2893.54139735293 647.32767055022 355 128.433279728862 497.838107731065
2871.7794457161 645.943245023674 339 51.5995751540167 557.80646525557
2843.41365981704 663.941799791688 337 75.9251501705384 636.24035182899
2819.91552193459 637.441334693982 354 117.650331727135 502.852430314677
2903.95127768852 672.965905748152 346 61.4844238209726 391.757350662036
2943.85264322396 665.386006520427 360 47.4637008594824 510.416517480766
2693.70839582961 645.528416969375 313 89.3079913628753 431.777987002051
3155.25413214122 683.200873475765 401 67.571301191371 593.990033367196
2767.5449164116 636.799656198064 316 88.7703793732121 401.774181993845
2967.43286335975 672.711363026895 355 32.6743164378092 494.20628617896
2954.79363900246 652.222962318638 371 37.0279418082996 649.139855009732
2871.7794457161 645.943245023674 339 51.5995751540167 557.80646525557
3029.50046159835 667.475452775534 380 69.8818837374274 507.319986135541
2843.41365981704 663.941799791688 337 75.9251501705384 636.24035182899
2819.91552193459 637.441334693982 354 117.650331727135 502.852430314677
2903.95127768852 672.965905748152 346 61.4844238209726 391.757350662036
2943.85264322396 665.386006520427 360 47.4637008594824 510.416517480766
2693.70839582961 645.528416969375 313 89.3079913628753 431.777987002051
3047.1654575984 662.693179394942 397 58.4257934377649 606.892864023388
2816.1500239024 669.207021427915 330 64.1412230522957 520.889342136128
2894.22964771258 665.895765555702 339 59.4406625714753 479.272738131018
2909.00906710621 661.827635267118 366 79.508580640104 410.326351861348
2723.77145861911 661.564692509605 308 20.812352224763 456.980810977255
2910.43352362515 678.656269027657 361 59.7817439690314 600.200894676358
2974.88666447026 661.03652152695 371 127.655795670226 544.394065872356
2907.11439507654 664.048080499005 349 45.0477282657544 712.123531651262
2815.99034380819 663.698814897484 316 77.5447802938247 359.169129817956
2666.50298897879 657.014666525986 284 45.1114086956646 531.742292052161
2937.64140701325 667.888853893606 366 84.0652682748042 610.780454221609
2766.99767069755 660.264032742149 316 19.0380879352218 486.455876437769
2715.99090676871 636.830178749877 330 28.0079368424089 385.460261835341
2848.19153445478 669.54998467334 333 78.0035973949843 403.461904699722
2932.46411588203 675.176335374655 339 47.7567368568925 483.45139732026
2992.46712119106 676.435290377402 371 74.3988093015906 475.729930323361
2893.65698858013 665.686902923987 339 57.9566672916223 470.173122473792
2829.21544736192 666.139232679237 352 99.6901549696615 595.216431900667
2967.43286335975 672.711363026895 355 32.6743164378092 494.20628617896
2715.45091318331 632.391156333498 313 124.599031451267 435.247116014357
2954.79363900246 652.222962318638 371 37.0279418082996 649.139855009732
2871.7794457161 645.943245023674 339 51.5995751540167 557.80646525557
3029.50046159835 667.475452775534 380 69.8818837374274 507.319986135541
2790.98998260411 642.002613406373 337 115.264573078076 579.28930609706
2833.34725967962 668.418464551952 333 53.5334279511864 588.048355699447
2911.32148830817 637.027010480874 342 92.6850701102756 587.835323407905
2903.95127768852 672.965905748152 346 61.4844238209726 391.757350662036
2693.70839582961 645.528416969375 313 89.3079913628753 431.777987002051
3047.1654575984 662.693179394942 397 58.4257934377649 606.892864023388
2749.19829264558 629.495833751523 330 77.0260897402405 431.522571052737
2920.81542010736 668.873676757346 366 84.0528480290151 405.591056898539
2828.05037980313 665.969673087703 340 75.6363873898095 511.248928781102
2748.55890220362 632.388936431171 316 75.6706139543762 362.618780544716
3042.39100537462 659.128658790012 401 90.7854566107692 556.027930295283
2888.8852125025 657.823690293672 349 48.5559360878297 681.001580624594
2849.40868868314 656.167807879695 349 80.8067099737449 436.129954050558
2808.4271400322 657.487082792624 316 79.0003195391595 376.964151538698
2967.43286335975 672.711363026895 355 32.6743164378092 494.20628617896
2960.97115375678 653.589939084416 371 35.8390785395232 685.678978215895
2896.1257236456 657.869069059346 339 60.9704618982551 571.944617137586
3029.50046159835 667.475452775534 380 69.8818837374274 507.319986135541
2822.04533760666 662.07566220475 333 55.7084838682466 597.564129725615
2939.20133889827 672.3447312136 349 54.5671574320856 463.461937021018
2903.95127768852 672.965905748152 346 61.4844238209726 391.757350662036
2872.74709073248 670.193379918858 346 54.8519784636987 509.450861544
3047.1654575984 662.693179394942 397 58.4257934377649 606.892864023388
3036.8933599714 674.552752436657 371 108.024931913932 414.471379898147
2860.31820528017 645.29027828603 349 106.567464727553 451.272461725399
3047.55302391029 676.084702311426 401 68.7471766359751 642.322736468258
2879.22505182042 654.805495618313 366 68.0447078115736 356.390544999847
2799.04728889709 646.092649555204 340 81.2180348371193 479.032207659033
2748.55890220362 632.388936431171 316 75.6706139543762 362.618780544716
2774.48893597161 658.827735526523 304 53.2642376900494 377.407321374519
3013.59430923578 656.258462614799 406 31.8359773236555 654.66592780896
2888.8852125025 657.823690293672 349 48.5559360878297 681.001580624594
2844.66906742682 652.34018651946 349 81.7188505098076 428.474711330088
2808.4271400322 657.487082792624 316 79.0003195391595 376.964151538698
2911.3807781651 642.871606628724 355 28.1149954259901 503.506522080807
2836.32028352614 659.991246650821 339 83.3503978098097 413.254534545477
2846.46734292327 659.914631009856 333 58.1174885403217 488.556558774801
2913.54813813292 670.674731491185 357 29.1205619560702 582.507373619277
2715.99090676871 636.830178749877 330 28.0079368424089 385.460261835341
2770.41378593047 640.417370035637 316 101.33263617713 430.593355025901
2932.46411588203 675.176335374655 339 47.7567368568925 483.45139732026
2848.94825836257 651.393760896888 349 102.164285077601 431.812509401221
2790.10639237411 665.667123098892 316 83.6140223091518 489.858586852704
3092.96906144546 670.271895810517 430 48.6327232240665 692.060845473315
2968.63764873753 666.702619603204 371 78.9847934134882 409.755838075056
2893.65698858013 665.686902923987 339 57.9566672916223 470.173122473792
2913.67863118719 670.470393038467 339 1.89158186625818 570.411035718281
3009.08216926959 660.702956819013 399 71.050703487859 714.244222439768
2795.98014270361 655.585145487724 316 71.8246847025698 400.747672968351
2922.56682407404 671.419179506359 339 46.2656234786109 544.679863524667
2967.43286335975 672.711363026895 355 32.6743164378092 494.20628617896
2928.97028772602 643.402593073609 371 23.5219394614168 650.535008859762
2885.44350823729 653.113137024725 339 56.8588752705691 581.031870011261
2721.82533043124 654.049480166481 313 93.4319388732769 556.8290558022
3029.50046159835 667.475452775534 380 69.8818837374274 507.319986135541
3005.92598265561 659.645146251417 380 68.0471658828461 656.728301390677
2823.28724636474 663.480641980386 333 56.1864947721043 574.074446470171
2827.71605648803 646.243150458161 349 116.464868645039 585.981209892374
2929.78331974403 640.678610988441 342 89.1320889938668 567.403344404731
2945.16459679339 670.960263653526 370 79.6867121260882 602.389401223785
2903.95127768852 672.965905748152 346 61.4844238209726 391.757350662036
2872.74709073248 670.193379918858 346 54.8519784636987 509.450861544
2827.34436039774 678.31953927574 316 75.0357527526606 424.862977576406
2770.54292850032 654.813278039985 296 45.0163766099042 550.481389556494
3047.1654575984 662.693179394942 397 58.4257934377649 606.892864023388
3036.8933599714 674.552752436657 371 108.024931913932 414.471379898147
2992.19725672188 658.759299678503 374 52.8132307435481 677.197606644972
2785.20516931506 656.910688161294 330 47.7736713228608 497.679392327694
3095.53503744652 676.058619956533 403 42.6991027055134 635.9420046975
2976.81067000397 660.856823512323 392 41.5184319220285 514.912822780025
2864.29591571487 677.826250916551 322 52.8982085419398 430.682006149659
2862.54591636304 649.013591883131 366 61.6249055807923 344.806737529484
2799.04728889709 646.092649555204 340 81.2180348371193 479.032207659033
2981.5560590347 669.531957082273 371 72.7633867327488 591.806852707478
2932.97745253042 671.206895307732 339 40.1792473961293 511.503082756521
3013.59430923578 656.258462614799 406 31.8359773236555 654.66592780896
2888.8852125025 657.823690293672 349 48.5559360878297 681.001580624594
2839.12841762431 655.192968229333 346 82.7851490614631 510.634379605821
2808.94613501984 657.315977378449 316 79.2000808030427 328.073611897857
2761.67861530606 663.235999730877 313 84.6229700464603 424.27870349516
3142.3346206383 680.429267957995 419 95.8685955118219 790.084066750863
2944.48811559705 675.519228857288 339 32.5351729347695 474.399666498902
2721.78411164428 640.350235781418 313 86.5173523955689 423.57564357992
2836.32028352614 659.991246650821 339 83.3503978098097 413.254534545477
2846.46734292327 659.914631009856 333 58.1174885403217 488.556558774801
2913.54813813292 670.674731491185 357 29.1205619560702 582.507373619277
2770.41378593047 640.417370035637 316 101.33263617713 430.593355025901
2945.98884839342 640.271358046012 371 21.8226987552845 511.959687059297
2932.46411588203 675.176335374655 339 47.7567368568925 483.45139732026
2848.94825836257 651.393760896888 349 102.164285077601 431.812509401221
2790.10639237411 665.667123098892 316 83.6140223091518 489.858586852704
3112.13669916099 674.179212846351 409 44.9439096258032 699.25809428231
2972.8284112537 665.057250917155 371 76.6464753650519 707.767211277981
2954.34902300983 663.045410948247 371 73.4850988066626 423.444884148585
2992.55414817673 670.419475494521 371 83.409707059556 553.056490147158
3011.95249213614 663.707028905111 371 107.040674285354 535.204655531845
2893.65698858013 665.686902923987 339 57.9566672916223 470.173122473792
2922.56682407404 671.419179506359 339 46.2656234786109 544.679863524667
2951.98266490939 646.118461046789 364 117.186252543694 516.463881833987
2967.43286335975 672.711363026895 355 32.6743164378092 494.20628617896
2957.83615431096 652.591204772767 371 34.6324166902218 665.108892070356
2721.82533043124 654.049480166481 313 93.4319388732769 556.8290558022
3029.50046159835 667.475452775534 380 69.8818837374274 507.319986135541
3005.92598265561 659.645146251417 380 68.0471658828461 656.728301390677
2790.98998260411 642.002613406373 337 115.264573078076 579.28930609706
2823.28724636474 663.480641980386 333 56.1864947721043 574.074446470171
2827.71605648803 646.243150458161 349 116.464868645039 585.981209892374
2929.78331974403 640.678610988441 342 89.1320889938668 567.403344404731
2945.16459679339 670.960263653526 370 79.6867121260882 602.389401223785
2750.99440690347 662.472567962348 301 90.9209873283565 275.918455892447
2790.60230774504 667.331093668899 316 64.165276897095 498.117183736977
2888.35357627533 682.552148229719 322 50.8831864545557 443.955683060598
3038.06667238154 658.29085470245 397 60.1768554691835 593.685889945913
3036.8933599714 674.552752436657 371 108.024931913932 414.471379898147
2992.19725672188 658.759299678503 374 52.8132307435481 677.197606644972
3079.48023939181 668.971049472158 403 45.7888500317379 636.823306737734
2862.39239023529 669.377648387971 337 33.1308081600496 608.138832540375
2996.21724387928 665.610911154677 375 37.7836350383755 505.487695598113
2864.29591571487 677.826250916551 322 52.8982085419398 430.682006149659
2862.54591636304 649.013591883131 366 61.6249055807923 344.806737529484
3007.11878488855 670.047513228608 371 72.7320458937427 633.134237122605
2943.14477410352 660.519171282737 355 87.3745220064329 671.602448260494
2924.32823369922 669.653544507359 343 81.3206448064901 459.60637713789
2918.73864495507 664.821538947473 360 94.9815209974718 498.206531016086
2878.42998558828 650.745634233782 339 107.017293873223 552.820660431046
3013.59430923578 656.258462614799 406 31.8359773236555 654.66592780896
2863.11883283268 644.337119801312 349 53.5146781673004 607.225711173794
2839.12841762431 655.192968229333 346 82.7851490614631 510.634379605821
2842.49227165487 678.449041550996 316 72.7441237975412 328.159458576258
2949.17921883355 647.037493712848 371 45.3220454725471 681.334190247089
2726.84733731074 651.921217204077 287 92.2285076922601 448.553276753352
2924.97655640318 673.163406487271 348 74.9693212146042 573.136323032701
