2796.33237298621 667.040157502546 316 38.0965833866009 326.961020197028
2735.95309954803 649.633967451344 313 84.8895642048029 423.745708583199
2892.23103021437 661.240812002665 339 54.1329911923146 408.413650534012
2836.45793382428 644.301306390458 339 86.9349084331225 390.88185125319
2896.71372980862 668.80602967396 339 53.4618046616727 442.600584670802
2924.87382506359 671.707322917076 339 42.0751254919884 392.318301903152
2739.4029179973 648.706208781946 287 76.3094312470259 284.897702990597
2886.01767851823 662.967831834141 339 96.0609587161086 308.706120271718
2907.96263368437 670.544062909334 339 39.2078052455374 450.605890062336
2743.44568617134 659.770968785856 313 88.6671140232594 296.152517834145
2901.18185960783 670.956289436722 339 46.8051967374692 459.945779807138
3066.40573762751 664.141451257542 410 92.8084921042823 407.634967764497
2751.68515951262 654.9520380508 316 48.3091662472553 310.080056946775
2705.98169535899 653.675580556755 313 49.8201593410254 436.343740542657
2711.42542987476 654.313662986917 313 59.8004679137518 391.163736190672
2756.1434030723 663.443496248658 301 46.1609637931689 332.855347457156
2638.13903381055 646.011044051502 284 48.0710469375993 375.077424842177
2918.3274974701 666.937734620893 339 48.040287847528 415.501867671633
2863.42914324267 666.842230923036 322 67.3858810000188 307.563535797525
2910.52748209672 667.820773701854 339 81.9801993483625 300.553850003419
2801.76198383852 651.498734698022 322 98.050896328283 296.314014648138
2737.88736117578 648.9235056636 313 89.5898097278857 335.63272542396
2912.64262234037 679.536120055168 339 47.3024618426003 404.573120037584
2733.11938176798 664.307466567557 313 44.632092963986 395.719367009341
2769.78887961971 640.908917267071 322 110.06849846909 336.333079023544
2912.12572676312 676.346444489887 364 68.2003393150086 430.133059357671
2743.59569092176 668.161154653239 313 39.0143294895183 392.669237420957
2759.13678490603 647.280582258946 316 45.2548776501854 264.948556744478
2853.3108202228 652.935570438144 339 49.7738103219567 405.196165117524
2902.55827917036 660.242271220218 339 58.1079511688003 373.706733047258
2836.45793382428 644.301306390458 339 86.9349084331225 390.88185125319
2899.9751526518 671.975647014101 339 10.6833732385341 376.881374140981
2896.71372980862 668.80602967396 339 53.4618046616727 442.600584670802
2924.87382506359 671.707322917076 339 42.0751254919884 392.318301903152
2711.78451229378 639.394408627019 313 94.7603097769485 264.927671261126
2901.18185960783 670.956289436722 339 46.8051967374692 459.945779807138
2913.13710358006 661.524951706224 339 52.992560639198 413.374896985786
3066.40573762751 664.141451257542 410 92.8084921042823 407.634967764497
2747.4951624269 651.418065056028 316 49.1155315623711 322.469675424467
2798.18199646709 656.840438775123 316 46.1776996954005 298.416204205073
2767.11114289313 639.702283074892 316 111.580736983989 361.273215288468
2758.35065004913 636.223260634305 316 104.4012129202 404.307996203083
2883.27706607748 665.621692099223 343 60.0520360784459 398.836893095932
2849.37809411653 654.297299810731 343 83.1842488327253 313.333234478173
2870.23818951068 669.424914254166 361 56.7980857997376 479.494543186581
2861.27252783628 675.854003433895 322 99.4136727420784 301.231324170818
2901.52931223572 660.037246860321 339 61.999217285722 401.817555694606
2756.1434030723 663.443496248658 301 46.1609637931689 332.855347457156
2638.13903381055 646.011044051502 284 48.0710469375993 375.077424842177
2918.3274974701 666.937734620893 339 48.040287847528 415.501867671633
2863.42914324267 666.842230923036 322 67.3858810000188 307.563535797525
2788.68996443201 645.231073655382 316 112.11236219194 300.211330796624
2875.0347420172 655.241068860923 368 87.8303650764773 425.900412004667
2738.08017219534 632.296246924161 316 109.852593021829 333.762832675287
2801.76198383852 651.498734698022 322 98.050896328283 296.314014648138
2737.88736117578 648.9235056636 313 89.5898097278857 335.63272542396
2701.37511715224 634.619539624693 313 97.7947741076605 283.883911640903
2759.13678490603 647.280582258946 316 45.2548776501854 264.948556744478
2902.55827917036 660.242271220218 339 58.1079511688003 373.706733047258
2836.45793382428 644.301306390458 339 86.9349084331225 390.88185125319
2899.9751526518 671.975647014101 339 10.6833732385341 376.881374140981
2885.86305692087 664.570941899374 339 55.5500176325501 400.76896447908
2818.30177685052 655.497659180067 322 65.5181348693278 327.393790687888
2691.29269620188 647.079263666661 287 134.069743111425 401.009879437495
2807.11226070621 658.133740261698 320 39.2149039775654 349.99891789119
2786.54645812533 636.499590516426 333 123.959920962243 336.13845178692
2711.78451229378 639.394408627019 313 94.7603097769485 264.927671261126
2710.15577362585 659.588534984647 313 18.6650017785522 407.919542887724
2913.13710358006 661.524951706224 339 52.992560639198 413.374896985786
3066.40573762751 664.141451257542 410 92.8084921042823 407.634967764497
2747.4951624269 651.418065056028 316 49.1155315623711 322.469675424467
2798.18199646709 656.840438775123 316 46.1776996954005 298.416204205073
2772.11474244319 641.37990944656 316 110.617793801608 371.329593131971
2758.35065004913 636.223260634305 316 104.4012129202 404.307996203083
2956.62088180949 669.241631640962 374 45.9370121596886 397.535752516913
2835.1758516179 661.369121396614 337 119.778342380371 306.574251874362
2849.37809411653 654.297299810731 343 83.1842488327253 313.333234478173
3190.80127426983 677.290500708223 428 120.994992812378 570.637338823507
2817.32941097003 640.738495613426 361 66.9803849773844 391.191017849084
2861.27252783628 675.854003433895 322 99.4136727420784 301.231324170818
2756.1434030723 663.443496248658 301 46.1609637931689 332.855347457156
2817.98739109135 660.121477154054 336 42.1057069280487 363.134946083789
2638.13903381055 646.011044051502 284 48.0710469375993 375.077424842177
2918.3274974701 666.937734620893 339 48.040287847528 415.501867671633
2788.68996443201 645.231073655382 316 112.11236219194 300.211330796624
2875.0347420172 655.241068860923 368 87.8303650764773 425.900412004667
2801.76198383852 651.498734698022 322 98.050896328283 296.314014648138
2893.38443875588 677.890313726378 346 59.664383194862 453.76396564975
2748.57769774666 634.501955623304 316 47.2869749214735 243.524691975988
2734.88400610692 666.44772359465 313 50.98845786604 465.070879963519
2836.45793382428 644.301306390458 339 86.9349084331225 390.88185125319
3000.93746175336 646.069149508722 371 72.5394365095101 333.805594205833
2869.51020924793 638.811755741334 353 96.9360862107186 453.189820432399
3010.17094123681 666.966540444949 381 20.7241516490825 531.943282767995
2893.61953638482 662.375241049951 339 54.0572824637246 394.181861930812
2838.58192318512 649.872299055315 339 74.633351411822 332.607306625377
2807.11226070621 658.133740261698 320 39.2149039775654 349.99891789119
2776.37578903045 629.992210992562 333 125.917267142164 345.150488027886
2809.20625638841 651.017200051752 341 65.0522223339092 409.452619987636
2711.78451229378 639.394408627019 313 94.7603097769485 264.927671261126
3066.40573762751 664.141451257542 410 92.8084921042823 407.634967764497
2738.21150983784 649.764632860398 316 45.5422520148024 333.140926694219
2734.88400610692 666.44772359465 313 50.98845786604 465.070879963519
2836.45793382428 644.301306390458 339 86.9349084331225 390.88185125319
3000.93746175336 646.069149508722 371 72.5394365095101 333.805594205833
2869.51020924793 638.811755741334 353 96.9360862107186 453.189820432399
3018.13925746079 666.933443351958 381 19.1906484767812 466.473097372471
2914.300703439 669.317112039241 339 37.6950270888711 483.420764341675
2953.70593140071 645.391692757946 371 24.67423651881 368.320367514481
2838.58192318512 649.872299055315 339 74.633351411822 332.607306625377
2807.11226070621 658.133740261698 320 39.2149039775654 349.99891789119
2915.92803800122 639.910469663834 390 138.894517293769 477.94285378717
2776.37578903045 629.992210992562 333 125.917267142164 345.150488027886
2776.23013622356 640.220559965182 336 21.5255887150301 355.946803853405
2711.78451229378 639.394408627019 313 94.7603097769485 264.927671261126
2813.97829042082 664.008190503909 330 72.0756831292017 424.769916440495
2731.43049474394 664.100945298128 313 51.6530864377299 387.643524672925
2881.06077287423 670.690948810998 357 96.6129459862215 371.982208704739
2836.45793382428 644.301306390458 339 86.9349084331225 390.88185125319
3000.93746175336 646.069149508722 371 72.5394365095101 333.805594205833
2869.51020924793 638.811755741334 353 96.9360862107186 453.189820432399
2914.300703439 669.317112039241 339 37.6950270888711 483.420764341675
2838.58192318512 649.872299055315 339 74.633351411822 332.607306625377
2862.19441345305 651.504425165022 341 97.0726539785631 363.096158710153
2801.20140495032 650.518742121645 326 58.5741872511219 408.182497906505
2939.95690596021 659.591932213805 368 48.9088574012394 344.794281476409
2711.78451229378 639.394408627019 313 94.7603097769485 264.927671261126
2731.43049474394 664.100945298128 313 51.6530864377299 387.643524672925
2836.45793382428 644.301306390458 339 86.9349084331225 390.88185125319
2761.76786255426 657.812639408423 320 7.93461929848442 332.574492827908
3000.93746175336 646.069149508722 371 72.5394365095101 333.805594205833
3095.7772080451 685.410716499953 403 101.924999829507 364.743297757847
2914.300703439 669.317112039241 339 37.6950270888711 483.420764341675
2862.19441345305 651.504425165022 341 97.0726539785631 363.096158710153
2895.90664849203 668.639830183208 339 55.2152533860139 477.010016600671
2910.16309427126 669.562530657567 349 88.2811649372193 399.206095932359
2910.859602304 656.181749670513 355 103.627323136922 498.725887708118
2752.23732320592 652.255379606607 309 39.7279034006207 367.312388632776
2707.75866330517 638.106589554939 313 95.5350847760459 300.698893016726
2936.04860705083 652.602305112684 368 27.5531412394609 300.635108430007
2819.16826007441 634.114354015872 346 100.376608681244 385.958473696364
2818.00104928497 666.445284045793 330 71.301502824834 392.711211467557
2953.18841860929 650.446212298007 425 37.370427582987 414.865073096301
2770.14839407088 661.170874996063 316 39.3959957784627 338.421520341051
2777.79527927777 658.660878735239 316 80.7858737678794 446.695019609321
3040.04344337275 674.877767537669 403 65.6085826388218 417.249442308806
2913.45881715823 671.845745412142 349 75.2514734705708 411.131272606306
3132.03768360646 669.71828146372 412 80.0034674255761 402.11891976605
3004.87177341822 672.299856177795 389 83.5527432722329 413.650838728312
2866.3709529616 673.58173515557 322 98.4324803692292 310.615719802301
2888.72170994624 657.927308431609 347 83.0180840809943 457.517837213774
3110.27633983191 673.969472999898 419 100.35562613726 540.486632927492
2877.38129722841 661.583739002867 339 91.8445739031354 456.593106259934
2655.15391311557 661.517575610532 293 12.7879667431545 319.523055336609
2932.24358584227 655.147005206332 353 15.9327339898751 462.596851015702
2904.53551399121 655.095867109988 339 78.8927319021246 325.940045240926
2904.02638048775 666.351217031174 339 43.61728508307 318.014041171246
2743.35605916499 664.65301753457 313 25.8534805911415 487.27287211119
2832.79228779482 661.586470815836 333 103.872522099379 324.808484674907
2831.29564053911 649.907147617526 322 95.7104114349211 405.315935661315
3106.5014292994 672.287089937337 401 60.7801412102505 507.191738715666
2788.68996443201 645.231073655382 316 112.11236219194 300.211330796624
2882.34173891564 644.913533985757 371 22.750765715378 509.276524884208
2879.68199344119 670.320748244081 341 59.813609742511 385.448269844068
2719.62912844724 657.021691583342 313 59.5301138704528 364.920171181414
2827.47183644378 652.082321072622 346 122.256800739328 451.294453882576
2814.38340941059 670.404626985865 316 76.0463181223202 339.690030520138
2863.45044545425 663.23841054735 363 100.03738929665 435.054031317719
2926.76769928565 677.459097107093 379 94.3310020027357 536.614320077818
2914.61526764598 653.818306938489 378 49.0995937601369 304.900037784606
2877.4849460006 651.739049657911 339 83.9100501613522 367.136566115944
2796.1931057139 645.540736832322 322 111.617949080084 397.079758905326
3014.00657365351 673.548799754862 392 48.5933611891976 387.799877782033
2858.28304396336 668.171572084436 345 90.3617809274154 428.44048380056
2813.16880131115 671.027402615463 307 32.1841993788271 432.39351799505
3126.2303657268 686.490274480948 401 57.5574385081811 609.750238751021
2801.30824181042 667.490176531611 330 38.2051077446639 345.770659079722
3012.83906419235 656.184077753007 398 43.6432680315725 435.735054601589
2836.45793382428 644.301306390458 339 86.9349084331225 390.88185125319
2814.36255529324 671.290947125134 310 58.4776815023774 332.412681095779
2995.84390306966 641.942220626901 371 73.5196923352326 325.55173644219
2866.77475198555 652.153466058556 339 65.6698757348123 329.292272762356
2870.86868066203 655.463681529748 322 94.6320232005881 394.175436637395
2821.54493739297 656.62799469012 322 117.072424056389 375.989582235756
3005.71498420485 674.151036988929 382 67.2600337108506 342.2239387358
2914.300703439 669.317112039241 339 37.6950270888711 483.420764341675
2862.19441345305 651.504425165022 341 97.0726539785631 363.096158710153
2991.80584494846 673.761267689778 398 71.8343843725069 471.08033781169
3096.2249658389 672.263659045084 401 49.6899721614284 596.206733723675
2895.90664849203 668.639830183208 339 55.2152533860139 477.010016600671
2910.16309427126 669.562530657567 349 88.2811649372193 399.206095932359
2910.859602304 656.181749670513 355 103.627323136922 498.725887708118
3032.99359594513 668.692080668816 380 61.8949300111266 513.020182891569
3021.20955349021 663.17362826672 405 72.2242411028074 462.604906011703
3053.98256835532 666.902750510124 380 68.2276516801513 366.003222319271
3105.72900732919 675.093429255441 403 62.5332107277495 555.22042006885
2752.23732320592 652.255379606607 309 39.7279034006207 367.312388632776
2929.89116348854 650.243057648733 355 41.29830256235 332.081558545538
2883.65289690834 655.239285926954 332 84.8584129758359 469.78434960118
2798.80576457699 657.855696438203 319 76.223832559856 327.351866257482
