10699.3776256418 2990.31224066033 1026 244.579287679241 1624.53934561762
10499.0736913025 2981.52317662317 912 315.235407314037 1433.32319114303
10731.9163125044 2988.82975170068 1002 202.301541585178 1353.91457203779
10588.4786357237 2975.43131497502 937 244.549431174509 2016.66550117387
10922.7330764292 2976.35740895736 1062 261.610200628719 2383.84440033158
10730.4434513961 2984.32253437312 1002 213.573880896045 1849.18477138086
10651.5120710636 2981.33793396423 999 181.31270134918 2908.18078437931
10799.8523341209 2979.47997577589 1019 163.223659105911 1372.42972345746
11025.3501529654 2994.84248972583 1070 314.27145975591 1000.30551119004
10756.2517657006 2981.85693599877 1014 180.485250187786 2449.51744777503
10636.6441508405 2970.01349759622 973 339.855750553238 951.28062559426
10892.9027244439 2986.54636776301 1046 296.724301892249 1203.44071093152
10819.019505602 2994.67254408939 1048 266.136706262733 1618.59484792558
10731.6896999032 2982.21838283219 1008 287.758624017026 2011.20602749915
10596.9460107624 2991.47116006115 918 261.817139446465 849.616340691493
10685.9641756089 2993.29504276804 969 163.160712476255 2291.74369243374
10702.9736290116 2991.25887530904 999 217.881050117467 1541.24770800122
10617.457514553 2975.25627134628 962 200.878686237568 1821.28038201922
10784.7303284582 2983.2768864433 1034 275.373657057102 1395.55233117801
10892.7224644573 2981.20466629392 1055 173.390829522194 1548.80394093532
10899.3214166436 2988.63962869503 1062 266.911248038145 2146.65503030993
10712.8914432222 2972.48007498703 996 251.135800638099 1888.50532106927
10735.133117871 2971.03604518441 1040 203.091566280684 2192.99887229353
10558.0714007494 2983.38804851756 973 261.905911129377 1274.88746287668
10904.8353418073 2977.46870705144 1068 261.017780591883 1720.67631946143
10631.256880753 2982.05844453906 947 239.225549254083 885.334446968211
10717.5297500164 2985.36176614213 999 193.272649470975 2576.375239377
10652.7712211011 2962.73349128152 1047 251.268549220314 2127.53111441275
10707.3370963761 2986.82261507428 998 186.474018382412 1815.15324289245
10811.0049218834 2984.08824789383 1062 182.293164866235 2923.20969155447
10869.6857493205 2992.64835310974 1034 273.62361733462 811.901303574885
10743.544917743 2979.70620972652 1029 263.561206969703 1997.38088775889
10636.9208439384 2974.83210422749 947 223.227567514595 2197.95063200321
10797.1316705661 2984.86350415038 1035 234.25375891374 2350.60897403884
10631.5066791821 2982.70004948488 983 212.545383752626 1808.14014570325
10849.120130724 2976.77050090821 1041 256.079572743211 2285.3505793093
10713.8254713393 2983.56920478123 1035 282.351404043091 1097.61457071196
10757.2765341307 2991.64792084364 1007 172.951404824775 2240.72837459223
10780.67139674 2974.08008103639 1033 212.563276248282 1623.01282732604
10700.8997359269 2988.77844215081 988 209.531828557783 2752.73104960804
10745.1985584336 2987.0182081458 1044 288.334884585713 1245.57631100739
10564.7294921924 2984.90289447725 932 226.832131594896 1672.6649328848
11110.3482944384 2984.6075249646 1116 332.354361175246 2231.95824139028
10811.5385316575 2994.13334687334 1042 124.466326893382 2194.46948458106
10689.4447541255 2982.59746899721 1011 387.795632141838 1713.86873673782
10765.1401026356 2981.90502814324 1024 286.274565826742 2105.18102332598
10736.8731074536 2978.61348620267 1006 324.154595001032 1264.9642139258
10669.383754812 2983.88652397857 974 260.5218826211 1634.46292037255
10716.809338759 2985.77882745957 1025 211.289190974905 2172.64144077857
10735.678696869 2974.13202328862 1023 249.999022241302 2369.11209508497
10741.3563646013 2984.34021345409 990 178.295913508651 1993.96943397164
10408.9895475892 2978.01899464979 895 201.71692688761 1645.79202479586
10589.9626710667 2985.85525538195 966 237.479064349793 2102.78960575883
10648.0455201868 2972.8501245664 1018 247.062904199768 2094.16400761454
10741.2588234563 2980.0744298502 1025 258.485870229271 2222.5748887635
10696.7474660777 2978.24281793355 987 256.125958681096 2343.21806535423
10942.8860641877 2976.33928659144 1061 302.900687346094 1458.44165871307
10671.3674956081 2991.38532954452 982 256.200089791838 1433.40214926755
10624.8462172294 2967.01865675564 962 279.921188152882 2202.10902463762
10597.7620617564 2978.24509481896 993 214.622810457496 1870.05138844031
10703.3609107072 2983.30607353759 1014 242.227904047322 936.38239321112
10924.4902191739 2981.5759491574 1061 189.599451779684 1693.29597087148
10755.6901772971 2975.73411877671 1019 246.931493962858 2285.13075193107
11053.4372078836 2989.62299653321 1107 284.950819114682 1570.02291037827
10768.5938560297 2979.92346923804 1020 231.307579444763 2226.02740077258
10689.8799453242 2994.04520098812 1004 225.415687431512 1881.41315873121
10817.7396608487 2984.08335326742 1041 160.768132401746 2958.6486133751
10632.0256151271 2982.72942374945 957 215.677623364983 1066.35203036988
10550.790430797 2971.75060904258 968 270.955481949557 1109.4286837458
10830.6963831225 2987.32817310613 1030 181.751877666622 1312.49091158415
10632.4189448856 2981.28110776862 957 269.948578543444 2005.20049936553
10790.8743456765 2985.87957545608 1044 237.148012587632 2522.42308988444
10708.0915674934 2985.00176154284 999 219.133909032079 2300.25186614684
10468.7290232255 2993.85548466854 920 213.406131249602 3065.6051006604
10826.7322122514 2980.05707323365 1019 256.930686923528 1835.20604630205
10758.4233672514 2975.74112996268 1004 191.473360107949 2163.84948478141
10731.3708992644 2983.35767461284 1011 206.618980733333 1540.02667317902
10793.5527400174 2977.90301717652 1029 196.983242483548 1970.13246446502
10661.5502490368 2988.44442975437 950 259.525360894513 1570.99852253224
10731.306454172 2975.69151161779 996 300.653580138905 405.458332837613
10801.1307040518 2977.47634289827 1013 283.099681677748 2707.19145799258
10633.6936807776 2978.02579291404 981 371.838933635842 2592.34010361798
10945.641659015 2976.78246822629 1032 251.019853546441 1537.74941785052
10900.9520192849 2978.25426859485 1060 216.729668574149 2792.95045218641
10679.5000534165 2981.28150485471 962 312.26082715305 1450.1871244924
10653.7368953389 2979.67327583224 947 345.187555613857 1110.36511805348
10747.6128525903 2983.49604453914 1015 245.767096014955 1530.3642456414
10716.814467149 2988.58674625113 999 206.531158700375 2400.47957042718
10646.1580087719 2976.11380095841 943 253.110099010663 1780.46767869322
10957.3725572734 2987.74021546008 1084 194.928139936886 1412.47292544216
10840.1016267815 2986.29221086751 1038 181.481268145094 1958.23389803545
10694.1254588175 2985.68109549474 953 227.917359546833 1408.43893541584
10588.4786357237 2975.43131497502 937 244.549431174509 2016.66550117387
10836.7493023845 2972.41359852355 1038 260.604602349991 1932.5612787046
10899.6352837416 2991.65274331285 1061 206.444582595447 2145.9934991047
11014.8911170194 2985.47209057788 1079 158.831902123396 2526.39849235488
11454.731296691 2988.42154366485 1198 392.744423462897 1528.66865202184
10996.757560471 2986.31064573215 1061 233.882236611053 918.958424623289
11221.2494698259 2992.87330282227 1149 276.570618648091 1099.83039792482
10788.0078239335 2980.01986791697 991 287.999821412567 1464.19563541624
10756.2517657006 2981.85693599877 1014 180.485250187786 2449.51744777503
10935.5037239239 2978.82667098008 1079 282.340198896702 2276.33861630283
11137.5201944362 2982.07052342803 1134 249.647647842732 1031.04925881934
10696.2076593614 2980.12387783634 974 263.338229755198 2017.00724551298
10743.4503605674 2983.04541934237 1008 285.495283816924 1988.41005565401
10589.5590750005 2989.21939608954 918 258.973906546031 844.986618510518
10685.9641756089 2993.29504276804 969 163.160712476255 2291.74369243374
11043.0273911787 2982.01829891584 1106 348.767804201541 1698.70570029987
10924.1792467477 2987.48358728754 1094 251.378168434032 2252.87812083017
10896.2213014731 2981.10818589913 1061 147.230570431344 1911.5575575782
10794.5360718347 2983.75883156883 1065 273.486540864442 1369.85083624293
10885.7043176651 2979.20672703908 1055 174.741472502082 1527.66392069382
11446.3907388462 2986.70524060511 1229 227.491394552969 1698.23342433787
10927.2244919545 2980.24862707133 1079 224.803622382729 2209.99019797164
11412.1957004135 2979.06492838572 1239 414.452752129636 3019.19062542805
10834.4850971189 2972.68057533726 1009 263.230453206581 1772.29617654352
11031.1562826295 2978.60131354865 1106 285.531410693614 2083.69647796383
10618.7454239001 2977.85695256686 947 234.409887266079 876.931463023809
10860.3196352999 2975.82400703593 1061 238.101140947625 2170.50263833088
10717.5297500164 2985.36176614213 999 193.272649470975 2576.375239377
10837.1253010515 2978.53234656877 1076 215.789589991783 2463.34160907073
10980.3258697795 2987.51602079376 1106 275.653754725599 1517.1084269269
10731.990344164 2971.82044241332 1004 181.72949863351 2349.58940367668
10862.3050157111 2987.89901895798 1070 172.420457205953 2864.24834228287
10929.8699362912 2988.62677785661 1068 262.041165151789 996.316395744947
11049.2326259738 2984.24812203946 1088 273.806586235942 1863.53612033451
10824.9082391041 2975.11644651612 1044 187.049376446876 2454.74212649346
10729.3971949864 2986.59633171678 1004 263.387839958192 940.519762375649
10739.2176715028 2985.3508156821 1004 234.478189226105 2567.00583131527
11042.2080625594 2983.91628743404 1096 189.485044051429 3436.16358779853
10752.3411715875 2985.01965629117 1028 189.29077484674 1967.4116922871
10849.3398799413 2992.14071988996 1046 256.271643947948 1565.45906983504
10958.9280057612 2991.46637958539 1075 134.143561015335 1702.44304547092
11287.1059896377 2978.2743385151 1128 136.67841980127 1556.21271279262
10742.953753792 2985.89704002865 1004 310.730253398959 1295.7535122152
10802.4115803827 2979.92706386149 1035 189.99586498361 3133.90386027053
10923.5478221723 2979.05080208678 1066 380.53267677443 1983.09297642278
10993.9923396276 2991.12626230312 1087 240.454499070685 2048.85164516374
11050.3072116116 2987.91636630192 1109 133.382655921836 2444.8366241094
10824.3572784007 2977.62890746554 1035 433.138240691316 1469.50971197442
10686.1011741843 2983.15515098777 993 287.313766858364 2113.34758141389
11131.5740705199 2981.97609931364 1132 146.511716961572 2679.65566609872
11088.8084253353 2975.07439137516 1099 217.900653076787 1718.86755081952
10803.6024399151 2989.91579118641 1040 125.9936284613 2109.69406462506
10728.1574810227 2976.55010728604 1045 300.31131602808 1995.39400863626
10798.1859997426 2983.0072124278 1032 366.86836966548 1748.54997957631
10765.1401026356 2981.90502814324 1024 286.274565826742 2105.18102332598
10903.034700435 2987.08900302822 1059 215.555737170499 1809.98622887431
10512.0576773527 2942.96172716293 913 288.833556471734 1902.2372874675
10728.083038241 2981.54593829243 1023 251.460807425816 2399.13417692534
10617.6673395656 2982.91516706505 965 282.037046468602 1864.21076899597
10782.2696938772 2986.54181920346 1029 221.231449929136 2675.57184963801
10720.9863923014 2976.72057511744 984 306.102252017879 1974.74828595029
11001.2493713505 2990.33673136594 1118 262.916613535439 2195.80873969262
10971.9695654752 2992.09460875606 1061 371.901880429646 1347.53800661136
11075.7546962715 2980.00169531299 1109 193.143810901278 2139.70978791352
10793.217474455 2992.80224281404 1017 192.67682204877 2168.95831446935
11047.778888961 2982.39778249563 1079 387.834368008442 2185.2135538678
10862.0879541499 2996.83081282191 1021 243.138458391666 1150.72593342551
11113.2720669532 2978.11185756676 1122 163.340465246508 1268.03213598293
10957.6881954979 2976.64215364671 1079 208.056957234854 2282.04153326689
11156.4452898028 2989.31449430952 1133 265.126904506431 1510.87946235237
10596.5446662246 2962.83920999235 947 298.786491772256 1348.43317773005
11553.7480210198 2986.8711512706 1300 444.057882315493 2604.92470080282
10805.7957040512 2983.20976262293 1019 182.235554159177 1066.83236924336
10948.9716365132 2975.75707858415 1079 194.325473180722 1494.16321367082
10971.5883253252 2992.65528416882 1054 235.98121150487 1321.31854063374
10957.3725572734 2987.74021546008 1084 194.928139936886 1412.47292544216
10983.0008291546 2983.29078535656 1061 501.499049518726 1346.03108937333
10841.3752700107 2988.80890402443 1038 181.236155391353 1973.27450970656
10984.1622184229 2990.84826622046 1085 172.099759135815 1882.37509321334
10824.0226938985 2976.82753640874 1038 292.496213536878 1961.4252536471
11415.8559016078 2976.69211414603 1239 272.554081260414 2674.92862061778
10967.4716015671 2997.32087183346 1079 193.389477142986 2229.53764680725
11387.8764528816 2978.55444874219 1180 302.394024832627 2705.97250773484
11621.9637503244 2981.56108723713 1324 461.613504057566 3252.70348601406
11462.2366885507 2992.17423959472 1198 391.300010126033 1551.56497309396
11261.6559449616 2994.3718569725 1175 292.123078179162 1331.87922186715
11062.026110574 2987.84959728598 1070 235.264977560968 1354.96844967899
11156.6960573165 2982.67824654652 1138 334.616329894372 2186.90943946461
11590.1302768001 2979.71374685697 1305 423.857349769901 1276.39874974006
10862.4580015995 2987.77630186049 1053 282.85619116764 1809.12060135848
10933.5834007305 2981.24121402359 1064 217.655247029009 2019.24191788749
11460.7606405447 2976.83193367441 1180 607.162754083288 1855.92580185651
11015.3092086312 2995.61053433541 1102 253.60438493334 1741.3512140901
11052.3057252305 2983.52754002346 1103 351.631234438807 1809.04524456424
11000.8090064287 2988.12213842339 1088 235.966589328151 2004.67909337193
10820.9044382672 2991.04532836134 1034 214.451470626765 1570.15768152888
10828.6210872666 2986.10875029671 1018 355.659017027263 2307.29381235003
11493.7005855386 2987.60757926848 1274 316.349005653558 1733.05311132079
11382.6018483301 2985.73039185089 1232 427.825110051523 2366.90745427258
10917.9414512089 2977.49202493565 1079 143.050525665747 2420.52336679123
10908.0815468531 2983.45761896321 1076 251.634704008725 1456.4299793127
10775.8683691308 2980.62724657965 1029 300.75544686564 2350.16521693098
10774.5654086713 2991.22935229156 1006 192.461876567166 3087.05693692133
11583.8305891989 2980.59684361868 1314 201.041083020137 1533.41696666415
11095.3051608811 2983.05274464388 1132 192.456482565939 2313.28225114463
11097.470247459 2990.19624333711 1122 240.732961884342 1817.94807260668
11334.8791027385 2985.00797410894 1180 203.780186719719 2517.14370782398
11297.711980255 2989.54722816606 1191 222.071466190828 1031.88994398141
