10766.1989095922 2986.08703339732 1004 292.403093202103 4851.88973596103
10923.9440509997 2983.73916094239 1071 284.982760041741 5914.60334795562
10624.0460615237 2976.1713828868 979 218.161945828105 6307.36438681269
10650.5164856696 2981.56564672513 971 205.147570810145 4499.74630184422
10767.5720076961 2988.84579542447 1008 308.367214998747 4926.64870949303
10668.1453494464 2973.36184360983 999 290.011834646565 6085.59984207648
10592.0423214059 2980.86655055648 957 278.616987899974 5481.50083558645
10652.0351619325 2980.24087920606 982 265.570610644293 6151.51512234879
10897.4444834656 2985.69417268851 1023 340.21755445787 4051.20093348109
10664.658245864 2991.07592368779 943 227.720107549676 5870.7294791355
10595.7677812136 2979.19731579198 937 233.591981966425 5387.73310137417
10792.1594853236 2982.85765708047 1044 331.596472388005 6224.19282225578
10666.1808627637 2982.20080000099 973 246.856077156488 5353.07735498675
10957.9581067681 2975.23693750999 1055 253.430464900081 7224.89215899451
10849.9966544596 2978.87980383083 1048 196.356584453036 6232.66343902435
10785.4407534493 2983.00508036418 1034 191.864556321119 6269.19204487214
10727.4269080619 2976.19757247967 1004 218.295642877779 5670.13360183268
10815.2943605091 2978.06665407938 1042 260.004755721057 5607.55352981247
10698.2413787987 2978.44386964792 1015 244.806020215007 5909.87150537913
10708.0639378485 2977.92686768703 1019 213.487554179986 7548.35516131496
10618.5499014107 2981.31645580654 964 178.792324836339 6233.63183881732
10767.9447530274 2983.30427450791 964 338.632835931684 4362.2879714125
10602.6362503431 2991.0563508295 943 260.0412777515 5211.77125590953
10630.0832340156 2987.53351183741 974 216.677550551343 6125.1233049134
10700.285531522 2983.17897405855 993 338.958823205214 4705.79820974489
10596.0264949776 2983.68385306892 949 253.538171063271 5490.63947130665
10776.8254719622 2986.99002524394 1047 276.172009009923 5287.48570209524
10710.2817674427 2976.66968724638 999 232.333101218805 4879.46313828384
10790.9997178325 2981.87280989879 1031 323.573159312454 5525.81753033233
10542.8436161895 2981.24498998206 905 201.17319051022 5364.46579205299
10680.5160743815 2982.0794868389 999 210.63462778083 5713.86966221293
10663.7503309674 2971.65311389635 998 294.421577490788 5783.497556301
10657.9323584125 2988.79027816484 989 210.824579676934 6640.74696145709
10920.9278048023 2972.10253988345 1057 288.635293433718 5833.3572966782
10769.8628986211 2985.96266339869 993 218.364605604451 5214.02923769922
10828.493254095 2985.49930076776 1073 245.868548769461 8448.88752839333
10670.3581574241 2981.25542117226 983 189.165989365946 6953.6203572382
10837.8385970629 2984.16738419641 1057 277.359939888273 7016.67052853502
10625.213091617 2981.82060797566 999 275.127405559637 5610.15363518615
10668.514689495 2993.13415423364 957 289.171413118854 5051.27213861083
10772.9268917936 2987.18875188879 999 383.025536306804 4172.56361085164
10839.1315976379 2980.26503945395 1021 255.041732969058 5755.1885319413
10593.356580616 2981.11550254663 938 236.428228271292 5990.27686404753
10559.5603516023 2984.89139950535 962 179.645288724313 6230.38712815817
10646.0456175959 2984.02284158497 962 179.278239825518 7337.60944882559
10609.8938391873 2969.15296925806 993 288.063302604949 5284.21193709719
10473.1190964198 2978.12251959875 925 157.520311347326 6197.43659691915
10669.1046824833 2976.41106915241 989 321.125360472183 7048.11443279329
10903.7737592586 2994.64727180255 1059 146.94854524443 6793.11174622085
10685.4338166775 2977.29071939373 1006 230.730948876625 6918.9397495722
10649.2544380576 2979.18279927378 972 247.923566443645 6392.41080408202
10645.5045763619 2995.09307148316 952 259.584540867729 5729.3442232959
10857.8317054442 2986.05462568517 1048 346.675151753306 5965.78099694569
10734.8540111055 2987.2001658823 974 245.344912198616 4869.60514273306
10796.0434849243 2983.05173224263 1023 346.982590889345 5054.25093630415
10841.5545355982 2987.7509654443 1049 278.027039843422 6335.12372587721
10727.8878693829 2975.66181135625 998 255.685778651826 5059.75435185948
10570.0045262036 2988.09333795688 957 173.430595019295 5878.30940654186
10851.2196360864 2978.65579306631 1087 295.909536655811 6588.82120380964
10968.4240030847 2971.83372895825 1053 327.860949318105 5542.07345121984
10866.4050955903 2987.12364792292 1049 257.014685394669 6141.68685362638
10617.6722622799 2983.72622427742 949 265.378202424118 5921.30184226309
10621.8371692992 2986.52168921448 978 250.503054655118 7160.29345127237
10562.100668059 2988.048121843 908 244.919629257968 4772.94636215225
10841.07094587 2995.17733314349 1047 207.789285482288 5304.67863581606
10798.0923712933 2976.62550603126 1017 236.821049603542 6395.54483128351
10793.795052644 2986.7805841474 1029 215.464741085275 5048.00715180993
10823.5233793108 2971.59740968351 1019 317.220872122138 6866.72729795772
10627.3315491881 2979.94732502874 962 293.801046264344 4947.09153154174
10670.6972398463 2978.64758462548 993 295.03232153138 4618.25538975318
10845.5041058353 2988.87629494493 1068 107.50122540907 7075.01115236952
10723.2784121704 2990.71284730035 1024 258.893567502934 5585.17349632826
10826.5107091416 2983.39927019001 1050 255.687863780617 7204.12998630377
10736.416954123 2977.86826184823 1026 258.049460881181 5531.36374185488
10834.2027483421 2989.28501479844 1022 185.20421461554 6353.86687771429
10836.0886361945 2972.28809720006 1068 306.546546032918 6046.96112104029
10717.3326788532 2976.31691298689 1002 202.314949816751 5326.89026795695
10739.25772752 2969.37023765341 1019 245.604010079946 5272.49704901843
10856.5967573208 2978.50495616256 1024 344.31170580793 5537.41959385452
11051.5214865687 2971.75342010688 1094 359.126038889248 5914.74085534211
10708.8134536745 2980.44695465745 1018 282.2508123793 5509.89192151134
10594.8537870506 2987.29733277619 928 156.809133040282 7076.34362464904
10760.9806677231 2984.834526643 1011 291.241102491414 6326.44424680138
10907.1565483233 2974.35175776988 1031 202.271739780497 5476.75960184631
10779.8449853147 2987.34674630643 1030 168.765103468141 6884.08511645074
10575.3736101745 2980.49797342784 934 313.603115294942 4767.70405235404
10803.6578655604 2987.16510702504 992 341.22349886122 4477.02938931522
10760.1296455035 2977.01031740969 1016 212.977434597026 6890.30511652003
10729.6080095842 2977.12355212119 974 329.281823838693 4833.48524454992
10794.9570200202 2973.44560204978 1040 268.329860395189 6564.35359718483
10903.8337398427 2983.93261389568 1071 190.806602938121 6034.34086566022
10732.8013634028 2986.2533872635 1029 251.034459270903 6350.12164608104
10714.8662378366 2983.84117360385 1009 193.042259473623 6395.36022010408
10615.3981493322 2976.37715589981 948 309.698732724801 6304.86251466156
10636.4617128381 2975.53764653494 963 304.659433015348 4932.91730938152
10781.235874274 2991.66759792358 1012 204.490390219829 5549.77795093432
10927.6515899024 2969.60789846744 1079 317.285040408478 8798.12493450619
10840.7347239625 2985.94315550841 1038 211.731593586104 5862.43238911892
10666.4185270576 2977.48577471937 987 213.161137041019 7520.45165088971
10839.6797072075 2986.21892237099 1029 239.284852781863 5339.63098256998
11395.7200272746 2990.24260807165 1239 171.251697617288 5642.26771591896
11089.4714666942 2975.66025571794 1115 397.099422210481 6660.64755581173
10756.7507032216 2986.9648649183 1004 252.928867367577 5626.56074435611
10923.9440509997 2983.73916094239 1071 284.982760041741 5914.60334795562
11012.4395968897 2975.66132597074 1106 135.495435580518 5893.37257414643
10833.4363326667 2996.85475063877 1012 234.21214159663 5840.6306396128
10815.3051124388 2989.64428420884 1049 293.363562504654 6327.89145370656
10677.3969488984 2985.0597656944 999 262.190482180193 5806.21247361687
11063.5341702694 2982.68252615087 1123 264.018927770849 6139.63924950328
10881.4519880638 2969.90078017247 1074 313.483789133548 6682.28944385198
11417.7526850929 2985.51266023464 1274 161.255162353152 6969.26544283213
10558.3637086572 2957.87873709194 937 240.790399086177 5190.85882196763
11049.0195499902 2993.54136174812 1096 200.057040209892 5560.9540664438
10761.4526561857 2979.47049750993 1018 228.521011963694 6139.17466347325
10833.541013106 2974.01182868545 1004 224.089111050421 7701.70539256548
11234.5065645328 2979.2791420063 1148 344.354517844241 6986.44852661444
10796.6428936228 2978.21714273966 1044 206.122743410547 6038.88543285736
10781.5248893017 2988.68291627749 1020 228.778101145673 5950.82769189741
11185.6400020346 2957.41043532255 1164 397.306666990902 8162.64675798823
11030.8948656275 2990.12406269633 1086 129.75810390524 7535.03289675937
11059.953722519 2992.52821235041 1079 422.995611833244 4934.37348606438
11234.5490295234 2995.34082470221 1170 268.973415090832 7243.89544295138
11316.0759891596 2996.14642834534 1180 343.756498133589 6006.5269324672
10727.826831404 2991.69175250043 993 308.227154868502 4985.03147515113
11042.5912253889 2989.18357993226 1109 137.290350597267 7053.55312447922
11111.644308042 2979.05374262658 1106 288.898399081216 6887.56202818823
10827.6774761039 2986.7931733927 1042 203.159384110679 6688.42788529589
11010.6234799253 2988.23191431722 1051 279.234257188416 4343.72161020323
10678.4787855863 2992.02614537214 974 237.670220337193 5656.9393200085
10907.3453451585 2986.64329067164 1079 251.053447701767 5308.41987890508
10865.3222797832 2985.67941471445 1064 227.316060314197 6562.49821356554
10529.2238824123 2968.64766917825 925 195.930952535205 5487.04956538227
11389.57896969 2984.40735409975 1198 104.082678635211 6638.9979606206
10689.70394028 2973.41568182338 1004 214.171039014013 5834.68495477755
11216.4033364409 2992.55883033961 1121 239.484513592695 5680.33617738403
10780.0249092183 2973.27853828093 1004 436.492206007365 6412.38138392758
10688.4434819633 2988.29143488928 1014 204.95271121182 6528.80480351752
10769.8628986211 2985.96266339869 993 218.364605604451 5214.02923769922
10757.0452607747 2979.83813052838 1033 172.483048547707 6556.27107619511
10705.7630123495 2988.55894622016 1004 306.131084505054 5669.59543230398
11119.823669206 2986.94096997795 1096 316.265220366778 5125.21386487025
11159.2799194194 2985.12125537226 1138 183.114739669774 6695.37582849129
10854.4011526653 2981.50009176643 1021 260.918987439393 5665.7321137467
10573.3656672689 2974.89700972151 938 240.275481338718 5677.58521102108
10551.2252843016 2981.06557429418 962 181.24937317423 6261.88597588436
10776.099777965 2987.73695743997 1019 154.249304992746 7471.78869190243
10679.1963123477 2979.20497071526 999 274.726035426734 5354.57594729759
10489.2719802927 2982.53310286769 925 154.411687396595 5955.8018105988
10820.731789989 2992.33776758053 1030 188.470380026849 6872.53274082267
10903.7737592586 2994.64727180255 1059 146.94854524443 6793.11174622085
10693.6850395328 2957.16188336881 1004 229.143000297746 5952.64463769722
10649.2544380576 2979.18279927378 972 247.923566443645 6392.41080408202
11201.7793733189 2996.08018608366 1092 418.498416988943 5330.62895245695
11305.8272095592 2997.95808027871 1191 198.757051601112 6345.07644286325
10975.6320851684 2974.63482962694 1106 204.643501685511 8164.45268773265
10948.4122591639 2992.97070122247 1053 204.245608197219 5635.60336616755
10845.436472148 2993.14452876143 1028 337.476906066113 5064.34373282295
11055.1864246858 2980.51514672176 1132 236.913563619353 6885.91703753026
10756.6328158145 2984.39123678033 1036 368.432555569109 5654.48431678117
10874.3268640404 2984.71827155012 1019 312.05017397543 5236.12829860727
10691.4282733013 2991.73358791883 999 150.062583994999 5987.29125989937
11025.4148222074 2982.81653152706 1133 362.957295054809 6202.86857998321
10866.4050955903 2987.12364792292 1049 257.014685394669 6141.68685362638
10604.052720987 2980.67421458389 949 267.999284368006 5494.54406910776
10562.100668059 2988.048121843 908 244.919629257968 4772.94636215225
10844.465675468 2990.29376841794 1052 271.135849252376 8191.05670374181
10841.07094587 2995.17733314349 1047 207.789285482288 5304.67863581606
11061.7428924443 2979.60432290791 1101 286.8432502004 7465.92224277898
10981.6136674962 2983.70601945854 1106 179.319031804021 6105.61821799123
10930.8460323672 2990.62913710781 1061 363.097465530747 5322.45815706747
10829.9767214925 2983.08910949412 1019 283.488077347275 5367.0006593948
10963.8862193133 2994.11244619637 1079 158.793668514161 7313.51992879851
10845.5041058353 2988.87629494493 1068 107.50122540907 7075.01115236952
10771.8276236601 2985.89246491147 1030 277.580167717939 5666.86436087924
11609.4272202027 2976.93546903595 1300 540.08397429432 10253.5270405291
11384.9514054191 2978.70173303513 1239 144.725026131322 7953.48696629572
11633.9155731255 2980.40540806752 1300 544.986380107069 7067.53118713232
11473.4035413148 2983.34292053079 1309 156.301498369714 6265.76225886079
11151.6609072579 2984.18549379785 1132 206.478133557433 7083.43018871457
11219.8967276663 2995.46197356885 1164 162.404581147889 8167.64566299475
11280.0327730044 2977.7948993311 1164 360.425881712031 6793.59698633417
11201.1458751203 2992.41935170197 1132 167.404976660154 6225.09476106135
10969.4136460305 2980.46480623342 1097 143.775783684096 5595.56979661306
11103.5533971244 2977.00486800834 1132 178.675885766932 7198.82632011684
11316.4732528778 2969.83478310349 1239 251.147152306543 5455.86936857685
10880.6516770249 2966.53567285308 1074 313.175749271074 6651.83327365257
11576.4091280296 2984.89742819831 1324 130.721715673774 8187.95521386336
10754.3171169649 2979.18282608188 1004 277.040145278946 5561.11323677449
11052.265399192 2980.84129612273 1129 303.774877084641 6723.28223670579
11104.3441487985 2976.78762456033 1147 162.531513442747 7203.5422408735
11234.5065645328 2979.2791420063 1148 344.354517844241 6986.44852661444
10951.839070669 2988.56584497412 1061 405.60849994129 6116.976549867
11538.4997080708 2991.89939838821 1324 262.812178475819 7973.99924304739
10796.6428936228 2978.21714273966 1044 206.122743410547 6038.88543285736
11325.1825953308 2984.85868371439 1164 456.260828808315 6502.66003292363
11411.8554458591 2976.62405803478 1198 484.37703191554 7995.19715067659
11273.2940744219 2987.5215421246 1198 83.1083544223115 8172.44523257909
11214.1838280543 2991.10862530272 1132 393.314014183936 5300.68292992824
10727.826831404 2991.69175250043 993 308.227154868502 4985.03147515113
11451.4745404942 2980.75079612224 1309 58.6007199162093 7438.23669536956
