2970.40658388469 653.214790317952 600 38.836185938348 241.805522549499
3104.85406910547 693.732207697731 610 47.0689581664124 300.159690329663
3046.85283428972 672.225119457137 620 106.103079899321 322.852290618404
3169.39745428267 677.672920943886 670 57.7260414771666 315.329098940076
3108.94084447661 656.58819672337 620 123.883682154782 314.026730349956
2993.58223645998 660.103071997997 590 41.3313156363314 193.929121764735
3410.66444425763 691.931836592665 730 95.5937664542624 551.756317568135
3420.70825685444 699.571064923467 720 65.603773712277 678.860590970164
3116.08126812168 662.436247540145 640 144.982699466667 435.954259219253
3459.09923877852 713.42823628751 720 99.302195055017 587.477300430164
2868.3093553157 649.394170504683 570 17.0242501282817 279.326638666351
3021.52541219397 660.232466392408 600 89.3661437104614 300.134757105666
2865.55448627434 668.375928841337 550 57.6178686808525 302.986250136004
2949.54157874391 654.949230391418 600 39.8266697974841 350.502505017254
3391.37576949564 694.918046635393 710 79.5851353330942 512.827581921408
3116.26457271238 669.568814975841 630 9.40071703608219 364.182504609627
2900.80055682512 662.706572145641 550 95.1418259737813 146.397720339953
3187.36799455749 654.435741069348 640 86.6600256634817 304.841017158963
2875.6030137412 663.205433615328 550 42.8701826596558 319.156444442036
2837.70098716987 644.04066563898 570 31.4173507074278 362.604496686511
3053.91293495942 667.917678053218 630 23.9613985636017 327.97740418116
3466.18523960877 705.274062331569 720 77.5209757109505 630.240900941706
3319.44710444997 695.986605744343 690 102.599372838105 324.921435498473
3237.59708735951 669.215623770294 690 39.9901815235985 323.761473758419
2955.18677756555 667.614192066324 620 34.6257081231085 500.594464521482
3039.98376181779 652.392583662375 600 118.389633090897 357.574559390799
3085.41059582055 673.160659342681 630 23.5729029234308 363.586663555923
2921.42017223701 662.714065172312 530 30.5378527460606 227.141153991611
2793.74178058355 639.300265731689 550 125.733804035168 302.516906075236
3146.16328773072 645.955299956265 640 127.943677736002 243.052421365583
2848.32208874255 644.768574745839 550 154.617919329277 325.224679558761
3204.80720666011 700.619097615662 620 57.2471125224033 268.631691368526
3148.75203874356 694.739012038534 620 64.9190497324009 265.58260773563
2846.06642515713 663.729485893231 540 1.74051515418646 341.191336292693
2924.69794164589 629.7056447127 580 140.416804883398 263.9819337614
3139.36791934646 662.707864312933 670 18.5495610158052 370.278364186432
3026.62391836533 684.263571496096 600 74.7711435815333 259.204681694832
2853.08131426747 652.701815164883 530 24.4846786041559 230.548710370681
3117.32484502972 668.727201220315 670 18.0035667534671 279.065311435076
3207.08801429714 660.644571357412 690 17.5325716728077 273.455271141049
3083.54286606758 654.387254495336 640 103.37958958041 339.311879721194
2969.00171311338 650.998673615972 600 39.106553444344 237.37328914554
3073.36359941999 680.976067813411 610 34.9482707331983 260.367157495426
3046.85283428972 672.225119457137 620 106.103079899321 322.852290618404
3362.14230045345 709.395814923028 690 38.7664051221686 619.179645657505
2958.88648845516 650.606424390281 590 27.9769160027854 188.208626710011
3379.70232215624 689.893913001449 720 101.552429630903 420.050857259061
3146.22542688612 645.918508118916 640 127.41068853336 361.466010845557
3424.86870379703 699.354948221487 720 64.8030953248586 677.996124162244
3116.08126812168 662.436247540145 640 144.982699466667 435.954259219253
3020.36104845431 653.005743834739 600 147.907508528712 284.030865959378
2945.11748270098 654.339825693126 600 38.1238344366159 337.851893009907
3374.40491963434 690.784467679081 710 82.8511769116936 489.326113866619
3121.60480665345 667.117245666178 630 11.456174038357 361.730935299963
2900.80055682512 662.706572145641 550 95.1418259737813 146.397720339953
3463.24744245241 708.435000009823 720 47.4620547131089 608.94404951208
2875.6030137412 663.205433615328 550 42.8701826596558 319.156444442036
3318.67368272689 687.31797705544 690 24.7844183098006 496.354943726433
3053.91293495942 667.917678053218 630 23.9613985636017 327.97740418116
3375.31446463274 693.744865775286 710 42.5447981150296 559.205686099619
3241.12626670918 670.757820129059 670 129.650963423583 271.597973720629
3320.99147258121 697.172193641199 690 34.6732935923771 527.119109489682
3451.10396253471 697.70312484627 720 127.614556291436 561.861470741554
3110.45385424091 679.484558599678 640 59.5593020501999 542.051818400529
3185.00125963796 680.039540308555 670 37.0934295286999 361.034953395133
3051.40162933483 656.280911836166 600 116.192263462718 365.351215738381
3067.05975847081 656.588890957686 630 16.5096623342811 347.014895170929
2868.85769390212 637.846824689992 530 40.653506418034 175.273913509291
2793.74178058355 639.300265731689 550 125.733804035168 302.516906075236
3166.06870019225 650.936438814154 640 124.112879321671 262.976976797139
2848.32208874255 644.768574745839 550 154.617919329277 325.224679558761
3057.37994514187 641.3472304329 600 154.380830534712 329.720843161989
3204.80720666011 700.619097615662 620 57.2471125224033 268.631691368526
2846.06642515713 663.729485893231 540 1.74051515418646 354.431452209714
2924.69794164589 629.7056447127 580 140.416804883398 263.9819337614
3388.39271835915 702.647428212553 740 114.399250845719 448.253265082801
3030.3017797484 686.103419654226 600 76.1867530879041 281.115083491517
2853.45884130782 652.507138248716 530 24.4120234913645 219.493563076813
3125.52002915607 673.324076982883 670 21.157894594404 293.998021506545
3207.08801429714 660.644571357412 690 17.5325716728077 273.455271141049
3176.52554275734 665.055198069769 670 115.213451919809 350.700120379895
2970.27472733816 649.030520572659 600 39.5965368479143 237.226677560477
3453.04609142506 689.229050818565 696 83.5833167371658 432.553946471633
3046.85283428972 672.225119457137 620 106.103079899321 322.852290618404
3243.61708111185 691.305454547103 670 84.2183424886721 228.18997170772
3362.14230045345 709.395814923028 690 38.7664051221686 619.179645657505
2958.88648845516 650.606424390281 590 27.9769160027854 188.208626710011
3379.70232215624 689.893913001449 720 101.552429630903 420.050857259061
3146.22542688612 645.918508118916 640 127.41068853336 361.466010845557
3313.57861840044 673.340557319216 700 86.2208822454777 476.450196131657
3113.79306823495 666.30830736654 630 105.132912709653 379.171711798262
3363.09356108149 708.974590824486 710 62.3495924802729 447.192718720124
3020.36104845431 653.005743834739 600 147.907508528712 284.030865959378
3418.43959384055 692.574830034746 700 66.6662134820043 497.74123523118
2945.11748270098 654.339825693126 600 38.1238344366159 337.851893009907
3359.18813386767 684.33868059137 710 85.7796486978895 457.097178428065
3121.60480665345 667.117245666178 630 11.456174038357 361.730935299963
3180.9551958731 655.467815911491 640 87.8941693457108 307.937241685391
3471.30289380301 705.694966631234 720 50.5625993835844 603.463982754903
2869.70327342506 665.820288592279 550 44.0055882128799 341.828078599925
3318.67368272689 687.31797705544 690 24.7844183098006 496.354943726433
3384.7930675581 682.752209810709 700 157.782169649634 495.280424719697
3397.09271511965 697.728147005823 710 50.9272506357598 571.15552979123
3208.65932518979 663.029319735038 670 117.154431806259 248.412472538569
3493.996199998 709.497508821788 710 70.6043404183543 500.462396899115
3320.99147258121 697.172193641199 690 34.6732935923771 527.119109489682
3318.67368272689 687.31797705544 690 24.7844183098006 496.354943726433
3384.7930675581 682.752209810709 700 157.782169649634 495.280424719697
3397.09271511965 697.728147005823 710 50.9272506357598 571.15552979123
3208.65932518979 663.029319735038 670 117.154431806259 248.412472538569
3493.996199998 709.497508821788 710 70.6043404183543 500.462396899115
3320.99147258121 697.172193641199 690 34.6732935923771 527.119109489682
3110.45385424091 679.484558599678 640 59.5593020501999 542.051818400529
3164.39698923236 673.226666088504 670 41.0587232170772 340.596330734979
3051.40162933483 656.280911836166 600 116.192263462718 365.351215738381
3057.39122537877 653.709122737919 630 18.3703723954001 335.495822291859
2771.85669182533 630.259058422634 550 129.945591330434 323.028280396012
3170.87670257812 655.700496709283 640 123.187578831088 267.741034692268
3057.37994514187 641.3472304329 600 154.380830534712 329.720843161989
2856.23791994299 673.007885267188 540 0.216989930038984 373.851987207401
3509.48141618856 697.560122319762 730 140.189990377813 575.457928962147
3056.35168369367 656.009355540131 620 76.1659404807234 203.125596873336
2789.45737524583 647.576221157578 550 56.069970962797 275.824640767729
3302.00226206503 680.834603360741 676 25.4465197102026 283.764339574984
2819.82098160859 663.702688732339 520 41.4094839798899 165.592887046048
3241.55213772787 686.719086744464 670 84.6157410282056 269.790549213175
3362.14230045345 709.395814923028 690 38.7664051221686 619.179645657505
2959.89752284166 653.109260395197 590 28.3660633195865 176.025559710197
2902.77787396652 638.591664932204 600 6.28184694968132 239.387980453244
3365.27991864735 688.291587734407 720 96.0012439320913 421.027764755953
3298.02939845007 674.071157962701 680 89.2133310201553 568.989512257998
3337.56969929354 677.848096009073 670 79.0767267653348 468.698818564243
3020.58079068381 657.62661039389 600 147.992087352282 348.66400234059
3330.71304677946 686.831497158067 690 32.9002497748066 355.330933637327
3044.37088041427 692.568355487907 600 115.391103395309 359.147805085615
3277.41101693428 669.844715739923 700 101.517662189572 398.984716472718
3122.51400512898 672.346401878599 630 11.2811987101584 317.216397859731
2893.23295795426 660.384791357591 550 96.5982110555169 188.685555777066
3164.35378649225 653.575530343656 640 91.0891120706974 276.082310556255
3471.30289380301 705.694966631234 720 50.5625993835844 603.463982754903
2869.70327342506 665.820288592279 550 44.0055882128799 341.828078599925
2995.7817427551 641.988928416107 600 129.750030611558 245.492294819186
3383.40590505776 680.705982927315 700 158.049129197295 474.949077716991
3208.65932518979 663.029319735038 670 117.154431806259 248.412472538569
3295.34277273193 688.571030376581 690 24.8011044174827 509.916782960445
3110.45385424091 679.484558599678 640 59.5593020501999 542.051818400529
3498.05495399014 695.103580013052 720 118.832836909723 563.468699491309
3169.94712962747 673.828226027568 670 43.1949732511821 281.568040551208
3057.39122537877 653.709122737919 630 18.3703723954001 335.495822291859
3346.76397655415 691.948855856318 690 130.467922392366 481.297037862155
3025.19950100831 670.24010221965 590 33.7517644135376 223.542994806114
3057.37994514187 641.3472304329 600 154.380830534712 329.720843161989
3210.79130390091 703.823294672085 620 56.1993142294323 270.05507831724
2868.1814901363 654.117964527868 550 184.620551650322 317.561112038705
2697.57975070981 638.447871175083 520 113.776604510269 463.250219069122
3092.24062243089 656.684142328523 600 123.684240145367 348.322983980103
3238.56569562214 691.393495097956 670 66.9567891721184 310.778104891949
2856.23791994299 673.007885267188 540 0.216989930038984 373.851987207401
2850.3356108085 650.168441886614 530 120.627689737112 333.24067207677
3401.03179839213 702.707932248633 740 111.966858759269 445.954621998584
3380.80065241922 687.291458501606 700 110.330164634596 480.342865689951
2860.37701248783 650.287631980772 530 23.0806208270057 202.004863442395
3239.46826059356 669.190258466249 680 92.6354698033149 275.231706175404
3067.32665136715 662.467112337869 620 74.0538069671791 209.583353671074
3112.88057059842 679.430606989579 620 128.898137445636 333.080418481597
3151.71932595611 663.667902615307 660 55.3369484379854 297.990739563955
3259.78681288444 679.771016837964 680 112.971092452667 254.444311809036
3362.14230045345 709.395814923028 690 38.7664051221686 619.179645657505
3135.22828242896 674.975092226603 620 118.824662362082 332.413625853189
2962.27383756592 654.760261369386 590 29.2807072834082 191.254772811715
3225.4752955327 686.862372549305 670 8.71720469858281 603.784735103914
2884.63198998031 632.931912707218 600 0.702507053068141 233.728228228258
3404.25911283865 700.571399526901 710 28.7567129036203 474.198505534112
3197.59627746548 669.790212242386 670 78.0239039111683 352.34281427697
3168.49938498799 676.91242543445 650 102.158526777488 321.17863971255
2982.28619887021 654.408689954093 590 0.108417395647958 409.613041706786
3409.42248407333 710.473079167996 706 110.740597405022 506.624519499273
3020.58079068381 657.62661039389 600 147.992087352282 348.66400234059
3357.82257090669 690.321339849717 690 119.53823113125 476.308677112417
3063.14233040872 698.485241110589 580 38.6898149021707 313.332617602097
2942.61179498805 670.428614965605 580 146.450043100035 380.559953206828
3412.79928165963 692.192224533921 700 70.7390927013269 373.096600366187
3060.40971708286 701.437013633311 590 112.304427839275 418.512314395943
3456.41242016632 698.16100699425 715 67.0688260757916 526.207493591591
3193.55750447008 681.796228683647 660 4.81334191145384 346.556724742422
2984.6288091595 678.179199202855 580 116.653566387103 332.26609758902
3159.36655014647 697.196815166472 620 67.1444976202552 319.904652757796
3380.74067042692 689.699212436328 710 67.9913073984503 507.663384850607
2880.70304661493 669.16722935156 550 41.8886808754821 325.118240178268
3512.06526234603 711.372684617243 710 97.8409315404751 686.298303455851
3062.10144648286 669.874355889111 620 88.976975787998 142.346111011345
3453.44182778612 677.635678747656 720 144.570709583907 531.307762305894
2934.62139398991 650.117485613037 580 111.119892202708 327.509146431289
3472.17852021915 681.732020078947 700 208.701882914906 575.989374144973
3154.0584173275 701.821621334568 630 144.277284687332 478.947867595005
3204.40567151581 701.603000623119 630 66.0049181305022 568.773098162608
3090.62750065048 684.538298126514 590 80.5713009241918 332.079932197383
3358.99852955377 669.043579435211 700 114.944784627024 435.559323511057
3267.13706579007 677.503220443764 633 45.3115752376834 369.156280667702
3195.13567548129 674.158181931536 670 101.287414743323 366.627934988856
