8916.67695160169 2514.35655068207 676 532.447274401018 2769.44635128452
9536.73586477223 2682.30361447723 643 28.1952349020157 4376.06457358917
7863.14097395323 2215.23808387478 643 294.513363084753 1653.67604221888
8275.11050055975 2242.97965538358 640 267.33644710128 3384.8637119013
9058.6282304425 2712.68183468907 667 204.526474376146 3564.4847303487
8768.60248207606 2593.53207251755 657 504.121001173436 4531.61703342036
8999.07322173323 2584.12097714191 661 311.490594641431 3722.30217636333
8412.67897859529 2459.09434811013 643 76.1767422058665 3220.62975064332
10533.0540890723 2997.62998453656 686 893.617714850426 6641.67339599806
9053.21797385506 2653.85420674886 665 247.504820439179 4022.60215481936
8749.37269755164 2361.33508757109 655 136.538411199071 2709.85534291863
10753.6828262371 3125.36641256315 686 1020.36203232635 7431.15618039779
9158.6697364746 2543.44628873444 655 598.08676790778 2496.60471074377
10311.2380243582 3013.70427511252 686 967.224916946719 6778.62403392265
9664.15675810527 2820.68271849291 653 75.8011402024613 2669.8146097319
8955.73323878077 2597.28230453053 674 519.554509106445 4469.11611779486
10053.1658004801 2893.5103750413 686 759.748509963791 4874.17914519601
9814.37697075979 2996.17763664529 642 25.7721723616301 4717.00609917566
11265.8001237284 3408.47447574849 686 632.73346166568 6404.1573604915
10914.1549192252 3246.27509644151 686 859.456033569463 5212.63476789691
11816.0690051749 3643.4642144235 686 119.474374869931 8118.59363794514
11459.5675417096 3547.96064437174 686 22.6446604197463 6899.97257270765
9047.65719299444 2601.81957013249 661 305.417598233779 3727.27386853876
10999.1639557045 3270.04858925072 686 581.095393341338 6099.51832576817
10991.7119384056 3267.85297598808 686 833.349415414131 7056.02301987054
11614.9772726855 3596.57996944164 686 65.5014398761862 7548.15940259638
9579.37981140485 2725.44501651149 686 389.894511950217 5600.70135066065
9384.73171113128 2554.14432455583 674 57.1185345016158 3925.39067857303
10879.9737254772 3211.54466147869 686 768.871110255291 6502.29098334302
10807.8560419317 3083.09464672361 686 720.861711433973 6165.53000488654
11087.3274869689 3312.76024161805 686 599.345695442342 6754.02734555484
10575.4979895889 3166.1248123033 686 599.658163034401 5821.24402477286
10277.0282921649 2850.90588263584 686 612.276920295519 4222.26098129723
9248.69632573693 2526.87913854375 676 185.164137876315 3831.52465619015
11659.9856312605 3504.20442360989 686 439.044543525286 6477.90958982582
9213.60538709256 2736.04949673746 674 142.755500074491 3318.37612538765
12044.2267309924 3759.87223796424 686 225.086627439648 7912.76307270606
11330.772171378 3377.97039801765 686 677.502903156164 8342.4321506339
9965.2899724463 2967.84597728291 686 3.59795771097856 3079.74643929881
10841.2997633842 3229.78992713611 686 422.931800586353 5339.67608229083
9091.56155638052 2543.447847387 655 81.3068903487674 2728.69485406178
11537.0733187979 3571.14749085067 686 58.5384677776096 8320.55681282485
11659.0964198933 3522.16065730346 686 669.524731642881 7169.45428913165
11743.6075042184 3654.32603205243 686 40.6219625924696 7458.06039814157
11982.3953055219 3749.20705162311 686 127.683175543847 8322.44471459595
9338.6644648336 2525.22929934843 686 495.443263438885 3743.97818867393
12106.3591919227 3734.76443195515 686 241.14317162967 7147.36944910554
9574.80235538016 2791.57787345669 674 173.290472737522 3840.88045474896
10666.2590159719 3052.87490367735 686 660.930760771389 4552.83872847231
10905.8272929875 3209.69403630005 686 806.418388293021 6511.48015929416
11940.0812497647 3636.22145512216 686 340.129272686237 7511.2051432048
11861.2041790557 3678.96886873116 686 271.115534370971 7743.44779246452
11076.9079728255 3357.52484415316 686 36.7041237710287 7283.0700221322
11708.3069551529 3621.92229677438 686 350.122420089083 6991.2464680743
10311.5669193108 3108.88848210961 686 169.857648096996 5058.61120212034
10356.1264804469 3024.41676328426 686 797.618594959643 5894.63423549586
11207.4797532989 3264.0784431746 686 461.328782098 7254.27985452987
11024.4091636249 3200.44613442812 686 368.264918433812 6267.7310519025
11313.0006310638 3398.56827090285 686 740.001267742078 7789.51261519534
9418.85730994743 2687.04130394151 686 511.602929018385 5141.24355713426
11882.003039237 3666.49165115218 686 29.9220201428097 6886.82962776017
12164.7120672079 3776.39067127691 686 362.508911231535 8438.26514204607
11925.8480709318 3704.16959135142 686 134.995758134409 6480.5354555731
11590.3042276709 3485.60768681598 686 704.375630487055 6988.4887150099
10249.1793925942 3099.95317204335 686 85.3404030063598 3169.06384226791
10639.6803594326 2959.20248953442 686 54.3562509185633 5382.34598009699
11583.3646613106 3507.56845030292 686 540.508542585499 6340.29826332087
9833.76921611102 2928.59362850363 655 13.6292682663375 4319.8025891865
10442.4103328246 3129.482940323 686 253.889960148642 5040.43192320917
10699.1861262159 3285.5750063862 686 118.365299239066 7657.17824342106
9646.55401119 2873.88316616771 686 153.178090269879 5044.23021371182
11339.8376988511 3464.31807035297 686 2.17276777839265 5709.24581107928
9076.37671232151 2481.18503763892 657 153.044529387758 3568.6040568162
11290.4394209119 3502.5023207332 686 70.0918037697452 8027.44450522755
10177.6991664762 3153.01497955909 686 196.485297605131 7700.63573121487
11429.034339759 3466.46181787912 686 642.786462907626 6568.19487606064
9791.79268777925 2958.95132368951 676 164.555640046398 3479.08643992679
9572.53353262904 2837.50372471487 686 324.607486127041 6193.29999112678
9717.0131998481 2858.51723801382 686 223.918050432972 5284.05880917773
9219.91278933221 2694.30166844337 676 570.351754117333 3617.15386837597
11840.8878282526 3648.47154070554 686 387.344963183518 6811.10471886616
10132.3354645378 2952.74088166511 686 1075.90111952127 6717.93032748267
9732.56945523972 2778.62678139576 686 335.795266859978 2643.89544033441
8258.55970228221 2223.68534799516 676 553.007412164377 3167.66222855695
12198.8310935525 3767.52985840117 686 252.702159333398 7816.15729808492
10439.3443949677 2909.04783237631 686 355.019024013497 4109.31377568599
10477.5909779628 2944.4388841363 686 487.951599632248 4473.2095504749
10947.5346291606 3111.7094758114 686 263.704886553314 5910.49450292908
12055.4673074214 3796.81604740432 686 216.288180393167 8107.94369724997
10917.0222301118 3244.36331727187 686 545.420527518631 6030.48659342879
9502.35529217824 2717.37897845024 661 50.7719794436912 4079.11855152903
10848.6443420974 3199.52328560861 686 558.337268118339 5943.9747239436
9603.30103106396 2809.51470928483 674 159.705605960371 4573.97346795752
11391.0008901121 3492.92476774429 686 103.832253653942 5664.5720299541
11785.9871983161 3618.51393843387 686 380.482384441451 6667.5813271561
11397.8713983244 3403.01455749891 686 574.5833441824 7394.06593920617
10719.6447192883 3081.24808151448 686 468.624036379015 4873.4693036217
9955.08363613621 3068.88128633238 686 320.437181705347 6574.23150033683
10924.8858509088 3365.4993062623 686 21.9968608771514 6949.39279063094
9849.91259541121 2897.13634199943 676 118.498109800213 6514.09538497541
