6014.08418595337 1986.65304473752 377 302.00077178167 4173.66006348756
5871.23233395671 1981.94409995694 332 325.378321165041 4503.46492400401
6009.92818350118 1970.87760231257 389 346.825941272269 4132.41073964722
5796.81256794198 1967.58326949544 331 314.934947357942 5099.49432914338
5948.01179302274 1989.55693851105 341 333.615308633761 3954.39089977225
5870.34432609665 1972.31281824794 347 246.096955979542 5258.0354743366
5881.38300748957 1987.88651217626 333 317.990599994376 4585.01496919382
6016.41190927641 1984.26113357199 372 314.840625286494 4034.4615459798
6053.95926383556 1981.56750052054 379 256.645665722328 4849.87326526896
5843.01978962219 1984.96081409532 328 269.779214312293 3996.11833961945
5877.68457035177 1958.18539376724 385 303.479159898811 4667.88910747084
5973.72044723907 1992.14490445849 370 283.298775156916 4264.74581516266
5940.39882445157 1969.00663472072 361 373.737327938069 4103.36144825525
6017.89837104867 1998.27573136368 371 277.50334248693 4769.59442885668
5853.88966320146 1991.58414885951 332 298.67459318615 4547.19056341686
5781.53836585575 1979.96380729305 317 276.036658315733 3616.84625307575
5975.82649171974 1976.98589241621 369 223.693883569394 5204.70775141678
5953.54091684714 1991.15396374442 347 417.173983390565 4201.74763566751
6024.34483219393 1980.28528644399 373 400.465513004642 4452.77193766071
5822.4692473732 1983.38183091244 325 220.756810349482 4746.20290383887
5931.45829954107 1962.14148843521 396 344.766715700465 5902.69172876066
5967.69029093668 1988.24794464553 383 208.595823826128 5190.6103872635
5832.62849836642 1969.90214534757 354 317.528327115113 5148.16790345354
6045.31327426195 1988.97010600979 385 228.665442286653 4841.03158680172
5925.29353765766 1985.42623759003 390 201.501643834908 5496.55959085318
6042.76274966574 1990.34110598938 377 291.70309660955 3612.92858597153
6050.65626341969 1984.13360626804 377 279.73528900687 4227.71912803765
5977.73192466914 1991.96295871617 361 354.222785593528 4059.11490242432
6077.65826804124 1986.59891732815 431 313.631798146478 6113.55130775582
6091.09489466195 1976.5624557563 388 227.131580405558 4627.2820005193
5828.62984559724 1995.94412646292 305 236.603560272014 4274.69384841113
6001.93457156408 1994.1851350292 348 207.259620244655 4811.52857518001
5956.90430949416 1990.61147476451 351 219.576608173402 3920.30910468521
5904.22148890637 1957.09441052205 351 247.214969219888 4487.20937237051
5874.81926163646 1967.80872370349 383 207.783919813455 5480.87158538094
6059.19630098704 1991.97686292636 403 319.559567166647 4483.87605273573
6048.1360979963 1996.93733539013 378 179.861954484995 4493.93417341957
5813.03556243352 1967.54817612785 334 345.060982269895 4213.39806336486
5983.74856240264 1997.35085540926 360 230.666805017135 5061.82160333704
5943.08158165054 1964.47452407756 388 368.346100562557 4681.75549057325
5946.05512260824 1990.86971878896 350 258.431987682507 4258.86371670278
5988.93708177662 1974.67808753269 367 348.589529027626 4511.48772083871
6123.27436209273 1991.14252155526 402 226.7655067007 4949.46821214237
5948.47243539642 1989.86566747833 345 486.934290082559 4081.21483909009
5984.4256004644 1983.08247099157 394 322.459712474606 4559.4170457951
5832.58481882421 1975.81958675974 325 303.166493959449 4425.08605243427
5830.57828976721 1980.1266986439 331 311.505904046551 4876.72305961616
5907.98295208228 1993.99776061288 354 311.958579093902 4370.17250904719
5799.73984515938 1985.46844332886 344 303.660288325401 4726.29496315216
5970.64579742209 1995.70559706366 358 171.431940653421 4540.98394995411
5838.22033619291 1957.55404760676 332 301.006268254935 4378.41420584132
5894.19424478726 1997.38188391447 360 231.942148856387 4928.46741563873
5750.05506558525 1978.57386032945 315 373.746504648676 4096.90889586907
5903.31711764607 1974.04796778792 342 449.582275535293 4040.21777605503
5866.78355540497 1948.77842988315 366 338.045361635944 4479.34186408491
6064.08130418424 1988.10657003994 351 403.235638819572 3611.32873950131
6067.87900651018 1989.10355352276 399 294.604497815673 4719.0146248282
6049.50029006033 1977.63856910864 420 353.630888356268 4246.65599188971
5926.29395887728 1963.80642771967 370 317.916212912953 5104.38770532779
5913.61490344041 1991.65586325307 344 399.91500027595 4373.79760308884
5926.86187678952 1981.8664586459 352 334.725189086506 4226.79835699571
5882.57158681682 1974.64127700379 338 225.772860371519 4431.98058378656
5930.66500419906 1979.95600244021 367 270.975943891168 4674.75536159241
5870.48684649898 1983.6103725952 346 309.646735257662 5269.1229883563
5962.96459999245 1957.46526118906 365 249.644762192153 4241.59311984051
5983.52458256766 1982.81856336725 379 351.50785372811 4502.67354136606
6065.73678956157 1988.43505877203 419 337.184498632263 5108.49268754104
5892.81121448832 1982.86001346746 336 221.030243443824 4909.53692387011
5919.7680356085 1994.76178768619 345 357.804154767644 4526.63162483164
5855.04738222216 1988.45958178186 341 282.41497010965 4729.07720334054
6029.37933201746 1988.22806884156 363 498.415119373673 4252.93163061482
5873.20010266375 1995.8909389024 338 327.189629424855 5032.32684137335
5864.71306578382 1988.88152712413 361 427.526715267468 5996.25894148642
5967.00879083415 1996.15020505905 338 337.1918017835 3565.62627800243
6004.2330219975 1985.0407232917 362 419.201757325682 4544.5970266309
5818.26030144936 1989.28985569939 298 286.493883155976 4203.23405813535
5812.70167399429 1996.97812609903 316 319.912353252266 3838.95425236767
5921.99039763765 1978.72395138909 331 330.818442383351 4284.7453230878
5968.46994507031 1986.10693505303 359 342.355611840278 4283.95865511802
6024.48078471395 1983.75035503194 366 307.5290580748 4401.81675509546
5892.23443489175 1992.81798790532 316 320.168446757457 3797.2891271082
5957.91528331835 1984.23290403079 358 427.36291963533 3263.74308400575
5946.91914367925 1990.97586375747 347 277.401861834809 4687.56073532405
5848.56862142145 1974.6703079865 341 341.60990984706 3525.28003468546
5969.53867992023 1984.83276974961 347 295.330376223082 4341.33260510402
5942.30019355618 1996.10425852813 333 295.902887960491 4381.61620932012
5870.69564936096 1957.14645067281 378 291.207907831411 5132.80213095611
6057.33397915611 1974.8996375225 431 310.08505455043 5780.38729247316
5960.45370795325 1995.16638355276 377 324.842497423933 4750.44685105758
6249.63953927026 1969.40185095248 482 335.820222950678 5440.8206164154
6120.900214201 1994.86785467693 432 355.869664613265 4943.51259056883
6617.76566505522 1991.89434772669 549 148.412951130539 5552.60946160358
6173.23872796459 1997.46095996334 445 236.072348099764 5396.17742104855
6104.09001725716 1996.43460334803 440 333.871889286958 5901.71193453056
6330.15366712176 1995.81102886894 492 545.191651256702 4875.10164584886
5896.13694972406 1998.41560815794 339 246.802276292844 5101.28349920574
6082.99367700252 1996.05255194364 445 398.342562196794 6098.49678201638
6704.82173993474 1989.8039864363 555 12.7603180447637 7705.14891424647
6159.36090835402 1995.59060569482 464 250.504051649546 5334.71695668464
6038.83602452144 1996.11185145184 395 226.375388679175 4975.20540700297
5938.88876092483 1995.17528682388 380 352.572200513875 5310.18544974375
6067.82538151152 1993.96398189071 393 300.564075075815 3704.46164645001
5953.40308212344 1961.80571845416 412 340.537532265065 4912.83919279967
6115.92235247807 1992.26779990509 415 270.684143835269 4312.54984633526
6050.93449085795 1971.5833158349 428 347.145630250662 5280.18299947749
6304.86272106609 1985.92636834685 471 489.71313274569 5084.68682187755
6280.15237828085 1978.04704176883 490 234.257137006715 5363.18995634358
6073.23875974439 1997.84454309292 393 144.066143682156 4296.18325696357
6033.44579051663 1989.30828149892 377 279.040831945035 4297.79714628818
6111.42334833737 1996.37625935742 442 230.61234848154 4903.1047692357
6763.15153421499 1975.04161578625 595 4.31248969309089 7406.05151575324
6537.9245643813 1953.25526811255 521 175.622363929896 5197.5175158043
6060.56872344229 1995.13492389736 426 303.264294069349 5415.51099600459
6524.62334282759 1943.86754072965 533 11.3982735004426 5911.64994858946
6482.40055640342 1964.78564220272 533 575.136104893942 5136.66475656389
5983.74856240264 1997.35085540926 360 230.666805017135 5061.82160333704
5941.25951336267 1959.19987628581 409 256.736483773773 4779.28754048108
6341.14672476411 1973.69757279094 510 438.89223466658 5199.19077415118
6341.94849758547 1996.6537406386 493 250.837410630532 5049.22769296968
6144.6007968964 1922.99543372757 482 456.640416427975 5959.56203602316
5964.24325213363 1995.57924817489 380 282.108909469241 4675.37338975201
6810.85899880879 1996.59688030532 567 7.2563085117075 6660.14557278208
5906.03393548057 1997.00810611785 362 405.005038503808 5021.29472845531
5991.92650673662 1950.87016318071 431 375.343303515422 4784.99865347792
6637.79752229148 1993.28401769685 536 253.545964102064 5359.98446205887
6029.57846258281 1962.98841575291 428 366.953744930491 3785.53207637662
6014.4145088826 1960.81178010432 409 317.916837457247 4939.59484181919
6223.8031730809 1997.1642575729 464 306.29914897807 5026.83627542879
6165.30650608261 1989.29796971776 438 233.412516454173 5644.93071099283
5929.04521139603 1992.65862825049 360 394.459562580343 4380.81695807082
6202.96106254307 1990.89744973166 449 193.366945557799 5103.15750948189
6267.72597830634 1976.15552085835 490 441.01605377791 5366.73211939073
6447.41715848166 1965.08736207431 510 252.65235101579 5235.24751618819
5960.45370795325 1995.16638355276 377 324.842497423933 4750.44685105758
6832.84915663797 1926.31745467831 657 144.493306592521 5971.33265533908
6202.92978861299 1998.57557894474 447 289.858219982192 5709.71274250342
5992.54052175868 1946.17644918063 406 442.677132329277 6005.21226573164
6120.900214201 1994.86785467693 432 355.869664613265 4943.51259056883
6228.46601945662 1995.11729290448 455 216.546551939477 5147.78043246049
6104.09001725716 1996.43460334803 440 333.871889286958 5901.71193453056
6330.65184153218 1995.29486381817 492 545.367782508611 4776.06700663936
6170.27786468643 1997.19692511191 438 388.15617437981 4930.00759534141
6704.82173993474 1989.8039864363 555 12.7603180447637 7705.14891424647
7016.06307807 1981.52318735024 657 432.025024147164 7637.89643187573
6719.0360259037 1826.6856980249 657 692.832998641293 5893.19033504986
6371.86803631512 1967.67674327435 506 344.11998562493 5277.86487632817
6349.46429085648 1991.75939155847 485 400.138466397716 5247.94997527118
6954.63168502713 1978.81241975334 657 69.465276129415 6340.29863919538
6304.86272106609 1985.92636834685 471 489.71313274569 5084.68682187755
6447.41715848166 1965.08736207431 510 252.65235101579 5235.24751618819
5979.17988523349 1998.65019421737 380 318.221793953655 4678.12498387096
6175.29247666472 1728.53143936584 657 82.7245713368125 6212.04070806852
6263.17458859379 1996.58726553152 482 311.157973281016 5651.93659948417
6110.18531023005 1997.99844063389 406 259.85711214451 5213.82214642395
6914.02593842042 1932.94031367246 657 609.964558863555 8502.10010394039
6720.09965372729 1890.56529676636 657 577.951596647588 6416.11734003696
6231.58789085653 1986.22638331664 461 321.42260492715 5107.68253929294
6757.29070030599 1913.32752662701 657 238.120283365535 6821.99983413549
6228.46601945662 1995.11729290448 455 216.546551939477 5147.78043246049
6634.10323730728 1846.46881792913 657 67.4691673364822 6167.8407988273
6104.09001725716 1996.43460334803 440 333.871889286958 5901.71193453056
6402.20458113509 1722.56887352762 657 712.406577670543 7334.49982328328
6535.81881347593 1995.14496061709 525 258.9179325346 5272.9869244312
6704.82173993474 1989.8039864363 555 12.7603180447637 7705.14891424647
6277.92651587499 1988.94310171009 438 545.954288575272 5205.96292705434
6746.05079496658 1898.2098689613 657 285.337105863304 6803.26086008992
6321.46574673002 1743.70256676508 645 153.747739680908 5405.76925965944
6861.23636755172 1948.09046963868 657 498.654500023106 6522.36828106988
6114.23054214186 1695.83303412061 645 176.904838404773 5985.92692725621
6744.1619773971 1834.43046263315 657 868.770042411403 5608.14298483775
6508.04646679252 1757.18111832166 657 718.454491653579 6037.61560239583
7034.02836626688 1975.91917353615 657 628.579187176693 5939.9121016284
6954.63168502713 1978.81241975334 657 69.465276129415 6340.29863919538
6530.68609509591 1789.66486443903 657 392.59536181876 5114.03687422361
6653.93232976247 1933.57752992323 657 104.432956328125 6343.10247146953
6780.57208819509 1993.02713519168 579 153.042514824645 5540.3912926757
6746.05812626215 1970.19016667612 595 1.73094264542962 7686.57043631423
6220.24416000314 1736.90469445699 645 22.294180256847 5779.08564006345
6898.57227141603 1914.07708201598 657 571.613520240883 7258.62792586501
6780.10426276142 1890.08364655419 657 491.345799274206 7347.71400593791
6695.18926287493 1920.72728517708 657 20.4241429470829 6886.3887551584
6505.45206191233 1802.39580361439 645 598.009042881413 4281.84272452693
6798.12068116582 1997.76527079461 607 23.3087976273503 7363.19688465694
6854.52778662366 1995.01942445012 647 8.26104664554052 7917.29871901742
5850.1721075773 1631.01170001931 645 224.014205976439 6128.83994637422
6808.73853387133 1995.49450030475 567 8.00600607998238 6617.12811204808
6631.39708108922 1925.97267965071 635 43.5086386358969 6820.14263691138
6996.2596269541 1981.63634640742 657 491.85129817996 7293.99890948383
6519.48698473909 1865.39350581354 645 64.4909270105811 6979.25903289392
6341.27175461257 1666.70743832709 645 761.28660093215 5757.90803690798
6809.35680192921 1922.30303212889 657 561.47515800013 5980.05034819065
6653.05777522618 1847.27705465746 657 738.583362759626 6821.55204615798
5906.03393548057 1997.00810611785 362 405.005038503808 5021.29472845531
6733.12884720317 1880.39768297913 657 287.250677254339 5647.76978231756
6223.8031730809 1997.1642575729 464 306.29914897807 5026.83627542879
6243.40714662809 1996.71496854034 458 352.830203414184 4827.64475805229
6974.75961832931 1979.13562416307 657 293.766381508078 7282.31707378999
6705.53863641905 1992.06713490861 582 69.8013819924069 6086.15480439658
6758.30436561205 1989.86210968282 582 21.9020034270567 7885.15509108769
6719.99671724203 1986.64328815307 582 81.9105969859005 6465.77359755931
