6095.2152761897 1989.91911836884 484 325.212061267213 5334.90031626196
6039.02681050951 1985.99669454668 501 154.029005222628 5687.37832137362
6155.19971809408 1989.68140787929 523 392.795355093711 5470.34466948602
5981.71615840936 1988.93912689003 424 376.61032919835 4595.32107797561
5963.02471999962 1987.96060005766 465 171.497639398141 4806.91846032208
6119.63014651499 1991.20336393332 449 298.017140259725 4690.81094011637
5976.35871200507 1996.24574851269 448 272.385907683442 4851.54895606352
5907.06649970086 1984.87233378716 420 303.907527469087 5124.28233118293
6011.67392977107 1995.62368494486 462 219.249277893751 6272.85234848627
5974.10419893629 1990.0679156378 451 367.572879001926 3873.51785360936
6188.20991688352 1981.11010841 520 305.187477848613 6224.68366440988
6179.89622815576 1999.13363963735 504 286.474683994133 5134.06527795327
5910.66884783228 1992.01220926177 391 255.814069770659 4960.49081678303
5899.5245787534 1991.57898221613 448 448.48267501188 4858.81725400865
6155.14496504354 1998.05745036938 494 226.084949642168 4853.01885507328
6211.23859693861 1992.24486241944 526 280.773884694057 5461.92519273929
6105.74197225171 1993.77294525497 436 214.144858327016 4856.97740366751
6056.46233964561 1994.63775043043 484 283.647673760498 5145.92826512636
6096.96538899479 1978.67160123996 502 271.562326278728 5607.76022496258
6035.87598194791 1975.08163571515 451 414.71901928296 4748.83334582081
6131.20816931655 1989.91824307868 463 403.430108969203 4311.83967493121
5866.61114598427 1996.41549225779 436 352.9801921008 5822.02965923346
6122.51722409644 1995.52639252962 475 167.240605581046 5532.51180750263
6168.10979126921 1987.90889150094 508 162.895061244524 5530.40072972358
5994.09607788511 1997.35869487102 436 307.097532423671 4406.41499968239
6159.05919266957 1982.67972921911 487 184.867974443498 5865.0838203594
5999.72412052925 1996.84666373327 455 392.192564046313 4690.14602863163
6126.81040918196 1989.02669009676 493 317.882958367111 5210.27774231898
6104.88830240155 1994.37851570988 436 329.240878798125 4579.40451486828
6057.52523989431 1998.95367422897 469 369.286504067053 4166.9704675004
6222.93801318278 1984.89414449703 512 401.111137452077 5223.31955035824
5887.01273680203 1991.64859949965 367 347.770212778684 5125.90249988689
6018.0059683769 1997.52320253178 473 379.416706606369 4509.70551478738
5958.12419194427 1983.56199903737 478 233.176701275 5674.78815225847
6115.37207573749 1990.82394204145 456 205.57197978242 5056.57547914633
6070.26410429844 1988.74796906265 521 292.515243585409 6264.89668864487
6052.99595590929 1996.27776060644 420 206.646154566119 5060.28254229136
5843.32698919652 1977.64744602658 431 203.042972609163 5128.320966365
6167.56006135688 1980.43709911369 511 177.99226916618 5239.09257771987
5875.73081340616 1988.2321438358 395 261.553020856427 5221.71986903796
5900.45213337245 1989.51189402281 441 383.149355077744 5064.58987794623
5868.72654036723 1995.32268553045 446 366.187857414749 4824.36990598798
5932.11292884775 1980.09430366144 499 261.712305127332 6115.74785235572
6037.0625524836 1992.64623013363 518 240.099444560402 6021.61295047901
5886.08789074765 1989.72923666496 444 279.040175815345 5654.70716345398
6129.62290791183 1998.64939210476 500 208.389762259675 5516.53982508188
6043.65491380477 1998.51947297271 437 337.067880696692 3856.89676175428
6163.95672555225 1994.90669225283 550 224.852376524383 5771.08147441112
5979.27404463195 1990.70536986638 450 368.500577907275 4901.66558222049
5848.56441109043 1986.96051765578 383 381.262189030946 4013.35517134238
6263.68168679548 1977.21458708318 540 389.136277648735 5594.22643903083
6088.36169761243 1945.92166787863 467 296.97904401704 5285.34913356897
6773.61076744135 1989.57398197306 669 225.500938367639 5923.19050676191
6719.66427335225 1997.6466036624 609 115.70627107838 6758.55949983181
5960.38203497937 1996.48459258145 490 149.465788174711 4890.65329894786
6370.17073911699 1961.19115587597 570 214.97118220457 5639.00986293675
6276.95899479573 1928.46907733688 569 440.141452909094 5404.8603624749
6126.32569405304 1982.10742814033 512 347.047524261051 5065.63462136985
6299.74353338154 1994.0694841418 520 172.487703490674 5721.97889961314
6516.15754383058 1998.03615485689 629 479.790047384958 6540.62963652974
6029.4882870866 1991.80655303254 481 453.496527592862 5122.23176899134
6219.91968525263 1996.86890820409 553 145.623284966586 6454.29032125816
6091.34831728208 1972.58946657293 487 350.408004526208 4659.6156730098
6771.27312043798 1975.2359112881 679 33.1247592274743 8570.31305284332
6051.72345677189 1972.96487226715 485 337.242852086714 5403.81987252317
6035.94567447173 1850.55121700093 595 202.243662975068 6287.13802445342
5980.715989477 1955.34923052757 454 375.739968937259 4828.84949081529
6042.31631918705 1976.84576622977 493 335.116527287533 4696.51580245969
6404.31739779358 1999.66732888773 549 89.3055160058253 6317.31487802324
6324.03807816914 1974.94364439701 562 185.805485359302 6014.26978815635
6233.6811720538 1998.36200003048 535 253.851691914982 4902.63538837253
6722.5129872707 1998.68473475027 683 134.453034682179 7558.7058571804
5968.90638158888 1997.06562075987 506 330.705036765023 6850.68767238432
6256.49145072827 1916.11757830132 590 326.901240008198 5907.95380205822
6649.77477656587 1998.66501393557 644 253.64892121206 6836.69264919001
6288.27384846414 1998.93100537056 563 109.463570522136 7281.62468106806
6139.30945343289 1997.0238497989 536 160.68841628748 6467.84112685753
6290.30900034227 1934.85226521711 580 528.667791694301 6217.00098892869
5932.0538279862 1980.20275672079 481 236.107790125928 5002.73429396347
6246.31058930357 1997.61627889052 520 135.246903952376 6324.13874293728
6433.11863737289 1998.21964434921 598 479.451747741876 5555.0029864859
6168.67765404863 1997.18769302379 559 409.300839537281 7369.96837807591
6050.08510608594 1997.80018978703 439 287.302421667246 4532.84764061796
5933.70589455138 1950.04080447238 479 399.370512986134 5016.8454096443
6206.57397703417 1996.73240168645 519 172.596112132636 6240.25540000362
6837.30726495008 1994.40842659573 620 126.830586514257 6413.70625796586
6438.95269572277 1988.02756793817 600 236.901812041194 5582.77286379771
6588.77541556464 1979.12709674921 636 332.014885667084 6511.59349471495
5963.90131318026 1940.64213868273 497 232.798702508364 5606.00131007666
6272.38788817024 1964.62815452328 556 178.788808954916 5620.35979546679
5920.4953970766 1949.47471386639 462 417.733869607717 3768.38257750459
6363.1792412388 1986.34628595315 556 180.361877319641 6798.03841963655
6204.39472736027 1952.09824146117 538 217.91700538655 5683.28920541529
6318.85062212847 1943.11999547356 579 349.09712674824 5604.27935516013
6177.16211327581 1968.25772820944 515 348.862201573963 5520.21692290697
6386.81814214744 1998.34006977624 582 257.779329886819 6018.10511641711
6251.55558958597 1994.45855153613 563 209.271230681878 7162.27870276679
6325.09218019551 1997.83437265648 580 568.77337482059 6925.44265252427
6617.91162859336 1984.62321560012 627 286.328059657524 6209.24907408847
6259.84198236682 1998.73310397665 569 474.97436619553 6443.42100712268
6316.9315462928 1995.44993102573 580 273.730554999148 6245.54893139762
6477.38779598885 1996.66014647797 570 272.168294935351 5913.19902769345
6032.61233076417 1915.11113450699 543 428.230645203174 4911.00757249945
6296.13248137858 1999.1027036095 523 137.922477819304 5729.32920630924
6096.29775622248 1993.27392809691 519 362.654944681771 6037.30029358683
6073.9530318421 1978.52002216181 534 293.743638156663 6249.91941764457
6284.09823961633 1962.38742556766 509 283.57426290927 5598.72935991066
6378.11914004656 1968.27032272653 541 91.697750453906 5812.01233439543
6446.33327767749 1998.34846677019 616 112.938472825632 7033.71921167138
6674.71565878099 1980.95061912759 635 187.568701471499 6840.89920628597
6725.39645451644 1977.42444894031 630 86.3733491604651 7149.72724343886
5980.85888787172 1994.65625533197 462 246.548105838545 6573.34095850788
6368.62105715721 1997.86593545248 570 331.890036773632 5867.74604819177
6000.00133409485 1976.04372444993 518 226.996325139542 5638.56710916959
5914.02941200658 1996.98760831404 454 269.161356235914 5720.03250829573
6246.19096027934 1997.07716829429 551 167.176732110287 5993.74599338148
6283.92844998519 1983.18917695427 522 422.017404083118 4609.81086030139
6143.61474220762 1985.62445500733 556 277.992904540075 5976.98836952214
6183.77949315095 1996.83653862576 556 231.860783219846 5790.37993814047
6082.49448448559 1998.05934971843 503 342.681969076941 5412.87934756273
5993.43716375275 1991.11887523418 505 332.972217568011 7080.43782921593
6279.05253197705 1991.02311106972 537 255.690925922963 5876.44505461294
6175.07180825632 1998.52589741351 492 271.978441776041 5527.78327405017
6211.01393610842 1997.29684462966 533 347.16506403088 5663.75600885711
6602.19351763214 1980.81630914633 619 182.00507244819 7850.94893981298
6056.61716327819 1933.82400634163 505 436.124835477257 4849.68283897276
6043.80168367086 1944.22568985752 486 360.971186273032 5776.31682714044
6067.45274078731 1992.28817855692 508 461.238336443863 5058.09241945499
6086.38171582044 1985.25991926908 445 293.3696519565 5614.00935890959
6020.95628065176 1993.54077348464 450 238.66134932949 5239.43815592024
6040.840255843 1986.81247130212 471 290.350651595307 5104.24754212852
6139.01418094977 1970.92895093498 534 342.645277921046 7668.5105334483
6042.25166334007 1997.87546997091 451 397.49611507399 4557.20175297595
5939.70442296837 1981.59362847578 461 324.198536920729 5865.66166122725
5976.81263758889 1989.89151669604 454 255.061700707103 5496.51116509304
6218.589964958 1995.41095443166 525 465.798293672642 5434.37483512421
5954.4865027998 1992.14421920106 442 242.023408312623 5782.97121823982
6024.27971070877 1988.46926161333 458 394.118513742271 5183.83858115915
6263.68168679548 1977.21458708318 540 389.136277648735 5594.22643903083
7024.53494832482 1996.74065101478 761 276.438677108191 7225.66301450447
6812.10133829619 1996.14402342827 648 132.254545304135 7922.36669096137
6407.74000905717 1956.38460144933 604 296.812578120492 6728.35402421714
6257.90979920916 1994.78896650363 585 207.043741179469 6997.24686187016
6719.66427335225 1997.6466036624 609 115.70627107838 6758.55949983181
6130.74337616355 1965.43204691866 526 338.1350821617 6382.01136617052
5960.38203497937 1996.48459258145 490 149.465788174711 4890.65329894786
6346.28497482476 1928.57860905287 572 408.553150728087 6334.9999419677
6795.30748850544 1949.22410764062 660 440.587480592794 7449.42229291651
5912.31070322965 1916.50899852172 505 383.292458015899 5822.38324702517
6758.87832476844 1993.42217085098 660 228.819457015862 6664.47280782653
6570.72540062964 1999.56275371885 627 336.279344084116 7172.51704226498
6379.06419508063 1998.78304001792 599 303.673116855598 6434.29001989258
6299.74353338154 1994.0694841418 520 172.487703490674 5721.97889961314
6516.15754383058 1998.03615485689 629 479.790047384958 6540.62963652974
6512.44234513441 1985.62797342107 627 491.374908454895 5541.71483154682
6701.17348518776 1990.84731809271 650 412.922278909629 7272.05870731862
6116.45450001018 1950.07352240924 518 422.749328146675 5488.25659421678
6479.79203080615 1998.73181519235 614 67.7827140944207 7007.90404684592
6445.38921266403 1925.25328658293 614 258.831866117371 7261.92298455093
6779.41132425251 1994.49927047878 687 232.191682105095 6986.68826654102
6103.18126576124 1948.07067046299 508 346.224425470686 4410.979763904
6709.6113612154 1987.28934271193 662 64.3662608249284 8601.16036532785
6913.24348001884 1984.39649553622 673 88.9633320154693 7607.18549917946
6379.68666128368 1985.54251580481 605 113.441444941217 6251.85881365498
6916.86880034978 1949.1694928949 730 295.995973028588 8186.03594566431
6042.31631918705 1976.84576622977 493 335.116527287533 4696.51580245969
6555.99081494496 1981.86856476369 582 142.930166902565 6714.76118879106
6218.72852317436 1920.90264961225 562 223.038035589576 5886.21962596209
6884.98903408845 1995.87167819945 680 458.184111068427 7843.28360749681
6621.50056511381 1998.81470119425 656 411.877060260496 6962.48662627209
6410.46425910244 1983.83827401636 589 189.993615528439 6024.85277248709
6683.71063952952 1978.93801077119 617 326.270880592841 6059.38494319709
6475.03389318632 1987.58609851632 610 168.5354367942 6128.16789579247
6485.62720037443 1955.74995483418 593 250.761416380609 7641.82680096052
6722.5129872707 1998.68473475027 683 134.453034682179 7558.7058571804
6666.06343981181 1995.05864425769 642 123.004133557108 7016.04892309451
6654.44663713709 1998.163391815 596 55.2668870386999 7297.77990755571
6425.56439501998 1998.94318835424 580 529.600143462602 5894.30944698912
5968.90638158888 1997.06562075987 506 330.705036765023 6850.68767238432
6844.85080767755 1986.21757507431 683 531.742764791439 8930.83088615577
6466.90744008419 1953.01949724264 599 252.507953536375 6547.74040906607
6856.25880359155 1994.32887750856 680 326.65204907034 7090.06973023119
6288.27384846414 1998.93100537056 563 109.463570522136 7281.62468106806
6096.58277175913 1959.07609861276 490 492.846091462426 5921.30553550803
6319.08727250638 1990.32436049678 622 224.249473774377 7160.92597861511
6388.66867961413 1998.29283869939 595 134.908646354394 6882.38848241484
6246.31058930357 1997.61627889052 520 135.246903952376 6324.13874293728
6751.17032122121 1976.77050746293 642 367.003496533404 6690.49589083843
6761.13141078823 1991.00631455701 654 199.83680507227 8470.85034957418
6135.77480428992 1983.08268595893 495 317.598305006178 4718.47335455715
6415.1927343179 1972.84486975906 635 509.163781942139 8331.97788612934
6714.22722735017 1987.70737691176 654 631.796786823538 8549.23989243031
6194.14010793322 1952.76134959235 553 446.803108873743 6736.93944784396
5933.70589455138 1950.04080447238 479 399.370512986134 5016.8454096443
6941.8922430161 1998.89822454301 725 303.235442259731 7502.14479110712
7105.98325183746 1998.37223803922 734 202.788831144464 7983.48078413241
6480.50566952051 1993.04636568167 607 286.002383662918 7948.91120841897
7010.73421606173 1995.55247385412 750 398.185138335968 9067.42115336096
7128.63274472559 1997.68201030804 695 248.834612547345 7016.97386413388
6548.39029746202 1982.99271099734 618 446.599024342374 7065.80767682836
