1546.64866929871 445.368023326141 178 56.3983770020904 21.7644669306921
1534.94887014104 440.89821720214 155 48.9194622774741 51.7951637835189
1596.57895927504 450.836132746508 178 37.038745335772 52.8361327465084
1545.81054775741 448.944518445541 172 44.6407347328464 85.2653309845118
1605.80003549942 450.277206660504 197 56.3004971173108 35.2772066605037
1592.06151382089 450.37393290046 172 26.0285447885461 81.5851865187368
1546.64866929871 445.368023326141 178 56.3983770020904 21.7644669306921
1626.92757164084 439.590834166764 209 98.4596448291731 41.4189641787571
1513.288751211 437.799240529619 178 29.4378019366697 201.053810565064
1534.95726751389 409.340595606535 198 8.06556268496107 172.3198505286
1553.30919555888 420.477195593017 214 96.6225069663869 107.909983558313
1534.94887014104 440.89821720214 155 48.9194622774741 51.7951637835189
1665.93830855536 450.508692587692 225 7.38994270885063 296.953285092396
1517.29740432462 440.25726257215 178 35.2813053693037 155.840809950269
1627.96649725539 442.270219456032 200 18.9487583179303 128.810430037106
1613.75381793633 429.343688737632 238 88.1682572210003 63.1498617659467
1531.62524565307 423.929003645427 195 1.42313096275239 124.224660152276
1502.33062114523 429.653063662683 178 70.9893410693517 89.4266286883485
1549.6362910916 422.460364740899 178 53.6354848355236 25.9157298534458
1562.82080168376 433.57784015452 198 49.4630215236809 224.865847880118
1545.81054775741 448.944518445541 172 44.6407347328464 85.2653309845118
1528.68223366347 422.985756035386 195 45.296839794728 172.032246590346
1628.26535578489 438.891260539159 217 64.2431872750008 23.8912605391594
1731.20505851737 459.188586347937 242 21.5989355075717 282.559084806913
1637.69811032149 435.598270885375 225 81.3481309131102 62.9560335760235
1546.64866929871 445.368023326141 178 56.3983770020904 21.7644669306921
1675.21177306737 425.462661988498 225 7.38008758612566 201.462661988498
1583.27746110081 428.555671685176 190 48.353918784062 110.555671685176
1574.00307855441 433.81252530173 198 62.7231506991286 102.001137000889
1513.288751211 437.799240529619 178 29.4378019366697 201.053810565064
1534.95726751389 409.340595606535 198 8.06556268496107 172.3198505286
1527.71677124943 412.522931190626 214 87.5742185782777 92.0014547535319
1569.76140994216 433.920101541129 178 36.611370795623 25.8904591708071
1665.93830855536 450.508692587692 225 7.38994270885063 296.953285092396
1517.29740432462 440.25726257215 178 35.2813053693037 155.840809950269
1714.00566616567 448.308185682897 261 96.0451309616305 147.547051408216
1613.75381793633 429.343688737632 238 88.1682572210003 63.1498617659467
1634.43582941447 444.108685334418 201 6.32215905465192 186.876882222223
1849.3817069145 446.616694135705 246 67.1624791624497 98.9984780258476
1559.18591919472 435.231592739902 204 34.6789486082513 148.4547827423
1570.86364889793 434.031881907166 195 46.6902839172504 160.126470317181
1727.64466949528 432.411543885275 246 27.9995219845957 233.642747883052
1531.62524565307 423.929003645427 195 1.42313096275239 124.224660152276
1502.33062114523 429.653063662683 178 70.9893410693517 89.4266286883485
1549.6362910916 422.460364740899 178 53.6354848355236 25.9157298534458
1508.51834177464 404.620774810581 195 57.8255206007575 14.1262312235118
1577.73045967163 413.692099078254 202 63.8130854860385 24.4847770088695
1436.3356647083 409.725689921781 178 12.6473972309707 172.032246590346
1628.26535578489 438.891260539159 217 64.2431872750008 23.8912605391594
1785.7271090096 420.10804656123 240 110.611555521676 210.217012972805
1530.87849241726 414.693317938962 195 50.9254091509621 192.966876826595
1731.20505851737 459.188586347937 242 21.5989355075717 282.559084806913
1590.21713720815 415.369324484954 215 77.6392043790192 86.8132966166769
1775.43654865443 437.172179812132 248 151.433695997785 89.9480632376758
1593.01171787092 439.8883203045 198 68.6248772291996 45.7411109379844
1533.30768884639 427.49363433469 178 72.0861187246172 114.894183781092
1582.15004756124 436.604585432595 190 59.5642441966578 56.2983953800775
1529.88416706668 426.599726002915 178 71.7991545454688 139.343674662867
1582.16844872093 433.842260200555 198 90.0221468494749 54.9735883417348
1524.69295109 444.487958109621 155 80.1569134547584 102.487958109621
1761.09107287042 443.958211455224 235 22.9828300410187 219.958211455224
1731.72963460869 442.707407808297 227 4.20851693932701 227.71290458689
1717.91122213593 445.975761962418 241 57.8395911882884 310.027786158431
1534.95726751389 409.340595606535 198 8.06556268496107 172.3198505286
1517.77125480736 430.479120241676 178 65.3750765762734 168.136768506813
1527.71677124943 412.522931190626 214 87.5742185782777 92.0014547535319
1694.00496334226 449.024700076219 231 59.0870752310653 64.4511069474114
1563.13774596227 429.587581203607 180 40.0929640358159 75.0162668020787
1569.88604088065 434.754597831671 195 45.0146173458292 130.861392609168
1533.30768884639 427.49363433469 178 72.0861187246172 114.894183781092
1794.45509081484 438.832381903132 239 88.1750556702077 75.1792286028613
1575.60763717587 435.212735139555 198 67.0384554431423 154.527248473714
1665.93830855536 450.508692587692 225 7.38994270885063 296.953285092396
1613.80382300588 437.977351575345 217 1.16113383053062 190.84580983051
1556.6973382907 448.118582170716 155 71.8300692543446 94.0122665075595
1712.23525634901 447.381814157171 261 95.4191965682104 144.767936831038
1630.80925857836 438.310531474357 210 42.3606151579642 40.3105314743569
1613.75381793633 429.343688737632 238 88.1682572210003 63.1498617659467
1634.43582941447 444.108685334418 201 6.32215905465192 186.876882222223
1761.14966192455 442.356707290238 244 29.9249791848379 192.92145337489
1630.423991767 435.001776574142 234 101.538725444728 40.2915326893123
1621.36224798089 437.382319778494 206 33.0935220531416 184.287875134154
1849.3817069145 446.616694135705 246 67.1624791624497 98.9984780258476
1598.02458124647 419.123979716268 189 36.7092947143194 32.1239797162679
1518.63002821087 423.392028279126 178 39.0250269004661 125.259409479997
1587.19041942076 450.013578930718 168 70.1391296208048 58.3606461783864
1781.06030340856 442.236381632522 257 96.7742961941005 253.292423377545
1531.62524565307 423.929003645427 195 1.42313096275239 124.224660152276
1603.02568535813 429.280051499509 217 35.3882597008724 101.977662902779
1568.52545933049 433.162083719486 198 58.1373946486904 134.365012716942
1598.78390752404 448.39658178576 199 64.5654297565712 143.000498304635
1584.43614132823 444.591575718109 178 59.1219574870433 109.264966175453
1587.96443313463 441.32447808893 195 47.0252697307176 132.796687931893
1642.03764061885 447.633286915491 215 10.6193197847508 27.2578864947631
1897.81310283829 454.382947003281 263 72.5378673059969 132.75383133498
1633.38516602468 435.69118659269 217 52.9940936654815 198.524250740522
1628.26535578489 438.891260539159 217 64.2431872750008 23.8912605391594
1926.44309860542 440.878910397223 284 89.1391777514936 262.675952477842
1606.10481956045 422.898477046504 215 25.6923176160244 209.377195041678
1659.81891528282 447.501194076801 226 46.8377484895227 251.07031543999
1672.98714193876 458.675492610499 212 39.3308402769766 49.6461431201612
1671.93901292616 420.398285396454 225 117.988019733599 121.224824762474
1781.65903709722 441.663580611658 244 98.8126686177954 147.172932620616
1731.72963460869 442.707407808297 227 4.20851693932701 227.71290458689
1858.01511788755 450.330649178209 246 104.009167547443 66.4809584689197
1580.97135563887 419.202943384151 189 71.6119407776412 161.023062504593
1527.71677124943 412.522931190626 214 87.5742185782777 92.0014547535319
1745.81992116788 447.543890811586 245 138.68728928264 193.071237999853
1694.00496334226 449.024700076219 231 59.0870752310653 64.4511069474114
1589.53054570394 420.41506857644 225 19.6242809149144 266.859661081143
1613.80382300588 437.977351575345 217 1.16113383053062 190.84580983051
1556.6973382907 448.118582170716 155 71.8300692543446 94.0122665075595
1855.90251333057 459.634807484966 281 103.06454045547 169.877321774508
1630.80925857836 438.310531474357 210 42.3606151579642 40.3105314743569
1613.75381793633 429.343688737632 238 88.1682572210003 63.1498617659467
1613.62750559988 430.53447536625 206 47.3613282076663 107.907198677026
1634.43582941447 444.108685334418 201 6.32215905465192 186.876882222223
1761.14966192455 442.356707290238 244 29.9249791848379 192.92145337489
1630.423991767 435.001776574142 234 101.538725444728 40.2915326893123
1609.74854446091 424.592621964433 206 21.7033169867187 30.951585290962
1849.3817069145 446.616694135705 246 67.1624791624497 98.9984780258476
1598.02458124647 419.123979716268 189 36.7092947143194 32.1239797162679
1518.63002821087 423.392028279126 178 39.0250269004661 125.259409479997
1671.93901292616 420.398285396454 225 117.988019733599 121.224824762474
1781.65903709722 441.663580611658 244 98.8126686177954 147.172932620616
1731.72963460869 442.707407808297 227 4.20851693932701 227.71290458689
1713.29884568073 445.747563877545 240 35.9724641059647 218.13014519664
1858.01511788755 450.330649178209 246 104.009167547443 66.4809584689197
1583.85586985192 421.165421223295 199 56.4954664834465 125.730351015017
1727.0475154743 438.314389715225 246 72.6732907826543 218.314389715225
1580.97135563887 419.202943384151 189 71.6119407776412 161.023062504593
1718.55177919784 422.563393601832 236 110.580898520087 237.648834700012
1694.95496519844 441.999188717967 229 13.4675802702641 214.605058123942
1611.10347139715 432.045999794998 234 58.0925680106664 84.2279610891991
1694.00496334226 449.024700076219 231 59.0870752310653 64.4511069474114
1589.53054570394 420.41506857644 225 19.6242809149144 266.859661081143
1613.80382300588 437.977351575345 217 1.16113383053062 190.84580983051
1773.25673582542 449.418249392212 270 73.8448456003074 159.660763681755
1630.80925857836 438.310531474357 210 42.3606151579642 40.3105314743569
1613.75381793633 429.343688737632 238 88.1682572210003 63.1498617659467
1831.79813229786 450.406413207382 246 54.9029854255521 209.020865209178
1630.423991767 435.001776574142 234 101.538725444728 40.2915326893123
1652.77920840342 424.415567957602 204 45.2919173828208 145.495032632176
1815.1665831492 445.848521032733 239 36.8306785149123 85.6412355049825
1849.3817069145 446.616694135705 246 67.1624791624497 98.9984780258476
1706.56383239367 438.017010790887 209 75.083714969865 51.0170107908866
1518.63002821087 423.392028279126 178 39.0250269004661 125.259409479997
1717.87488285626 409.459009618985 229 49.0404347974054 112.471870646038
1781.06030340856 442.236381632522 257 96.7742961941005 253.292423377545
1844.81943895518 453.496140816702 246 64.1036248939869 188.962750394703
1855.31443124035 447.106042507237 246 44.7843482785585 216.526244070801
1732.36516225589 435.970723755483 244 74.3365506162858 75.1893560854412
1619.72361925861 436.2531485136 211 42.2119918657401 134.750623196658
1782.91595887756 438.128345175383 244 111.19587041044 97.1283451753835
1783.80210617261 420.585416090233 246 83.5784231643429 77.3133720631194
1781.59513866553 441.642281134428 254 98.7900771106179 157.934035017098
1917.39519834541 439.153909203589 266 115.090874992499 315.038372194184
1731.72963460869 442.707407808297 227 4.20851693932701 227.71290458689
1713.29884568073 445.747563877545 240 35.9724641059647 218.13014519664
1858.01511788755 450.330649178209 246 104.009167547443 66.4809584689197
1583.85586985192 421.165421223295 199 56.4954664834465 125.730351015017
1738.81971310228 441.920008839511 246 76.8353911687598 221.920008839511
1718.55177919784 422.563393601832 236 110.580898520087 237.648834700012
1727.28331881675 435.919776498159 237 24.8973793043173 199.882095861072
1601.36109000461 422.059455792483 234 61.5370199844527 71.8986591303865
1638.7246297033 440.646700676349 205 31.4720483890388 58.7545554048734
1694.00496334226 449.024700076219 231 59.0870752310653 64.4511069474114
1875.25868065328 444.064223105727 255 61.8586418104588 219.803973164356
1691.35020617501 426.447474341402 214 4.37477896863945 190.311539465599
1589.53054570394 420.41506857644 225 19.6242809149144 266.859661081143
1779.7290130371 445.303166292998 265 129.995939757582 130.394083009938
1630.80925857836 438.310531474357 210 42.3606151579642 40.3105314743569
1774.20480911289 450.527754458582 239 25.4382476696524 158.590717809282
1718.37448444122 445.914887457614 265 138.991997012196 106.14597055983
1831.79813229786 450.406413207382 246 54.9029854255521 209.020865209178
1576.98111832754 403.817184463656 234 120.433634552296 33.3220868956922
1652.77920840342 424.415567957602 204 45.2919173828208 145.495032632176
1815.1665831492 445.848521032733 239 36.8306785149123 85.6412355049825
1849.3817069145 446.616694135705 246 67.1624791624497 98.9984780258476
1702.94978172245 433.094498499899 209 106.407913587384 46.0944984998993
1797.51688009363 427.432832580054 246 88.4273279853405 127.413581550447
1710.20822539405 420.09942137709 233 118.333177018636 286.335611664127
1781.59513866553 441.642281134428 254 98.7900771106179 157.934035017098
1917.39519834541 439.153909203589 266 115.090874992499 315.038372194184
1840.34050632953 454.191987082392 256 42.6082588915233 239.197483860984
1809.43167044821 458.108243652543 244 69.9605502498187 230.490824971638
1858.01511788755 450.330649178209 246 104.009167547443 66.4809584689197
1583.85586985192 421.165421223295 199 56.4954664834465 125.730351015017
1738.81971310228 441.920008839511 246 76.8353911687598 221.920008839511
1849.56771802714 429.604087557163 257 104.916162411484 234.639505349872
1848.63873924085 454.423265764421 256 71.0338928394707 277.742151783646
1727.28331881675 435.919776498159 237 24.8973793043173 199.882095861072
1601.36109000461 422.059455792483 234 61.5370199844527 71.8986591303865
1797.51688009363 427.432832580054 246 88.4273279853405 127.413581550447
1710.20822539405 420.09942137709 233 118.333177018636 286.335611664127
1781.59513866553 441.642281134428 254 98.7900771106179 157.934035017098
1917.39519834541 439.153909203589 266 115.090874992499 315.038372194184
1840.34050632953 454.191987082392 256 42.6082588915233 239.197483860984
1703.26268636307 440.035621925679 229 119.805058909637 131.035621925679
1797.51688009363 427.432832580054 246 88.4273279853405 127.413581550447
