20990.4310495805 3526.52575045713 620 980.723894730514 7912.69403998851
20949.2974721706 3507.95793329002 620 988.640055393958 7876.00466809835
21031.7573472297 3542.02735056652 620 972.770645039739 8015.52527407072
21597.8927600673 3645.08318308954 640 863.817834039865 7382.27652174517
21585.1920588186 3643.87414101212 640 866.262085134817 7613.64512400958
21613.1555890521 3652.26474057633 640 860.880501232211 7610.40480546738
21574.833174916 3644.74381396984 640 868.255653271378 6913.48620617992
21538.7108614215 3636.5197063356 640 875.207395744634 6673.59253189458
21595.1477642935 3645.58816453104 640 864.346108722846 7343.19558483001
21597.8927600673 3645.08318308954 640 863.817834039865 7382.27652174517
21608.0877114877 3651.21089310016 640 861.855814724221 7591.20634950857
21572.305675744 3635.52965645794 640 868.742070713824 7599.14832607072
21966.5992418885 3608.5621459877 650 792.860238529405 7451.1263055641
20963.1114376719 3517.81555487751 620 985.981556493726 7897.17090378933
22006.0546507466 3624.83772223102 650 785.267041554321 8009.0731303764
21133.9608030026 3591.89412498191 620 953.101580805539 8377.44954357126
22004.7442972268 3626.79676669 650 785.519219206782 8355.60520859496
21059.1567075347 3549.25977467684 620 967.497635690483 8060.81597421094
22006.0546507466 3624.83772223102 650 785.267041554321 8009.0731303764
21613.1555890521 3652.26474057633 640 860.880501232211 7610.40480546738
21031.404091601 3584.20491520043 620 972.838629117162 6796.70275688572
21557.4414922878 3591.36511955241 630 871.602684153723 8023.38556489511
21610.1611794004 3653.87293824417 640 861.456775638369 7526.1656839173
21009.8253671785 3529.28038878318 620 976.991456568537 7643.39780652735
21585.9652118763 3643.15668896906 640 866.113291759481 7328.37360773867
21043.3644948981 3548.62967583357 620 970.536848429431 8650.12759933776
21587.2325156993 3644.85233319102 640 865.869399025042 7439.44449965825
21031.7573472297 3542.02735056652 620 972.770645039739 8015.52527407072
20966.9453198909 3516.79544844689 620 985.243725516656 7823.17215796699
21009.8253671785 3529.28038878318 620 976.991456568537 7643.39780652735
20966.9453198909 3516.79544844689 620 985.243725516656 7823.17215796699
21613.1555890521 3652.26474057633 640 860.880501232211 7610.40480546738
20991.2519208355 3527.61503526767 620 980.565917983849 7668.73599164467
20966.9453198909 3516.79544844689 620 985.243725516656 7823.17215796699
20966.9453198909 3516.79544844689 620 985.243725516656 7823.17215796699
21009.8253671785 3529.28038878318 620 976.991456568537 7643.39780652735
21014.5793036245 3533.43832876395 620 976.076561072933 7852.71835585308
21614.1389961158 3611.10503690357 630 860.691244454564 8490.03980333238
21614.1389961158 3611.10503690357 630 860.691244454564 8490.03980333238
21009.8253671785 3529.28038878318 620 976.991456568537 7643.39780652735
20934.5561841738 3508.31139413776 620 991.477017591677 8064.94498606833
21034.2330138994 3543.16385416182 620 972.294202766996 8117.52198622104
21017.8550596006 3539.42735486655 620 975.446141541399 8188.43167298012
21589.8670965234 3603.58742718489 640 865.362373709044 8152.92650277484
21614.1389961158 3611.10503690357 630 860.691244454564 8490.03980333238
21121.7069960833 3585.33241163747 630 955.459827046677 8239.60592959368
21671.9094270938 3649.3209814505 640 849.57331982911 8149.15874567366
21614.1389961158 3611.10503690357 630 860.691244454564 8490.03980333238
21031.7573472297 3542.02735056652 620 972.770645039739 8015.52527407072
21668.3974705892 3647.63979366511 650 850.249196173557 7899.8804419851
21113.7526600547 3585.07434437344 620 956.990639729121 8025.17899299757
21009.8253671785 3529.28038878318 620 976.991456568537 7643.39780652735
20967.5303630063 3513.9175848675 620 985.131133916611 7315.90612912962
21009.8253671785 3529.28038878318 620 976.991456568537 7643.39780652735
21145.752964972 3573.889628652 640 950.832178176412 7360.57564351489
21668.3974705892 3647.63979366511 650 850.249196173557 7899.8804419851
21106.6743623856 3579.14870213982 630 958.352858750677 8011.51732921266
21654.6964614027 3641.32444125017 660 852.885956620883 8599.35688158137
21615.7827052664 3625.97614144372 660 860.374912481052 8512.96920191115
21481.0257852523 3557.86005187847 650 886.308893829482 8231.61928066345
21617.1893079911 3625.26914540892 660 860.104211660461 8503.05389775503
21009.8253671785 3529.28038878318 620 976.991456568537 7643.39780652735
21012.4050587329 3529.71044680794 640 976.494994697408 8011.55726139704
21513.7309166749 3576.76288908584 630 880.014788352567 8419.87460673785
21496.586606212 3567.68285178938 660 883.314212439507 8210.57421689725
21496.3257531747 3564.63649098937 660 883.364413629947 8417.8812784309
21478.2651650098 3557.69930475496 650 886.840175442863 7977.71385931569
21481.0257852523 3557.86005187847 650 886.308893829482 8231.61928066345
21560.9145293093 3584.45437889432 670 870.934297867298 8269.3600652694
21613.8751092099 3614.77381409192 660 860.742029513281 8428.44760886853
21478.2651650098 3557.69930475496 650 886.840175442863 7977.71385931569
21510.929180146 3567.30228132684 690 880.553982798967 7717.7667768384
21525.4214533779 3583.08082754546 660 877.764943515082 8158.41161516448
21478.2651650098 3557.69930475496 650 886.840175442863 7977.71385931569
21528.4073010466 3580.83985703815 690 877.19031686333 7993.004577297
21560.9145293093 3584.45437889432 670 870.934297867298 8269.3600652694
21526.4321713128 3581.72319762152 670 877.570430757825 7598.82244614685
21556.0348098375 3581.75715726439 650 871.873400317508 8189.55147615623
21526.4321713128 3581.72319762152 670 877.570430757825 7598.82244614685
21569.6480548843 3597.94013850694 670 869.253530086742 7606.81823538229
21496.3996812798 3563.61877386664 640 883.350186159495 8088.42133960347
21520.1526295636 3577.69909266587 660 878.778929130928 8515.43792842745
21502.4800141736 3564.96711786854 640 882.180025548496 8496.24943938166
21473.0863866013 3549.25194167613 640 887.836831812269 7818.35768063583
21476.7665499285 3548.87852888282 640 887.128584049717 8024.39547286056
20989.5452397783 3522.27331944962 630 980.894368906438 7925.96015561525
21519.2294125228 3570.07795205606 660 878.95660233327 8013.14148885656
20956.6132759411 3509.37758351297 620 987.23212830189 7846.92796713482
21508.9908955417 3573.78184195449 660 880.927005844976 8156.54106715561
21550.5141885306 3588.26865008533 660 872.935844383378 8108.69030925146
21508.9908955417 3573.78184195449 660 880.927005844976 8156.54106715561
20953.6104509956 3505.91266739908 620 987.810022232101 7696.57191743364
20956.6132759411 3509.37758351297 620 987.23212830189 7846.92796713482
21502.9026590137 3565.67008132006 670 882.098687511084 7834.80009999878
20924.0717692045 3498.72449905238 620 993.494744193297 8006.76245508428
21537.7895159865 3584.46705760096 670 875.384708756287 7882.46956600282
20918.9338215748 3497.98733272106 620 994.483542675652 7714.31035262049
21510.6342633915 3568.56811424747 670 880.610739554834 7446.19759603536
20938.7925673671 3502.12452833723 590 990.661725265997 7318.84471639153
21545.9324357953 3586.39895012861 670 873.817603108415 7686.20444503347
21464.1762313344 3554.03948325517 620 889.551591992885 7875.83554812344
21932.1964636671 3568.42593172897 620 799.481056285054 7719.95257709244
21464.1762313344 3554.03948325517 620 889.551591992885 7875.83554812344
21505.059108666 3562.20966703568 670 881.683678582011 7204.19643036432
21488.1318886182 3558.94698775295 650 884.94132359908 8383.61343163361
21518.0050084995 3570.29178440883 670 879.192238997413 7773.97550030348
21757.3917719423 3556.39548643519 650 833.122234892697 8264.22124944523
21398.663393192 3551.06256303752 650 902.159543571844 8420.7064114863
21377.8353703377 3542.41301026143 650 906.167898439065 8221.27988965589
21525.6732400228 3579.64008837429 670 877.716487152686 7591.89313339538
21510.6342633915 3568.56811424747 670 880.610739554834 7446.19759603536
21519.8064023072 3575.47149999576 640 878.845560597482 7780.10428199206
21460.0864273426 3548.77952314303 640 890.338675138096 7871.70889914474
21499.457889607 3561.61780281214 640 882.761633692511 7825.83706056262
21533.0490798826 3576.59011849695 640 876.29700610983 7456.2091477525
21510.6342633915 3568.56811424747 670 880.610739554834 7446.19759603536
20882.7866955999 3542.29352424025 640 438.313354124339 8305.42562363685
21461.9519974349 3549.17311610622 640 889.979646006433 8019.69683610234
21467.7427435362 3556.69751407306 640 888.865216399625 7972.55199604535
21759.3304664486 3540.22657035176 650 1043.3788717573 8167.08830590197
21557.0827769045 3593.45225148288 640 871.671718961426 8329.18768589852
21757.3917719423 3556.39548643519 650 833.122234892697 8264.22124944523
20475.5472712863 3567.14857540779 620 516.68661787503 8412.22077988789
21227.0565855587 3541.07313777192 670 372.058582910467 8484.86609910854
3035.76524912512 718.284666973502 580 63.3395663673127 339.83092434454
3134.85012413429 706.307683670772 620 34.724152871234 419.801113439474
3035.76524912512 718.284666973502 580 63.3395663673127 339.83092434454
3151.73235451861 724.877047319545 610 41.0216865286219 408.211358975949
3134.85012413429 706.307683670772 620 34.724152871234 419.801113439474
3035.76524912512 718.284666973502 580 63.3395663673127 339.83092434454
3100.99374256815 706.08667246897 610 50.7863369512566 295.218066376499
3151.73235451861 724.877047319545 610 41.0216865286219 408.211358975949
2994.62493177934 701.513530872018 550 61.7105037223336 353.601583712712
3085.1111158196 715.121184879039 590 55.9080554247333 346.342190026565
3064.99918973258 711.964646699707 590 48.1669714645577 340.029113667901
3034.29985336987 718.508216680763 570 54.0750615022101 366.203393592124
3134.85012413429 706.307683670772 620 34.724152871234 419.801113439474
3063.83701948514 706.030050615534 590 48.3906312329603 319.06105894548
2995.89989715397 677.272362619913 590 61.4651365215835 201.259977348724
3022.6913202844 691.865334289934 590 56.3091247361405 399.569424282858
3064.99918973258 711.964646699707 590 48.1669714645577 340.029113667901
3063.83701948514 706.030050615534 590 48.3906312329603 319.06105894548
3064.99918973258 711.964646699707 590 48.1669714645577 340.029113667901
3064.99918973258 711.964646699707 590 48.1669714645577 340.029113667901
3210.86002772096 723.424723208358 610 63.5469375609956 390.989379165539
3062.48233599494 710.429637629803 580 47.198234009263 334.966238020842
3058.56289036184 700.444387651856 580 101.181186622441 376.510687720084
3062.48233599494 710.429637629803 580 47.198234009263 334.966238020842
3062.48233599494 710.429637629803 580 47.198234009263 334.966238020842
3223.26749095858 726.255675103204 600 68.3225723877982 390.820331060384
3018.78343702355 688.50454756036 580 109.71264628926 389.02921565679
3062.48233599494 710.429637629803 580 47.198234009263 334.966238020842
2934.79593169586 692.825383996803 530 1.9482859200221 295.919636367248
2891.68397065448 696.421131974987 510 6.34861485082145 256.138574570317
3158.42611568527 724.779174656802 580 43.365115408683 373.808849311657
2934.79593169586 692.825383996803 530 1.9482859200221 295.919636367248
3062.48233599494 710.429637629803 580 47.198234009263 334.966238020842
3062.48233599494 710.429637629803 580 47.198234009263 334.966238020842
3062.48233599494 710.429637629803 580 47.198234009263 334.966238020842
3274.14510511371 721.731465839162 630 128.667271828026 427.09021061507
3062.48233599494 710.429637629803 580 47.198234009263 334.966238020842
3063.93524643964 710.021470824256 580 46.91862126381 333.333570798654
3062.48233599494 710.429637629803 580 47.198234009263 334.966238020842
3062.48233599494 710.429637629803 580 47.198234009263 334.966238020842
3133.6994893285 717.320267678136 610 34.2548765131402 406.853927983128
2892.04532203963 684.850705772961 510 18.4030032487169 274.711117388812
3062.48233599494 710.429637629803 580 47.198234009263 334.966238020842
3062.48233599494 710.429637629803 580 47.198234009263 334.966238020842
3018.26380218968 709.067152141212 570 55.7080948078082 303.310475823586
3018.26380218968 709.067152141212 570 55.7080948078082 303.310475823586
3062.48233599494 710.429637629803 580 47.198234009263 334.966238020842
3079.55507321604 712.500373958405 570 44.6749742523557 364.8984170318
3062.48233599494 710.429637629803 580 47.198234009263 334.966238020842
3069.4674748805 716.228876312426 570 46.6163334571889 367.812426447885
3070.94748523984 714.597802144348 570 46.3315053307323 370.517800161301
3088.15759767682 718.771257144476 570 43.0194176479735 389.981949776082
3062.48233599494 710.429637629803 580 47.198234009263 334.966238020842
3147.44280312355 708.238576758438 600 25.447839594406 408.527014024581
3090.36090880365 700.920749918709 610 42.5953902239128 405.890086263092
3147.44280312355 708.238576758438 600 25.447839594406 408.527014024581
3070.94748523984 714.597802144348 570 46.3315053307323 370.517800161301
3021.79930052564 700.167409047044 540 6.30501327280581 397.666908868115
3074.78406287505 704.693273802243 570 2.51852256655783 387.896256271715
3082.31098811931 700.980033073362 600 29.5959726870223 438.935479212395
3086.09512548864 703.058183225664 610 43.4163406056549 455.737191249526
3024.17807559926 704.261165293199 550 7.22060422553793 439.553401283201
2940.44713118693 688.956188356924 520 2.63127246231975 359.297507253497
3082.31098811931 700.980033073362 600 29.5959726870223 438.935479212395
3035.94371760046 702.716800733221 590 53.0679835538158 377.76287959302
3057.88827603453 715.397367309537 560 41.3050133640071 372.916495656869
3028.63961579166 694.498489734574 570 54.473658602315 430.058110776258
3028.63961579166 694.498489734574 570 54.473658602315 430.058110776258
3070.94748523984 714.597802144348 570 46.3315053307323 370.517800161301
3048.81960831511 696.846384783359 610 50.5900172304291 449.295201265203
3070.94748523984 714.597802144348 570 46.3315053307323 370.517800161301
2933.96384065289 685.805524023201 570 72.6940200230173 397.455305374995
3032.28495240958 718.065891475124 550 53.7721132431006 384.390157484407
3108.81001191429 694.870900653637 620 39.0448586748339 425.764180183547
3058.01649544585 699.015279274907 610 48.8200754768825 449.941209304893
3058.27028938481 699.393125927523 610 48.7712328105562 441.082751664823
