6618.93650931594 1999.59958063379 556 207.250794798231 6777.6483771392
6696.93275492846 1965.3120718233 607 234.826631888085 6898.79315665409
6435.0511379735 1937.86485983472 545 407.673913582827 6821.5153832591
6800.4814242627 1994.29782047754 607 328.204429483036 6601.13837475803
6763.53147023688 1971.37621628318 628 284.298393791083 6608.31446103762
6484.83864411831 1972.2530173057 561 236.81147072219 6336.64977893389
6707.3926261583 1976.26402531075 607 286.392940704675 6901.98152411827
6730.95764332233 1977.7502730677 607 246.856246544297 6938.91480289951
6729.09629223289 1979.68406598825 607 294.066345433651 6630.83267218682
6749.73488509876 1980.41792419198 616 259.146142495038 6657.00998334885
6689.40347998274 1966.70628711793 607 280.03281708043 6733.48059107101
6728.18824259835 1974.82918679587 607 245.87711552842 6974.92984703776
6474.5311730991 1961.54564058112 561 233.167229394907 6457.15033384719
6628.35718965594 1946.03915135897 607 258.449694152248 6134.70655807703
6669.11045413816 1996.11788396355 583 272.85814898768 7393.67911347662
6535.06759204091 1977.79456167389 561 225.466840608371 7049.56901843718
6503.94317489856 1968.80594049659 561 214.462697397455 6974.6774482942
6412.47586566809 1942.68071906806 561 211.227365048367 6237.89749355988
6554.93986740339 1956.66699859937 583 255.47454169174 6482.66016377509
6412.47586566809 1942.68071906806 561 211.227365048367 6237.89749355988
6679.33481815898 1981.41210868514 583 229.790430318654 7534.72391885118
6467.63980986043 1969.88925342483 561 266.738418368949 6682.31775438076
6701.21937783671 1969.40313661206 607 313.313612787392 7305.1475219106
6566.38002857218 1983.4520362384 536 189.854881476489 7000.64475300545
6269.06200397466 1952.40413465648 500 294.972677157434 5530.68469913824
6537.13566978007 1992.72571522166 528 200.194323683164 6665.53627302811
6452.60548546729 1954.54963935403 561 225.41532819159 6364.06752897548
6517.61520491192 1988.24280379153 561 249.069448002258 6780.17583631943
6424.21991294458 1948.36427889316 524 292.913926127719 5130.54360014058
6512.79041582203 1987.32470249727 561 261.599524528843 7039.61799568314
6493.42560661084 1989.42946930565 546 385.621200579276 6041.23871457771
6518.56232223185 1989.91876857208 561 248.734591462507 6748.94698939997
6388.91780645869 1988.0574719307 500 244.190225072335 6343.58506136627
6225.03532439842 1971.19037320503 475 290.730906300789 5916.79670822471
6432.81397687174 1989.14051080349 538 364.191753375633 5913.17837709604
6356.13842925527 1979.9765757446 500 255.77948502414 7165.83490912404
6341.92850441742 1975.697209265 500 239.81017788121 7127.35875391505
6246.08067108937 1993.93165360243 482 298.171559979585 7275.01298579339
6128.88043431133 1992.23536877184 464 285.171565295653 6445.56821919047
6073.97487854937 1993.81915000503 409 202.171448812919 5870.15849488873
6270.80372660669 1985.64272873094 485 264.956584231388 7407.22923868136
5979.3396509489 1960.27579789229 409 239.790469243732 5592.51401538215
5960.42473991479 1992.76606159027 393 233.103038314852 5545.74404668893
5960.42473991479 1992.76606159027 393 233.103038314852 5545.74404668893
5965.63596472638 1993.76957356813 404 210.503246587367 5791.22869872936
6295.67797167355 1986.78198050293 482 96.5925979465109 6813.96160674689
6295.67797167355 1986.78198050293 482 96.5925979465109 6813.96160674689
6394.34071225091 1966.6670895678 513 290.856625123305 6555.8399128563
6004.92425752196 1994.78510112114 426 208.698216306894 6225.93977273748
6355.74872766813 1995.30827470001 505 326.202820144531 6569.34075520249
6144.05144603419 1996.39914281219 448 150.200670190182 6002.40364294173
6399.39428162257 1970.29045552429 513 292.643331709251 6589.47207610643
6140.22315640199 1963.58214836222 482 257.538953167368 6076.40116316421
6202.63554684215 1997.35955167981 461 117.68075320998 6056.25877386428
6212.19521892132 1968.39044715525 485 256.943082464651 7160.69691709871
6050.79562169999 1991.96958365818 409 199.879707626659 6752.0698120184
6335.56436484004 1978.90970909587 513 311.521629846206 6000.26012309883
6358.02572848507 1968.66403245631 513 204.419775552993 6317.39322321233
6003.07977055783 1996.36607908617 426 202.669037115206 6107.84905586855
5994.74354015897 1993.99469827821 412 225.292754822527 6356.62065976925
6276.1683794971 1994.22240135417 471 405.692624439153 5126.50422206467
6022.66756318266 1963.25747268701 442 214.971422183566 6392.50906086706
5981.61123017671 1994.01628160004 412 207.631959275298 6249.99496109404
6073.36064489647 1997.01547654249 406 197.55144533274 6259.08425985261
6276.1683794971 1994.22240135417 471 405.692624439153 5126.50422206467
6022.66756318266 1963.25747268701 442 214.971422183566 6392.50906086706
5979.85753754603 1996.67450709626 373 300.930921597805 4342.70027445494
6002.14977732151 1994.42888124171 426 207.717289424889 6398.94701459144
33766.0370588074 6741.68140622745 1150 377.688606083886 30099.192032058
33374.1491785036 6724.99752728109 1150 239.135317270066 28333.9178375546
33317.2806377693 6703.63407329646 1150 219.029251875373 27992.6651752749
33006.3052856776 6747.17155329875 1120 109.082861752402 28633.2576377097
33222.940398086 6657.83263564574 1140 179.053196188026 27758.369566632
33762.157451896 6741.08815443915 1150 376.316957906219 29255.6525665689
33214.7335660714 6686.41244344439 1130 569.224372029719 28463.0067413017
33213.5758378044 6654.25249605066 1130 182.364068226998 28880.1381757167
33317.2806377693 6703.63407329646 1150 219.029251875373 27992.6651752749
33741.025864337 6730.20998304932 1170 394.122057635147 27310.1352401104
33715.5725879856 6717.13475299983 1150 369.776041818958 28850.1073492642
33290.9846502151 6693.61391102829 1140 519.890546822743 28183.2595744958
33179.5354927378 6634.40377027771 1140 206.187295021451 25563.7660797209
33290.9846502151 6693.61391102829 1140 519.890546822743 28183.2595744958
32917.5204447963 6692.07429994418 1140 345.620652955306 27512.9480951308
33230.2467957033 6658.32401438007 1140 188.258141916593 26648.736796044
32894.5723932816 6671.32171752584 1140 337.507291534777 28304.5500915151
33719.3592651114 6719.22539275527 1150 368.43724928205 29046.7947969131
32902.85392019 6690.30280731179 1060 55.3033412675304 27917.1988676754
32908.1222866534 6688.32456455073 1060 57.1659900935465 28006.8168235755
33273.4797660551 6677.62939437502 1150 203.543305169892 28976.1385934554
32902.85392019 6690.30280731179 1060 55.3033412675304 27917.1988676754
32902.85392019 6690.30280731179 1060 55.3033412675304 27917.1988676754
32881.8904384167 6683.73783073848 1100 62.7150513271333 29048.8538760114
33772.3639045383 6743.17489413828 1150 379.9254838438 29728.0800542297
32630.6677540236 6734.23560293033 1110 262.576183439643 31390.8470781154
33735.8645311672 6727.70363923838 1150 367.021006633935 29097.8460510049
33035.5588571144 6747.45398497901 1120 119.425561120858 32421.7365948073
33729.6147676999 6725.52613095287 1150 364.811381569663 29141.3058698771
33229.7118872109 6659.59922053615 1110 217.555339532209 27175.51505119
32860.6943258025 6697.74382870826 1100 435.347001140485 29771.2215973113
32945.336858566 6711.19526524394 1100 85.1467482919247 29573.700728458
33066.5940269437 6756.94547921344 1100 332.032327610498 28051.6719876101
32791.2631621058 6648.88799469599 1120 384.74322335302 28450.7469798729
32881.8904384167 6683.73783073848 1100 62.7150513271333 29048.8538760114
32573.2972610799 6707.35607710325 1090 46.3891128342281 30601.7188999957
33279.731317352 6710.68457567722 1150 557.442795837127 29523.0073201931
33757.6604543567 6745.26975464553 1150 372.346509842637 28882.2435308727
33232.2752246178 6663.58580040433 1150 186.594780500845 28843.6855371624
33745.9887003303 6749.30727274221 1150 368.219921632438 27843.6470988455
32157.8752285045 6674.53073195541 1100 62.9500351662008 25265.4729800495
34103.1980408776 6735.85243887321 1180 494.512495134528 29719.8439470126
33371.7802155039 6731.10928841256 1150 235.917243033316 29949.1211567471
32622.5120549671 6731.25582816912 1110 227.223960556544 25801.3103063483
32957.7018619639 6630.48057831965 1120 298.225454853653 26524.6996470288
33252.8581569374 6666.4128898967 1150 193.871946010797 28980.3169991848
33252.8581569374 6666.4128898967 1150 193.871946010797 28980.3169991848
33644.4703425705 6696.02324610081 1150 332.327762038994 27299.180862598
33302.3155086676 6699.19025504654 1160 467.570776549397 28212.689385454
32949.444903327 6707.52277934395 1140 342.812177590499 28648.578200929
33630.5122628944 6686.42292253984 1170 327.392835643351 29975.4984109608
33221.0122699315 6666.86880055793 1160 438.82574082802 25224.8468848709
33632.8987785368 6685.00678486054 1170 584.449612485059 26565.021434519
32982.5252654887 6719.93841601224 1140 72.6435300508746 29819.4191970965
32850.3373966959 6665.96178407109 1150 51.5593664432085 28467.5701587676
34103.9359006353 6744.92347115955 1180 494.773367953649 28314.3599380906
34501.7800541024 6708.25838553942 1180 1207.89423025395 30859.7733960469
33951.7100157902 6666.68132130657 1180 844.874238180575 27927.057829688
33870.7695697461 6702.54224160357 1130 500.349587729928 24285.9686739253
33187.2437157517 6643.71189385346 1140 199.036430253792 28509.5814733165
33241.2459822341 6680.86513974972 1140 258.78035831264 26952.3296781044
33488.903194123 6636.33656053095 1170 346.340405280853 23849.3246345855
33508.59743859 6634.9907898553 1170 610.818066420835 25404.411233739
33820.1303828276 6747.72660286108 1170 328.290461659581 30563.1239160328
33249.1970745329 6683.33680092122 1140 255.969222671467 26984.4612733338
33241.2459822341 6680.86513974972 1140 258.78035831264 26952.3296781044
33129.7541756626 6624.54441967825 1140 219.362052075934 28442.6655136578
33628.990313406 6690.28135769944 1170 395.8686812818 28603.290589377
32868.8405283939 6758.72947897818 1120 430.885619317064 25511.5401180087
33628.990313406 6690.28135769944 1170 395.8686812818 28603.290589377
32856.7328402437 6748.56707981483 1120 435.16633351482 25571.2680156676
33556.3849347634 6658.78254632927 1170 370.198803487389 19863.4531285711
33637.3697145589 6681.7803402625 1170 565.290191637623 26207.5415529098
33570.6288599605 6654.47257520797 1170 588.886647072009 26554.332938023
33658.5746137971 6630.52060489587 1130 557.793127614764 24315.1556194616
33981.4369640177 6698.76263294887 1180 520.477389608821 26595.54489742
33729.0827728845 6726.30386081211 1170 597.715654370292 25176.5482373571
33637.3697145589 6681.7803402625 1170 565.290191637623 26207.5415529098
33926.296167404 6662.19352172704 1180 500.982174006014 26428.4180099738
33878.9683408186 6634.11712821006 1180 484.249260447326 26440.4355764071
33176.7811573573 6654.66429260301 1160 235.988600903438 26381.5072214154
33565.8701524669 6657.24237945302 1170 590.569104241213 26689.4341927501
34007.5368858515 6679.79979002323 1180 434.416333140819 26818.7843513069
32237.5616286383 6639.65992028415 1040 351.89915939976 25311.4595404544
32237.5616286383 6639.65992028415 1040 351.89915939976 25311.4595404544
32244.2474736693 6639.19150716447 1030 354.262962579437 24482.2720458364
32731.9046917245 6688.49630111411 1070 156.347310533532 25135.6384666265
32722.6986679515 6680.023468715 1070 136.973301195372 25873.4817775946
33206.2254076576 6667.15921412408 1140 482.546257698667 25471.9662060359
33992.495708509 6676.2599234201 1180 439.734192388764 26854.5846573476
33872.7782116854 6636.19740895165 1180 482.06071930409 26463.5535476975
33523.7679065691 6649.73573018044 1160 370.278030551048 25396.8761504822
32616.1351749451 6650.40892127583 1070 222.780804873429 22354.8140509361
32616.1351749451 6650.40892127583 1070 222.780804873429 22354.8140509361
32451.3969553229 6721.13356145914 1060 281.024560981155 24288.378657758
33987.6106142896 6678.16434518121 1180 441.461334013424 27712.6839212374
32564.8541195076 6697.7928303966 1080 240.911395896551 20389.3790661143
33878.7436172135 6640.66676673614 1180 484.169808654801 26512.7164833269
33035.8833469756 6728.47411599951 1100 50.2602738789501 23271.4127658661
32519.2664204868 6690.82305051092 1120 224.793710338397 23095.8725328502
33615.3649627534 6627.41000720522 1110 329.773809546878 23944.2479725346
33749.3942544888 6729.36659751731 1130 302.524474455518 21681.9950729192
33720.915987873 6707.87055075311 1170 292.455886735262 25150.6658644755
33183.1824877189 6657.45527181379 1120 459.523486977659 22643.605873071
34235.0272406494 6742.50092129551 1180 1046.10189261654 27845.3851809694
33215.7799717 6672.35151776102 1130 471.048437963985 24446.6609907127
33534.1453140791 6641.56815632388 1170 358.489291718478 25453.5557423837
33614.812304554 6611.6907658646 1160 573.265440427864 25475.2115209752
34584.8767356414 6722.32190110339 1190 922.411417464763 27489.0650926426
33528.7053740689 6645.53388421361 1170 360.412600953713 25430.0777212477
33620.3701334527 6619.14357104765 1160 571.300451176381 26403.1457464523
34179.6821140794 6710.20451129049 1180 1065.66934976816 25502.0692444006
34584.8767356414 6722.32190110339 1190 922.411417464763 27489.0650926426
33990.436394314 6681.45843480075 1180 440.462269904696 27118.3652274107
33878.3124195958 6679.05317091718 1180 59.8383993259098 27547.4489310095
33270.6639283343 6640.02228437271 1090 1138.71778125567 20778.3199230679
33457.9431592059 6743.82619573087 1090 911.258449679214 21688.799126082
33888.0191933157 6631.63309942011 1170 1117.27661847788 30750.8735752965
32961.2624132508 6608.79794781677 1060 1176.13465029654 30803.8545510661
34407.2442429257 6690.57760815705 1180 1246.88706652223 29938.8738602093
33125.3254104767 6629.55996031092 1100 1150.53667861595 32024.0850925291
33125.3254104767 6629.55996031092 1100 1150.53667861595 32024.0850925291
34367.3780670339 6677.67865641517 1180 1232.79224486571 29895.6541788714
34485.5533896691 6722.5600141714 1180 1274.57353086783 30217.1806510525
34547.1467647261 6729.08297741619 1180 1303.67501600826 29756.4252350483
34367.3780670339 6677.67865641517 1180 1232.79224486571 29895.6541788714
33932.5341730402 6632.9835792123 1170 1386.53277796598 30853.6598049648
34367.3780670339 6677.67865641517 1180 1232.79224486571 29895.6541788714
34367.3780670339 6677.67865641517 1180 1232.79224486571 29895.6541788714
32351.9282360371 6666.23537560456 1040 1024.76616115485 23224.9516131045
32299.0215906692 6625.41129677305 1060 1040.9611539228 25371.8823774756
33171.929002337 6683.61583608789 1110 1065.44916971159 26388.3278291796
