7206.83250116755 1987.08624374232 939 318.909116935286 9935.93912200594
7103.08892527251 1996.54413561678 875 298.859713013941 8703.32135760417
7135.62558898468 1990.03054593455 893 348.667735949931 10283.6293882383
7164.44100529386 1992.97132850441 929 333.89677403375 9801.67712369425
7125.19344209425 1985.01560693261 896 316.500510945118 10798.1793343194
7117.039421639 1983.26648658776 916 321.068374115922 9857.37847458898
7116.33175585463 1983.71450132458 916 320.818176478451 9821.75578390106
6934.21422602443 1982.78815668504 834 309.138602363183 8572.80547780295
7145.57486983625 1982.06620625618 906 283.838663260875 9034.29303274164
7081.33571451162 1974.69193332699 880 343.16595770197 9651.65816845368
7139.64847001657 1964.31657615717 887 322.549285278359 10182.684799012
7204.25367017203 1990.15090609287 925 263.092574446215 8541.53309075889
7295.01561496826 1984.77289669505 932 231.003381126666 10145.3862752709
7204.25367017203 1990.15090609287 925 263.092574446215 8541.53309075889
7197.6840136765 1990.895853469 913 270.156574047322 8877.77813893907
7190.97883788378 1994.37762580716 895 267.785936411281 9683.85244005505
6870.77042814215 1980.98839401969 802 286.707832509789 8246.55364480705
7095.09795015342 1995.22736574074 868 305.860147727863 9360.37008205213
7004.11503092464 1990.95578247252 851 333.852268940853 8849.52995352067
7066.01617209709 1984.3432630815 880 306.138510737917 9203.12304795375
7095.09795015342 1995.22736574074 868 305.860147727863 9360.37008205213
7048.4605696612 1987.74473243837 868 289.371343726452 9739.52888037655
7186.56978132092 1979.61235820661 913 269.344773308397 9135.49591518703
7004.82709085746 1984.48739786075 826 273.944579352008 8350.52982481824
7171.08369789563 1995.25524140882 932 332.725166478889 9953.03032476102
7093.28297587048 1993.94073025269 871 302.326639673016 9543.97389127002
7089.19332799803 1997.39292504404 871 303.772548544654 9276.61966517719
6997.59053404486 1981.13886968121 826 271.386070154694 8223.47457321686
7074.58368211517 1990.55448844453 871 308.937838381907 9087.97606177103
7089.19332799803 1997.39292504404 871 303.772548544654 9276.61966517719
7292.47954233177 1993.3125849349 977 271.365987186424 10545.3338012379
7571.6379259452 1997.03595044254 1053 194.260563799091 10827.2900527166
7571.6379259452 1997.03595044254 1053 194.260563799091 10827.2900527166
7420.13652246412 1979.89171066954 1004 217.820459191078 10067.8067878294
7420.13652246412 1979.89171066954 1004 217.820459191078 10067.8067878294
7356.63120042182 1987.52059712856 980 209.218981976171 9658.7067966186
7433.260245184 1988.5673269742 1004 222.460395855897 10407.071881968
7236.66623374759 1994.21912204129 931 251.633002696256 9421.28221307305
7194.68057668444 1993.22447164315 914 311.350678367031 9409.79340158012
7439.68025402464 1990.70732992108 1004 224.730211749145 10441.3119291181
7376.21953570921 1989.99526882598 993 202.293459619238 9572.79423274552
7227.9727992405 1987.25337447294 919 254.706595942138 9816.84454380671
7302.02765712691 1980.24605833393 932 237.553907628967 8843.63193331905
7289.25779262735 1988.69640489915 932 233.03907873773 9000.2008370832
7225.51963042193 1985.66740774736 887 210.504235379821 8852.48015281452
7217.56145159905 1987.99421453271 887 231.926366820955 8799.08360087721
7188.15847994451 1987.0431438128 859 221.530846498977 8793.21181560033
7078.89881128924 1987.23543201901 868 317.927133589929 9770.88544927623
7170.93140897052 1970.00733992511 887 191.204384599217 9231.05352668717
7008.23979462858 1994.694609724 836 342.908868506294 8617.13718551032
7223.85386235855 1987.31165029415 887 208.910623017969 8834.97605301827
7221.62636498942 1975.20675417139 932 261.31223038169 9278.22047297774
7247.32737070537 1973.25330544691 932 218.214435898209 9259.95438423145
7222.43303817495 1985.86433628926 887 209.41296022552 8824.21756152563
7380.71197707689 1997.96854392292 993 378.320802770849 9025.15937016267
6991.81016721053 1993.68263223719 833 290.950458203346 9082.48073003324
6958.13915490207 1992.09093549137 805 352.378824368673 8569.6356495186
7044.99635836528 1989.470649239 849 341.470720826944 9949.03178884744
7155.21845217646 1980.73487285097 878 503.96053202179 9233.77904658195
6353.64520329422 1997.46015101174 514 285.815375766239 6775.2005629847
6330.52227165462 1997.35281405074 524 251.295541407317 6514.88600450858
5924.21643079238 1904.26813403171 459 153.971918210975 6233.16321651234
6301.85279933165 1998.04090611685 497 287.486536719364 7245.2081856725
6063.68369360885 1946.5940303723 459 203.281041856499 6454.21188311949
6777.58612059473 1996.77466827916 604 85.9979670407847 6623.60796979387
5880.90039504414 1889.55389938094 459 138.657386905125 6116.87793574708
6036.98881312987 1939.19445233751 459 193.842976351675 6269.10233667178
6762.12207377512 1953.46774044582 633 407.096661075433 7370.21254729107
7139.92259163693 1988.85408840695 694 273.524007017495 7786.54924281335
7111.49731515018 1995.05514200719 671 283.573859897939 7942.36670853471
6671.34659022952 1997.91895561555 575 162.058566892881 8219.87202927148
6063.68369360885 1946.5940303723 459 203.281041856499 6454.21188311949
6281.73812140212 1983.96483227518 483 280.374924136688 7136.28517446474
6671.34659022952 1997.91895561555 575 162.058566892881 8219.87202927148
7091.07924740468 1996.125626231 688 290.792736978721 8051.47478749793
6999.28993860876 1995.93507247214 619 299.751712946136 6853.55173909609
6546.49291647025 1974.00852637523 540 165.823937962604 5869.78442654847
6439.07466430832 1997.61420450943 525 336.001792345396 6816.93119212811
6888.11674846209 1982.32408431268 650 265.937087016761 7295.17841161321
6589.65686492504 1996.99573230097 571 219.120529415838 8831.52409794942
6307.21946764364 1990.95609253353 532 240.647656309287 7087.93644042227
6551.25081219107 1998.26155314224 630 205.24678544014 9035.00870909507
6777.79606937004 1997.40653511147 618 304.941337162308 7718.22316737629
6069.01660236678 1949.37166174425 459 205.16650982959 6330.16559311221
6069.01660236678 1949.37166174425 459 205.16650982959 6330.16559311221
6069.01660236678 1949.37166174425 459 205.16650982959 6330.16559311221
6413.31613449591 1997.72158460205 540 176.078220384346 6845.89939659741
5988.24413047129 1915.89967908563 459 176.60912852434 6444.79011678382
6740.86538166935 1997.53411064688 578 67.0789956928183 7765.31994206843
6543.23927554799 1998.78768983824 524 372.829543829013 6565.35524647979
6245.81382018297 1997.79256136364 527 235.299231541906 6870.0116492466
7290.58067929975 1992.62370365311 726 228.315100061393 7185.82750876667
6289.56780597133 1996.7335899709 497 283.143135663406 7719.61223999006
6933.10317130201 1996.70446949842 635 339.728037015826 7413.97147702831
6668.49439503212 1981.58019009803 577 62.5425504092405 6486.76506857451
5988.24413047129 1915.89967908563 459 176.60912852434 6444.79011678382
6747.8777486979 1997.90357569841 632 98.0911099081881 6271.557176274
6069.01660236678 1949.37166174425 459 205.16650982959 6330.16559311221
6419.55593167767 1994.19916596699 535 329.100878243749 7522.42667420408
6657.91281689877 1997.96130242097 576 66.2837032361145 5884.74880678122
6550.806093697 1994.52265873367 541 333.999621161765 6142.7474625088
6712.73722765939 1990.3246912994 579 384.146839501462 6600.4539263697
6550.806093697 1994.52265873367 541 333.999621161765 6142.7474625088
6271.39896784348 2023.63622523721 473 286.935573948298 6231.38811812959
6606.09894546315 1995.65706355041 551 395.053793259091 7435.86446229502
6339.64332150537 1939.50899403474 519 170.923676644243 7084.14993308574
6069.01660236678 1949.37166174425 459 205.16650982959 6330.16559311221
6068.20473596438 1940.59477022057 459 204.879471710312 6105.76221997328
6068.20473596438 1940.59477022057 459 204.879471710312 6105.76221997328
6724.32468432322 1995.81628047584 587 408.703321623314 7734.33158381757
6455.68518320553 1994.3496860037 576 501.213314383023 7823.54322038323
6458.51740449524 1989.94483366633 478 527.797484525781 6602.64968162248
5960.35472076679 1918.14816546751 436 166.748733161668 5854.87503009591
6339.61816793826 1983.65810637784 486 485.76025630211 7001.95824477257
6333.89593644243 1978.69343699504 486 483.737141955 6618.41639468115
6404.56259397885 1998.97462644458 486 508.721578328894 6613.30144612068
6480.08966246961 1984.20657990361 552 271.511088511853 6993.92379283291
6509.93825416734 1980.75731177231 546 293.654639993967 5991.92155320725
6526.32966914359 1996.14632219069 553 287.859399652494 6640.92667627189
6579.18754179632 1996.61798456527 598 269.171319556571 8493.33813549298
6545.49244381339 1996.34135148549 571 281.084335694811 7867.80362942632
6541.19428704257 1995.11451695713 571 282.603963594433 7684.24436588759
6702.13774810992 1996.92359297077 609 225.701857240255 8755.094406956
6636.36974538946 1997.84275208812 600 248.954357594623 8446.84433139703
6641.71671856328 1997.35909538632 604 247.063917099607 7602.9872510513
6509.46080868604 1997.40637624801 539 217.108695349097 6381.36021669313
6617.95184448813 1996.47250240542 587 255.4660689059 7180.7581091769
6733.3901043295 1978.94813697394 577 262.463372532946 7689.70153045401
6903.73830414361 1997.82470360628 650 196.837701741789 8104.14202768737
6526.32966914359 1996.14632219069 553 287.859399652494 6640.92667627189
6850.68868371035 1991.36452514069 596 220.992062081073 7484.43833630765
6526.32966914359 1996.14632219069 553 287.859399652494 6640.92667627189
6603.05300268377 1996.52358876012 539 260.733604941743 6808.32099382907
6705.42414767879 1998.40053431479 591 286.392198281962 7324.31036884356
6871.23530735692 1997.08017324729 608 165.916841827434 8893.49197343397
6617.95184448813 1996.47250240542 587 255.4660689059 7180.7581091769
6833.04638250389 1997.87193566001 612 179.418665692332 8207.58221413678
6372.79259683198 1996.85407604286 486 354.583224692158 6006.53903600557
6555.9605230225 1995.93913742533 558 271.142851823106 7182.56904205255
6516.44200100553 1996.96573515473 638 269.662044923844 8974.64264212765
6323.55646112951 1978.95842641939 535 232.6304696871 7906.62830023774
6469.46789414591 1996.4366664642 539 240.563089622461 6490.6688068788
6394.46299391141 1993.22598132961 539 176.450828024707 7802.98248004151
6585.44592264522 1997.59223365682 561 243.973490023981 7223.2454317887
6641.63674133033 1994.86637209141 576 263.839944490312 6311.78141530732
6617.95184448813 1996.47250240542 587 255.4660689059 7180.7581091769
6501.56036014072 1996.9095889692 537 214.315464978689 6927.68306632011
6774.62457300772 1996.3495690547 621 193.833435549974 8159.94158523104
6555.9605230225 1995.93913742533 558 271.142851823106 7182.56904205255
6663.18992456311 1992.33081796761 565 271.460145500339 7172.55216421269
6564.4668419826 1990.1200654192 533 236.556264924183 6756.02216392054
5958.98864420307 1917.11084571253 451 231.885601748516 5500.39994638867
6659.74902165375 1995.19704528989 508 231.536860031394 5788.96375261961
5958.98864420307 1917.11084571253 451 231.885601748516 5500.39994638867
6659.74902165375 1995.19704528989 508 231.536860031394 5788.96375261961
6364.43222656354 1958.42257744432 463 335.947114234677 5362.30467669171
5916.39877151907 1926.70355379107 430 216.827807856153 5452.2812180604
6127.76804753146 1998.90438675986 428 291.558132057577 5432.68304522913
5958.98864420307 1917.11084571253 451 231.885601748516 5500.39994638867
6439.73782222887 1998.63742545242 463 309.322565556551 5602.13931814499
6425.37144855976 1979.77769170416 472 314.401845677795 5058.8795468721
6324.11297277461 1996.57459444444 475 360.976546103077 6663.77884566857
6230.24321844824 1978.18648698617 427 383.390093034189 4330.65619328444
6073.21032848048 1991.82509392853 405 438.909603716951 4634.61058203399
7166.80837829654 1996.72368390207 669 305.716746387252 7435.06647538502
7055.96677828501 1993.47229010832 663 417.248209574137 7558.40298119083
6856.36517580702 1996.37927579835 646 487.81803289808 6804.07410786476
6880.59703458037 1995.19517306107 591 496.385288727773 6586.2554480357
7027.39121974912 1997.42002219702 677 539.759301592361 6968.96099788534
7187.59044540144 1994.83972033367 687 298.369176098779 7657.12834903586
6913.61790518176 1995.53636112408 577 518.979776407055 5942.83699670536
7160.58815141214 1998.08113140539 651 431.662608476648 7712.6465966743
6801.26908969382 1997.8603257097 586 421.204127066696 6082.01628456351
6099.77882029787 1949.00680652559 393 541.917365340893 4927.01704480457
6099.77882029787 1949.00680652559 393 541.917365340893 4927.01704480457
6983.06872155122 1986.58678802659 661 524.739379731698 7938.42149716159
6099.77882029787 1949.00680652559 393 541.917365340893 4927.01704480457
6687.45144373789 1970.29584078942 503 520.803189914611 5426.61635628954
6852.48419839879 1995.86718269484 633 483.133188865169 8490.71133823206
7059.71756595012 1990.21151988956 593 358.552277767063 6693.11448538662
6321.65806302695 1999.06146881659 461 610.870894261314 6446.49714840895
6099.77882029787 1949.00680652559 393 541.917365340893 4927.01704480457
6413.07026562965 1981.47258908484 512 652.685126471156 6169.25058205774
6494.71373791593 1994.32573441682 480 427.54474540973 6329.83009485096
6433.14645783385 1991.23050597571 526 568.306263768577 6815.92667716858
6413.07026562965 1981.47258908484 512 652.685126471156 6169.25058205774
6455.93191817163 1997.51330047736 512 667.839009053805 6234.55166483218
6019.80639756454 1991.74801421892 362 387.080868605345 4651.80581224682
6019.80639756454 1991.74801421892 362 387.080868605345 4651.80581224682
6034.36612198955 1966.62778222105 372 381.933228668779 5307.64255480035
6632.61219971156 1993.20729989563 628 284.022090868905 9193.56428203322
6939.24326966993 1994.649037471 650 248.853472136264 8467.32461698664
6734.57671834646 1966.26806969747 629 250.324652040649 7266.21219693635
6731.24983403717 1998.27246263002 630 249.148420812987 8143.14067762966
6532.23353727958 1993.91181030538 458 202.540480796262 6040.98562643041
6196.44491157525 1997.60691059715 480 417.433042041347 5842.63017667988
6532.23353727958 1993.91181030538 458 202.540480796262 6040.98562643041
6019.80639756454 1991.74801421892 362 387.080868605345 4651.80581224682
6015.04044817686 1991.47612310721 362 385.395851039937 4667.19051380115
6279.21884813532 1998.74434671329 410 291.994682013119 5330.72225573823
