7139.32704955581 1980.85188152647 878 345.538581202644 2549.61260506417
7051.36760606014 1981.58333077354 860 298.066103405341 2344.21864336317
7060.25133299933 1990.51190798334 836 363.743600482285 1901.90327047519
7073.57087090957 1968.28169211324 868 359.034432692986 2324.4610462554
6956.11615791741 1986.26119933849 799 400.560944712523 2008.33449715794
7028.74285891671 1984.52150659115 833 374.883528326615 1469.62884585297
6980.10632675659 1987.84007321133 805 392.079139178528 1561.68939518797
7216.19007771947 1988.23308135454 932 343.408257099961 2311.80821798211
6980.10632675659 1987.84007321133 805 392.079139178528 1561.68939518797
7220.62886901521 1973.82778053004 932 400.172474436014 2555.93344683327
7216.19007771947 1988.23308135454 932 343.408257099961 2311.80821798211
7211.74685101307 1983.22801112527 932 344.979174967181 2543.8777609826
7217.96729953684 1978.09697763319 932 373.821697033046 2748.25572688152
6997.09019954194 1985.49375374683 833 420.209882036417 1677.39992708446
7261.08680429574 1991.04532046366 932 385.639869937984 2290.9005220893
7211.74685101307 1983.22801112527 932 344.979174967181 2543.8777609826
6980.10632675659 1987.84007321133 805 392.079139178528 1561.68939518797
6917.13019976156 1990.59878514602 780 414.344562404052 1090.08442173794
7087.30392862926 1967.93542716083 878 437.334581478833 1691.88739929507
6987.08176959379 1983.03001330865 787 416.67136769373 1628.89967533291
6958.64007391381 1988.63115839619 787 399.668605654424 1584.61865430697
6948.81538508001 1980.89085367998 787 403.142157703138 1380.36075174715
6969.70426742064 1989.74012264852 787 395.756822525904 1390.5053528205
7158.68527876039 1974.50484059391 878 339.8512689537 2315.81887631844
6987.27589440671 1990.51692073748 805 456.64473436416 1657.14017131331
7114.26855750163 1985.31758819355 868 344.645627609062 2041.74785729503
6941.15833622011 1994.98547019043 787 440.339715301404 1339.28957075924
6907.80968380352 1988.39327055285 774 428.549186167805 1416.01784917803
6892.38157020744 1988.32763520237 774 423.09452429545 1448.24725825207
6967.58656728734 1989.35274786911 787 407.414866333001 1547.66824424558
6907.80968380352 1988.39327055285 774 428.549186167805 1416.01784917803
6916.18357038277 1983.20569521879 780 425.58857017527 1405.6426985099
7021.98398051721 1984.63341614275 833 388.182476446077 1993.78529998156
6934.18395436678 1990.30945949013 780 419.224473385741 1432.13032371686
7113.50543985198 1976.34090320497 887 351.343732481383 2592.27233836094
7104.13814316018 1993.2685281684 836 409.384762643429 1296.40583381878
7076.32892440262 1990.61816459172 849 469.480309497692 1435.61918546441
6934.18395436678 1990.30945949013 780 419.224473385741 1432.13032371686
7124.0600958709 1989.00662748644 868 352.093119764192 2324.25670224815
7018.0918384289 1985.29189122887 833 389.558556478072 2285.65683231728
7011.2768493663 1997.16407257881 805 465.130353367601 1413.10518721609
7105.76836217899 1992.39183199702 836 409.961132104938 1224.64481389148
7033.07650114509 1988.48034609549 833 384.260678167867 1243.94239707885
7090.93972483609 1962.18224885199 878 404.718417094476 1321.5749606989
7103.90198651321 1987.22014079631 868 377.60808562129 909.438077046967
7059.08105722484 1990.84613634681 849 393.454677140736 693.430586377122
7033.07650114509 1988.48034609549 833 384.260678167867 1243.94239707885
6907.80968380352 1988.39327055285 774 428.549186167805 1416.01784917803
6965.21415641577 1990.50113712979 805 448.844732095083 1104.479214391
6903.15392330174 1984.03861589757 774 430.195246079001 1795.11807940621
7099.77230244652 1977.95114560259 849 360.680151479411 1505.68935857902
7119.84256152026 1987.00813261304 868 353.584243333805 2319.03418832581
6913.08627108708 1988.03471943423 780 426.68363084294 2073.81196890596
6958.4600293627 1983.81867364643 787 410.641584760636 1780.2207486375
6960.03000430127 1987.16744444176 787 410.086514797958 1790.2670610235
7041.82184652207 1986.60058870796 833 381.168731657926 1890.50176029604
6970.94535256941 1982.37413126647 805 301.520924438394 1178.56264429332
6783.98967231635 1983.57702727984 772 367.619739082536 1305.17901851878
6991.33999181996 1989.9811726158 805 458.081609784318 1382.77617628124
6789.46248283134 1980.47225803669 774 369.554669796183 1384.56765583333
6958.4600293627 1983.81867364643 787 410.641584760636 1780.2207486375
6958.4600293627 1983.81867364643 787 410.641584760636 1780.2207486375
7119.51040453478 1980.70059037697 868 463.374609967781 1220.32034962679
7084.06489490217 1984.39170862635 849 450.842729855866 647.644853642853
6940.8912388302 1984.82702286279 787 400.223198307987 1398.62959886263
6907.80968380352 1988.39327055285 774 428.549186167805 1416.01784917803
6907.80968380352 1988.39327055285 774 428.549186167805 1416.01784917803
6889.76326679558 1989.58294936987 774 418.299666174986 1686.48023057721
7080.54150711103 1989.96291089186 878 357.487855757731 4062.65583285702
7063.6891690833 1991.87964729197 833 245.457550791716 5624.65089012773
7081.15328648035 1997.99817498709 833 239.283052872269 5503.72367235891
6874.23942452441 1986.41172071346 774 312.43815032754 4768.0285438017
6929.74962309429 1994.84643687155 780 316.802048060555 5318.43566401343
7000.10992100365 1989.56757079576 836 355.57845561658 4675.34690702195
6876.16506793936 1990.68399238693 774 311.757332569112 4691.00697151674
6929.74962309429 1994.84643687155 780 316.802048060555 5318.43566401343
6883.18633058281 1992.79492009599 774 300.339438115934 5207.53621103507
6953.80821408296 1982.73173887846 805 371.735764983547 5147.2618444473
6874.29966583526 1993.81508782621 774 312.416851807836 5048.07147858929
6875.51415397727 1985.58199316847 774 311.987465407392 5154.02336956484
6976.13677711263 1985.49964157713 836 333.202383643711 4679.03697746718
6830.16432844079 1990.64258942428 772 328.021049988629 4873.50821424437
6883.18633058281 1992.79492009599 774 300.339438115934 5207.53621103507
7099.56280722002 1983.95409060444 849 239.766478458641 4899.9653772227
7024.52662473282 1994.13363532933 833 350.465671466495 4425.03217144588
7144.10794992998 1992.20210270334 878 318.66965238674 6010.26020706668
7030.04611344627 1987.44463330478 833 264.344341245186 5164.44587973914
7010.2494398916 1991.72571262145 805 271.343522302907 5424.11385733616
6826.62664255915 1988.12112995647 772 329.271810826935 5164.14415909407
6773.25238245913 1997.81078741949 744 348.142461455704 5670.78984422672
6925.30543953661 1976.85869497219 818 368.872966820027 5421.49060305498
7010.2494398916 1991.72571262145 805 271.343522302907 5424.11385733616
6954.06986826967 1986.71906633755 805 368.252525167414 5422.84972848595
7104.63906140605 1991.06468363639 849 305.468956760715 5883.42488595831
6960.0339373515 1983.70163122716 833 370.361142013027 5091.32800446588
6993.26004415095 1980.16816494634 833 313.832044193692 5008.12153382663
6960.0339373515 1983.70163122716 833 370.361142013027 5091.32800446588
7012.88453048408 1989.95583465918 805 273.028831250958 5173.25003020539
6960.0339373515 1983.70163122716 833 370.361142013027 5091.32800446588
6955.15150806278 1989.859098264 833 368.634942583668 4918.08317963798
7053.07246133785 1984.14716311189 878 403.255227624195 5352.31559422401
6955.15150806278 1989.859098264 833 368.634942583668 4918.08317963798
7113.69952018554 1988.57118385812 836 227.776221594756 5337.59638529027
6966.42133371501 1980.78362155288 836 372.619427654409 5228.25497883461
7113.80591675315 1995.79813766555 836 275.879738889754 4426.0486359523
7069.45538683152 1998.59911243099 833 291.560019118154 4779.98973392378
7125.63238978692 1994.04076605679 868 312.891219189611 5856.15999611524
6889.7707617732 1987.29389944423 781 322.253412454761 5041.2593333384
7058.83182594825 1986.04219285779 833 262.481299998362 5233.14497341524
7020.94171646919 1992.74261398678 805 275.877476674635 5347.7949985357
7020.94171646919 1992.74261398678 805 275.877476674635 5347.7949985357
6931.77847072766 1987.16166155258 780 292.095025450879 5359.81055397366
7146.10152235557 1985.04379589858 878 323.577139605821 5428.45613846969
6969.51840286201 1991.15769489374 808 345.482430296565 4225.75735543123
7142.45029827969 1983.03980966445 878 322.286236953979 5120.18563017362
6985.02754758873 1984.35316009 849 379.197717655568 4809.70588427019
7256.22235749353 1989.44031684965 878 241.435145613998 5544.05713908345
7044.77222069146 1982.32341733267 833 316.194058421783 5652.21203519119
6903.79513754135 1979.95747023981 774 368.719113591543 3957.735840706
6872.96773112073 1993.06468219248 774 312.887761842205 5104.92013733576
6925.79925477254 1986.9761175744 780 358.257353911354 6186.04858118945
6870.89717330505 1990.38444027735 774 338.846536857895 5517.17372787329
6819.98762375161 1988.85002004564 772 331.619058436554 4635.84895658547
7298.92897155797 1985.86876995305 993 451.428149262994 5338.14059944169
7136.70385486278 1975.81939206414 878 394.072909216021 4839.1639700128
6876.57404874746 1991.69375870638 774 340.853615418534 5442.34076594351
6842.05753975594 1986.38496102453 757 362.397758565137 4891.68849850393
6830.60451241781 1985.59028674927 791 364.07402300298 6377.65824534104
7026.18267246418 1982.84872800894 895 199.067903412058 6490.93516822933
7108.78465926813 1988.97174131296 921 228.204645751769 6520.53670541912
6992.36768126861 1971.05464159577 905 187.112498621984 5957.96352326762
7199.45095035629 1985.12324109313 964 260.327490543074 6455.10352980496
7286.18082589211 1991.59349991103 974 290.991132104493 7446.26050240271
7252.29349660248 1987.15557969104 974 279.010151935994 6620.50399676743
7348.29258235201 1990.56836197817 1004 244.618778966571 8810.70677334228
7133.67347844247 1990.25727163158 924 237.071642323289 6789.58234823826
7265.80196053646 1993.98382443875 990 247.556693778452 7584.87321886565
7168.33324875576 1974.34532274202 943 249.325721634735 7772.64866989036
6962.88254994434 1983.30425510186 819 263.841334256091 6753.30997372137
7251.65629339526 1985.09498257609 993 278.784866581584 8081.27975943746
7198.80032240494 1988.5483218049 929 305.937879609242 7161.92558416237
6962.88254994434 1983.30425510186 819 263.841334256091 6753.30997372137
6962.88254994434 1983.30425510186 819 263.841334256091 6753.30997372137
7237.70586928014 1981.29034997684 957 283.717086327697 8382.92848987017
7170.10052340018 1985.47187273724 913 289.52793978144 7342.62821590744
7177.38651640091 1991.70864491809 913 291.637268662344 6073.34034990506
7176.64119338912 1975.08959024175 932 305.306709534445 7537.81425973799
7238.72714180116 1977.27822152899 957 313.324454753716 7752.08536809168
7195.68540857691 1983.23469707413 932 298.573562683614 7840.18455796771
7395.77283543007 1990.4817188894 1047 227.831974504597 9070.51340309796
7240.86741571157 1982.76548234955 975 282.599310867345 8200.82619175274
7445.65106618467 1988.65161046259 1053 210.197356904516 8556.28981633134
7459.21379161813 1991.31277087848 1053 205.40220934183 8560.67499360328
7020.70937342848 1998.44938935278 836 284.286203766145 7310.63666028706
6859.06978829386 1986.96987615565 780 299.061837207465 7145.13565825488
6918.67498004387 1999.49805971932 787 320.3608095044 7434.22631813367
6825.53588565179 1979.99255433817 791 348.169298153869 7553.93816415112
7119.93579457992 1990.11621614868 868 188.750747867728 8744.66373797117
6877.43469019472 1995.28651855465 791 274.487835545726 7786.86487546959
7164.44100529386 1992.97132850441 929 333.89677403375 9801.67712369425
7117.039421639 1983.26648658776 916 321.068374115922 9857.37847458898
7116.33175585463 1983.71450132458 916 320.818176478451 9821.75578390106
6934.21422602443 1982.78815668504 834 309.138602363183 8572.80547780295
7145.57486983625 1982.06620625618 906 283.838663260875 9034.29303274164
7139.64847001657 1964.31657615717 887 322.549285278359 10182.684799012
7295.01561496826 1984.77289669505 932 231.003381126666 10145.3862752709
6870.77042814215 1980.98839401969 802 286.707832509789 8246.55364480705
6997.59053404486 1981.13886968121 826 271.386070154694 8223.47457321686
7292.47954233177 1993.3125849349 977 271.365987186424 10545.3338012379
7571.6379259452 1997.03595044254 1053 194.260563799091 10827.2900527166
7571.6379259452 1997.03595044254 1053 194.260563799091 10827.2900527166
7420.13652246412 1979.89171066954 1004 217.820459191078 10067.8067878294
7420.13652246412 1979.89171066954 1004 217.820459191078 10067.8067878294
7356.63120042182 1987.52059712856 980 209.218981976171 9658.7067966186
7433.260245184 1988.5673269742 1004 222.460395855897 10407.071881968
7439.68025402464 1990.70732992108 1004 224.730211749145 10441.3119291181
7376.21953570921 1989.99526882598 993 202.293459619238 9572.79423274552
7302.02765712691 1980.24605833393 932 237.553907628967 8843.63193331905
7289.25779262735 1988.69640489915 932 233.03907873773 9000.2008370832
7170.93140897052 1970.00733992511 887 191.204384599217 9231.05352668717
7247.32737070537 1973.25330544691 932 218.214435898209 9259.95438423145
6991.81016721053 1993.68263223719 833 290.950458203346 9082.48073003324
6958.13915490207 1992.09093549137 805 352.378824368673 8569.6356495186
6353.64520329422 1997.46015101174 514 285.815375766239 6775.2005629847
6330.52227165462 1997.35281405074 524 251.295541407317 6514.88600450858
5924.21643079238 1904.26813403171 459 153.971918210975 6233.16321651234
6301.85279933165 1998.04090611685 497 287.486536719364 7245.2081856725
6063.68369360885 1946.5940303723 459 203.281041856499 6454.21188311949
6777.58612059473 1996.77466827916 604 85.9979670407847 6623.60796979387
5880.90039504414 1889.55389938094 459 138.657386905125 6116.87793574708
6036.98881312987 1939.19445233751 459 193.842976351675 6269.10233667178
6762.12207377512 1953.46774044582 633 407.096661075433 7370.21254729107
6671.34659022952 1997.91895561555 575 162.058566892881 8219.87202927148
6063.68369360885 1946.5940303723 459 203.281041856499 6454.21188311949
6281.73812140212 1983.96483227518 483 280.374924136688 7136.28517446474
6671.34659022952 1997.91895561555 575 162.058566892881 8219.87202927148
6546.49291647025 1974.00852637523 540 165.823937962604 5869.78442654847
6439.07466430832 1997.61420450943 525 336.001792345396 6816.93119212811
6888.11674846209 1982.32408431268 650 265.937087016761 7295.17841161321
6589.65686492504 1996.99573230097 571 219.120529415838 8831.52409794942
