7181.28145621806 1989.60406183805 919 365.413989843042 1819.4104406213
7429.69938400965 1989.84680745043 1004 288.627518172375 1965.74003232391
7294.89367761475 1989.51381019169 932 348.615970298893 2250.56946134597
7131.646618446 1985.57276407803 889 373.432590921519 1605.21226404333
7205.1561363934 1987.26529996286 919 356.973015717723 1952.8762507533
7321.3529906107 1990.55991990721 954 315.891223932921 2351.54635558255
7223.97539664783 1981.70281334435 912 324.287244054579 1698.80329616679
7280.53470058127 1994.97302545787 930 301.459779094794 2138.21922520214
7384.93458907914 1989.91032306868 999 341.644954611048 2247.35958488055
7388.02172315352 1986.01822143945 984 351.731140285117 2187.37858096986
7280.53470058127 1994.97302545787 930 301.459779094794 2138.21922520214
7319.64386304203 1986.22606821525 979 323.227987407463 2229.90271665577
7254.57767395231 1982.9110848176 948 376.747510230621 1330.14266407017
7349.34176701094 1978.71543317203 979 325.786750727781 2170.9803740385
7236.43799769247 1960.99567537627 954 285.869240274475 1704.01849119098
7412.60783329443 1996.73489700621 999 348.15468297181 2152.93370132481
7159.30823762835 1994.79941716796 913 437.709613855461 1859.48339951496
7079.87501928618 1994.54998029873 877 406.754006105081 2200.81429570434
7352.04527078699 1997.51520686091 957 369.566782289333 1711.58394975098
7282.88260431057 1987.57732976078 957 345.114087054121 1646.67470152233
7189.23854451177 1968.95762836301 912 312.005912203338 1946.00162645161
7210.00314193839 1981.9327490277 903 319.347306027824 1164.38176926507
7193.04824436889 1968.58989364247 912 313.352844504963 1150.57230902032
7128.52758828847 1992.53976934338 889 370.760470055657 1701.60898593057
7255.73513202475 1995.50011461356 912 339.674347415771 1611.36901889136
7171.42805025564 1990.44259231256 910 355.592866269144 1548.83861720745
7241.9745589661 1995.30128199607 912 330.650908920043 1251.51009450914
7257.99792460671 1996.52048754288 922 369.346608873241 1572.49688991758
7087.6516079574 1988.45983251536 886 399.10084725265 1120.53900542184
7350.98073938389 1987.03916629167 983 336.472219441863 1061.39892481615
7254.92583778023 1992.91414396719 912 339.960476139909 1251.57483125018
7248.88155292431 1993.48169698208 922 366.123484755022 1562.05589209535
7257.99792460671 1996.52048754288 922 369.346608873241 1572.49688991758
7204.71746896718 1977.70554317622 922 388.184094616951 2164.0041785636
7183.91672485853 1990.93370568542 904 365.065988776397 1373.42077250027
7257.99792460671 1996.52048754288 922 369.346608873241 1572.49688991758
7181.51275303712 1982.53075936944 920 391.229753175758 1660.24460031997
7297.41507914093 1992.3990550631 932 350.252092804108 1332.07881817254
7126.10451030137 1991.55846770817 875 381.4402565997 1646.39716769618
7062.97850923745 1981.09637736087 883 378.243535969905 1072.33024475686
7062.97850923745 1981.09637736087 883 378.243535969905 1072.33024475686
7099.06235543919 1993.72305586113 886 391.001102140174 1389.46785716837
7261.61591459533 1996.81840334824 912 337.595176798602 1220.19955749611
7184.79228020526 1982.87282042523 903 360.690996563821 1231.73262207989
7264.7733425108 1996.01162443997 912 332.413420802448 1418.6437988379
7184.12744251518 1982.61400643938 903 360.926052183344 1231.21499410818
7152.69445810502 1994.28187076626 893 372.039290398021 1162.02371657792
7099.27532956231 1987.3444720394 874 443.26861879744 730.735042490124
7167.15532748056 1992.36887614526 874 377.15197979667 1061.26208996296
7172.61820151579 1995.65345590816 874 379.083397434208 1017.41385725041
7036.36557048324 1985.00325400763 861 203.638524525763 1489.41757678007
7035.83230150383 1989.02399133031 830 427.444516168791 1449.65034887009
7172.61820151579 1995.65345590816 874 379.083397434208 1017.41385725041
7346.19396707358 1985.65348739855 993 249.362789483437 1601.66684082594
7164.65144427009 1981.9661184455 903 185.177815009409 1036.90437283108
7249.2063382025 1984.12541702947 912 215.072484450466 1163.45911116206
7126.61589314572 1984.38408092562 893 171.730216946305 1044.15826027143
6943.26259536837 1984.36035563225 830 236.555397051944 1323.92920156432
7126.61589314572 1984.38408092562 893 171.730216946305 1044.15826027143
7011.00718933808 1987.51604929793 858 212.604066159592 1711.93453898855
7050.57452022718 1988.14578904591 830 426.05028253237 854.689955061688
7185.5035990148 1987.5144610886 903 473.754915827359 968.440660456595
6919.40296225922 1983.13308293543 805 244.991051235999 1060.43834485566
7045.17515498325 1989.53344327789 830 424.141318643325 1005.37217826118
7179.53326719009 1988.26257008145 878 136.507568560855 962.477492159017
6940.84683314901 1991.85524216766 805 237.409497975466 1056.66509160069
7171.90788734198 1975.50801350271 959 404.206313804611 3560.83507251426
7285.04100057074 1986.4119379753 959 414.64383085599 3597.42912854458
7187.95433503501 1988.51831304902 950 380.318511074437 3360.93558355928
7322.12390849094 1988.98603006436 993 427.754618684234 3528.78208237624
7278.14061739856 1971.07216314038 990 436.218617277044 3496.23943425699
7322.12390849094 1988.98603006436 993 427.754618684234 3528.78208237624
7237.88674995014 1965.48587061067 974 442.47958554014 3432.85295663337
7213.7135657848 1971.92937515622 984 389.4257744451 3273.55623474323
7300.82957705366 1994.42067267525 974 420.225935604166 3251.99473977332
7296.26060646327 1992.54314504648 982 418.610560560412 3165.01732607925
7146.1249568574 1989.36500573961 905 365.529592593334 3366.39814974741
7466.14624129849 1988.13747136032 994 319.027235619449 4826.88790109204
7282.97610611465 1980.09461381447 993 403.874117915721 3163.96282596178
7363.58485997058 1992.24128677055 983 282.766311507037 4747.61274592887
7295.25566192546 1985.28208482961 979 408.215596507614 3077.59759221378
7299.48892767031 1983.09033852549 947 305.427645695033 4652.62306240814
7185.46081457625 1967.84332030667 922 291.81004653381 4662.91591767662
7282.97610611465 1980.09461381447 993 403.874117915721 3163.96282596178
7100.00209400665 1983.48683450409 835 375.956892115536 4149.15506390705
7206.81398489277 1991.07093382864 918 284.260560768488 4045.52589608259
7310.11309020284 1987.81547100093 993 394.279745180866 3698.84952418757
7132.3262981436 1992.88371398715 905 310.595934976108 4709.90028521165
7272.30130984008 1976.16646362516 968 430.766994730886 3387.89117308644
7342.80796318879 1997.15621251619 993 405.839128380064 3682.80524731292
7323.12332911774 1996.38877290824 993 414.661534723429 4052.23852439275
7317.58437062448 1997.04042140703 993 416.619852279075 4644.27180008283
7317.58437062448 1997.04042140703 993 416.619852279075 4644.27180008283
7356.58701464554 1983.8803796503 993 386.832848568057 4451.7605335418
7313.32307330631 1984.55627560468 957 366.286629624014 3571.23555073574
7030.19073556549 1990.28797146167 871 272.383458996748 4043.1432255585
6933.14956706357 1986.90260612793 833 331.553090586699 4665.37981224574
7148.44713810739 1990.24141404885 903 230.573506918696 4440.53065222398
7092.58023086026 1987.0802944704 893 250.325441397879 4495.74907602307
6935.21907084804 1987.12746857074 833 330.821410506852 3693.97978357253
7086.33035284348 1984.25674867767 867 195.142894072324 4601.70070725032
6942.76992407702 1988.58647556739 833 328.151780745876 4043.53387988038
6799.13172600671 1995.40557415332 765 378.935552692343 4956.70103010541
7146.72977666983 1981.42525594726 903 231.180685877819 4420.35014401242
7167.49519868597 1990.38424309101 903 223.839000516915 4389.08334934935
6981.37530326821 1983.69749276151 833 289.05029425005 3574.12876121407
6937.89682101343 1995.1014484196 812 305.014285417754 4701.03668795259
7220.34737337424 1980.54794518042 925 141.788467194529 5359.56484924475
6814.58239941848 1986.11397470192 777 282.947897299843 4671.68054006376
7205.00297204972 1978.27334107567 932 155.91981228942 6175.44653781039
7303.27748426049 1991.69512607936 957 155.306416065942 6090.58221285349
7097.63147092658 1991.71584432574 878 193.881370564594 6759.55559853086
7150.56230255919 1965.98299969646 932 102.919671529849 5666.19036799241
7212.30519562797 1978.36711414251 932 153.338086384459 6039.03295627554
6900.1213098251 1987.12356256192 805 263.711757698647 5208.75459595413
6946.06677501758 1994.36288620584 833 247.467582697462 5561.11770477976
6900.1213098251 1987.12356256192 805 263.711757698647 5208.75459595413
6924.74150796052 1988.208951551 833 302.563363493367 5714.00883008564
6830.14784511008 1994.39986353307 777 288.451113400203 5320.07495563449
6945.70635917115 1989.73559620659 833 265.051606188615 5815.51343017066
6882.17429763701 1982.12519004237 805 287.513581955393 5812.1078001906
7035.71172842709 1986.54192312067 858 341.797261194207 5562.13396819645
6853.16673102575 1986.81146509514 798 277.257858427122 5697.20782576208
7097.88249247219 1972.5353672471 887 225.229488335796 6154.70454360677
7008.76497425832 1997.68212885894 849 276.660058884538 5345.07310773585
6927.25307860667 1983.75712558241 836 303.451337811027 5364.0462182207
6930.12043642133 1989.45812532926 836 304.465101888445 5263.56808041118
6907.74504700849 1983.54123242845 833 296.554207095692 5307.41173023383
6901.94538513765 1985.3791461919 805 294.503716976961 5686.10145058172
6931.85625245765 1987.96370010387 833 305.078805533531 5319.27501173779
7136.92640274859 1975.13003349786 932 241.432061910223 7319.21837416186
7115.39701861711 1994.2017648548 868 214.561508618277 6171.7074403722
7131.69713487208 1978.64933022595 932 243.280887298284 7315.78728190074
7028.55634693642 1990.53075782131 891 225.04602797932 5884.12740224363
7097.88964976537 1984.73953419601 923 255.233638285192 7253.28568739535
7084.26116430583 1981.94705790023 930 260.052035528066 6886.10731548295
7134.46370740356 1989.29515264732 932 262.489934361259 7319.9869733473
7105.9147262611 1984.40748756729 905 252.396345280359 7135.28566471969
7084.26116430583 1981.94705790023 930 260.052035528066 6886.10731548295
7105.9147262611 1984.40748756729 905 252.396345280359 7135.28566471969
7120.67234797653 1985.55833842264 932 257.613952474944 7454.82650913066
7074.10808702537 1962.77211332081 887 286.856135306229 6598.70092068496
7057.7318464771 1983.04286167752 868 235.36112476418 6226.80198669556
7096.53211131382 1981.61407716365 878 249.07908995312 6325.85297263033
7009.06170642543 1990.64190980094 836 287.743572357059 4875.07069950449
7000.37881358509 1990.18767272982 868 329.305189352274 5527.41419514912
6788.19586444683 1983.98793423207 780 254.287188258362 6297.31921454947
7073.68862583611 1979.71037894166 878 282.825214238325 6436.81714736173
6918.35923144433 1994.46343899731 824 227.907980192313 6781.98703672257
6998.00336392089 1998.13354779741 833 256.066433270261 6168.49435225849
6966.9085142785 1987.13536680913 833 317.471651548258 5076.54098842882
6941.26621666742 1996.71869214595 805 276.126044054316 6227.31609105773
6995.9117239991 1996.78383974734 836 189.008448468413 5470.65069971447
7355.66827056138 1975.76715903902 1004 336.371241974178 8620.57045997158
7379.85386255314 1993.96453023211 999 327.820343921986 8232.80302985718
6968.08678800425 1976.89762763103 852 311.79902627482 7748.42095785191
7013.58360856393 1979.21793706093 782 277.18682356206 6860.61249664505
7039.78424478408 1983.95935930915 863 286.450147333397 7264.31099890739
7039.78424478408 1983.95935930915 863 286.450147333397 7264.31099890739
7131.88912719543 1978.02646629444 887 319.014140800126 7411.82411970536
7039.78424478408 1983.95935930915 863 286.450147333397 7264.31099890739
7053.82492926514 1987.54412043741 863 291.414278937924 6774.43510625911
7234.05929585171 1981.19519647978 932 276.274180534618 7681.33965335357
7212.68702249664 1971.42296524591 932 268.717940825248 8142.86937667526
7039.78424478408 1983.95935930915 863 286.450147333397 7264.31099890739
7063.18295966663 1989.26257517505 870 355.222550114759 7559.92166949761
7171.6266755829 1975.09663350362 887 254.200915954958 6740.23121632894
7264.76724499192 1990.67403786106 932 280.841292594788 7880.02541790243
7257.01341650299 1987.44492373228 932 284.389687718968 6070.51042906034
7255.87214223818 1988.90990764771 932 283.986186333046 6914.49721133825
7139.32704955581 1980.85188152647 878 345.538581202644 2549.61260506417
7051.36760606014 1981.58333077354 860 298.066103405341 2344.21864336317
7073.57087090957 1968.28169211324 868 359.034432692986 2324.4610462554
7028.74285891671 1984.52150659115 833 374.883528326615 1469.62884585297
7216.19007771947 1988.23308135454 932 343.408257099961 2311.80821798211
7220.62886901521 1973.82778053004 932 400.172474436014 2555.93344683327
7216.19007771947 1988.23308135454 932 343.408257099961 2311.80821798211
7211.74685101307 1983.22801112527 932 344.979174967181 2543.8777609826
7217.96729953684 1978.09697763319 932 373.821697033046 2748.25572688152
6997.09019954194 1985.49375374683 833 420.209882036417 1677.39992708446
7211.74685101307 1983.22801112527 932 344.979174967181 2543.8777609826
6917.13019976156 1990.59878514602 780 414.344562404052 1090.08442173794
7087.30392862926 1967.93542716083 878 437.334581478833 1691.88739929507
6987.08176959379 1983.03001330865 787 416.67136769373 1628.89967533291
6948.81538508001 1980.89085367998 787 403.142157703138 1380.36075174715
7158.68527876039 1974.50484059391 878 339.8512689537 2315.81887631844
7114.26855750163 1985.31758819355 868 344.645627609062 2041.74785729503
6907.80968380352 1988.39327055285 774 428.549186167805 1416.01784917803
6892.38157020744 1988.32763520237 774 423.09452429545 1448.24725825207
6907.80968380352 1988.39327055285 774 428.549186167805 1416.01784917803
6916.18357038277 1983.20569521879 780 425.58857017527 1405.6426985099
7021.98398051721 1984.63341614275 833 388.182476446077 1993.78529998156
7113.50543985198 1976.34090320497 887 351.343732481383 2592.27233836094
7124.0600958709 1989.00662748644 868 352.093119764192 2324.25670224815
7018.0918384289 1985.29189122887 833 389.558556478072 2285.65683231728
7033.07650114509 1988.48034609549 833 384.260678167867 1243.94239707885
7090.93972483609 1962.18224885199 878 404.718417094476 1321.5749606989
7103.90198651321 1987.22014079631 868 377.60808562129 909.438077046967
7059.08105722484 1990.84613634681 849 393.454677140736 693.430586377122
7033.07650114509 1988.48034609549 833 384.260678167867 1243.94239707885
