1920.99873246732 476.487603691506 440 53.4590898560421 270.394576078089
1948.24228783523 470.348583125606 480 43.8270384838993 408.626858819435
1950.93431453071 472.150544098421 500 44.7788136496525 473.428819792249
1922.76062910465 461.369735664735 480 64.8369344721682 495.106357013723
1947.20016873238 469.190297496172 470 46.0990335576233 437.92292396617
1946.10569920154 470.716562966364 500 46.4859869711521 453.551961264852
2010.33881394497 478.357716163632 510 23.7761514652462 506.038861157761
1922.76062910465 461.369735664735 480 64.8369344721682 495.106357013723
1961.41198227919 478.545326750162 500 41.0743986916669 517.897613879572
1971.60164964065 463.969828740577 500 82.1048428827093 501.676965855517
1816.51813755581 468.483613652659 440 92.3021087697136 416.485067572065
1922.76062910465 461.369735664735 480 64.8369344721682 495.106357013723
1953.37037959884 473.998424361195 500 43.9175345851087 463.80380910164
1900.63347521268 472.887414257345 480 62.5628459402278 448.508858799592
1882.72816051825 470.557372211007 470 56.232361220371 392.650735679731
1900.63347521268 472.887414257345 480 62.5628459402278 448.508858799592
1914.62252196681 465.976037517532 480 67.5087208513178 422.774728580155
1917.82429430801 459.818516904352 480 66.5821923766209 641.758235796416
1938.53375513667 466.215284703824 470 32.9857239146665 432.039490759711
1961.41198227919 478.545326750162 500 41.0743986916669 517.897613879572
2022.17608588775 455.713777070174 500 88.4902837972094 493.909357244175
1925.9104593671 462.944650795963 480 63.7233013030838 506.601432021676
1900.63347521268 472.887414257345 480 62.5628459402278 448.508858799592
1950.8770964057 473.904173552893 500 44.7990433117543 494.691847893232
1900.63347521268 472.887414257345 480 62.5628459402278 448.508858799592
1900.63347521268 472.887414257345 480 62.5628459402278 448.508858799592
1933.39208404974 469.661400228361 480 74.1447631656867 451.439136399974
2038.00153078599 468.384668482555 500 82.8951440957886 521.436631102605
1900.63347521268 472.887414257345 480 62.5628459402278 448.508858799592
1922.76062910465 461.369735664735 480 64.8369344721682 495.106357013723
1953.24060454709 471.870160562367 500 43.9634169946692 506.49934849243
1955.79436748684 476.067269338263 500 43.0605254485488 444.897841585545
1922.76062910465 461.369735664735 480 64.8369344721682 495.106357013723
1955.79436748684 476.067269338263 500 43.0605254485488 444.897841585545
1933.62607146776 465.972540906871 480 68.6784484599444 513.517577982267
2009.65421932382 475.948986178537 510 24.0181922147348 493.86261756275
1992.76828913209 464.531470717603 490 47.7685168775173 490.472891800873
1933.62607146776 465.972540906871 480 68.6784484599444 513.517577982267
1881.85565389315 464.745232985098 470 55.9238835447509 438.071671504046
2009.65421932382 475.948986178537 510 24.0181922147348 493.86261756275
1922.76062910465 461.369735664735 480 64.8369344721682 495.106357013723
1922.76062910465 461.369735664735 480 64.8369344721682 495.106357013723
1871.92758276202 463.673450519052 440 52.4137803342889 365.95567132097
1947.24069089925 468.951610722682 500 46.0847068081289 457.716286799203
1990.27615414297 468.976684839839 500 88.7072772671537 543.735169381772
1922.76062910465 461.369735664735 480 64.8369344721682 495.106357013723
1922.76062910465 461.369735664735 480 64.8369344721682 495.106357013723
2091.56899741935 471.921577312103 540 4.94305532063692 573.124922031799
1918.85279914991 467.734589506292 480 69.0043496925524 433.050384546434
1942.23774448818 472.420492511023 480 77.2721764057366 447.108093560627
2091.56899741935 471.921577312103 540 4.94305532063692 573.124922031799
1943.67736416781 470.340294422514 500 47.3445330558239 467.621802220679
1936.99149846688 468.331398159229 500 49.7083435434369 434.011302036314
1979.60958431481 464.04835910132 490 64.7761122955656 427.185398447468
2082.92332516132 471.76528397463 530 7.99976206142408 543.552986248669
1941.44588778931 467.379650357116 500 48.1334790954685 423.712870355591
1936.99149846688 468.331398159229 500 49.7083435434369 434.011302036314
1925.79916809774 462.993819163044 490 35.0494431805834 446.950219594505
2016.36305531851 479.634528563879 510 48.590869087336 590.685979958721
2092.10626222174 465.725577567844 540 5.13300711316798 536.563173497895
1952.12614898493 476.983175684238 500 44.3574365373352 474.928932636893
1876.03446502748 462.570182254109 460 71.2599093964459 360.198096174147
1944.69339068776 469.272094257898 500 46.9853134347617 468.94445291539
1875.29943399156 462.652514432033 460 48.0568680183279 444.341659629046
1944.69339068776 469.272094257898 500 46.9853134347617 468.94445291539
1875.29943399156 462.652514432033 460 48.0568680183279 444.341659629046
2082.2090748934 469.93927645179 540 8.25228766537866 567.178019450859
1949.49375040583 468.359895708072 500 45.288129980372 455.387159609238
2030.7425447745 468.92361659503 520 16.5623432497132 517.3444163594
1949.60035730765 471.725577567844 500 45.2504387487709 477.312341215492
2025.28885846956 469.734451532154 520 18.4905125340554 530.365505664766
2075.97444029885 468.121389368886 520 36.4105718439927 526.319862374114
2025.28885846956 469.734451532154 520 18.4905125340554 530.365505664766
2086.06803024226 446.670169612739 520 6.88794091764034 497.370698933705
2025.28885846956 469.734451532154 520 18.4905125340554 530.365505664766
1900.63347521268 472.887414257345 480 62.5628459402278 448.508858799592
2073.94135131623 462.781520128979 520 17.8986465926653 515.137952977343
1996.38806002468 472.29575960445 510 28.7084878150951 476.405427588298
2009.11971676131 478.336326153311 510 24.2071674079908 542.561383137572
2009.11971676131 478.336326153311 510 24.2071674079908 542.561383137572
2023.01298450061 468.006244124486 510 35.9045433577076 549.970956627342
2091.56899741935 471.921577312103 540 4.94305532063692 573.124922031799
2019.98730156635 465.92361659503 520 20.3648959526087 500.621245084292
2025.28885846956 469.734451532154 520 18.4905125340554 530.365505664766
1947.22469571691 460.621079317351 480 9.10933689096928 448.013501233124
1999.44927313418 467.411141391516 510 35.8144529759473 555.089374489955
1981.36568706554 453.565194212388 540 100.259837298665 423.357972114851
1995.97318428898 461.195142934032 510 34.5854699787218 537.236293907256
2051.81909541535 472.618409511176 540 111.203761182685 576.835840162882
1991.19995809941 455.137691794077 540 103.736777166705 444.535920463209
2060.63879958692 462.972458221452 520 21.4364239920272 483.332432944761
2001.33696276105 458.307799852827 510 10.0222385951748 510.07490714798
1935.57024707342 462.008017154083 480 13.2298067243699 450.787376906587
2081.59991738624 476.748522521497 540 10.5616671226054 582.634522157796
1987.30742893888 457.132032847692 510 5.06204934390318 506.547606132573
2009.7104327713 468.197182216959 510 39.4423207570694 516.931586886697
2054.08535701478 464.822316455053 520 19.6997020801054 497.451051610645
1953.61268934603 470.982516521689 460 15.8227502361324 373.127944257436
2020.10144193652 471.803634860728 540 3.00986939687416 475.913828066398
2055.35519345179 471.038433157033 520 20.1486570579089 484.957119347075
1972.64598011906 461.720629723089 510 64.4603430374235 438.04037468228
2002.70147763806 456.279769360579 540 3.14194697704755 436.895186393699
1956.82795339657 473.896925884598 430 14.6859827294115 343.108741995681
1893.51543686252 460.982516521689 440 37.0703376170185 313.127944257436
1953.61268934603 470.982516521689 460 15.8227502361324 373.127944257436
2020.74007489578 465.175705307091 540 0.929770245850473 479.373075629316
2011.35962138114 456.497633790656 540 55.8183416009837 377.98377947194
1953.61268934603 470.982516521689 460 15.8227502361324 373.127944257436
2018.72254991156 462.143025509813 540 53.2151532543564 375.209099109434
1950.22501296707 470.430197463547 470 17.0204747061461 393.805392064753
1977.88768472427 463.03351229287 490 31.8156814073232 323.461308037937
1927.61405543471 469.812091983421 470 49.5900935000754 410.049297875558
1863.10850657969 455.108388102895 470 13.7798615037535 363.143408053185
1984.97993082059 466.672464945272 500 29.308193753048 386.289927028203
2000.19498402048 469.432349028251 480 23.9288601061709 377.241350517588
1929.89638185978 462.659309586445 480 48.7831692540534 379.859094970134
1994.7241110485 470.27362820989 490 25.8631057949169 372.668636800467
1995.22456966664 474.535215933059 500 32.9302205524741 449.268495855007
2015.56462770343 454.479934650969 540 54.3316473582695 355.93068205288
1995.22456966664 474.535215933059 500 32.9302205524741 449.268495855007
1943.41339003808 465.051498284341 460 44.0041851819389 350.810579454646
2037.97811333617 465.187457002382 500 48.0458808767111 383.319911142424
1943.41339003808 465.051498284341 460 44.0041851819389 350.810579454646
1984.97993082059 466.672464945272 500 29.308193753048 386.289927028203
1995.22456966664 474.535215933059 500 32.9302205524741 449.268495855007
2011.35962138114 456.497633790656 540 55.8183416009837 377.98377947194
1971.23661809857 468.030604300371 500 24.4491989421942 435.910142603801
2032.82706019819 472.456269988797 500 48.2284558198626 469.392263371462
2011.35962138114 456.497633790656 540 55.8183416009837 377.98377947194
2038.81887043056 468.092866304491 530 47.4080482055769 532.146259679932
1947.74216320397 461.15994971121 490 20.1563898605309 431.663967589374
2042.96311783546 469.575980417301 530 45.9428354841171 541.044944356791
1970.51468249774 462.979104654734 480 71.5572254409431 414.692318581418
2006.10662185684 460.961145224436 500 36.8104819619831 468.970768392463
1970.51468249774 462.979104654734 480 71.5572254409431 414.692318581418
1984.96423107458 468.382158600581 510 25.4371324191748 462.784538670897
1984.96423107458 468.382158600581 510 25.4371324191748 462.784538670897
2012.500147467 452.256951367368 540 27.8029847812015 564.995368989474
1970.51468249774 462.979104654734 480 71.5572254409431 414.692318581418
2027.81155596311 460.285646865246 540 82.6086042384085 638.328582863137
1981.965369209 470.755385320738 500 28.2752602351726 508.147728777674
2027.60280463715 466.576903829245 540 82.6824089774903 656.229237851479
2027.60280463715 466.576903829245 540 82.6824089774903 656.229237851479
2030.93874070084 469.191221884204 540 81.5029774713724 669.300828126274
2038.10551878751 473.300493959837 540 84.0368161635456 702.175004731342
2027.08424367033 455.805375036594 540 87.9334253498851 634.675838409893
2038.10551878751 473.300493959837 540 84.0368161635456 702.175004731342
2027.08424367033 455.805375036594 540 87.9334253498851 634.675838409893
2022.07971419288 457.833525839198 540 89.7027937149615 646.844743225519
2046.65686475068 467.957702032631 540 43.8700798426437 708.680634948651
2022.07971419288 457.833525839198 540 89.7027937149615 646.844743225519
2036.88425781576 465.548123775867 540 84.4685971209074 677.935853609728
2036.88425781576 465.548123775867 540 84.4685971209074 677.935853609728
2022.07971419288 457.833525839198 540 89.7027937149615 646.844743225519
2036.88425781576 465.548123775867 540 84.4685971209074 677.935853609728
2049.39018907357 478.714671387517 540 80.0470827221813 669.346287574791
2049.39018907357 478.714671387517 540 80.0470827221813 669.346287574791
1929.73385009218 472.026617648495 510 98.2144880401279 627.066480591052
1870.17940370197 468.992262477716 450 42.4511299862323 221.353644076492
2065.03367306311 472.531585005159 540 28.1291674189667 306.477597408068
1869.72170587333 470.316244576074 440 42.6129506054151 330.710755178702
2056.69206879905 470.327643173267 540 26.2394467015982 343.53359176104
1791.69169517025 452.721949971185 420 67.4523339033512 312.117621688127
1886.36147283799 471.323777975881 450 91.2993296133183 278.572916412689
2056.69206879905 470.327643173267 540 26.2394467015982 343.53359176104
2060.57888140967 471.623247376806 540 24.865250924514 347.420404371657
1987.44628722546 465.623247376806 530 0.991025712196433 317.420404371657
2057.88501464346 465.961304740744 520 17.929166297657 288.258670313308
1998.71150279712 469.020487433601 530 2.99182944892732 315.91100872548
1998.71150279712 469.020487433601 530 2.99182944892732 315.91100872548
2001.48110662685 467.616201193744 530 3.97103227353071 323.927362463496
1940.4349357359 471.316325858308 460 72.1814734646416 266.380654399686
1998.71150279712 469.020487433601 530 2.99182944892732 315.91100872548
1944.28361356257 471.619350014665 460 70.820760369722 224.320277997721
1998.71150279712 469.020487433601 530 2.99182944892732 315.91100872548
2069.39989208724 475.100138272306 540 25.1906228719021 346.449184294657
2069.39989208724 475.100138272306 540 25.1906228719021 346.449184294657
1991.86757327465 463.623247376806 510 0.572134961278407 220.941454829619
1886.36147283799 471.323777975881 450 91.2993296133183 278.572916412689
2003.25236247731 472.2795523432 520 4.59726578506884 310.994281540243
2003.25236247731 472.2795523432 520 4.59726578506884 310.994281540243
1881.28577610448 471.97522854265 440 54.8106764623871 199.298812177678
2003.25236247731 472.2795523432 520 4.59726578506884 310.994281540243
2012.49320456681 470.23470025957 520 1.33013473238792 304.859725289351
2012.49320456681 470.23470025957 520 1.33013473238792 304.859725289351
1875.02100203909 463.438994271559 470 47.2736285836152 268.392142772471
2080.42518345545 479.012924724735 540 22.6874467334014 329.238610253498
2012.49320456681 470.23470025957 520 1.33013473238792 304.859725289351
1937.35891939609 470.536285005884 480 68.833827502036 289.684014975445
2012.49320456681 470.23470025957 520 1.33013473238792 304.859725289351
1997.19729889614 465.484377262836 520 6.73805404445163 290.608756299149
1856.81870214634 460.180877856125 450 42.196059092219 225.434311193344
1956.53866266727 474.555761103916 460 66.571901692973 236.67926294304
1862.41971165396 465.183894910918 450 44.1763149943814 240.44336235772
1862.65731258111 466.783203123168 450 44.2603196077849 245.241286994472
2012.49320456681 470.23470025957 520 1.33013473238792 304.859725289351
1862.41971165396 465.183894910918 450 44.1763149943814 240.44336235772
2059.85015852588 471.745541506562 540 22.2105864291695 343.382634192582
2001.81229648943 472.226183671021 520 5.10640599776113 310.834175523706
1852.64644213265 460.470067954706 470 38.0120143548246 259.485363821911
