0 0 0 0 0
5021.74214957426 918.440345540192 190 550.742533469332 0
14229.7243049095 2280.39835262918 430 1314.52881387839 2529.87642425436
18657.5359287132 3285.62470304209 500 117.577212019911 2194.26139622307
13877.5826719696 2191.93118021603 370 1132.48322667915 2526.66840092474
12143.0111865706 1912.56772787395 360 413.58544077611 960.515014087371
21397.0858019515 3475.85760557426 690 272.745310916424 2630.6826698977
17403.4257417905 3044.79274812958 550 595.715542120876 1447.2092630833
4019.27557281781 875.122762554615 150 773.509944637882 0
6434.0183948284 1266.05356652118 340 822.535223591863 1110.1955385281
5366.28033836741 1097.98231903403 250 617.048938817942 7.89694119491327
14316.5490771265 2274.09523582555 430 1719.87262583309 2666.1571172782
14731.4478438483 2301.27737369662 430 1521.39760351975 1890.85499935735
14102.042517608 2135.08180652237 380 1076.16620874473 457.979801808914
14761.2477198774 2304.52543639977 460 1513.46644403359 1246.63467463329
13233.1930997239 2431.54762692118 470 2131.0370056381 2056.50060145403
10994.0393686564 2107.07632592333 360 2115.80386299171 502.275494783601
7553.11763084934 1206.10620835088 260 1453.59816579726 226.857751619563
14616.9098265549 2404.43547838268 450 1679.67394985241 442.95770926209
4769.33232811838 682.893322277696 140 1835.71686899595 0
12173.5678788003 2233.5429493357 440 2342.80423060784 838.456899443513
11704.1697985227 2110.05546696462 380 2252.46852793939 1264.10022152677
7446.81962990188 1085.93325823023 270 2866.28221195363 1668.23019988006
6651.02874687837 1096.44208628457 250 2559.98215826544 524.903845377456
0 0 0 0 0
5021.74214957426 918.440345540192 170 550.742533469332 0
14229.7243049095 2280.39835262918 430 1314.52881387839 2529.87642425436
19391.2495397619 3476.64252153183 620 463.364952287447 2400.30730643023
19830.6294373274 3424.50304946366 600 199.301299304903 862.459314117447
4019.27557281781 875.122762554615 150 773.509944637882 0
6434.0183948284 1266.05356652118 330 822.535223591863 1110.1955385281
4646.28033836741 1007.98231903403 210 894.177068028963 7.89694119491327
14715.7588225639 2295.54908854868 430 1524.41695707372 3076.66878337835
13499.6842664882 2349.71500122863 420 1597.04772495582 2174.00079071856
13598.0093422962 2226.75720497273 430 1203.64016904583 800.139150062558
12513.1930997239 2341.54762692118 460 2408.16513484912 2056.50060145403
11120.0192750467 2007.73049361445 340 2140.04870728068 380.124056127068
6903.05497805907 1260.96333646312 270 1328.49354993773 733.893624512882
14616.9098265549 2404.43547838268 450 1679.67394985241 442.95770926209
4769.33232811838 682.893322277696 140 1835.71686899595 0
12173.5678788003 2233.5429493357 440 2342.80423060784 838.456899443513
7989.18711613627 1177.47467639969 250 2763.27040937598 406.026518176324
0 0 0 0 0
15255.7588225639 2385.54908854868 440 1420.49390861958 3076.66878337835
19160.1282606051 3189.87766849658 560 455.705163193139 2636.19645339276
18319.683405599 3161.00358266625 540 631.103308618832 1280.66206269755
4301.74214957426 828.440345540192 150 827.870662680352 0
5634.18473279498 1132.80745504362 300 1084.29935738109 938.676696832564
4646.28033836741 1007.98231903403 210 894.177068028963 7.89694119491327
13705.9806947097 2231.53146378696 430 1182.8610725856 894.913408876786
12513.1930997239 2341.54762692118 460 2408.16513484912 2056.50060145403
11241.0842799755 2070.52416665802 340 2163.34767834237 529.981375866908
12293.2591263331 2291.39104563985 430 1950.14662811888 676.301683190826
4844.92688565043 707.473370215092 140 1864.81322775622 0
12173.5678788003 2233.5429493357 440 2342.80423060784 838.456899443513
7419.81206967501 1078.96900197858 210 2855.88699717554 233.694617824898
0 0 0 0 0
20351.6364265106 3369.28473441555 600 376.678057600629 3152.75299732798
19642.4785892192 3467.48203527785 620 415.01589917664 2400.30730643023
19213.1387280384 3424.88142500631 490 519.714489082267 377.610547061261
4301.74214957426 828.440345540192 150 827.870662680352 0
5714.0183948284 1176.05356652118 300 1099.66335280288 1110.1955385281
5302.84472754535 1101.85450440871 240 1020.5329436397 180.395443973214
13991.8376508527 2201.42861593986 360 1270.95884493399 344.667105710198
12621.5557121738 2374.1921224539 460 2429.01952933848 2042.82215291766
14586.8798489736 2277.76497528647 470 1557.90957940637 1162.36461624305
5909.98375814832 819.393648335702 130 1962.9846637531 0
12173.5678788003 2233.5429493357 440 2342.80423060784 838.456899443513
7431.04144657228 1083.43435840331 270 2860.20918635851 987.556746140201
0 0 0 0 0
20620.1821403545 3493.12331373065 660 733.883252017951 3427.15109018142
19642.4785892192 3467.48203527785 620 415.01589917664 2400.30730643023
20068.4851622184 3451.24751816213 560 542.653186210561 698.304022934677
4301.74214957426 828.440345540192 150 827.870662680352 0
5714.0183948284 1176.05356652118 300 1099.66335280288 1110.1955385281
5208.18435711337 1107.0396729687 260 1002.3155468562 514.365790450339
13691.6558933513 2133.47596852683 320 1181.86718406992 413.269030677013
14546.2489971216 2381.65531817369 430 1699.02716782344 446.343535734683
5369.98375814832 729.393648335702 110 2066.90771220724 0
12173.5678788003 2233.5429493357 440 2342.80423060784 838.456899443513
7449.18711613627 1087.47467639969 210 2867.19345783011 406.026518176324
0 0 0 0 0
20620.1821403545 3493.12331373065 660 733.883252017951 3427.15109018142
19642.4785892192 3467.48203527785 620 415.01589917664 2400.30730643023
20077.5182693378 3458.70832518487 560 540.914763934899 808.783151086778
4301.74214957426 828.440345540192 150 827.870662680352 0
5714.0183948284 1176.05356652118 300 1099.66335280288 1110.1955385281
5179.53849645635 1087.76025424899 210 996.802648402368 0
13727.376752001 2146.0573486578 320 1195.61614897465 385.118318581823
14668.343156723 2269.67479609128 460 1531.34593554897 1148.82694021554
5369.98375814832 729.393648335702 110 2066.90771220724 0
12551.953342381 2315.20277926978 420 2415.62454702643 448.424650006707
7449.18711613627 1087.47467639969 210 2867.19345783011 406.026518176324
0 0 0 0 0
20354.4376571297 3432.1013739015 640 439.252709403572 3772.74211170967
20167.2828913208 3371.37979805338 620 77.9701449089957 2567.08809497059
20077.5182693378 3458.70832518487 560 540.914763934899 808.783151086778
4301.74214957426 828.440345540192 150 827.870662680352 0
5714.0183948284 1176.05356652118 300 1099.66335280288 1110.1955385281
5248.6681319015 1125.99616174043 210 1010.10665294678 0
