0 0 0 0 0
9734.21979664202 1541.69439150416 280 4.83489910139243 2375.42156655591
21138.1042418081 3476.28152982696 610 836.118903767511 7062.32005555065
18508.8147578371 3096.21498867964 530 391.421158738391 4830.09746964452
12012.5275395995 1874.80002816566 390 376.468082648209 4150.21434434879
10205.723530425 1572.95851279025 300 185.35905107941 2779.88419139624
10274.219796642 1631.69439150416 290 99.0881493527402 2375.42156655591
9775.69093573342 1557.32422429037 280 3.14622533794884 2123.10210577124
22305.4508696154 3542.61018746954 660 932.760313610268 6926.09894670224
19483.8095478434 3236.65415700765 560 107.794572090471 3596.94025658331
5899.44360392789 1167.75563653184 240 1135.34845093226 2497.71252585994
3787.63634640858 763.797580420629 150 728.930954730468 166.990195135928
1546.02611264614 214.71310991542 20 595.065728206959 0
6259.68452373669 1174.32811779185 230 788.984654457308 713.928409704933
15067.7415917617 2260.1493826594 410 1716.82110052207 4663.06290440021
14973.5466573933 2326.26791983511 420 1069.38339118365 2601.64491768891
3937.49389812218 554.540057062623 90 1515.5421080089 144.136952022438
13690.9832914918 2400.3217507383 480 2219.13876912129 5181.16980650657
12733.5480419557 2168.42227587853 410 2034.88026943753 1834.93307070251
7547.71674138365 1211.70710671755 270 1452.55876413496 1401.3910177188
14187.9340844223 2449.41668217392 450 2314.7769938121 1805.38328693224
6117.79790885579 865.135113941 180 1991.01084342762 203.233355686384
12511.9523957838 2184.56571086536 410 2407.92636126453 3227.32367171629
9311.31477297055 1311.07221182288 290 2813.47953087555 2048.50579232853
7975.60389927113 1110.07188837646 250 3069.81137212934 1396.69253035887
0 0 0 0 0
21669.9674091092 3549.40906363637 640 369.740435644957 7267.47409989176
19644.0855713829 3177.06338372147 590 170.354192062236 5159.13871977813
12012.5275395995 1874.80002816566 390 376.468082648209 4150.21434434879
11186.6312833391 1750.5101146053 340 61.6969840737647 3616.47194747291
12935.0825603615 2031.81972557276 350 750.841306396945 2913.70021179354
20216.7614206494 3264.32653689056 600 881.554275944061 4049.38496744049
3787.63634640858 763.797580420629 150 728.930954730468 166.990195135928
1546.02611264614 214.71310991542 20 595.065728206959 0
6123.16976617598 1105.18850572478 210 762.712377115296 604.556046104197
15280.9760548255 2323.27492534153 440 1768.10655636589 4918.26485362378
15180.2456178908 2338.40454182228 420 1460.71100353569 2871.37828308282
3942.09163340824 555.447486571087 90 1517.31177714561 128.760953008036
13714.3920932031 2417.6626989174 470 2223.6437951111 5036.766854751
12009.7689682234 2075.71255575106 390 2311.28111556967 1659.82341526163
7547.71674138365 1211.70710671755 270 1452.55876413496 1401.3910177188
14187.9340844223 2449.41668217392 440 2314.7769938121 1805.38328693224
5476.24659736669 761.82962620258 160 2107.80829809229 573.415451089531
12879.4313703884 2274.66049677056 430 2478.64772290101 3715.15784966021
7993.06168385119 1114.84177060971 250 3076.53087654718 1974.87183082597
0 0 0 0 0
21366.7304398313 3556.03370799923 670 464.375172160283 7384.12289231751
19313.2846021081 3143.10241702749 570 572.407007804533 5261.66348395732
13376.1706439588 2089.67641689456 390 665.953865129867 3032.62537937486
11292.9835112114 1788.17860094319 340 102.63197566778 3729.04328038053
21481.3659957225 3474.38245725224 620 492.466257724824 3691.70188527887
3787.63634640858 763.797580420629 150 728.930954730468 166.990195135928
2983.21011772969 391.189620100417 70 1148.2381096803 95
6121.15342160261 1107.52142912245 210 762.324331421225 707.527059919911
15280.9760548255 2323.27492534153 440 1768.10655636589 4918.26485362378
15180.2456178908 2338.40454182228 420 1460.71100353569 2871.37828308282
4656.23769310789 640.064865854043 140 1792.18672368448 551.585824886951
12997.1158004009 2311.5106058189 450 2501.29610201672 4630.32379295308
12013.5480419557 2078.42227587853 390 2312.00839864855 1834.93307070251
7652.74196238262 1212.81356203917 270 1472.77087734012 1613.00328707906
13229.6291885339 2274.47179482369 430 2130.35113060979 3534.78044576649
5433.23565787512 755.774434166002 150 2091.25337976325 145.15131636139
8112.51198804648 1158.49571737718 250 3122.50732006847 1567.5360434282
0 0 0 0 0
21640.343693664 3532.2990522346 620 531.963966724379 7214.55187187627
20013.132054585 3360.98006425201 550 9.46401545059256 5448.53903302907
12832.3969268217 1998.62990526016 350 770.603165785646 2971.68864859486
21481.3659957225 3474.38245725224 620 492.466257724824 3691.70188527887
3787.63634640858 763.797580420629 150 728.930954730468 166.990195135928
3059.03419777232 415.650848842053 70 1177.42281169608 0
6136.77696598303 1114.62756076038 220 765.331083939136 983.588455490326
15364.3863028029 2352.30880904184 440 1748.14834571285 5068.54411335614
15180.2456178908 2338.40454182228 420 1460.71100353569 2871.37828308282
4656.23769310789 640.064865854043 140 1792.18672368448 551.585824886951
13035.0437873575 2344.83836350997 470 2508.59534650981 4950.39405582076
12013.5480419557 2078.42227587853 390 2312.00839864855 1834.93307070251
13719.0352451688 2289.96472783501 450 2224.53737012353 3583.56384322563
5487.79790885579 775.135113941 150 2112.25439995744 203.233355686384
9265.04660889991 1295.39008784518 280 3254.34895710613 2837.72724846842
21057.4810575988 3561.08343270586 590 644.616800181826 7303.81213084215
20802.6690714066 3491.14374624322 590 676.966513663009 5831.19129233369
13376.1706439588 2089.67641689456 360 665.953865129867 3032.62537937486
20273.8767862805 3409.53190100371 550 38.7627485486452 4543.70411806706
5890.67508566949 1178.69908595117 220 1133.66094880663 2056.44011209407
15180.2456178908 2338.40454182228 420 1460.71100353569 2871.37828308282
5986.32351391011 850.040808302393 150 1992.36784944573 652.139050047777
13034.0767250612 2345.34936918489 470 2508.4092352841 5211.29838735984
11354.1591114764 1944.11528050403 390 2185.10893981092 2986.12849602259
13688.0067665181 2399.81554477359 430 2218.56593662302 3636.61344084281
21951.8827313847 3510.73395591798 650 291.948342189255 7597.00110450374
21243.7662572276 3526.52438314506 620 599.631928019427 6137.12919939453
13774.1191864223 2136.22688797176 410 1221.43457049246 4028.01246330005
21878.6075619453 3586.07709176193 640 638.914829166732 5374.61331131485
5937.48288943483 1188.98380989014 240 1142.66911484133 2282.72364693772
15720.2456178908 2428.40454182228 430 1356.78795508156 2871.37828308282
21794.1830658703 3582.68159060382 650 556.746078139495 7271.91093316262
21780.4664244445 3543.55187914156 640 589.565177523964 5911.88648577967
13774.1191864223 2136.22688797176 410 1221.43457049246 4028.01246330005
21878.6075619453 3586.07709176193 640 638.914829166732 5374.61331131485
7143.7158420564 1134.73516231162 230 959.116560991956 2385.30033046233
