0 0 0 0 0
4518.59848596722 857.719994821512 180 453.91249026114 400.724811479889
21097.393675497 3483.93623601137 630 607.027561094653 6112.6316532656
19047.6272991082 3216.81066428982 550 15.6043799092434 3905.12115684117
12822.1444446529 2016.54970552832 330 670.575326021907 3096.59742217595
9922.43357151753 1596.58109288351 300 119.268156909152 2550.97070494955
12604.4957823084 1921.82670726169 330 458.512256136597 2350.20285250103
21644.2001309701 3517.5854372567 660 772.481032304071 5256.60363331723
18099.5481844297 2954.84978712878 520 451.41366549804 1594.55814516288
3798.54853235344 767.994486515403 160 731.031005894705 310.650818020984
1506.54267780403 201.540659228538 20 579.868547050544 0
7695.50471423064 1221.59003623551 270 1481.00057277036 2634.3931167027
5649.56828990959 1064.10695986373 220 671.567730511627 365.282345714086
14215.8298160247 2237.84021994258 440 1328.49300058838 3948.66979588461
14320.844588265 2194.15373499493 360 1190.11183162553 1214.90516174598
3043.27917781638 409.934452558899 90 1171.35870168765 0
13311.2330429412 2407.70596702844 410 2146.05579971278 3585.41182704495
12008.3344633403 2015.89170585133 360 1895.31285115965 1435.64829699275
13740.5436306764 2335.01873461407 450 2228.67666084441 2280.97349734098
5418.58354542755 745.88170033913 110 2085.61377905272 0
12731.4552512579 2282.86589578557 420 2450.16970549647 3653.23988405013
13020.5436306764 2245.01873461407 430 2505.80479005543 2280.97349734098
11287.2572250806 1924.17481574569 350 2172.23366577094 1222.42183109713
7787.08803234862 1045.53606323034 230 2997.25158111986 1830.24194914622
0 0 0 0 0
4518.59848596722 857.719994821512 170 453.91249026114 400.724811479889
21305.2526482072 3502.62572954953 620 532.73072861977 6083.72610192562
21732.6607034219 3591.75020010943 650 89.0468232579662 5121.57688204001
13754.2891804345 2028.70541773222 370 924.448677976217 3462.58234188336
9947.52511114405 1605.47918225084 300 124.097025961738 2734.16811505679
12632.0558335787 1931.92491856523 330 469.120124816461 2345.69138330461
22016.0860315318 3546.71440280676 660 315.942693622735 5648.31272221248
19331.3297390039 3234.90425684246 560 26.0664872485651 3348.60835233292
3798.54853235344 767.994486515403 160 731.031005894705 310.650818020984
1506.54267780403 201.540659228538 20 579.868547050544 0
7669.81068854139 1212.2634699789 270 1476.05575522095 2750.32793137508
6433.28386770064 1160.3087295633 250 822.393863780216 281.912019973611
14217.9198792116 2236.258593893 430 1262.33325040514 4263.79680788878
14521.7972893482 2262.84005103827 350 1139.9521462876 1499.43620206548
3043.27917781638 409.934452558899 90 1171.35870168765 0
13229.1305473578 2236.7256623284 410 2130.25516707071 3063.02714351636
5418.58354542755 745.88170033913 110 2085.61377905272 0
13020.5436306764 2245.01873461407 430 2505.80479005543 2280.97349734098
11284.4440987991 1923.48515015748 350 2171.69227936565 1314.56059263367
7835.2358253764 1057.79125939382 230 3015.78367529684 1775.59431481858
0 0 0 0 0
21123.3965836183 3482.49192591573 630 605.91886597181 6173.45411431188
21618.6117571314 3529.16447593131 650 331.872851744949 5218.83857328011
13762.8624399894 2180.02762253958 400 1032.65785124794 3257.24485732646
9947.52511114405 1605.47918225084 300 124.097025961738 2734.16811505679
12612.1362475686 1921.23434811444 330 461.453072586414 2438.0469965241
22023.0598929025 3543.7371577883 660 314.600573376176 5795.77823340772
20434.4221477059 3305.16671433881 610 75.9635117332049 3143.69202543251
3855.00342367438 796.390739596723 160 741.895754795111 207.390739596723
2849.25332348474 408.414873747641 90 784.908970173171 0
7755.353751909 1273.07309260499 260 1492.51852544181 2631.00530980487
5618.66586426942 1130.72764708889 230 1081.31274974084 1383.24394390781
14331.815240216 2275.35710176275 430 1306.1715952954 4235.99801107755
14028.0594332239 2198.49788984819 350 1676.34314026183 1899.26444594307
3043.27917781638 409.934452558899 90 1171.35870168765 0
13666.683812707 2412.82544175629 430 2214.46233224876 3007.84840598639
5418.58354542755 745.88170033913 110 2085.61377905272 0
13128.7223182143 2300.24976041796 450 2526.62378817897 2557.12862636044
11284.4440987991 1923.48515015748 350 2171.69227936565 1314.56059263367
7769.91608384409 1036.63797386301 230 2990.64209505879 1949.29216153812
0 0 0 0 0
21155.8534232319 3489.68996494292 630 599.672544275821 6223.84038750218
21668.4284452451 3537.80883270307 640 322.285625647413 5275.43284578853
13754.2146281565 2032.04320856425 370 924.463025568812 3589.4874114053
12074.928139974 1875.05130610091 300 816.703445348504 2682.24700773834
12642.3637020774 1934.09649144048 330 473.087625251473 2440.86295617986
22287.322635274 3621.99546806542 670 494.037355559666 5452.87014453668
19159.6949825305 3130.22727330582 490 189.716540275055 3302.30147171334
3855.00342367438 796.390739596723 160 741.895754795111 207.390739596723
7656.63310927219 1209.12738692733 270 1473.51972890817 3018.88396423128
7058.04795169857 1134.53161602748 240 1358.32196162215 1823.07441956391
15402.3118354499 2239.28654449276 440 1521.78684780834 3931.92249928685
14571.4207421525 2289.04928978065 370 1571.77320760278 2177.25549137727
3099.7619140756 428.961905503901 90 1193.0989170102 0
14211.3754366273 2448.67675620558 470 2319.28828414735 3020.88144033172
11284.4440987991 1923.48515015748 350 2171.69227936565 1314.56059263367
7769.91608384409 1036.63797386301 230 2990.64209505879 1949.29216153812
0 0 0 0 0
21282.2362504092 3530.64920857194 630 575.350157845242 6205.25564387535
21351.6262252923 3563.98389414814 630 357.941238026382 5325.73728249937
12181.1534078322 1910.21981510364 300 796.260383017624 3038.5367694688
22254.4814872025 3624.3163212914 650 236.698742637934 5604.559157047
19033.4799680429 3197.00832466022 570 109.333860086025 3708.09837159301
4907.26451613962 911.190126682026 190 944.403496459304 236.584575406562
7656.63310927219 1209.12738692733 270 1473.51972890817 3018.88396423128
7034.00024317447 1127.46054821561 240 1353.69397795889 1862.48973088458
15355.690709074 2382.6285587116 400 1452.70167981578 3499.07826497637
13852.3162878216 2148.86508696188 350 1378.85779869429 3070.39084689601
5958.58354542755 835.88170033913 120 1981.69073059858 0
14211.3754366273 2448.67675620558 470 2319.28828414735 3020.88144033172
12509.1305473578 2146.7256623284 400 2407.38329628173 3063.02714351636
21674.1934845083 3595.41991802303 630 229.009184290645 6220.78788482904
21362.7470229803 3534.12409705185 630 676.403388592576 5174.40157217539
22104.0588442592 3542.08997002709 660 472.253374535822 5742.85034960274
21682.8242594307 3556.03481773578 610 309.804532309397 6321.44079333967
