6739.787111725 1750.3021139309 543 141.374301643195 2618.76322637675
6767.79483314846 1749.14250960147 674 145.179948735764 5782.73168056605
7255.58293999366 1943.57368219755 664 100.781942247655 4735.9823033132
7324.05616072616 1888.39851293393 579 58.5862983038417 3097.80099043765
7409.40233470484 1755.02692658591 674 116.028970049911 4493.0358455679
7338.59778887009 1943.49894864875 664 45.16663929327 2509.34758665862
7310.90373692138 1862.36353224372 655 130.624124990173 1741.10675861084
7921.9394281206 2050.71931828155 674 208.587014218896 2009.54710530161
7621.85533685037 1990.55101621681 674 559.830897300303 5505.38406115425
7216.31030542715 1894.50490091137 674 265.784890874272 3140.55428504335
6730.75164077058 1753.5373093742 643 124.610080017628 2194.2328921481
7127.79073044568 1832.56028311611 674 212.793596695478 2702.32655665015
7595.76054946098 1947.77169698723 674 233.265905412334 2335.86931057671
7773.91528138514 2162.44082796361 674 970.284900338886 9038.76156410321
7779.53111939452 2108.31732985571 674 756.981724854469 6443.0630571326
6898.94453942606 1748.92766402515 674 357.311075128199 2828.11482786488
6384.95472387262 1577.26391894892 674 258.393689004697 1767.05592247428
6742.03083027644 1623.53107588827 628 351.759899746441 762.723422872264
8215.09029398266 1998.11820864688 674 773.27408048215 4410.30859718617
7771.4887769912 2007.57733530149 674 489.414032674047 1980.47178276977
7415.27701341737 1916.56362873239 674 772.128243686641 3137.76683282551
6638.61810772374 1604.93982786634 643 466.399357786582 704.993020495416
6460.35333468523 1451.43547731041 628 476.752644720005 769.71283794761
7619.05190988526 1814.01847620127 674 715.825059815095 2319.82958882732
7134.87876630537 1750.26214791432 674 826.090911503445 2258.50397826866
6767.79483314846 1749.14250960147 674 145.179948735764 5782.73168056605
7255.58293999366 1943.57368219755 664 100.781942247655 4735.9823033132
7409.40233470484 1755.02692658591 674 116.028970049911 4493.0358455679
7338.59778887009 1943.49894864875 664 45.16663929327 2509.34758665862
7310.90373692138 1862.36353224372 655 130.624124990173 1741.10675861084
7921.9394281206 2050.71931828155 674 208.587014218896 2009.54710530161
7216.31030542715 1894.50490091137 674 265.784890874272 3140.55428504335
6800.94807356418 1791.30865607807 643 111.100770227783 2497.56680268403
7477.79665711956 1884.76394554421 674 225.825008258507 2043.1948181673
7779.53111939452 2108.31732985571 674 756.981724854469 6443.0630571326
7045.19803291557 1837.30054017144 674 385.457573073562 2279.66043989875
6384.95472387262 1577.26391894892 674 258.393689004697 1767.05592247428
6742.03083027644 1623.53107588827 628 351.759899746441 762.723422872264
8215.09029398266 1998.11820864688 674 773.27408048215 4410.30859718617
7899.20211588333 2018.18981760374 674 610.719367965681 3291.09807743721
7415.27701341737 1916.56362873239 674 772.128243686641 3137.76683282551
6460.35333468523 1451.43547731041 628 476.752644720005 769.71283794761
7619.05190988526 1814.01847620127 674 715.825059815095 2319.82958882732
7134.87876630537 1750.26214791432 674 826.090911503445 2258.50397826866
6767.79483314846 1749.14250960147 674 145.179948735764 5782.73168056605
7409.40233470484 1755.02692658591 674 116.028970049911 4493.0358455679
7510.08236560749 2023.6338678129 664 23.3098478770894 2942.42694065517
7310.90373692138 1862.36353224372 655 130.624124990173 1741.10675861084
7921.9394281206 2050.71931828155 674 208.587014218896 2009.54710530161
7216.31030542715 1894.50490091137 674 265.784890874272 3140.55428504335
6807.88784640706 1779.11524058788 664 71.6927313726011 2093.70648939016
7477.79665711956 1884.76394554421 674 225.825008258507 2043.1948181673
7779.53111939452 2108.31732985571 674 756.981724854469 6443.0630571326
7229.88318113149 1836.96259488379 674 495.817236594777 3802.30109989602
6384.95472387262 1577.26391894892 674 258.393689004697 1767.05592247428
6870.69717337587 1631.47034822553 628 397.78193614389 779.895292539492
8312.92604007777 2003.15985074818 674 907.740250091691 6570.56358293617
7899.20211588333 2018.18981760374 674 610.719367965681 3291.09807743721
7415.27701341737 1916.56362873239 674 772.128243686641 3137.76683282551
6460.35333468523 1451.43547731041 628 476.752644720005 769.71283794761
7619.05190988526 1814.01847620127 674 715.825059815095 2319.82958882732
7179.64740297683 1766.87997866001 674 843.32236779246 2449.48712528239
6767.79483314846 1749.14250960147 674 145.179948735764 5782.73168056605
7409.40233470484 1755.02692658591 674 116.028970049911 4493.0358455679
7475.00275764784 2015.76064017624 674 98.8940355126885 3410.83532118812
7310.90373692138 1862.36353224372 655 130.624124990173 1741.10675861084
7921.9394281206 2050.71931828155 674 208.587014218896 2009.54710530161
6807.88784640706 1779.11524058788 664 71.6927313726011 2093.70648939016
7498.01645565153 1891.03089988227 674 233.607612342101 2080.79654419566
7779.53111939452 2108.31732985571 674 756.981724854469 6443.0630571326
7229.77107570432 1961.70323224988 674 419.723090845593 3990.76604119252
6870.69717337587 1631.47034822553 628 397.78193614389 779.895292539492
8315.45975252231 2003.2055584589 674 907.25263690439 6598.43561760013
7898.74849203078 2018.33140575912 674 610.806667916808 3370.27791487175
6460.35333468523 1451.43547731041 628 476.752644720005 769.71283794761
7619.05190988526 1814.01847620127 674 715.825059815095 2319.82958882732
7179.64740297683 1766.87997866001 674 843.32236779246 2449.48712528239
6757.22682426282 1746.56646316461 674 147.213762994072 5782.73168056605
7409.40233470484 1755.02692658591 674 116.028970049911 4493.0358455679
7475.00275764784 2015.76064017624 674 98.8940355126885 3410.83532118812
7310.90373692138 1862.36353224372 655 130.624124990173 1741.10675861084
7921.9394281206 2050.71931828155 674 208.587014218896 2009.54710530161
7498.01645565153 1891.03089988227 674 233.607612342101 2080.79654419566
7779.53111939452 2108.31732985571 674 756.981724854469 6443.0630571326
7229.77107570432 1961.70323224988 674 419.723090845593 3990.76604119252
6872.39128939481 1689.94421812262 628 326.672017691884 1091.01692519577
8315.45975252231 2003.2055584589 674 907.25263690439 6598.43561760013
7898.74849203078 2018.33140575912 674 610.806667916808 3370.27791487175
6460.35333468523 1451.43547731041 628 476.752644720005 769.71283794761
7795.98184926143 1887.28038700602 674 682.847124176614 3036.34605890356
7750.34155018679 2017.30658400989 674 1022.34372361478 4840.82657289153
6757.22682426282 1746.56646316461 674 147.213762994072 5782.73168056605
7409.40233470484 1755.02692658591 674 116.028970049911 4493.0358455679
7384.50190535094 1940.96147391762 674 208.994856217235 3738.64090146132
7310.90373692138 1862.36353224372 655 130.624124990173 1741.10675861084
7921.9394281206 2050.71931828155 674 208.587014218896 2009.54710530161
8168.13554381766 2018.20976008837 674 474.582603312378 5381.52277158079
7634.0181615862 2090.20389506022 674 845.07399302688 6469.82163788552
7484.85759231532 1920.11602083941 674 668.447011895426 4232.37642928068
7795.98184926143 1887.28038700602 674 682.847124176614 3036.34605890356
