13094.9182900505 2353.35059319955 450 174.882532841003 5256.47386354349
13113.9682818093 2368.29514365509 450 174.687740941563 3593.01881113766
13101.7965458594 2356.63302219477 450 206.805920448304 3766.64742797789
13085.6471063724 2373.59126348203 450 139.153351065656 4277.88202337589
13119.1380107534 2379.77564826667 450 166.86162939348 5277.6204206949
13203.9892982736 2400.75571496219 450 165.762418540226 5040.41465781432
13033.4220172469 2327.75399300026 450 193.778873223408 4189.5049587769
13103.8806429928 2355.83635123054 450 170.98115182401 5324.56347666208
13149.7993824564 2377.53405201892 450 193.166579734382 4503.46963018574
13138.7107583584 2386.34930638195 450 153.987970826837 4277.81079872381
13183.1934779384 2379.06742339306 450 230.085149364518 4164.5202893499
13057.3514919325 2348.27811589573 450 156.08450276357 4646.33207005995
13038.2506108487 2333.54202681104 450 185.828339628688 4643.38987994419
13174.1961291424 2380.01650767538 450 216.612341385301 4934.62959577142
13087.2171629834 2364.52412866181 450 143.978086416203 4098.97330386934
13041.3976105759 2331.57184405072 450 191.657207150439 4284.6037404479
13286.2418866024 2420.32047126037 460 263.765664237913 5242.15607197299
13096.57273117 2361.85574517722 450 144.43756726747 4414.87282800122
12990.4533250859 2311.96922925004 450 174.182947188168 4279.78978206201
13255.0009766514 2420.18411346641 450 185.817830838822 5606.79076868532
13167.1061806839 2382.14786337615 450 195.368629472737 4775.42829648887
13151.9414940183 2368.37720003571 450 180.149920882471 4481.33801813478
13025.9171295696 2329.84536527372 450 186.199422883227 4068.01015900878
13148.0869195794 2389.28736378203 450 175.906851701611 3977.45279137767
13123.123371591 2369.10948302172 450 177.688357633002 4533.73348652665
13253.7292718069 2406.63492500131 460 264.454812782564 4772.86728233817
13149.2403160156 2386.98131946751 450 156.49377339661 4276.27315034002
13223.9065244562 2404.7683048979 450 231.326873028661 5126.0652048954
13096.2349748224 2353.39399392981 450 192.904554245794 4458.11361835873
13159.7446774548 2383.00025596704 450 182.315412350797 5010.45300002294
13281.4928891321 2426.13313268918 450 202.947810874696 5179.22028950625
13156.0239915862 2388.98010776479 450 149.669725769521 5160.6034615484
13219.0959979743 2396.35749213371 450 187.590603616684 5060.83762662993
13174.9241406643 2387.84340558005 450 208.104230147909 4423.08304035464
13034.7497024425 2337.39305655216 450 183.471841920506 4901.79234518225
13043.1341252812 2331.03644168421 450 185.034917790036 4298.59818538981
13206.0173152154 2397.98187823633 450 199.186646086571 3983.2470329606
13031.7013812053 2338.37787476526 450 143.76611639669 3369.5547438415
13088.1657148919 2358.07466644778 450 165.544735014459 4928.36038128607
13207.1337042131 2407.70720303376 450 156.057382712968 4298.0759795799
13184.1537007038 2402.69961135639 450 168.194471609857 4324.57813003608
13143.7512104187 2366.71340284492 450 223.923095744439 4361.96867181313
13092.0018951981 2356.21505969126 450 152.363702530167 4002.17210594883
13240.7700334695 2415.40802509548 450 195.360819613461 5092.04389365608
13068.1529469985 2340.70974543645 450 192.211593439881 3872.95358630972
13212.6240302208 2401.35768447526 450 215.128548719627 3757.38509051793
13251.6896173469 2409.00311884303 450 222.854541592363 4908.72028511613
13050.0981711761 2328.33967976927 450 179.843270527294 3915.7349092815
13161.1590268553 2390.26022090253 450 185.446426461869 3844.0107280695
13158.8942826276 2386.61057689851 450 174.110996515001 4475.78754624876
13051.298465121 2341.05636161372 450 184.403530126728 4185.38651041653
13087.983427734 2354.98776998108 450 175.01778837551 3724.36864102275
13114.0061328668 2372.17792591084 450 137.016437667884 4564.24758062088
13156.0126986069 2377.88332239092 450 212.490367304644 4912.03813909956
13126.8031506563 2375.25166691934 450 141.418222618135 4877.69348761005
13299.2853475488 2434.83134604761 450 227.704073242336 5367.70353793864
13079.3834368814 2344.42320171492 450 189.902609135589 3159.11880196952
12614.1986766356 2306.23693705569 410 320.898581102992 3716.91906598149
13334.3562184429 2430.50347409257 460 245.72219589699 4444.40616876054
13275.4410392021 2414.52165649436 460 261.128702764241 4778.81364443031
13128.959935051 2374.54801053412 450 156.364889529313 4872.63874461476
13161.123103768 2386.1648636257 450 191.754324022966 4486.75707363521
13037.4352429875 2346.86932790011 450 171.707882840684 5216.46850895885
13213.3139354474 2416.35572458532 450 163.312217030173 5434.43346000755
13255.7087056682 2428.82369218655 450 188.816115710896 4286.15239037525
13185.7415269598 2396.8627062342 450 169.969648399166 4724.07906797301
13203.3650146134 2395.95801384396 450 207.401944521316 3475.52469862748
13185.207079478 2388.4769039081 450 213.308698242401 5573.59209471689
13113.2332443387 2365.04435322714 450 164.425601025141 4807.02566037038
13171.4280207643 2393.76572351289 450 185.499472841341 4830.19534720483
13081.3383958374 2356.30029358684 450 190.397300177653 4344.83967063188
13277.6245651524 2429.40751068076 450 194.033108321806 5242.93153146298
13056.2186904526 2338.6368633463 450 191.80312214528 4493.86795998185
13140.3692523146 2379.22225567539 450 153.709638286903 4932.01165818214
13212.6268279874 2397.40635623331 450 207.266399417155 4665.67306781846
13063.9250807947 2352.10632672248 450 153.718311365469 4619.95222180684
13206.0670863758 2395.69613654924 450 181.491910642683 5181.36261095526
13108.2553230767 2371.49740116347 450 162.131469923946 5204.08811500806
13115.4380120338 2367.18476151086 450 207.618413217953 4697.53893308689
13235.1898387063 2407.8595418136 450 220.014174349858 4057.46003673758
13286.6324764228 2418.99850574576 450 230.15548503128 4582.97271013371
13035.1086253939 2346.48624205546 450 144.513899360504 4494.14510131281
13137.7474734489 2355.55121180935 450 213.688644238134 4587.08579162998
13131.6743883879 2366.8076618389 450 220.358211898769 4267.67769593508
13037.7742351783 2327.04546915768 450 177.18689622883 3636.45879999772
13330.1320144362 2445.84167810081 460 232.589402692219 4948.59294838818
13203.9381926495 2385.8049523896 450 234.006213064366 4500.15557939603
13302.3554408945 2440.54491546167 450 193.256060559285 4928.26399754456
13195.7888554546 2389.95068722731 450 194.283058053137 4556.15914536419
13161.5808983246 2377.26185990942 450 215.360278660336 4263.09484035873
13149.4675848786 2389.19147821644 450 142.056215962584 4294.78074903016
13150.8181853258 2380.44839356862 450 167.062336823996 5321.02650538089
13064.8978906903 2362.70376767905 450 139.350863502808 3715.83128528756
13111.945741188 2352.98932321313 450 174.295769483823 4342.32615619778
13238.6800718195 2409.80958604001 450 182.60403685846 5500.72928207249
13247.7986065467 2414.55349274549 460 247.982193077911 4400.62212824216
13037.5133829299 2348.40564795333 450 152.375280390176 5027.27861713444
13162.5039973517 2386.95717396691 450 145.124514374105 5294.52967051674
13118.0160607725 2378.03458083868 450 150.14488043684 4235.97006098038
13332.962079825 2441.46626993235 460 232.741101662816 5658.96454374881
13171.186581823 2385.87076359611 450 223.757476359968 5141.893779304
13126.9454372475 2380.66938191988 450 154.04295715664 4863.99281288717
13204.1840561081 2403.70300630579 450 176.158017162766 5112.10516822441
13230.7709221115 2410.38988326897 450 166.122183551406 4289.78218459759
13014.0593676364 2327.15220782465 450 170.557482591177 4811.40320225622
13108.9012817721 2359.42170701848 450 172.378415427572 5507.14293530907
13209.5967054912 2391.65290563706 450 185.666323021347 4357.85201322534
13080.648099946 2362.50231717557 450 167.588815044223 4409.29817352706
13124.3924976117 2370.75446219623 450 162.143399540264 5070.50690800675
13128.9138756139 2373.29260510597 450 182.45778959804 4403.36971199612
13084.680145435 2362.19525245929 450 121.197605167565 4652.31634681481
13067.6823764853 2342.23237063112 450 175.589396239236 4733.80608693116
13104.0001613407 2365.61560625459 450 194.596756411456 4387.00773359758
13030.1089263305 2326.46816980901 450 185.310549256866 4103.42735707613
13140.7671053329 2370.44693542438 450 186.216526823617 4862.15837458105
13216.6652498623 2398.38226900373 450 204.487831771831 4295.37820504674
13057.9055872656 2341.47717372036 450 155.39098136314 5195.44839764444
13179.5849445125 2390.09461092843 450 202.763643426696 4876.64255635261
13316.5369968155 2432.19063905208 460 244.059084388988 4267.12686764878
13230.9852201169 2392.10696075558 460 265.063962551945 4264.27968976884
13131.9782417846 2377.88683918527 450 148.605065755239 4686.74566393645
13115.6232790258 2363.40916107047 450 174.233481353117 4813.53145191343
13159.3668510194 2378.58084455876 450 185.166558738376 4805.37586053406
13222.8496612146 2413.28571038305 450 206.339293515926 4678.90472849443
13075.3682929119 2353.78981256084 450 159.807136760668 4773.25638620646
13070.0975958326 2336.12635218548 450 189.024822870329 4802.57558116042
13063.4128417635 2345.48301667529 450 200.452621734061 4538.40048299188
13327.5721700064 2438.927356113 460 236.096055367977 4777.24902191344
13055.0508146851 2329.21726357067 450 192.081265372544 4526.93083929871
13120.7340054623 2369.30424241167 450 177.221220393159 4971.45301477807
13159.5087042825 2383.33161867868 450 172.266521905226 4289.65213740872
13046.7428261444 2350.64815916937 450 146.820205509225 4353.3435454489
13675.3089744754 2435.35875732078 460 368.648439721237 4628.69869431622
13117.4763369583 2361.13140636073 450 187.607650544986 4856.62832024584
13109.3835722971 2363.48644998217 450 202.771529597315 5147.24377628842
13186.2039464212 2400.74140223844 450 148.66470629817 4846.40004130193
13164.1252363869 2386.90635489211 450 192.686207140916 3833.31035450974
13014.7825004441 2331.32404501143 450 149.77114812096 4121.11595393613
13106.7324436021 2359.73292790853 450 177.063767211625 4322.602411642
13119.7685603908 2364.19122141979 450 220.611600417417 4139.73892063156
13139.1004391991 2367.33167506962 450 203.047268936531 4709.65733587773
13118.1185338549 2375.11833178201 450 162.95248160238 3651.31489322386
13219.9779948819 2405.4514312721 450 222.125480453363 5265.07145194532
13273.462568199 2409.62628018215 460 258.042658041618 4969.2608857225
13186.1843458302 2386.63722207211 450 193.009610746109 4967.64233788144
13095.063630166 2358.13492388024 450 174.628087717794 4385.2401909516
12893.874732972 2397.42347760022 450 401.490853027953 5530.66288614197
13050.2554471143 2332.39810735806 450 196.905634938873 3844.87832519435
13100.319793285 2347.70713323305 450 207.582478871968 5099.74499154574
13317.6577340324 2430.49188179383 450 218.979426076213 4882.54003255362
13196.0079404171 2382.51383461504 450 218.245685303258 4676.40603649126
13321.5258849562 2432.64182693022 460 242.42447754805 5379.29741970238
13306.5589944864 2442.78318240005 450 208.183463000478 4822.96826255115
13281.7927967207 2418.72794965427 450 217.047403463738 4648.9427674595
13360.936692243 2460.24565410193 450 210.377034806442 5836.27903309022
13127.3551885384 2373.00135336298 450 177.864846037297 4509.7512357391
13179.0062161434 2392.03135647635 450 168.552082972614 5065.22695501234
13115.5674452895 2364.85234027265 450 168.794529863918 3576.93079031418
13108.4367054294 2360.76341819275 450 165.933954282339 4130.49248213041
13185.7914538321 2400.76856540008 450 192.243461874263 4822.44493700037
13129.5161823251 2372.99825062997 450 180.647130156326 4703.99772270491
13283.7226228448 2437.81023395398 450 200.516011954524 4757.83387587344
13194.0714341806 2396.06492741711 450 206.197140132347 4604.95218202036
13335.5004791521 2434.77666812499 460 251.658898360908 5485.46394493481
13082.7905772943 2355.49156236002 450 168.994609493197 4207.04445393347
13213.8341245385 2413.14471321066 450 166.512346161151 4888.56991480606
13157.070483766 2382.87358762177 450 191.207199517703 4696.34061306095
13130.3568577557 2375.24392485408 450 169.421889637231 4531.55839775392
13076.2287211386 2331.90838538764 450 191.665294577686 4341.70304305524
13254.995857131 2415.30099611686 450 188.621914872916 4619.86643923236
13239.2147264319 2419.54872585617 450 183.499907385283 4371.20765452598
13178.38220839 2391.00557756892 450 215.295116376933 4512.31189289761
13207.0976988644 2400.61069507171 450 206.713331098144 4926.00941411885
13147.2575524165 2373.24516012076 450 188.859420750821 3697.50349133814
13160.5862659866 2378.49430804067 450 193.223981690173 3802.41946340216
13038.505670218 2324.08062444281 450 191.695929017913 4701.2133732231
13186.3201992587 2398.58640479255 450 164.142126311518 3947.14583192884
13047.4211603853 2352.98163821517 450 157.069012577985 3920.47024497125
13060.2280232862 2348.32040355098 450 182.298937693198 4902.75020713761
12637.9738589999 2307.06602392967 410 317.376562983238 4014.76461704203
13194.3473848176 2384.23576133144 450 210.03602641953 5820.57070893826
13120.9702704115 2378.86472142678 450 172.212164130351 3543.16448783927
13137.6091712591 2371.39005492913 450 216.013180411036 3749.18490671831
13079.5038691507 2375.6052572971 450 141.325313414583 4735.44593638704
13174.9597779925 2401.85761636388 450 147.125654317175 5073.48601870283
13193.7721924509 2396.43704346953 450 162.150126134536 4813.35001433393
13103.7811624918 2365.34539522696 450 168.903158862834 4777.95140501042
13129.5328128179 2368.81830195515 450 168.161186945344 4824.48056613215
13152.1091574962 2374.14905336582 450 192.349950937573 4178.57855168676
13065.679280231 2339.48631382284 450 178.796620335525 4341.54126602292
13279.7864630009 2417.91102587153 450 195.934371988137 5024.43533560841
13061.3356946652 2352.86642710346 450 154.675874378597 4432.78601484032
13225.238582004 2422.62912600576 450 167.734227630858 4348.49301162361
12961.7880577307 2307.4524294666 450 160.120886097966 4042.49410294667
13184.6306286765 2396.06532074094 450 161.917119597029 3779.13902394641
13200.2590372019 2395.338450925 450 183.944424325168 4736.66058554547
13120.29688828 2371.05544093766 450 172.450240666124 3493.44671012759
13121.8174437008 2369.56067451928 450 210.429961589468 3936.32896308891
12712.701486249 2347.47822220936 410 301.316067298816 4682.76782709527
13120.29688828 2371.05544093766 450 172.450240666124 3493.44671012759
