13167.8305041042 2385.43110726156 450 190.712302943498 4024.30050050171
13112.6400005604 2371.59558040217 450 147.636039871261 4075.14297431769
13132.9912462723 2370.3106348627 450 181.559320798275 4349.43904833612
13110.0693145515 2365.37942386295 450 198.975267358764 4690.38829443569
13351.1389661516 2450.69515187712 460 234.077074360059 4225.10168972514
13313.2264641515 2433.47539505029 450 227.418598492294 4289.89699201944
13200.440556441 2399.93897148911 450 187.27588020464 3885.54503869131
13119.1985185767 2368.98758089689 450 175.477481256406 3787.24060373864
13244.7968276583 2419.9889236971 450 186.936219697407 4779.96595461158
13057.1950093805 2344.01507191436 450 182.853972566592 4742.62175534108
13294.0071292098 2434.71108873509 450 211.510238840274 4297.18127327904
13059.8207027098 2337.6104389274 450 186.478730420581 3766.21138618971
13197.1590457393 2390.97545998533 450 209.015653530371 3977.71012238613
13319.2838629342 2439.2597940375 450 193.582016568445 5094.50916560865
13167.1865107238 2390.56739246707 450 177.051435195173 4331.18289331975
13118.0141463177 2363.90183707878 450 168.228493432922 3440.36759337786
13292.0700522441 2412.60775622959 460 259.763207757096 4959.49522156533
13216.9183912911 2404.09052732712 450 169.111412964986 4024.62505516374
13325.5265709236 2434.95406914786 460 240.609041020549 4985.99260867865
13299.0540082334 2426.32363085028 450 211.820934289999 4750.82987221724
13108.4849071924 2376.4008243476 450 155.551357795764 4003.31729536608
13049.3642017423 2329.47447205717 450 196.833718972623 3634.50473292375
13125.532109483 2363.07178660282 450 191.401530963111 3382.54699942722
13358.1543836348 2459.82140243682 450 202.922667335048 4475.3748866596
12996.7661413126 2316.67997440151 450 169.236935913338 4053.93045587613
13122.7627902083 2378.2166204401 450 188.681808975628 3602.36436022985
13143.9489116323 2378.73485228406 450 156.180613578177 3624.31450667867
13144.9362515586 2387.87724216804 450 147.547420966626 4335.39942298233
13170.5331209214 2392.6997720602 450 156.447879649224 3962.91755991928
13230.6141599889 2408.61061878862 450 168.233058589622 3863.70972753924
13165.4762098469 2376.81988523276 450 192.281439442688 3439.552849271
13202.0099987221 2404.04380368343 450 207.206520137367 4567.79581889741
13154.1288924383 2376.97068152805 450 186.811888823497 4095.95115099276
13132.2033675395 2380.71981093134 450 146.828701639663 5080.90060456112
13200.60930913 2400.69265248639 450 212.323983229356 4095.27843710539
13159.8085204744 2380.2018004317 450 185.547528720875 4674.4563820498
13105.6142822829 2370.21059204064 450 143.551838466625 3402.86910975616
13180.6112128077 2384.8561655165 450 188.522424653831 5199.63057120196
13159.8473939825 2386.31532520103 450 197.923790923616 3216.06461919366
13032.4269643266 2338.72893254658 450 153.585183974674 4005.87392331748
13074.6059370204 2353.88798862077 450 180.031281356233 4438.86091679468
13167.3533448721 2394.99513854038 450 161.597221433927 4424.19463023912
13205.4676197366 2394.099802232 450 187.405228228775 4409.04439466355
13149.2304788499 2387.61109254149 450 140.639988396118 4252.60965773975
13153.472849106 2377.61983974319 450 175.582844120876 4712.53524576125
12996.2201503183 2315.39788116789 450 182.362101508474 3893.73922545693
13120.5190989377 2376.07988206205 450 152.742165187846 3977.58795583447
13153.9544346818 2384.3445681914 450 144.872094481695 5160.33662525273
13099.8024481941 2372.75069323904 450 130.11341028673 2995.60992879088
12597.8637652228 2308.48561804392 410 320.663640673082 2537.38228199446
13073.646676767 2356.84878969278 450 161.135669109938 4053.9511038104
13069.3267559324 2347.32476919768 450 153.018203698422 2632.737014304
13096.1106439197 2362.40707981157 450 132.641189483276 4175.65478853988
13287.337723434 2436.57208109688 450 194.682877054461 4263.56118865835
13225.3233285861 2406.79521092365 450 215.290391466239 4467.68374458192
13166.408720839 2386.38968824339 450 178.512436821068 3115.92746872218
13197.4686729404 2393.35070734561 450 206.321709764318 3818.55452129387
13185.1500739356 2397.91746673692 450 183.367475189496 3981.46782884543
13199.0215478713 2392.52509355445 450 184.822951395938 3655.07948839615
13286.2292804247 2415.21738068958 460 254.347107582333 4696.09269408167
13296.154264593 2427.58368610558 450 231.096623582438 3884.96296244344
13313.7372457364 2433.68014662258 460 249.975228819894 4262.46100378518
13095.2688282116 2368.08761976832 450 134.169075250438 3610.61591178247
13145.4878828315 2387.49347738665 450 161.319401092859 3979.86441117634
13273.1217078617 2419.5394749291 450 215.400876837811 4249.27022061395
13249.5685214504 2421.66246843561 450 198.8987199 3378.48024676167
13094.2054658496 2354.24554854642 450 208.558096591673 4453.22676366864
13329.1177893913 2449.59794733696 450 205.50943939471 5308.89064538487
13408.0602920798 2466.65241383611 460 228.050252445467 4788.47812664329
12991.506809957 2308.11668236391 450 162.594783088394 4271.60102348333
13262.5850093311 2408.68550071104 460 259.873568582865 4365.84116165364
13252.9927600542 2402.17001651527 450 234.910672614307 5054.62252926993
13141.2760278316 2381.88969814565 450 162.09092009516 3993.11814905029
13358.0848793641 2446.56091358008 460 237.218636993893 4816.92067545451
13042.8852043261 2346.93329738131 450 184.557661258327 4278.22585196735
13193.7931979782 2383.29051619546 450 214.511290975631 4231.10569566588
13204.2690605509 2396.08708158957 450 175.681997256467 4497.49966101879
13144.2744932329 2378.04426469833 450 185.602012159537 4115.22015616837
13176.9593624059 2385.18692040238 450 186.018166807631 4014.13573528508
13306.6423647029 2434.66302149472 450 223.701462449988 4493.15080125136
13107.6218533087 2376.01685220541 450 163.022778929882 3673.32134477902
13135.6233346714 2367.11425104038 450 179.261329631457 4096.41200691482
13366.9356007722 2458.81896156893 450 219.506390223 5452.27796531822
13037.6436784075 2336.54492049715 450 159.616027838698 3705.86022881462
13159.2157331263 2369.63715386736 450 227.210013942137 3480.37889452641
13360.6450437824 2446.45207127844 450 216.496939111618 4978.15377976118
13190.4980903277 2397.99766969729 450 198.056196685809 3919.70888033856
13255.5478522535 2414.8240187707 450 185.99386558263 3730.97242091532
13091.3655097987 2381.39458630468 450 146.114904006754 4187.83589860953
13105.9365842106 2379.5800162599 450 132.08721130503 3864.45425249137
13123.4586137714 2356.65476933005 450 212.719820649571 3927.73900145349
13213.9624722208 2394.39594697039 450 201.801888841149 3696.01109928752
13082.3698060848 2367.28155784182 450 143.254640716325 3354.78634176041
13136.0405498097 2385.07202227226 450 163.254390003227 4494.37806777697
13137.8829301343 2360.50944484292 450 212.226698635611 3713.31939006018
13345.8894543823 2446.68728444789 450 214.437196282137 4371.73075003638
13076.7369837654 2352.91796419396 450 163.965211778078 4188.72204736042
13050.0994743588 2344.65735037025 450 194.942935665791 3512.89960295274
13135.3365246638 2372.2378656908 450 182.629945803995 4596.2738011044
13159.6417583665 2380.99944470216 450 216.505098879968 3876.81020321214
13199.2890083575 2396.35152148073 450 192.939976441334 4071.93842660298
13179.0848382941 2399.19648377514 450 151.132977997485 4556.89001021089
13111.6441564091 2370.91193062576 450 176.510501290678 3699.56329456498
13081.5552954246 2348.6516829936 450 159.979093676553 3778.94599459988
13302.6183517355 2434.44717344826 450 223.135261447619 4026.76480901475
13188.358429402 2393.30636352875 450 182.4197877239 4589.30252276333
13181.897035298 2380.54955755569 450 195.133955647801 4107.84232188563
13224.6006197912 2393.82177784813 450 254.2866559115 4457.05730471726
13166.7660246518 2385.06685906063 450 157.958059293695 3959.0791289888
13059.7717111826 2339.33627788198 450 183.816679099255 4679.32159612735
13259.5782001451 2426.79681080369 450 189.652089049065 4619.94087235738
13229.71915895 2398.36062427181 450 250.511218667489 3743.03672517509
13203.0848398825 2403.27137385921 450 174.396409587505 3966.95677481515
13074.4269474092 2348.98748120816 450 206.949811807552 3488.50213876833
13258.291154617 2422.81503605819 450 188.415670405254 3810.42250748071
13072.6778952872 2366.8724529771 450 130.864180561576 4153.52037693877
13273.8756011918 2427.13472761017 450 177.749530992123 3901.63863378578
13091.2323900772 2358.0198424355 450 159.255543384303 3760.63024537255
13120.3248090674 2368.83584001584 450 175.669526495838 4159.58485590204
13017.2823018633 2326.75278199484 450 190.072990571749 4277.20726391664
13090.9109702658 2357.78665086077 450 194.229858770972 4203.99184664221
13118.8244949558 2359.89477475725 450 205.879564365405 3337.72543870708
13320.0133312713 2429.61784636194 460 242.701688826109 4151.27044215909
13119.4401585139 2366.06793264206 450 206.251415190736 4371.32631161364
13215.4061188062 2404.73710510123 450 176.834040029956 3573.82125316764
13108.4782341616 2365.21491366197 450 140.290972383378 3987.61786448084
13118.4580853809 2368.3338660446 450 175.202676545118 4422.33507175346
13120.0341822141 2365.06106075517 450 174.348416417866 4057.3229550777
13140.6642999897 2371.64404491642 450 171.711415980235 3925.43121832422
13043.7813976189 2349.51889316507 450 153.367115377919 3958.51805231673
13170.0731270801 2366.70147223363 450 213.212205001239 3739.54380804688
13157.2310944501 2399.7671340726 450 146.449741736215 5002.49922646211
13316.1232126982 2442.38823076971 450 213.042858747393 3816.21279755774
13119.3851957811 2353.61426107114 450 201.613016515073 4139.42629541424
13106.6825687906 2358.71863411912 450 157.430193149827 4681.37671668994
13100.0855419953 2365.38133487962 450 134.911019343315 4409.00426433065
13034.1842636653 2340.29164786259 450 175.637480499237 3950.75131824293
13077.2025518699 2334.57693491886 450 212.067895843243 3950.18843485458
13085.0727325781 2346.89080653659 450 207.576614759493 3887.31032131203
13211.9124312081 2405.40143799512 450 202.272842953871 4800.79186216381
13230.8748722029 2400.59831043089 450 211.827940053664 4432.95868460085
13038.3324703819 2328.57055380302 450 182.817713086889 3623.9055335543
13021.7228147692 2338.23186618074 450 162.497067596894 3688.96104405704
13186.1517480003 2400.47234652526 450 138.494159050886 4015.99794181432
13131.9730060519 2368.32737534238 450 186.560618275125 3997.39956296324
12717.9847025643 2353.84915832976 410 316.181003246333 2590.25297013088
12710.8795891833 2357.54148478835 410 28.5110355059851 3219.90692725366
13236.3723548171 2418.83787434823 450 202.021835792397 4279.85459773369
13110.2710723001 2358.69510468333 450 183.05782537984 3320.4019761094
13079.6570324596 2344.55087330664 450 167.259895817339 4026.23623901331
13184.9056091479 2394.47061064135 450 176.895625719301 4436.85239847776
13201.7469766877 2399.15367658199 450 219.041984146996 4149.34729386623
13167.6048619887 2388.01538956801 450 158.152365171702 4208.50984838167
13094.555207335 2354.17899971905 450 166.56554778399 4290.33197290987
13220.0515760084 2405.03446713519 450 172.820800852898 3997.1596602245
13219.008161464 2407.10746976911 450 205.726291425159 3590.90676847831
13287.1909691213 2433.99583773895 450 204.125967151024 4492.90352960867
13154.7296718116 2384.57102694782 450 153.708973308913 3805.4931516587
13182.7499345189 2391.54456074411 450 179.12229387842 4090.85001374011
13046.9948882987 2330.99346452391 450 193.552965607421 2911.16980622799
13118.4347193329 2360.7333471998 450 201.690353171771 4368.53938312091
13257.2485510682 2398.30270258197 460 269.474301445459 4490.56862589428
13059.7068581525 2344.45163215743 450 178.408481400658 3996.44135022014
13096.3969072828 2346.47795808028 450 240.589247161509 4259.22986128306
13097.2202265348 2354.39188094316 450 160.622232832963 4051.75300117481
12277.8262819491 2334.7566429237 400 154.938923379366 3445.05142982381
13189.0921829724 2389.5710171746 450 182.796868983319 4110.60993129651
13097.0454008226 2353.50697746838 450 164.727426291736 4275.72186353936
13176.1206105334 2386.98828257024 450 164.715391406281 3994.81978570097
13039.3873260579 2336.28048930043 450 175.177185584032 4088.47790677268
13040.5120169232 2338.32469947278 450 173.446029342118 4215.23575652995
13289.3987065202 2405.64757954358 460 261.895515870573 4806.94052916635
13120.0660836281 2370.11577135336 450 178.745243124858 3773.55326198519
13189.7479280955 2396.50869106763 450 183.028830866374 4787.2796666729
13140.2331044488 2372.27972442812 450 217.337495602368 3730.82055813302
13092.5252234422 2356.2446775362 450 192.301043760511 4182.14698293607
13194.9983771453 2409.37582716749 450 171.970045555716 4060.617163875
13113.4391452266 2373.22646298687 450 164.602212732954 3426.33883509666
13244.0503155388 2423.34586394043 450 187.188733605698 4196.51774818717
13212.7681986815 2410.54608677925 450 182.022398528085 4021.01506504928
13012.421372271 2320.97871625537 450 177.041893795204 3415.0741606353
13121.9043364375 2369.56363089647 450 174.336867858552 5042.01996157609
13133.5206622526 2382.67876053763 450 136.045673924016 4937.87377331552
12976.4819268298 2312.56171385397 450 168.937054325633 3720.51163281967
13198.4664231368 2404.2272313631 450 173.983514752299 4630.07830586516
12992.8915425483 2324.52710534554 450 178.011658619859 3436.47306579017
13137.2713875032 2382.67021432111 450 179.908023655671 3879.53124063083
13107.3686666722 2364.24752447767 450 149.499737840396 4044.32628616764
13202.8429382483 2398.0012825 450 206.255623335058 4686.23980686105
12996.3988534422 2332.57473868837 450 158.786690423277 4010.99328438014
13256.8072024804 2400.43813956198 460 267.428389246636 4304.13998303403
13314.920398488 2438.25907241259 450 226.819702264173 4747.35531272726
13198.0977667259 2400.12500130025 450 188.104181451861 3704.36789955234
13139.5074149758 2372.99451594216 450 146.149175975848 3718.99369942751
13033.8561478717 2338.46606815298 450 145.304396732387 3933.44605543472
13258.9787059255 2425.8992838529 450 191.950270843746 4776.68560643042
13053.7483061499 2340.92971548123 450 184.072566180163 4699.36240255815
13264.3763031466 2426.1293356819 450 201.034159819537 4374.05358264851
13059.8207027098 2337.6104389274 450 186.478730420581 3766.21138618971
13199.9174502757 2401.20002934933 450 157.759295755127 4183.05752801839
