52293.4833242015 9998.24587584468 1410 718.003858965332 41978.2763808486
53405.2781408726 10016.37338015 1470 811.766687591455 38444.8311130002
53593.5204458957 10039.2969524219 1450 1184.09024750563 40352.3193575603
53198.7693492901 10023.1477170539 1450 1092.55600806433 39071.8273149038
53069.80800354 9990.65706559919 1450 438.591761120402 39570.7412203128
53296.4890593497 9994.61969089514 1480 848.604365556908 43106.9530498336
52886.3466328087 10006.3766079975 1450 914.875975344073 40544.6107413138
53774.8217982868 10081.8290943679 1480 51.549946012027 44883.3004567668
53547.1798310489 10046.8089791938 1470 1052.71091344606 41476.6004889059
52784.6872520661 9931.74317563824 1420 1117.05249293052 41463.321259281
53034.8371536163 9931.3553398654 1450 1401.40832732911 38708.8208593255
53407.1722061068 10038.2326928375 1470 958.080714548116 43429.6374422539
53094.7412880018 10050.0562799673 1450 517.172823343446 41835.7333643976
53044.321251709 9961.44093327691 1420 1121.76519077994 41746.5407001451
53821.6958664847 10116.2477744902 1470 696.654015197618 42182.3342800462
55270.0238164442 10028.2195822493 1540 1638.80976763219 41245.3516385799
53677.0483293205 10011.7015303588 1460 108.034242852225 43077.1114357513
53264.0898085542 9987.89477473645 1450 747.738367209297 38023.7350761896
54709.3597054423 10109.2597717611 1530 687.369869198961 40235.9276586051
53702.861784343 9985.17330166399 1460 804.396018628603 43983.7641835778
53713.1624786103 10016.2909058951 1470 731.260364734199 45368.6184462921
53258.9534172002 10020.8005058489 1450 1106.79415626263 42360.7450823074
54724.704593001 10104.0725433044 1510 913.3206975456 45874.8372138479
54147.0417808943 9978.30357067906 1500 1103.2339100431 38567.6329594556
53073.762277591 10017.1774886262 1420 785.019263758783 41941.3009614702
52893.9936837529 10073.1049001573 1410 1247.83837453334 37884.2793047413
54264.7085306743 10100.6128972274 1480 579.613155800866 42583.2417116188
52941.3519387146 9987.65322926056 1430 706.289907831925 42751.6749301875
53190.9041424985 10092.3106583715 1450 408.979711845702 41274.5318126683
54073.0298276896 10086.5344343921 1480 968.233502924027 42553.7861492682
53918.2711064425 10052.5479664876 1470 808.369742058799 46651.0550383593
53702.4318937377 10048.8610172801 1470 1112.87875658476 42817.5527893631
52926.5394089043 10099.9173884583 1420 508.202533513646 42620.2799349033
53697.5550562362 10099.1080304755 1430 1102.03186056371 35842.400045758
54021.3079658005 10025.350019469 1480 1062.25403224639 39127.8188641677
52256.7192337163 9877.63835801956 1420 866.285138305477 47425.4916418563
53121.8719732893 9995.63284196555 1450 1463.78758710329 37356.7147700872
53408.7923490989 10060.3534706453 1470 566.958369093903 48329.9762247291
53382.2770357995 9985.53229119023 1450 675.775771537915 43961.2556216364
51889.6286293267 9997.6749234299 1480 1673.83472691924 36022.2712923771
51867.4374772929 10005.5400910085 1430 799.996420431945 40987.3369744804
51294.510023642 9979.06136612448 1430 1682.25640343951 46749.272849519
52029.6917906936 10031.9295031793 1440 1076.49840411461 41320.4286043755
52707.2372429727 10027.3006707158 1540 1190.8787184678 42550.7369216047
51210.02835586 9969.16984252836 1430 1593.90250832987 45645.5057990864
50692.2163193982 10035.021640523 1390 896.159494074497 41534.0196948907
50746.0546829253 10007.5590282889 1460 1472.70571637276 44130.8028378407
52669.9042216082 10015.9462730367 1540 1762.35809578819 43902.4402233465
52823.6994395592 10013.049700746 1480 939.592770308944 44134.3289450111
52513.8317846937 10040.9774034604 1570 1380.86388671646 40211.0174024118
52293.3908650385 10085.5783635363 1510 1888.92266112079 37977.7578186704
51967.1944787754 10021.5995971342 1470 1599.57226769789 35377.5816994376
50896.3466735682 10002.8091249359 1430 1297.85164606236 37564.2274498771
50893.2214563832 9925.45320360486 1400 1050.83599269002 41676.1917743123
50996.4280567851 9945.51293343732 1430 2158.36757613073 41840.3195145449
53353.0928953245 10094.7028666681 1480 29.6118192047444 46246.4898153916
52759.4766380166 10056.3306217951 1500 1204.30446362565 43214.9582928245
51657.5613331518 10036.7022019713 1510 1314.18328117902 46629.0578265997
53407.1722061068 10038.2326928375 1470 958.080714548116 43429.6374422539
50866.4640574555 10011.2121234212 1440 946.004976305118 46139.7446590024
51765.9864182119 10046.5101223726 1510 1349.24306550691 42879.8253916677
51679.326877002 10103.1982882345 1470 1108.95311945807 42649.4358673562
50928.8064841206 10031.4781931324 1460 1398.68615757981 42831.6714933431
52836.1906226328 10040.7259678672 1460 53.7888982498709 43196.6347342303
53257.1458510866 10041.1233390643 1460 749.074732447013 38682.3735557116
51071.982113917 9962.70639401276 1350 1256.19560884611 40187.3632291781
52614.3253333805 10056.4474623624 1540 1090.55942208942 40865.9876642512
52046.9360648839 10092.5381341042 1470 1072.46839847564 41301.6377751908
52837.0860284031 9993.2471249263 1460 971.014640545201 43792.0451396382
52119.2971848895 9982.99110219961 1470 1037.99988352812 50556.8776051301
52271.7674640508 9968.85429611255 1570 1296.77818152631 44280.5509879115
50652.7770483989 10030.457963628 1370 1419.91253444387 41362.4947553653
51402.7266549101 10043.6763717107 1550 1814.3158758647 38628.3120456682
51877.4571434751 9967.2164313655 1460 1540.01567716397 34222.4874993146
51850.2972887124 9987.22094907726 1430 1020.47521064983 41184.0682676583
54264.7085306743 10100.6128972274 1480 579.613155800866 42583.2417116188
50988.8553313755 10044.9727285975 1420 1082.04805511162 43512.2953017789
49957.9133774588 10087.9729544521 1480 1031.16907467346 44158.3242286031
54073.0298276896 10086.5344343921 1480 968.233502924027 42553.7861492682
53918.2711064425 10052.5479664876 1470 808.369742058799 46651.0550383593
50929.8422036219 10087.0406503526 1430 892.467089833626 46983.1054346007
52061.186846234 10029.6165544363 1450 1416.95106940974 36132.835432251
52616.8280175931 10062.4512308973 1530 1598.19698469606 43403.494014071
54060.5616112039 10033.4208347563 1580 1924.18778335894 43456.598688637
54021.3079658005 10025.350019469 1480 1062.25403224639 39127.8188641677
50690.4523893028 10016.5974438795 1430 1167.71333305378 49978.2755743355
52846.7688812101 9996.14987119738 1520 1516.7312018589 41041.7307825247
50794.1580159491 10093.8618257297 1560 1070.14498111939 44740.6253144748
53496.7285004241 9994.92572916534 1540 1927.65237925947 41023.6623482764
51506.2926689634 10102.6993021193 1500 1211.17931653824 41929.3197468431
53276.4327531162 10038.5088866114 1530 2267.41171927637 38089.2943802512
51282.9722941475 10063.0515497246 1510 1079.78715743919 44978.6665469536
53602.4281769425 10084.8236056915 1470 937.205418778615 46656.7868299107
53662.9437823707 9994.12731041486 1560 2261.99138095465 44771.1856675315
49938.6924361203 10019.2195437661 1380 1171.18357667165 42654.9057996683
53374.2359681172 10147.2218830017 1600 1876.41742319369 48080.8208791305
51538.6447476504 10048.5230195696 1460 1171.00045160986 39334.7202703929
51795.9672589046 9969.47322521912 1420 1787.80819844246 35972.6759422837
52568.4059783147 10062.0929417385 1570 1713.55110708533 40324.5897592733
50905.1262637462 9980.14691719389 1500 1652.580943316 41090.7639461026
53410.9080868106 10046.8906658834 1550 1552.04747776647 46115.3260959932
51804.8499389527 10041.4398622706 1530 1528.32004706401 39005.0214520463
51912.7208519292 9987.24974223329 1530 1340.05615677841 47907.3964678382
53801.2822389022 10002.6523241708 1570 1956.69037660374 48950.3766009334
51142.0268660541 10076.4172393372 1400 809.593414009121 47326.232452082
51296.9795229386 10053.3181376063 1490 1366.68018147778 48394.2024974783
53158.3975995433 10050.9273444158 1530 1668.34750137214 40920.9682703217
51335.1293577707 9938.92314282206 1510 1226.06821611835 38728.5262473213
52898.0604362228 10058.6558566986 1600 1306.91904825289 40427.0987214942
52456.8979152331 10078.6424731997 1500 1505.32879741056 37277.291238613
50832.1666691931 9984.92840922053 1420 1310.20309366322 37990.5606261547
51494.2793416325 10025.3571178811 1480 935.16234874094 47801.1780553165
53369.3712990785 10093.7949930807 1520 1581.38527421667 39053.2617949229
51288.5413133372 10057.910170138 1450 426.934956410158 45732.9544509575
52204.3989467034 10046.9481758699 1490 1311.12921512591 41466.6856818964
51681.6364723876 9964.6417048802 1500 1329.33471445625 47046.8911247743
51333.0124407157 10013.2456933497 1480 1835.54130387603 44524.4764291135
51308.2941329765 10051.5944448138 1550 1381.39978519244 45666.2173449002
52216.7172003161 9997.56636933289 1470 1187.18388723192 43933.2826116313
53380.1973808294 10075.3226888331 1530 1833.5129102584 39035.2612597556
50866.4640574555 10011.2121234212 1440 946.004976305118 46139.7446590024
54064.4984489469 10054.8134163672 1540 2138.22583571789 39423.722885882
52158.3968227104 10017.0209139482 1470 1503.11423877388 39288.9789811106
53336.8921336535 9992.80838281994 1500 1496.48008837886 42790.8997691693
51752.9705154785 10040.5127113828 1520 1351.74797715587 42454.5352527269
51876.7401859973 10117.288450755 1480 1289.02851526909 40399.4700710893
51231.5949200032 10008.2210122848 1440 1679.10660565574 39793.8060757069
51153.0770913566 9965.58267243474 1460 1814.84403685685 42905.428392576
51700.82634774 10021.2252862976 1500 1650.23719363061 35449.1992325877
53995.4512317735 10026.531380541 1550 1884.10137591932 42163.3747268291
51113.8251938242 9978.14183503662 1500 1363.07929029563 50853.6856990272
51581.7568560839 9997.80032191076 1460 295.204789182391 43197.7289409892
54207.7272907751 9995.63578488975 1520 2141.73443287601 36205.3484979438
53081.3750809491 10009.618418785 1570 2250.28948002253 41968.4449770865
52243.1362953527 10022.1411599934 1450 944.220962434958 39416.280223162
51129.6085555989 9976.14722256985 1400 1245.1053949736 41660.7405799403
52632.3073849766 10063.7826286197 1540 1087.09877464624 39537.5268345773
52403.6943608022 10082.777000165 1500 1003.81023241429 43370.9755366014
51691.5602051342 9913.74055758258 1480 1191.47118802118 39614.1159673827
52533.2262110347 10013.9420703364 1490 958.339205304667 52454.8784135483
53528.783912204 10030.9580972801 1470 1329.06748945372 40226.2934912951
52664.0631770523 9977.66125478555 1550 1221.28083635852 48094.5313007257
52271.9067765455 10002.6623584661 1530 1385.3618574117 43556.6810870781
54014.1074817217 10056.177268283 1560 1636.0765042947 44526.8520325524
50652.7770483989 10030.457963628 1370 1419.91253444387 41362.4947553653
51868.8461748756 10096.6914488275 1550 1724.6111324225 41058.1148502447
51642.2704527159 10008.2328394136 1470 1585.27737690385 34929.8784189194
50822.8990268453 9992.47850218576 1460 1218.19809833447 44617.7305976769
52915.340935119 9998.25754083299 1410 1557.62794233692 36751.7294471971
51319.0672790425 10114.2226884641 1490 1277.95723213606 42091.8089424331
52083.4663430313 10040.1037836045 1460 999.393410535353 38541.2465976446
50931.3885506345 10016.3446481096 1420 1093.1075422217 46291.9955307557
49957.9133774588 10087.9729544521 1480 1031.16907467346 44158.3242286031
52289.6835310979 10090.4125352059 1420 1311.43865772254 39351.2231212534
52109.4008183832 10016.2944065848 1510 1339.5630372247 42754.9758479352
51331.4678311571 9943.83086843039 1430 1625.38876104806 40158.2072782005
51949.9853748759 9984.10673537606 1460 1614.38163574249 42972.0187676736
52438.3126320224 10063.4956143542 1560 1093.18788325743 44882.6838324123
52414.8102983702 9997.34532612633 1440 1360.68164815136 42128.4818716837
51305.6846219809 10086.6117055038 1470 820.136182696146 49201.1295698113
52470.5166796148 10054.6202220329 1530 1338.17550624649 43825.8213046358
52109.701468212 10038.572622047 1530 1477.33816049206 45301.0945267945
52039.8549829294 10044.1578531196 1480 1355.35529462882 40647.2747003991
51952.8561968888 10018.2679841144 1540 1616.7054753095 44399.8928266233
52718.0228165384 10008.3598922137 1470 899.622338589308 43577.0374093348
54071.941930354 10031.6608825293 1590 1921.99763991734 39527.3496975315
54077.2056576814 10118.8944030862 1510 1390.50966612853 40968.4262380156
51565.4001362389 10019.1112078081 1430 1973.77458441863 35197.1872930589
52547.6661487576 10008.6597199012 1510 1345.85653216599 36702.4222363368
50608.4324987281 9979.3566243905 1440 1183.49806835451 47092.4700343602
52846.7688812101 9996.14987119738 1520 1516.7312018589 41041.7307825247
52832.789143251 10028.9340536084 1500 1460.37182351829 41614.4743846203
50753.3357695534 10064.7414850484 1600 1078.00122610122 43199.1727102884
52496.9095922752 10039.7376953725 1550 1629.10321851031 43640.6531314263
52630.2334482363 10088.7683885177 1530 1621.86403253508 36864.5958375874
51760.1592905688 10110.3548193723 1550 1678.8692297179 38765.5648019621
51494.6822204091 9915.12511973628 1530 1628.44468707935 38109.4432045219
54490.2840103938 10078.9890967126 1580 1736.4425322142 43632.066081628
52757.4723326168 9959.75548502186 1540 1408.40546018069 50809.7282393284
51511.542566744 10105.2460600958 1490 1210.16897323929 42603.3448768304
51508.150377858 9958.286775184 1420 1688.99537613346 52377.151953835
52665.5227351689 10023.2947527729 1530 2047.1768864978 50934.2898797181
53236.321700236 10017.9074847486 1520 2275.13109500233 38727.2123525786
51682.8875634631 10084.1881120284 1520 1002.82342797505 46474.6271557566
53622.2828199121 10019.4897736313 1470 1369.11570467595 42849.3686807919
52538.708635559 9979.34735604435 1420 1442.8102689343 41867.7005548456
52504.9714328131 10052.5392470467 1440 857.916777645606 46990.6971387588
53616.146552949 9981.8988180512 1470 1217.69624583812 44300.4275426071
53240.6117482472 10029.2284426417 1450 1509.78623684071 37253.9729556026
53264.8311789561 9999.08695490117 1450 1083.56971545496 43321.1719519504
52673.0006611875 9920.12854678806 1420 1312.35335689727 43842.0406366536
53169.2274253241 10049.638095092 1450 1387.73717437293 39331.4313960597
53314.5756460686 9969.02123647914 1470 1235.13414728609 44340.3017047228
53780.9187668181 9961.09096119403 1470 1416.13178483898 40705.1347601774
53163.3451881256 9997.75673943902 1450 1369.37295635299 41493.7818257761
53061.1330884633 9997.15379215869 1450 1335.23049543151 43649.4593365685
53024.2172701884 10009.3750719827 1420 640.72565710921 43514.9083309263
53329.2990782763 9992.07256909227 1450 1435.56324262271 41805.5102836194
52494.8358240756 9958.27029735004 1420 1869.99886686374 41103.0991589069
54097.9463629668 10066.7633002342 1480 1695.38205424253 39723.0954770636
