31465.8092680518 6637.54017485389 950 1243.21490330169 22584.8185369553
32010.0424127226 6681.24811544482 1020 1384.9138587129 26743.9968230361
31618.1637450539 6659.95208535293 980 598.511698495048 26082.8934701975
31164.2039957271 6611.7060100733 980 580.740048641821 27569.5637982023
32370.6669871916 6658.00692165037 1060 81.3512828009531 22639.3265574988
31600.1597061528 6625.68256454838 980 653.823525165129 26845.1163387043
31998.3519420232 6673.59416457634 1020 1335.69475436643 28535.5323498622
31912.7951227149 6636.02043168478 1020 1436.51132329228 24650.955730654
32110.5170209801 6633.91769598441 1020 1154.38364710109 25459.49536511
31824.4060674178 6696.79934159393 1020 311.249180050644 23582.7977134921
31912.5113905517 6666.28122737831 1020 1288.88871359073 25573.1170619244
31591.4462955871 6622.41131341181 980 645.758916274523 27505.1294404619
31345.1988118818 6638.74484306508 950 838.424683547554 25575.9337359207
31891.0399592013 6730.16745048986 1020 555.203308156999 29868.645868324
31593.0819510234 6672.27799361309 980 111.836558403781 22632.3583873122
32404.1213465892 6611.7988090206 1020 2007.4572887682 25863.8243181997
31917.2369093657 6685.95283125571 1020 666.276026025153 26676.6959378703
32725.379636449 6745.17794040278 1060 917.871295685761 25907.0121061066
32103.451074863 6735.89878481245 1050 264.140509023434 24390.284781431
32020.0351037246 6642.6566091427 980 1309.44727086473 21892.3594186349
31205.977525643 6647.32882120109 950 289.988282884217 20225.7969961752
31719.0992108668 6699.22666775596 1020 442.51847672747 28649.6816701391
30755.5313288431 6617.97552595239 950 530.405115453386 27349.6345185204
31917.8794504003 6699.12702151302 1050 826.643150379564 27599.0956721132
31610.7841092031 6699.06466425527 980 543.768094682037 23514.7271552886
32052.1418092456 6612.24878521912 1060 662.377009960741 25621.2468453449
31831.603823184 6643.3615093262 980 1080.59709214038 24521.9117486109
31532.9123467086 6721.68919666654 980 299.420067318548 25591.9613313785
31348.4071622733 6594.78889444278 950 1221.93116804484 27365.2186781402
31286.6398492158 6652.61150741933 950 774.252325160356 22008.4376020675
31402.0522438248 6629.93353563115 950 940.67758150003 24242.7235014713
31446.7901847184 6643.80909566155 950 794.898381137555 24566.4513145258
32000.029686016 6661.17414085965 980 1768.20018852703 21056.4796739106
31586.4338280346 6679.92825885642 950 1010.79694014171 22918.0096249105
31497.3590798548 6655.08542074846 950 1143.88571760243 24303.8191306337
31782.5704719005 6658.97299522249 1020 257.619001090248 25877.5338090532
31871.5323027107 6665.89295081883 1020 1162.4187584599 26403.0964050811
31994.7178925359 6645.82402035736 1020 200.363097068496 26483.6038237659
31789.526463787 6695.53985638903 1020 418.100230823597 23019.5349837867
32292.3452551516 6614.22036343612 1050 1641.18681473866 27732.3715176972
31325.9599902938 6659.60879511591 950 1013.25149517912 24150.3119263092
32258.7202186994 6667.82750170764 1050 908.119797801328 27335.6350296981
31728.4784007863 6712.67177907729 1020 271.527906264583 28301.8694570654
32101.5388922303 6630.80890658232 1020 859.620072055631 22424.4749341209
31748.0160763294 6685.7280548674 980 97.6767686827828 26941.0409225964
31993.7312743416 6709.57886688925 1020 150.056787522675 28001.3994216457
31348.8803760884 6692.76742871325 950 605.634855765241 24111.3284119438
31388.4241304288 6664.68459547766 950 417.663736670013 23307.7679921312
31366.2979200484 6635.73683275975 950 632.708001194357 26745.9328097902
31874.793830044 6624.15395512818 980 1337.87868547568 21280.8583665463
32000.0549958896 6701.98338065382 1020 1388.02083167821 25447.3944547655
31458.8229113579 6663.92563574693 950 934.362297951725 22116.8002054828
31603.1509073539 6702.92328223308 980 198.039091044656 20265.4953608553
31576.3300824353 6588.90378915295 940 1108.97937510981 23178.2469342186
31931.4347803311 6700.30070261654 1030 442.077813416755 28797.9525982155
32022.6756968605 6719.25494476872 1050 193.668295078922 32590.873708375
31875.2401950901 6770.46458963205 1020 312.126186151334 30692.9812407475
31526.7723470651 6662.53977570197 950 1264.76860658785 21387.6296316977
31653.3230574293 6638.23984145207 1020 408.05770642697 24743.1528991148
31851.4386219147 6753.10913615251 1020 435.59570504521 28044.1908980223
32261.3223447433 6620.21757966118 1060 120.010451881759 22219.4537176602
32054.1546280713 6711.77775512635 1020 261.173265002145 22378.7064971869
31563.4334083794 6614.64865182473 980 640.838818063401 25960.9756949355
33159.4587606402 6667.82934989201 1070 995.74916717445 26070.6681219567
32305.2605902605 6612.81559853265 1050 1553.52409412361 32194.1735234997
32111.3943976531 6634.39863096623 1020 1154.69384659867 24921.2729379076
32185.2621634606 6692.83382082088 1050 183.667283778464 22876.4265099488
31939.835207254 6680.4342972162 1020 1279.22828555168 25542.6159205124
32336.0101232421 6687.35786331141 1050 289.79273787406 22945.8202992621
31591.4462955871 6622.41131341181 980 645.758916274523 27505.1294404619
31738.8429487318 6642.78717601584 980 699.250464277057 25097.2094532125
31741.1322742949 6676.99021936404 1020 502.202937882341 29408.85431206
32067.1718743777 6669.10792893706 1020 585.135570848471 30280.3297576378
32050.7655243493 6719.00504140083 1020 273.652137572002 23415.6396931153
32342.4086428746 6658.01022760738 1050 1886.47430750709 26422.1355177138
31877.0855683918 6668.14710219541 1020 652.080383286985 25745.2099948438
32553.014624573 6675.36529165568 1060 856.931061317383 24080.7049438667
32006.8339350087 6684.63371381029 1050 229.981191638491 24252.3489333066
31734.7762823938 6647.91003387421 990 738.090669859141 21091.6517373877
31704.8438031232 6693.19601575262 980 466.364146739966 19136.3060653359
31578.0633654593 6659.2498550922 1020 392.654775388461 28831.2131502752
31844.2981893871 6738.98271536995 1020 600.10136145357 28789.4930049681
33407.7440839589 6709.31757854052 1070 1663.01864549648 25020.2248444898
31921.6503365719 6701.91230606835 1050 827.9763599711 27867.3877957124
32084.7481686948 6668.91332750774 1020 413.218264085042 24497.1249746411
32118.1904405459 6636.02845715786 1050 759.72839045713 27343.0060659578
31529.9683405966 6660.53770101656 980 572.340783686289 23969.877953591
32288.5395525802 6673.91910894062 1050 1195.76037541877 31366.2551298327
31952.4677925005 6694.97410555562 980 961.046557142641 21137.302419381
32665.0190630959 6694.33606682781 1080 445.692178844494 27494.6076405113
31012.7410582547 6610.83290903433 930 1087.07720189252 22710.2262612799
31231.1764350419 6622.99668553329 950 793.861603295419 23534.3523190579
31450.5351696986 6693.71281157228 980 305.113728853707 30623.5148379209
32276.6963995893 6748.93384659422 1050 396.808622197364 24940.2583401637
32227.7693820742 6648.27367517101 1020 1232.6126753991 24938.4785535392
32170.0658049207 6663.00071037755 1050 498.089422097506 28793.3527968
32217.5203497439 6641.21592444245 1020 1107.59705332382 22609.325718792
32053.3314495663 6731.19688341623 1050 845.723702989226 21790.2205255579
31801.7638663465 6667.76154455767 1020 250.833111406893 25720.079327244
32816.6492358365 6698.19560612701 1070 1060.57210689919 26462.8539002123
31907.3647137932 6683.4541506113 1020 1175.08742889124 25448.1904585137
31965.3719936316 6724.10068987722 1020 741.905918818724 27545.0663508797
31682.2118309597 6678.8267039665 980 1475.23662817098 20447.0553941762
32752.4582153814 6716.18681068606 1070 77.6524451374701 23682.345679074
32987.1976644708 6710.04041805999 1060 956.952723282491 21167.3564935163
33093.4645107085 6601.1052627571 1070 1357.94838566694 27972.1518558578
31436.9591521969 6690.98408157854 980 1052.49562522299 25601.8007267293
32682.1757354391 6682.36940350197 1060 1057.83393151007 26859.7373273818
32101.5388922303 6630.80890658232 1020 859.620072055631 22424.4749341209
32005.4185143925 6638.41295591633 1010 1657.90300069453 23904.8156224646
32275.0987930164 6666.49248094015 1050 1103.44735043265 25158.026989274
31688.5405637307 6664.14437209403 980 76.6489995462242 25751.9734968033
32032.7270897439 6675.17533189778 1020 1094.31711398981 25462.8791583886
31354.0250724039 6695.2027647691 950 607.453780591145 24158.1215265122
31366.2979200484 6635.73683275975 950 632.708001194357 26745.9328097902
31928.0880017256 6749.9155173522 1020 425.064852658963 28605.0424073632
32016.1054565925 6649.07510445531 1020 1134.15677775667 27275.9763136787
32198.1142007802 6707.13090024283 1030 84.7938945222174 29230.0227695174
31874.793830044 6624.15395512818 980 1337.87868547568 21280.8583665463
31458.8229113579 6663.92563574693 950 934.362297951725 22116.8002054828
31656.363223628 6670.87094398511 1020 179.225696204621 21311.5763312821
31931.4347803311 6700.30070261654 1030 442.077813416755 28797.9525982155
32952.3794952392 6716.43214917915 1070 135.031635085316 32113.2911039842
31424.0292159623 6729.33736033153 1010 471.653357694889 29445.9266234723
31875.7156063762 6669.44526187851 1020 1338.11337116913 26058.8855310349
32506.3877591563 6735.60356906604 1050 82.434585531239 23331.8466766647
32291.5441937777 6714.91683293826 1050 182.412459722684 27904.6448224678
32335.8149649931 6683.20292093778 1050 289.72373901345 23259.2999226255
32266.3352284355 6702.55041953787 1050 191.32517489277 27713.2787893089
32256.4841901868 6734.28305119688 1050 372.831340833302 27524.5551570201
31717.284582361 6685.78794108688 1020 483.026320591212 26700.0194462242
32836.1918699336 6696.10590775831 1060 1200.20645622525 24986.9246069237
32363.2736590943 6654.14093781176 1060 83.9652190175322 22819.9355835161
32498.0382323847 6672.80987545164 1040 418.109818335913 20326.8780735526
32385.8037544707 6637.94044668663 1050 931.590642247336 25998.4920272792
33183.4132368515 6682.26345681598 1070 987.279980890056 24525.3150186101
32921.5017584423 6704.23027775536 1060 1696.02476291129 26900.9013243896
33205.6433210278 6675.26371598758 1080 1235.1907268292 33005.2671157256
32057.195789086 6612.41329430538 1020 1135.53174477435 25109.7976947447
32088.1586598084 6658.41350805327 1050 149.33601082375 22620.1376676694
32340.0758482324 6689.97878702858 1050 1137.72184988053 24407.7476081637
32232.7017885343 6638.07318625687 1050 253.267725861568 21996.1934864866
31591.4462955871 6622.41131341181 980 645.758916274523 27505.1294404619
31872.0333514537 6656.68034405511 1020 652.160545800261 24414.7331583996
32016.0934412177 6704.41180114984 1020 261.393705021884 22148.513100307
32325.0014399747 6651.50083908781 1050 1880.31993190107 26769.8518073123
32318.655641856 6680.37868468675 1040 874.158826439614 26627.8537274549
31900.8876146288 6683.30565861227 1020 643.665089136842 25619.0518215289
32980.652162712 6743.53655717372 1080 662.614587661824 32241.6875173186
32593.1777787906 6691.93200610897 1060 871.130880667935 25569.0219212235
32020.105043454 6688.27431056646 1050 225.289146250725 24126.509171687
33579.8383380054 6745.70961320637 1080 617.342575456787 31041.4225511783
31737.0961347767 6701.73010414241 1020 477.767067950597 19487.538095389
32189.8245903801 6733.72543382889 1030 193.938284372834 27455.8859928186
31972.224027751 6675.6279498371 1050 253.297936796749 27548.4531390435
31844.2981893871 6738.98271536995 1020 600.10136145357 28789.4930049681
33760.8290082422 6699.70734997019 1080 1538.18427334876 30629.2785302804
32777.607710594 6749.21105842014 1080 525.349728182291 29152.6999799019
31996.4252290035 6650.4190058574 1020 381.991389290017 21725.7838685476
32182.6425488454 6703.37858743682 1020 349.583978982003 24844.5703885842
32028.6184514703 6703.05893473278 1020 748.640221105398 23830.8050731113
32088.8330230442 6728.65616426417 1020 1125.15345477771 30005.1177364759
33161.0802170896 6757.54011796504 1080 635.656675423944 28794.4015507409
33434.8804139696 6744.67005738536 1070 1073.66143371428 22338.1337391349
32434.4443724375 6614.58156626263 1080 527.212642511764 26979.2371079076
32173.3747639088 6678.97644607311 1020 1079.90127695284 26790.9320094752
32084.7891789592 6737.62240902988 1020 968.684958142898 28174.5552907997
33142.8751089897 6708.72932040493 1070 589.595998635726 24645.8519707443
31210.9154610661 6616.14790420924 950 786.698267249572 22866.2729303309
32298.1270192558 6754.95989289075 1050 404.385490442972 25123.1864238501
32848.2338154621 6723.79250466015 1080 258.320822578684 30268.2329397072
31989.2145661651 6693.77952605877 1020 697.645964199894 30352.2360239765
32264.0820260075 6683.7596131913 1050 650.983504503737 27943.6710576145
31580.5780556174 6696.64451768849 970 655.909455872644 30012.8502787227
32137.2838183067 6721.33470997781 1020 1054.60000968199 25144.4588091645
32240.2262761167 6646.9907384355 1020 1099.56929606816 22581.6959454441
31699.1380310659 6687.75020933722 1000 970.949987025889 21039.5723158846
32417.8674489584 6671.61644227981 1050 51.1379297244036 26165.3315717405
32232.3917724627 6718.54527316554 1050 364.313384859343 28198.9184728258
32060.8987803075 6732.91449845471 1020 707.900350142181 24576.4794697507
31709.8225865526 6682.16590169941 1020 480.388106672556 26837.7738103997
32873.8293946885 6714.6814342991 1060 1186.8995817346 24967.8054423883
32381.5930639847 6655.07995405679 1060 90.442106730201 23295.6365610262
32472.922635776 6665.04965188294 1040 409.230113998143 19886.9531860954
31961.9764566022 6617.02133948276 1020 781.745064059952 24688.9090250731
33783.4785849769 6751.10366446429 1080 1199.43511929731 27420.5126532121
33402.0809810457 6673.03061146465 1070 1865.93517651139 26602.1751154409
33209.8382505233 6679.93919233846 1080 1233.70759528279 32045.9481489341
32019.2216362458 6604.62429530723 1020 1122.10585428279 24299.1196875268
32540.6179563195 6681.99073473185 1060 309.304529210708 22721.4976289597
32681.6591808442 6661.12658059312 1060 94.5373175784774 21873.9689622812
33749.2525527323 6719.37440350289 1090 2234.66301427328 29759.766029498
31841.8704665014 6694.70615428831 1020 734.29723098777 26147.5889546438
31837.5683010499 6645.80483344519 1020 664.345781227466 25418.6835364337
32234.1693045431 6650.49732466849 1040 676.517851614626 25504.8361547056
31949.8132772406 6664.56110929011 1020 237.960128318709 21253.5729033334
31887.1965590049 6621.00142987191 1010 1725.53253181591 22501.6785198576
32518.6781840731 6696.43786794981 1050 1378.2602145993 23776.0681874172
32627.8648783771 6639.56760812562 1050 764.836852464827 25321.991170285
32997.9571524661 6762.74030878511 1080 668.73282546357 34174.5514466602
