6730.72846096853 1990.64531465013 552 273.550567315478 6824.41312564956
7133.09903296621 1994.44229746001 617 372.79543858012 7808.42854121483
6865.62934150437 1995.10081529778 631 309.881930173549 10795.266578321
6840.70925588238 1992.1484933308 594 357.977474803157 8265.26703707393
6798.96735566429 1996.69826686713 591 271.139204139674 10286.2355776071
6884.00570403209 1993.42618329798 579 194.447491361476 7956.87007111067
6611.03872805795 1988.6271581329 514 276.003911244842 7169.16971126468
6694.25837678392 1996.23762643466 522 256.078523455022 7027.04167553526
6817.58605236583 1993.47131754203 570 327.870312397563 7262.83770098997
6765.76694689679 1995.30024711368 571 442.371948698816 6927.43807664192
7151.37194293731 1998.62407821471 688 216.270100447085 9561.34471637322
6476.36702237483 1957.96405838761 507 289.893001494812 6705.77764458458
6600.42770790129 1997.86324520117 582 429.039445996238 8039.18820450552
7275.54371947328 1992.06439761208 671 603.775181256505 10755.8641908548
7111.9520024766 1998.49839921178 617 506.346606123125 6627.17711130941
6811.3894901133 1999.57010009742 610 273.368329868417 7991.93637716462
6316.59264443054 1901.85911164071 507 298.493337469963 7837.23443070231
6780.34678480036 1998.21534049712 595 379.719356625899 9362.25559531039
6587.27230950733 1996.97678193872 550 310.587605244277 8874.16183578252
6615.51061666169 1988.90500683574 535 366.320141709554 7678.21072863925
6772.34002834464 1995.98394249112 539 461.543989359789 6693.86033434985
6704.78456152957 1996.93597330376 583 257.117036017346 7385.87257924025
6600.82877793938 1986.86187394964 534 321.18054462614 7379.9317644479
7145.30843964033 1996.96580764459 647 220.855122734882 8874.5317683494
6620.2279812695 1996.31581754875 535 193.50190160726 8145.16739750565
6646.72320547546 1988.71788821784 538 272.871812015135 7920.34752375316
6649.44774638461 1985.95498810633 539 317.773027567832 6463.95967684331
6573.51969803128 1967.00765172969 538 404.132334171507 7404.91492787365
6579.07653991978 1968.01784505172 545 372.225655683449 8148.69818890207
6554.63207226466 1968.73883685062 542 245.02311589145 8861.82624913482
7234.0126761087 1997.32407554625 640 357.109375334421 8666.16487767828
6952.18583386853 1994.66003778252 667 340.484271526758 10789.2684795502
6967.3191257963 1988.5827639226 621 346.829176808487 8650.30357614295
7008.85789035981 1981.97393550674 609 392.603000510311 9040.28435606742
6991.37787773802 1989.08740987725 615 279.23270657262 8662.88510136977
6828.86629870254 1988.38991095663 617 281.710076826004 9561.76090410663
6543.76502303482 1958.19882690974 514 299.788757753543 6227.06439700674
6566.54547952047 1953.77470318893 523 440.636319781114 7853.37141584824
6675.23142860372 1986.80138331547 522 262.805565496776 7234.92114746712
7079.60101393377 1995.36340028227 622 278.821822435156 8658.61423020512
6817.58605236583 1993.47131754203 570 327.870312397563 7262.83770098997
6765.76694689679 1995.30024711368 571 442.371948698816 6927.43807664192
7124.00340216543 1998.39346105729 689 225.946340832576 9739.40167175275
6546.22571184617 1981.02589728511 507 314.591778019807 7031.25783180143
6767.69261546603 1984.48055715234 585 385.518753355354 7403.87057632522
6894.3346999701 1998.88510019428 651 388.948601428994 10429.0341020628
6446.52037511496 1916.99909768902 559 483.45390534001 7863.92583615451
7268.1009702329 1974.04668618001 681 606.406590485776 11235.6313594568
7043.8680604528 1974.11838162891 617 482.275297575653 6275.66295653468
7017.10045644834 1999.41015404126 611 365.297610457579 7888.03001332987
6557.63308497689 1994.97036796015 524 299.474799417782 6386.84372750329
6798.02206031716 1985.88537298918 588 268.642229740474 7293.90049077199
6774.86360429476 1974.71186172686 604 445.264252975267 8724.68878967193
6316.59264443054 1901.85911164071 507 298.493337469963 7837.23443070231
6780.34678480036 1998.21534049712 595 379.719356625899 9362.25559531039
6760.18311928344 1966.07981509618 594 283.107125549835 8716.49492402959
6615.51061666169 1988.90500683574 535 366.320141709554 7678.21072863925
7138.28465268941 1992.70540938713 649 546.746486781342 10013.3203359347
6772.34002834464 1995.98394249112 539 461.543989359789 6693.86033434985
6744.82267919664 1993.86377581724 590 242.96142376318 7702.41601842449
6689.5813866583 1986.05848506159 541 283.550524302018 7065.79605245578
6849.51692933041 1987.8205301906 594 325.433214113658 9576.87739489565
6904.36918666553 2018.74353103228 572 465.804285533845 6906.75351028309
6694.39111647968 1943.96473731002 561 329.561204545606 6867.52677169233
6521.44026973902 1951.53721048632 537 308.833607435894 8470.27069579409
6620.2279812695 1996.31581754875 535 193.50190160726 8145.16739750565
6981.5430405796 1984.77238690649 612 365.807341104616 8737.69883478179
6996.18849246127 1992.13171617507 622 307.962295318683 8723.22862367306
6603.58770559161 1958.57388527179 526 196.731122738395 7750.6168301462
6586.59043989267 1991.23623656658 507 387.999457544433 7852.92829861347
6959.38174968658 1996.14751990705 577 536.584408705922 6249.17230244906
6649.44774638461 1985.95498810633 539 317.773027567832 6463.95967684331
6714.98511789092 1994.80985479063 509 567.405197061683 6325.13779976722
6589.38235381984 1935.34639499398 534 234.528741302497 8782.31303296008
6642.62421464359 1974.24099260536 527 356.361900148777 7666.28324840066
6776.28588134801 1988.41117377943 538 475.353013370103 6710.70611263396
7315.79725032179 1989.30871525676 710 433.851475278254 10797.7536701771
6554.63207226466 1968.73883685062 542 245.02311589145 8861.82624913482
7165.23691128312 1987.8245571932 627 381.425280179149 8499.44053831965
6952.18583386853 1994.66003778252 667 340.484271526758 10789.2684795502
6483.18451933758 1929.92549824854 528 435.628034405647 8086.21791648697
6729.75990306893 1978.86994139453 538 458.903595998864 6809.92759446664
6872.10102475946 1975.70459823488 600 397.068866745118 8946.92479432352
6991.37787773802 1989.08740987725 615 279.23270657262 8662.88510136977
6941.17625192361 1993.97427952867 653 275.265917083732 10282.4042439744
7277.83287931494 1995.87109072577 665 358.935941373899 11240.2919740083
6878.20408366451 1993.13833432923 579 196.498673913369 7846.38583529189
6871.05604283093 1983.72470221554 602 590.125284858793 8767.81040313456
6600.16871535383 1983.21847222945 514 279.847041092177 7391.7491475121
7168.44664406583 1995.13951991602 651 283.697079164533 9840.9370063416
6636.60794168043 1927.80711229324 566 391.855737053553 6911.25715536249
6911.04062611467 1995.78170977916 617 405.68415676686 7526.93793847378
6901.87501986191 1949.88891542462 643 147.412098122168 9461.07501316743
6606.95852602362 1992.47729231517 514 336.064070392514 6928.02315872242
6858.26250322574 1986.79868393863 632 384.308215251693 8027.54661831482
6679.75099361733 1987.83961939353 536 188.452623974482 7457.19103192669
6894.3346999701 1998.88510019428 651 388.948601428994 10429.0341020628
7316.7232017578 1989.52593741386 681 589.216035671938 10394.3817788882
7080.84919302945 1995.63795568937 617 495.350102386107 7939.86778150251
7017.10045644834 1999.41015404126 611 365.297610457579 7888.03001332987
6745.55876942451 1990.0105096901 577 307.979516569187 7521.50776467111
6660.14717429088 1991.17441651413 551 335.719003278324 6809.44545305567
6875.56546083368 1984.60309552069 602 448.898272435109 8919.48444361161
6798.02206031716 1985.88537298918 588 268.642229740474 7293.90049077199
6787.91982118073 1956.93654152801 577 480.870410712562 7480.35993340112
7133.93113248338 1997.01566954389 647 550.371026733655 9484.80099677358
6781.31223543957 1964.45512143314 557 532.856749689008 6854.26108335362
6750.67325258203 1988.71626629817 598 262.086803268392 10359.8397233705
6588.88223013531 1960.89989382733 580 301.479613317524 8802.2981037197
6602.63513027927 1914.68589676193 539 521.543731471088 6402.56527421951
6744.82267919664 1993.86377581724 590 242.96142376318 7702.41601842449
6678.76712013708 1980.76660242645 541 279.727103706659 7004.46133117981
7112.27277353723 1999.37838063619 665 381.996032436144 10975.66069113
6957.5959578288 1983.15829847699 579 472.275059815552 7766.24877846891
7111.87456909362 1985.25059844685 648 369.348790586341 9685.9820155597
6882.87985241382 2017.10254315316 553 458.206658547562 6883.77967997548
6828.93925765934 1994.74460097609 585 288.50559615926 7771.26441204809
6680.25148569349 1997.78310202687 558 172.280388102868 7788.5552725126
6671.22106081008 1993.64363005989 560 272.402138198215 7265.49123659188
6837.16304987154 1990.90293331733 610 291.261876097383 10490.8984691994
6880.88339975237 1987.14382160091 594 267.195788838778 9351.72473738833
6623.79293799368 1995.31835568635 538 214.250608195181 7228.84844431432
6524.65702086317 1954.66649861094 533 391.149235478904 7410.92004155723
6742.41418654866 1984.75540722085 574 438.364357358651 7233.8719994468
6616.52277690233 1945.55477658494 551 495.041830918565 7807.01329495596
7164.56212222823 1992.68633134931 693 519.736383738849 9851.94087215157
6838.87505600199 1995.28983862598 592 279.91776323969 8729.27537029693
6912.49054733889 1988.76989365492 625 272.344080526526 9365.65210152921
6983.08011418237 1994.47983644633 638 217.08937535426 9435.0843373158
7254.33984422965 1995.34359963249 686 455.5799495792 10800.5498204462
7181.01697940792 1994.08364043308 640 340.451423930317 8168.61693218419
6799.46726820121 1994.63896747893 627 286.490104828536 10483.3679966624
6595.62580633493 1996.6793274696 538 403.850570428839 8737.60661685153
6951.15148892097 1989.16429593222 627 313.582804856363 9008.86749840861
6756.10546414345 1959.12012321368 551 468.218158443842 6748.90710974284
6947.8917399668 1990.49787427345 649 407.761342954582 9808.38657990276
6991.37787773802 1989.08740987725 615 279.23270657262 8662.88510136977
6961.56677349723 1991.8152662672 586 360.392688311471 7857.33173190604
6890.64635433191 1978.90223883223 597 347.266651747891 9823.78292097244
6544.25616873899 1955.54823446407 508 364.800693713744 8763.67783990661
6942.5571790574 1998.78599619444 649 252.163136512574 10039.7467482957
6878.20408366451 1993.13833432923 579 196.498673913369 7846.38583529189
6845.86799805496 1998.48656196878 597 279.778277893327 8996.28866522609
6871.05604283093 1983.72470221554 602 590.125284858793 8767.81040313456
6661.91998172073 1976.89335471908 532 337.840552995953 7516.04623896292
6985.90058248071 1992.57898335629 647 243.053695318817 10142.3556040254
6914.92213204046 1986.84291103074 625 529.422932847832 8273.61967511489
7162.68901510647 1988.18370945893 660 285.732708404889 10003.8837037249
6794.45051108992 1961.75896234786 578 317.199815391236 7680.20447292975
6615.30044856169 1937.13352184272 546 399.389073490724 6856.43635438845
6739.68834569495 1991.64256410929 568 479.475823630253 7283.47056729112
6901.87501986191 1949.88891542462 643 147.412098122168 9461.07501316743
6606.95852602362 1992.47729231517 514 336.064070392514 6928.02315872242
6842.74473146047 1989.17221820336 635 389.794576073756 8724.54507816545
6678.06528840076 1998.10050338739 575 186.779114479901 7341.22546257758
7103.38843937595 1996.8827244423 628 488.389051734822 8944.00292250062
7084.61276626738 1991.14237746447 628 341.428404414274 8477.30627026624
6759.56009997322 1970.46563724721 530 544.976519093048 7488.42407227499
6805.60997068139 1993.34289998756 617 300.981984027231 8116.04657641665
6737.69908482633 1993.14083957978 575 363.137744195118 7065.97291145819
7012.70150531155 1987.93240578746 629 400.413358937409 10119.090510451
6922.42777895341 1995.7054680779 592 312.626293373513 8028.64318149202
6831.53815363971 1992.86553917516 612 579.873474465437 9233.89882293593
7123.4036340037 1988.26782355151 647 546.648993951699 9148.64576278654
6750.67325258203 1988.71626629817 598 262.086803268392 10359.8397233705
6527.67340455958 1934.80552544834 580 279.839025500994 8948.5271687262
6814.22707904344 1989.05221922688 608 568.402762895335 11384.0211288721
7115.26451858432 1977.51934232536 649 387.512425125951 11396.7830078003
6819.88047186383 1995.1747024874 596 489.157640349704 8828.98883500758
6784.1936563853 1992.22976413197 596 343.67338023132 10040.7269501784
6757.17640107209 1997.98803621469 601 432.687873728827 9315.35068832046
6691.91441379388 1988.47428512718 529 259.12301675398 7385.92443107165
6916.51709269036 1988.7449853624 613 489.776802772599 10951.0252918814
6779.28439955889 1987.38412809223 571 469.476146068437 6247.5403946838
7164.49610343703 1995.04617334743 681 367.663402816875 9629.84299281891
6944.1349750271 1997.83432141359 622 315.507004611551 9654.39252550628
6671.45270762817 1982.5402083966 541 277.141068363936 6839.81843628178
6948.01730313193 1987.40673853984 613 323.922953950859 11239.4448100095
6855.12755393252 1991.96219519608 599 317.083706432595 8374.57753761599
7029.3526751141 1993.42206665268 611 448.442175128794 7993.89512521965
6957.17226677509 1984.40385038236 584 472.424857224157 7935.19627823458
6814.6031401065 1995.3281175081 552 394.694953001635 7131.59765407059
7050.18611285739 1998.15594690205 617 347.53862772356 8646.44938985993
6916.42516920577 2009.00457813912 556 446.346598057245 6229.44309488976
7101.56181455234 1965.27683628428 606 630.162916926286 8603.92347476389
6954.10062972188 1994.30387974209 580 441.69754476461 7931.93221503563
6891.01244078968 1995.87952169284 590 266.559411798612 8087.29521557617
6482.86081629775 1948.65553732122 508 261.415099154757 8095.93512583635
6803.81822860031 1989.62173805799 603 469.716802228233 9277.12817248873
6653.15525904889 1985.08019387992 558 162.700425300386 8424.45221205482
7144.60120240544 1998.64210826652 650 586.652492930805 11479.2595879653
6764.63786224064 1974.01329335483 589 305.429965082365 8074.99091919581
6999.27005386098 1991.9901556561 630 233.948395197999 10605.8905825792
7183.88161914317 1996.36889610147 652 507.474293922657 10104.0450343186
6613.41975498384 1924.54230661592 591 172.633110370431 8293.92025141779
6911.2193163518 1989.94041874269 622 473.753131616937 9463.70429192755
7003.03186338033 1990.59084855233 601 443.615803348148 9279.42238416994
6663.79996910453 1942.01476304427 574 200.105986698369 7500.37593288536
6661.55951721025 1989.47943754427 526 402.992203869005 7396.42907030271
6856.64742091925 1998.57484005583 579 425.208598578796 8560.59987855423
