5990.10297103642 1983.04562148164 301 277.497516145582 2986.82548392272
5963.20319992833 1973.93855284067 298 229.360112707089 3873.72490713721
5867.44039344044 1995.76982852156 295 263.189058608498 3230.82692239909
5924.18823079509 1989.29843449324 273 218.36202912945 3842.51396256599
5868.61815950722 1994.61171550659 292 261.761274562715 4147.67755585825
5946.15893913962 1988.54383832556 305 303.194633716832 3089.49733628624
5819.25089310677 1979.67452284763 284 339.280642116568 3816.8653337507
5825.91210105479 1995.45179131861 272 291.819084888747 3525.41612149429
5905.87314871376 1981.84534499685 280 284.290901886715 3911.86683604972
5753.41581463646 1980.97892843294 275 294.130449950716 3484.47255229809
5937.00828536229 1988.55487988858 290 272.006320261038 3959.77604194939
5879.53382285422 1996.29513058127 291 270.160133192693 3919.39268780434
5949.12223666632 1996.14326361875 310 389.12593404494 2748.35658789492
6060.71962973529 1985.23018185897 305 201.775752199948 5152.00792375141
5963.93283903664 1995.99377029744 319 293.128974135219 4888.38692519884
5834.10669855255 1984.79945798728 281 250.355666697867 3311.79502963781
6173.63329467493 1992.25827641534 319 332.543712527352 3350.72438476496
6025.87952133887 1987.80345647467 310 443.175212002855 3153.66930515281
5875.4289792988 1992.32927313469 287 262.951444268233 5395.26544796815
5823.49906407092 1986.71483178605 297 383.955774553323 3916.69893767066
5766.84164327584 1974.11738707511 271 341.467709921274 3178.6951267085
6100.4090200506 1979.50649777484 319 223.33334983876 4384.62714150594
5942.6953743532 1988.61461702839 303 243.462147328604 3853.50572068487
5880.25806755211 1984.40926971034 285 238.526359779074 4001.18026351172
5943.18625484817 1987.23074757706 313 246.966979848755 5022.07760431061
5929.13438902536 1988.00617451814 280 223.445575885486 4303.65798569905
5863.4892737996 1985.79887970201 276 310.122987481463 3736.13801462129
5963.43551736971 1996.27833180642 287 220.43032384318 3842.33363110243
6075.85301556915 1995.33402931126 308 217.807435811691 3755.59636950478
5866.35495420926 1973.77532609262 303 328.093021429792 3844.19915772292
5906.10663640921 1977.44868772833 293 297.406442686158 3974.7446865453
5859.93600087628 1996.64745728924 293 235.923277891535 4813.09088994786
5873.22872551855 1977.83397535259 280 300.246158899345 3845.18746704421
6077.5608946315 1989.20925154464 311 336.996386182229 3666.86694036155
6033.99578538643 1988.74485532642 302 262.771373239968 3371.60719725194
6033.78224649233 1981.83206815837 318 271.477958540921 4510.34327403282
5897.95100768705 1975.49288093093 291 318.887514951362 4644.20983410661
5871.11235933709 1985.7885757126 273 307.743470940011 3942.5967436783
6052.86896292017 1963.6744667378 322 295.748202587246 4253.05593362172
5917.66069237183 1982.38699357328 288 311.886371740334 3686.92028314846
6012.59172316763 1982.36298197335 337 205.427064116071 3810.01664075863
6047.58833065444 1991.50364298427 303 287.988784284697 3888.27738586135
6006.56577590485 1982.23037262152 298 299.140499440756 3308.59786227219
6083.09303046022 1988.90249252618 359 306.815243622399 5150.43412234435
5937.07909360191 1995.77143230564 279 238.486760631279 3819.57103324133
6348.47066925753 1988.36526269104 380 388.502680498018 4084.86332943919
6101.71887731434 1983.65013192945 316 205.236906529411 4085.51154646858
5985.19820200225 1985.41183353943 345 299.393541073966 4604.57809697242
6144.62393349114 1982.39932530503 312 242.276501657079 3701.5589733308
5811.59969905996 1981.09974181572 266 267.175597522129 3991.20718165139
5872.79754505178 1992.33210017143 281 223.297675195498 3947.31562610878
5977.35124201052 1990.72498782603 298 254.539400471969 4011.09944148406
5940.60715210831 1986.86965721992 307 284.459570111604 3995.27492227025
6023.88219395891 1999.34730327811 306 337.04979908413 3470.97201477145
6249.03089619308 1999.1648668162 325 173.577879617364 4619.25834973777
6229.77975709559 1995.0483997777 335 265.236268600131 3276.55131487407
5934.6096035362 1978.92850774942 305 190.286305224749 4175.41428166687
6071.84322282057 1986.59586172728 302 275.216644175133 4656.9991351037
6068.40788529226 1979.96343117131 313 413.324425900476 2970.97371828287
6402.27201096097 1992.26336422472 406 241.46222291172 6139.60164413941
5982.216683934 1991.33027273843 294 263.970899760794 3903.93168698153
6113.53209489484 1990.41299355868 314 170.251752034412 4145.81992940209
5826.45472464582 1984.58860252798 330 310.504109061626 3714.55837473207
6075.12204798902 1993.86319026105 310 307.556299067285 3048.47906998307
6528.38435303477 1980.16812992307 388 53.1044968559549 4572.30453351808
6173.83961224523 1973.98751044004 370 371.517541292065 4644.09241155805
5896.69552286498 1995.10761008175 296 208.845079033414 3855.72312699128
5868.61815950722 1994.61171550659 292 261.761274562715 4147.67755585825
6407.48417255892 1996.20223383787 391 281.212251858345 4232.1528959665
5847.75202974232 1997.65936668199 297 284.097504050956 3926.33888321401
6027.47115429392 1995.60915740659 316 275.015730555359 3815.81569924366
5820.22950265424 1989.21041817673 297 270.508244013988 3759.87943989535
6340.31092740436 1990.02608926269 342 107.250825571238 4513.03558335178
6151.68786665931 1986.64402541548 362 223.036068140831 5250.46727536366
5929.70598347925 1996.41846059789 297 315.985226529855 4240.73857461921
6349.52616525034 1973.23176589781 372 202.920370509933 4759.48514076891
5915.10703409885 1997.81054811079 327 272.653274527442 5568.96084146046
6140.80121092366 1997.76790186071 368 334.833901814018 5082.18549090332
6215.22866518781 1997.64729888625 380 312.662977389553 4286.65651165634
6387.03681919198 1982.00287489114 351 210.333950908111 4390.20841528394
6216.63981966358 1997.02740922681 372 289.960112412132 4230.62183031891
6194.98843379599 1989.94897908006 387 473.084357933216 5586.40366912244
6400.01641309649 1992.40556209902 405 208.762625362548 5375.27714939622
6046.5558606648 1992.95534373647 357 280.182374412736 3959.49046981822
6002.65604809414 1988.24763835738 299 281.800580801475 4304.84271442009
6625.7674671957 1976.68210192205 425 298.777485735572 4545.33543159618
6116.28561804682 1986.46111210578 335 270.050386431999 5039.19750724998
6629.33953992397 1971.75628943907 412 161.590860792782 5446.84043246288
6232.8208164608 1993.66728829075 321 159.189932356345 4834.51078432896
6380.37857574125 1992.7283847733 372 273.673534136683 3663.0190121061
5986.04969582606 1998.87945602726 312 212.435004374457 3863.14262486915
6348.08867946764 1989.04008363663 345 140.13341849687 4708.10289540516
6441.1732826307 1984.84964887266 352 130.491380381574 4405.13952063291
5891.53063326092 1993.41722558491 302 224.7528884874 4887.97883931649
6275.97227391588 1992.91953569654 370 208.653552475513 4471.40946060923
6141.33092241899 1997.98922951628 366 259.132411061848 5267.79561445287
6338.02276730775 1993.49750043881 402 304.7098678243 5654.95157139849
6564.17803664282 1989.39711208395 450 180.676313067517 5803.71705190598
5564.32311355705 1898.02828153421 266 249.705884112456 3285.76337167891
6302.31079590933 1998.82741607883 369 457.84809263324 4003.80703488271
6372.61156744746 1998.13866212986 403 266.032186754144 5471.83144807054
5899.85687440067 1998.31257546401 295 314.843752552563 4440.98795804408
6086.1629946315 1990.67533175627 351 203.555176356955 3863.32685847398
6197.37393276391 1995.18954382395 369 241.19225858319 4441.31977162601
6044.56499695525 1989.3746561002 310 312.575252883029 3526.13601069146
6244.26287139631 1988.20691165139 397 353.885473693271 5618.36905497598
6020.57136592598 1995.79661483256 304 208.967784662768 3723.12576115709
6318.74318674211 1992.2624322036 392 377.992428260888 4806.50145850362
6200.51617434085 1998.09981062789 340 240.167025874587 4656.17721503253
6118.34444531614 1982.13472314162 360 346.467846842351 5700.61875680218
5867.96050733847 1990.86221022323 296 315.621275968333 4135.14450202049
6370.49715910383 1998.77365370559 351 162.41825689747 4252.96763450903
6324.84288750228 1989.23233584421 364 220.183161531423 5139.08951008395
6095.63978004915 1991.92754171513 396 337.788530499808 5109.52640169325
5982.216683934 1991.33027273843 294 263.970899760794 3903.93168698153
6113.53209489484 1990.41299355868 314 170.251752034412 4145.81992940209
5881.96531644313 1997.81130098109 354 330.130067005403 3848.09358197258
6304.99253323246 1994.30834489018 341 226.284809612144 3497.17250089738
6278.84020678952 1991.818515283 335 212.603665748847 4409.93641550325
6484.80699737761 1957.1412950791 388 68.5114187016355 4711.92826689547
6741.17885397661 1986.4100029013 484 295.716474141229 6017.46990134958
6015.60134030505 1997.01371596229 309 166.805524116212 3755.76153558705
6561.5535200272 1990.40708806316 403 83.1468386252826 5314.408626757
6483.97207693821 1963.82207310719 410 254.169693925676 4624.71751966989
6167.47640382571 1971.62824961623 360 447.240560088431 3641.834560088
6593.15046647637 1970.22677314589 405 201.14936856426 4760.22291550472
6288.65466291644 1970.39096287095 314 279.425315341217 4436.65303899122
6355.52536296168 1940.55222389856 387 110.576145146715 4877.79083468813
6319.22041108412 1918.4513862921 392 555.146617320419 5382.9218650088
5977.52946182445 1990.60757663041 338 326.122177918798 4198.55921336469
6454.47729507673 1973.63655090843 384 66.8869191889547 5081.71569684142
6222.69712218773 1995.63217429292 343 273.408658510279 4555.98886287925
6671.77713923599 1997.49281024123 401 106.753471193424 6123.3607049757
6180.95819896629 1994.79075229315 381 281.94414866209 4848.93053067449
6565.49773985355 1988.45878189636 465 369.339951869629 5980.89680350326
6221.69679422766 1996.04704183311 387 263.044051255511 4328.48604414716
6476.1576429546 1938.41823408782 405 508.925404274688 4515.56483095081
6448.32183366889 1982.18064961239 397 195.815685457673 5991.93540829901
6433.16959907872 1958.62455404239 397 173.347950879046 4871.21642590258
6408.05381376563 1971.2874004267 378 179.392062966486 5298.14115246741
5915.10703409885 1997.81054811079 327 272.653274527442 5568.96084146046
6084.91038828944 1973.325260352 368 354.594291659393 4932.01337201538
6744.17943998716 1988.16522980166 475 186.533800643101 5267.91612928164
6667.15632306753 1998.54106304665 467 472.443533135806 5084.09567253381
6387.03681919198 1982.00287489114 351 210.333950908111 4390.20841528394
6222.49068048092 1998.00299311891 390 287.891520732272 4606.86308330498
6194.98843379599 1989.94897908006 387 473.084357933216 5586.40366912244
6400.01641309649 1992.40556209902 405 208.762625362548 5375.27714939622
6227.99647991154 1990.74522420439 375 399.127769217358 5204.49693327521
6146.11931407301 1997.1886547783 362 355.635740909513 4787.61041837487
6281.72912721611 1997.83903476432 321 110.785120969501 4115.57383420341
5714.06940128009 1909.65825809719 354 389.490237078056 3562.86542269716
6304.99253323246 1994.30834489018 341 226.284809612144 3497.17250089738
6278.84020678952 1991.818515283 335 212.603665748847 4409.93641550325
6222.85287860733 1997.41625074144 335 202.709320275244 4921.58889658728
6551.07406786744 1988.87141686671 388 45.0824712452707 5370.21631974935
6880.47663856117 1980.51057766153 517 295.81043113338 6413.06470678162
6042.63635456334 1996.35528214847 324 157.247203160457 3746.72438499671
6663.3314790644 1989.81022871918 438 119.130781130548 5862.29680508718
6633.20647161548 1989.12055715941 423 201.40736769439 5024.94383001386
6059.06081055174 1986.67904055842 361 427.475516151562 5057.7040207474
6425.04645679155 1981.21456398398 419 379.033570165092 4174.40408119046
6159.42318037034 1996.76208752572 299 173.905111996312 4129.28219082806
6415.15541647901 1943.46078110126 422 247.224387885321 4781.88441478104
6319.94376298249 1918.60138990008 392 554.890873804158 4921.98178494555
6373.91746567143 1985.02455431386 396 564.601563858763 4736.80313799613
6848.17887010285 1997.82241691822 510 97.7186676452032 6720.05868572669
6222.69712218773 1995.63217429292 343 273.408658510279 4555.98886287925
6556.13074008003 1989.78454511645 394 147.640647724918 5451.1328393816
6701.92535303976 1986.13381291374 470 343.312187556285 5417.02580801568
6180.95819896629 1994.79075229315 381 281.94414866209 4848.93053067449
6336.47030258592 1993.91031800436 403 316.30133061029 5941.04536265579
6937.94791968962 1994.03521849528 510 341.038013715688 6151.64546912624
6881.55054661638 1992.94269251106 503 481.081493307149 5935.69280225837
6221.69679422766 1996.04704183311 387 263.044051255511 4328.48604414716
6095.39202644529 1992.57066725454 353 321.853349019587 4712.08411074742
6553.43972105228 1948.78013294049 425 481.602063531157 5391.34814358733
6234.7937477879 1986.00302737539 390 450.083785408938 5563.69664104652
6251.09577556335 1988.56610925241 372 362.230283633659 4682.52283583411
6470.7480853192 1991.54712722621 397 187.886808148409 6174.80280230499
6403.81819256442 1942.19672684623 397 183.725240170857 4638.55885624019
6660.68610736935 1993.12518205299 463 239.871690685493 5615.23259824667
6084.91038828944 1973.325260352 368 354.594291659393 4932.01337201538
6703.84885593581 1969.17683210585 475 200.792815379064 5017.89104218902
6667.15632306753 1998.54106304665 467 472.443533135806 5084.09567253381
6605.45741472342 1964.26475286701 415 274.559534855371 4288.57192216006
6873.85348330169 1993.59530420439 484 394.130478003553 5582.65505059854
6981.3718397105 1989.85765124019 545 120.926866619176 6331.6919275352
6669.75924384104 1997.87084985428 429 156.468185384021 5072.11859890761
6819.33518625179 1991.90861803622 511 406.757171959411 5984.16270516114
6741.67986210749 1986.29818934861 479 310.759739877317 5874.49089014459
6146.11931407301 1997.1886547783 362 355.635740909513 4787.61041837487
6325.8323511048 1996.10177614664 330 142.484415571588 4972.55509417891
6533.60481376971 1987.31481387567 382 199.836623958535 4281.46346694979
6412.53795875942 1995.36450258964 420 142.544310358446 4493.99339599701
6355.52170003208 1957.81283203695 380 244.149567858002 3687.74395790398
6475.43809556169 1942.737437346 408 262.823032110774 4634.44594840621
6222.85287860733 1997.41625074144 335 202.709320275244 4921.58889658728
6514.59011253448 1976.89187180454 388 57.9814973554923 5170.14203164417
6581.08102171174 1997.40839765933 444 336.068306820879 4712.94050017751
