6464.44814425694 1988.45037737782 489 226.367925245128 5931.8371288665
6355.80803834285 1965.48374768165 473 296.908356845937 5927.76366609436
6391.4202854035 1995.3199557048 506 299.638851963144 5545.28930669005
6490.11060694775 1998.18425995339 484 272.818168275479 5027.85914448196
6380.01200994762 1992.91029722494 487 237.679416860874 5761.80124757938
6495.30498319173 1994.57637083418 465 297.930780976368 4599.74962458302
6252.84866546417 1989.10799892478 455 460.296546806802 5472.66598109186
6037.51085440057 1995.08329394942 421 286.66070348041 4809.77110860379
6317.01649563912 1996.27315451073 375 213.469671486279 5023.17661484413
6355.21530769248 1988.35354609301 423 223.013015461843 5376.24202548601
6435.18636945581 1990.42859881069 539 305.762896502388 5200.86829248736
6165.84340081947 1998.47496791542 406 401.374533961326 4716.09503080039
6408.07130836472 1985.99505541671 475 388.018509722572 5122.02211017643
6170.94620051 1971.62655100485 436 358.336740683765 5738.32242663558
6323.8413882146 1987.48233473881 474 323.877243718225 5945.15955018412
6277.09579762937 1991.10322391134 461 365.965564041518 5802.65104300391
6416.82502528172 1980.47885008901 485 373.26050997421 5728.94083718104
6321.79936063241 1988.86447924643 445 285.280872488541 5921.86209166798
6334.66713300031 1990.07524923802 438 234.458356001161 5619.84907825613
6374.64557387597 1995.59718104366 434 247.811857944499 5582.12196115849
6427.75272554128 1988.51936782208 495 390.367032231833 4896.81708133847
6373.79300638561 1991.57016886571 489 236.151886165964 6256.05627085826
6240.81314027399 1995.92416780979 426 348.259999682924 5133.54011834626
6418.11226772256 1987.33368645081 447 233.402809958473 5337.94105213606
6359.8459654799 1990.45951648004 492 389.750549361745 5612.00598545274
6309.62221216613 1992.80870294718 422 286.54571941011 5317.43911604993
6343.6415915316 1981.60082164042 460 322.001242878973 5096.94354239167
6126.77292189543 1988.15570588914 350 324.672574803896 4422.30782866572
6419.81336691271 1989.72470745717 506 353.660714245166 5400.79508666881
6358.68687076726 1986.83633545659 445 217.15140580362 6068.46265893262
6109.27385083894 1974.20503339184 416 282.763468475806 6094.39977138362
6227.66905821474 1998.30813040741 418 258.002842377434 4860.61529028301
6366.28409121351 1953.34507011088 538 260.060546917011 6111.9042861304
6674.39699361954 1993.95340973242 539 293.779016274854 6140.33627361539
6230.48816364144 1991.46687258375 365 389.109608639618 4575.62010668146
6150.78028982823 1986.51729280743 440 231.537615503115 5973.54462740133
6239.84448832832 1986.88767624994 394 394.981436584658 4955.72434382853
6198.27162544909 1987.53672154889 424 319.359966389843 4750.0799557905
6182.68208660012 1995.98596366729 401 318.929199658018 4726.45743246357
6301.38322633573 1995.4846377304 482 325.730253941691 5628.38407974605
6375.49535259556 1973.86588386925 429 304.865271915937 5148.27830739061
6215.78231813624 1980.82896539535 409 191.852886564455 5663.84887846164
6348.82428368261 1991.76424351445 492 322.83824671813 5539.32231357639
6280.81819634952 1994.28650315015 402 315.380110743346 4373.01970017407
6319.99824354175 1997.69462072933 426 309.858529694204 5288.82963213286
6299.86315455009 1985.09727676725 451 306.961329912784 6277.43658297426
6108.89093737083 1988.00980229685 421 342.001396947122 4744.94002168961
6453.84504560449 1994.63509714804 459 338.524015371815 5168.6482067562
6246.61901441625 1996.85711565586 467 355.873890310093 6155.62486106914
6354.16831684764 1974.83981523567 478 405.453108572492 5684.33236643269
6594.95137926865 1996.56399434375 513 202.717983264024 6071.85785810059
6194.45159629697 1998.96006422156 358 252.289385388149 4901.03666083616
6175.11233748186 1993.29873377982 420 276.076270578399 4894.99526704089
6425.4381057414 1999.75845387235 519 302.1567199444 6536.38230349068
6663.53529207807 1987.5332988287 619 201.383044064476 6519.42002857001
6498.55785485993 1996.95048790926 562 400.663318634988 6420.37277108689
6294.78862298075 1982.8653774713 427 269.656849016727 5857.69268030712
6490.11060694775 1998.18425995339 484 272.818168275479 5027.85914448196
6112.92011007748 1936.4354756942 425 344.651814421961 5622.14120797989
6437.12401691756 1997.28285203267 500 253.210627331487 5704.99909507585
6726.21156145965 1998.55084458744 504 221.885113836518 5671.93585699838
6252.84866546417 1989.10799892478 455 460.296546806802 5472.66598109186
6195.09604128483 1995.32097057964 462 331.636405223496 5454.94587372759
6205.69310245381 1966.80287636203 515 163.676274536524 6356.63421731194
6302.13783463887 1998.77494433841 420 208.209270442155 5887.39541570025
6645.8211238135 1990.69820652186 566 302.086099684317 6017.84177057047
6355.15999611765 1987.30823327664 423 223.032571056664 5185.07251125952
6499.4350016364 1994.29703920554 566 328.478218250815 5440.81196093598
6221.72279663969 2028.04013620916 381 421.130883817872 4952.61637715029
6435.21816877519 1951.44753443909 459 351.037873751591 6316.59312958205
6432.34523650733 1963.10293122429 497 336.504592259762 7677.76592254425
6368.6496938255 1996.66758635288 435 370.71957202573 4544.60367657653
6309.73641013705 1991.01469984501 544 377.505763264646 7589.19149686355
6778.5106193718 1987.60338318945 635 258.4684885314 7515.64226083627
6402.33574823194 1999.04618647663 508 245.714622584206 6460.91037403936
6430.60662242393 1998.48904879109 514 367.171854349588 5258.73631848592
6469.6427921822 1942.85005841089 539 315.79158831144 7010.67830823559
6390.36090919244 1995.36333898315 510 331.003623500866 5708.30430918371
6355.37095159763 1997.8868856014 443 385.352713257837 5280.54159850536
6774.72156497334 1984.31862172216 592 139.981030288102 6305.82987568873
6385.63713874075 1998.8613448436 579 373.268738729997 6619.96630731909
6448.42147592017 1999.06521148097 496 324.50901449578 5946.53349003231
6490.8742719902 1998.88753098151 561 352.65445566995 6344.47047895629
6836.385519427 1996.19521701769 555 176.913624188084 6152.76136963455
6630.06321929715 1999.15501855428 647 413.945307382931 8886.93770075246
6360.37722657532 1994.48015451991 460 338.81630926398 5628.20764359907
6328.59164188932 1998.1292297107 482 400.131129265994 5612.9209026063
6335.36268494222 1995.52805447078 443 337.960237113571 5971.64085923726
6962.34356366354 1981.42115518056 658 182.474538611209 9097.38725740258
6805.41948738249 1989.97798922354 570 253.168166669954 6103.53584717018
6686.67030948797 1987.381833547 546 154.205977371179 7522.46560501448
6283.11611770824 1996.65510403567 439 416.569512990296 5915.97168305583
6361.31190616684 1980.86748971725 473 205.344295275838 6417.16442989535
6283.8473995557 1996.38897115842 469 260.104530079743 7082.10819717618
6434.51779367522 1990.73904265742 453 184.870770615451 5490.79386545591
6602.9704178019 1995.87964308676 645 167.749174647151 7220.60681077253
6875.45412951099 1986.07991452205 568 254.880533601333 6518.01686236267
6326.29449355853 1997.96056321771 541 205.986877019532 7863.18612122985
6171.39285702943 1987.60834001445 425 383.010973381931 5109.90140502067
6482.44869660745 1994.28465710252 501 221.883476644404 6490.75997432196
6584.47976923804 1997.57202849341 509 363.145733858461 4891.59562357378
6635.91214528523 1992.36284803761 460 53.2495424934342 6537.29717182473
6483.57109405163 1998.0281655313 503 147.705983012292 7485.56920697776
6383.92358298622 1993.09520346651 422 303.931067270787 4657.53371884248
6720.58377081219 1993.69116543188 511 168.230158305142 5837.19189904926
6277.44531981304 1998.5232671941 484 501.230392426375 7115.06662662099
6358.7108695267 1995.14926284813 455 300.026587411318 5572.43724976921
6360.7017484173 1963.02564199536 461 298.604509431946 6015.59472859319
6392.16670214749 1997.70062430108 495 271.83753432461 6168.75054888809
6231.98430672668 1966.91252561681 469 350.699739786105 6222.71173919838
6527.85967625001 1959.91741386071 493 226.438482346941 5415.86081018383
6335.90107046068 1998.7145741165 394 202.279444199934 5048.7867224319
6338.4938793051 1960.04515273478 438 319.460815182851 5734.03888577752
6337.63676574627 1978.13691211502 448 377.120083652644 5489.88989247941
6663.09132643801 1987.97000216896 598 201.540009621829 6309.1428311003
6457.40984975451 1991.32190427009 484 261.256704694844 4892.70750941749
6112.92011007748 1936.4354756942 425 344.651814421961 5622.14120797989
6726.21156145965 1998.55084458744 504 221.885113836518 5671.93585699838
6052.75540890691 1954.98026945196 415 216.139494545406 4967.24168917511
6533.19623848389 1997.58412955167 582 236.133496503127 6751.31950129907
6486.6974926564 1992.13328149113 563 178.40638530895 6862.09967176893
6450.2486825603 1965.86213291093 533 232.940799972642 5247.23579833242
6710.8945787806 1993.03938237988 627 253.715967778064 6349.73840836049
6920.63868174014 1995.20702223173 654 206.017265956291 8258.95622398267
6210.62009046485 2001.53815490163 390 425.05628323075 5637.86707272191
6507.43560323929 1969.98247220002 480 321.651343185915 3818.15772302746
6614.5766555516 1965.9221864335 509 350.314544487654 6318.54945924032
7293.00057933948 1994.49701871001 673 346.296530953644 8270.98587391697
6432.46016779567 1972.91191715256 498 342.991001393026 5466.71824831191
6911.62507685104 1987.41399930745 609 410.189498323726 6755.17283221952
6287.60315055861 1950.06229589369 556 405.976748057903 5005.01828829393
6470.9041740787 1965.71899569703 497 372.13964316692 6120.63310175928
6528.20620719667 1997.87370003264 599 300.265025771992 7735.51843012344
6753.69446474438 1994.26815033403 631 249.694652921391 7668.09046642526
6902.52213935158 1949.99552779553 622 344.341956343292 7268.30634410811
6346.48578208007 1975.45312746813 478 265.460567481719 5637.37394706984
6423.19630405463 1993.46657507547 487 471.834375953846 6337.45510336064
6771.55640436659 1997.6620520176 641 487.715805777452 6761.29321405733
6727.79137077372 2014.59411202094 519 266.489137176915 5995.92491219345
6471.94768001651 1984.75689155847 498 316.606489220198 6647.43845336717
6758.73257547626 1996.42576595503 571 322.570213847884 5404.95606659891
6464.03893700524 1992.27836198957 554 405.39752025605 7038.049862104
6456.64599986381 1996.05992911392 564 187.421629114654 7265.3545578745
6339.71987994912 1955.32948385775 456 456.096294566636 5607.72045195369
6323.46925614535 1979.61050671245 443 396.631665850662 5083.76021007082
6347.98620179242 1994.77219580629 481 441.80105196278 5582.72308716199
6367.5954126454 1971.85576891652 448 310.75715265618 5189.83719955684
6822.25268792726 1992.80521732831 594 123.176240609039 6673.47403298334
6386.71640343635 1996.99972054974 579 373.650316422473 6604.37505490074
6545.3878093708 1978.20241100505 540 358.791790460646 5915.96733903012
6531.94306504914 1958.07489856317 575 338.134444636389 6379.24753181639
6722.31674212479 1982.74222485367 566 311.741183029982 6421.23393127756
6497.48664207034 1945.74863934268 527 384.138385182159 5202.05487180997
6805.41948738249 1989.97798922354 570 253.168166669954 6103.53584717018
6729.62934559513 1976.51409830767 564 244.124224522023 6771.44902079063
6168.93292631339 1931.65384367499 439 456.939367456707 5391.35479517166
6583.45845259303 1995.02299127735 452 137.682650940105 6351.93248510935
6724.11481129487 1990.15524890038 576 145.185281900789 8522.65514660659
6447.5077662251 1968.5599113948 498 504.136706947305 6911.62043060732
6361.31190616684 1980.86748971725 473 205.344295275838 6417.16442989535
6505.40578010936 1998.30030546288 447 159.808082659331 5735.60268985812
6602.9704178019 1995.87964308676 645 167.749174647151 7220.60681077253
7041.56669171492 1996.52036143846 671 299.455442013161 7254.40598565054
6674.81905481676 1975.29028323565 599 348.468568065648 6458.8479818233
6290.82216966379 1983.11588568207 541 193.445516634322 7572.7921218208
6308.32152647638 1978.07507834005 433 334.599378029537 5114.72485671532
6523.16837355187 1996.60066326056 526 200.155710578664 6251.0103887353
6772.53593069596 1983.93162888304 517 257.840029171584 5827.29827022786
6754.62161618462 1992.73590045776 587 532.165488670553 6006.52810800026
6478.87542248704 1990.12672768625 519 380.962624275299 6147.37703523885
6938.32077538091 1997.73513351031 667 356.252070498766 8159.02623736197
6717.82957634295 1997.22267947716 568 315.999457421562 5863.40063457496
6771.99334570356 1993.95061772823 655 298.163300474055 7351.6999685946
6635.28995309272 1990.34847114707 460 92.0557535759223 6200.45054924485
6370.24473018391 1997.86249364366 501 346.210140057101 7176.70181097253
6627.30170810777 1961.54306544833 516 418.956084424927 6488.84460913053
6415.3006587594 1976.14329335458 494 171.843226887136 6463.57794505444
6294.24132955477 1940.78839936235 446 358.329924949093 5515.59029549772
6434.437444164 1969.94828911149 459 285.539642521381 5758.73615484969
6600.28127196373 1998.70031775104 493 284.261227958765 5777.38492949325
6834.67738576955 1994.31822790977 610 140.875176566622 7490.06595368885
6805.93105751691 1986.20053314386 619 197.097490668969 6931.9975251519
6464.6153426823 1995.76042547854 497 371.304248267629 6062.16728584475
6620.96827130124 1990.30651923041 573 357.384700858228 6438.48467014
6508.54988068399 1986.3695069121 491 276.576041177489 5695.53566774492
6894.02898351486 1974.73967078664 614 556.025389281223 7101.31555081761
6523.08839675315 1993.32404332504 471 328.370600133125 6061.83101226544
6591.99495977068 1962.34426049047 572 545.496186555467 7158.87115880591
6726.21156145965 1998.55084458744 504 221.885113836518 5671.93585699838
6398.29779040055 1995.64537534642 484 268.491539834798 5595.39987768111
6451.0511447809 1997.71531756283 505 378.375705976737 6546.37604158122
6512.58220390443 1995.29183041692 565 243.421658322501 6639.84644213184
6453.32638683489 1995.35607189816 551 417.034147476396 5733.19861003466
6807.64644963463 1938.51243152025 582 422.742882514648 6048.2145446928
6678.69494056232 1994.8945398251 625 359.12040253339 7496.39671935124
6538.10174538016 1990.58540687305 591 135.220705079368 6383.85730174981
6485.30978691708 1996.52113239533 464 336.983540744634 6307.22354751791
6673.2360649538 1996.96242726896 475 339.412308013162 5207.04685283477
6624.21455146548 1995.2111803737 640 328.232900682243 6541.36551534267
6501.50441049619 1948.65278455662 485 212.34353663375 6378.33858641028
