1702.45750983647 438.141916720881 227 43.5276031401215 302.906648232552
1789.53511305109 435.886459266421 229 86.2660769539856 313.047154357481
1688.33811697333 428.131891117886 217 37.8959755000284 279.228645518773
1867.23281134831 457.329444372726 246 100.024193735726 372.236668994561
1671.07851709574 428.649819647297 215 65.2306267518279 299.732303946783
1679.7675870459 428.907842880201 217 36.3552108807249 303.384936732682
1757.41070345927 436.550153980152 229 65.0932827928308 289.067477937421
1749.64276953083 431.146882547104 229 24.9597184889169 312.468212303679
1689.1585999836 429.33409312047 217 70.3364793381066 292.005616217426
1865.70889966354 457.777206807467 246 97.5090882890119 373.91310594222
1670.43146163491 431.173091882624 215 51.3083542312516 306.794504954464
1655.35363798819 428.880660959398 215 42.0359080424623 278.139626671766
1756.80843771826 436.080560032609 229 65.3062158876027 305.701979576385
1660.34380961832 446.366392844818 207 90.141156972095 209.447617005742
1748.36036701292 435.578090369377 229 52.4250013651285 319.382659995931
1694.24281031911 435.921411731535 217 37.6159830003144 305.948084086084
1638.61685721506 427.426303937016 215 43.3123441474307 302.409429536911
1901.07470729265 451.191673204517 255 74.9022664168632 357.951147174144
1813.21800086546 444.263350543978 246 86.8452744019665 326.001484752767
1665.09874501542 432.250974513963 215 28.6383856524134 298.168692485994
1824.50117903976 440.372097876875 246 94.9204623022662 330.369816203665
1760.96295306837 436.458303215218 229 61.2051156901811 319.22169150661
1820.82510331048 440.195643518424 246 78.8586648741451 306.073283199198
1681.95960800365 432.958961639337 215 55.9561581817542 196.501300150282
1725.88314183717 431.291409502233 229 42.7147846221871 284.814112877363
1876.18011096515 442.985961406565 255 67.9552617047612 331.518082006866
1747.8676216669 436.390974030996 229 52.2507895773444 342.64344001292
1857.18990324462 452.682121422833 246 84.4492257910031 390.55899776478
1789.53511305109 435.886459266421 229 86.2660769539856 313.047154357481
1688.33811697333 428.131891117886 217 37.8959755000284 279.228645518773
1846.77783124447 445.962265989957 246 93.7775050001795 364.851195823074
1867.23281134831 457.329444372726 246 100.024193735726 372.236668994561
1671.07851709574 428.649819647297 215 65.2306267518279 299.732303946783
1753.21310599855 435.419404876355 229 62.3221231303169 316.40806072499
1757.41070345927 436.550153980152 229 65.0932827928308 289.067477937421
1865.70889966354 457.777206807467 246 97.5090882890119 373.91310594222
1686.43182309801 429.981897228814 227 45.6513721852545 303.55581220393
1655.35363798819 428.880660959398 215 42.0359080424623 278.139626671766
1756.80843771826 436.080560032609 229 65.3062158876027 305.701979576385
1839.69801202959 448.41355622059 246 90.5529925331181 371.229373258138
1660.34380961832 446.366392844818 207 90.141156972095 209.447617005742
1748.36036701292 435.578090369377 229 52.4250013651285 319.382659995931
1954.07268739639 456.962011975626 273 94.1662426960863 461.558411337271
1911.86183332981 456.752501045791 255 73.0068522746894 363.558580551043
1651.12226648793 432.907929754508 215 38.8910142982502 316.594840348575
1864.38101073149 454.494575770131 246 97.7521958774271 362.913553435744
1901.07470729265 451.191673204517 255 74.9022664168632 357.951147174144
1813.21800086546 444.263350543978 246 86.8452744019665 326.001484752767
1665.09874501542 432.250974513963 215 28.6383856524134 298.168692485994
1824.50117903976 440.372097876875 246 94.9204623022662 330.369816203665
1760.96295306837 436.458303215218 229 61.2051156901811 319.22169150661
1820.82510331048 440.195643518424 246 78.8586648741451 306.073283199198
1681.95960800365 432.958961639337 215 55.9561581817542 196.501300150282
1679.72270139844 433.96653626689 215 48.0234049100401 317.062890664214
1680.51828497363 432.435063739192 215 47.7421236395328 308.81872525394
1725.88314183717 431.291409502233 229 42.7147846221871 284.814112877363
1876.18011096515 442.985961406565 255 67.9552617047612 331.518082006866
1747.8676216669 436.390974030996 229 52.2507895773444 342.64344001292
1689.21708966782 439.689471432526 215 39.9500846694135 279.470478229313
1781.62691510845 437.451908456125 229 89.532808188085 429.460533295606
1857.18990324462 452.682121422833 246 84.4492257910031 390.55899776478
1792.82922226504 436.484134573929 229 87.4307204355615 314.840180280005
1846.77783124447 445.962265989957 246 93.7775050001795 364.851195823074
1867.23281134831 457.329444372726 246 100.024193735726 372.236668994561
1780.25675964754 436.542096841627 234 92.1095824668519 351.47918861696
1669.21543307307 428.556176608978 215 65.8893264250028 375.875211160598
1681.37783456566 428.550656815551 215 111.426336248894 304.255472742228
1757.41070345927 436.550153980152 229 65.0932827928308 289.067477937421
1711.95187301332 420.736904462889 217 131.900988164425 306.120268352619
1679.72270139844 433.96653626689 215 48.0234049100401 317.062890664214
1677.19127075697 433.200441380081 215 48.918400796384 311.114858176607
1674.83260036969 423.146360876705 201 111.236129727192 316.592628170761
1677.20331431268 433.948496919258 215 45.4091497449085 303.338656276042
1756.80843771826 436.080560032609 229 65.3062158876027 305.701979576385
1839.69801202959 448.41355622059 246 90.5529925331181 371.229373258138
1660.34380961832 446.366392844818 207 90.141156972095 209.447617005742
1748.36036701292 435.578090369377 229 52.4250013651285 319.382659995931
1940.93733083495 452.158341505548 273 98.8102925450348 479.134051298818
1911.86183332981 456.752501045791 255 73.0068522746894 363.558580551043
1682.75604652581 434.066554236363 215 46.95095545542 320.238251060673
1867.85494441004 449.85780105657 246 103.812253731153 354.441753505047
1777.79508774413 429.228621321789 229 111.729165168288 353.086095116619
1698.03322475738 438.195044837306 232 38.9393721285961 301.043599305069
1642.96019556985 443.817715575285 188 72.1622727676365 236.588215399051
1901.07470729265 451.191673204517 255 74.9022664168632 357.951147174144
1708.57444111357 438.964701822981 227 45.6902649331648 293.759475410763
1689.56537144215 437.392653954144 217 37.4620755214571 328.389556040483
1825.77619402185 445.388175985411 246 81.5461145379352 362.194898874223
1734.06708472651 421.737803006951 229 81.9248256869839 281.794347709238
1674.11975733248 433.351446701471 215 31.8277951436957 331.549014086844
1730.80900544324 425.50365888098 221 53.1974162710963 278.962535988187
1887.40380144112 442.919716835863 257 72.6810268750576 423.681653978951
1743.8668119921 439.562362999212 238 62.7356226646832 328.513438341183
1675.70732953711 437.803348289627 219 47.8370344976438 289.295920235747
1802.24431323584 435.283699976633 229 104.350989581794 377.464251826979
1640.79535785847 429.54315934438 196 100.597585311237 228.45576829043
1715.87850792771 434.679623432706 227 43.9640161084078 356.006166203866
1891.63424298188 454.690807397996 271 109.022584987703 533.531355506919
1857.18990324462 452.682121422833 246 84.4492257910031 390.55899776478
1693.81295980776 430.37016765754 227 43.0417462750883 332.0012604073
1846.77783124447 445.962265989957 246 93.7775050001795 364.851195823074
1867.23281134831 457.329444372726 246 100.024193735726 372.236668994561
1780.25675964754 436.542096841627 234 92.1095824668519 351.47918861696
1833.39679780058 450.187575557784 229 101.78555878513 292.06901021746
1669.21543307307 428.556176608978 215 65.8893264250028 375.875211160598
1748.05302762395 431.375237808523 228 23.864986392667 411.663550680575
1634.71595060636 423.884250789447 209 28.9716213150455 249.783312813237
1911.4129859593 458.17606687067 255 77.8941933501438 375.517425072698
1844.98562595332 450.890706747024 246 58.6685086459363 350.228036181541
1679.72270139844 433.96653626689 215 48.0234049100401 317.062890664214
1682.18516433455 429.317081865757 227 47.1527927897682 330.617901823323
1662.84988734831 428.748527057957 215 40.334446975022 304.702148095059
1756.80843771826 436.080560032609 229 65.3062158876027 305.701979576385
1808.09566788579 457.865185430682 245 46.4173904026434 319.704932293557
1839.69801202959 448.41355622059 246 90.5529925331181 371.229373258138
1660.34380961832 446.366392844818 207 90.141156972095 209.447617005742
1835.41243841016 447.700155419517 246 92.9961501080391 332.67262532184
1748.36036701292 435.578090369377 229 52.4250013651285 319.382659995931
1750.48477632343 439.276522776907 233 31.4751461503358 352.25194497036
1911.86183332981 456.752501045791 255 73.0068522746894 363.558580551043
1682.75604652581 434.066554236363 215 46.95095545542 320.238251060673
1772.88405759031 443.92683235471 229 79.3621419672802 300.956349346878
1867.85494441004 449.85780105657 246 103.812253731153 354.441753505047
1698.03322475738 438.195044837306 232 38.9393721285961 301.043599305069
1642.96019556985 443.817715575285 188 72.1622727676365 236.588215399051
1901.07470729265 451.191673204517 255 74.9022664168632 357.951147174144
1708.57444111357 438.964701822981 227 45.6902649331648 293.759475410763
1825.77619402185 445.388175985411 246 81.5461145379352 362.194898874223
1734.06708472651 421.737803006951 229 81.9248256869839 281.794347709238
1674.11975733248 433.351446701471 215 31.8277951436957 331.549014086844
1807.44541965228 446.00566097368 229 107.085682074866 307.165510618073
1730.80900544324 425.50365888098 221 53.1974162710963 278.962535988187
1887.40380144112 442.919716835863 257 72.6810268750576 423.681653978951
1763.52418921086 446.02883038564 234 69.6855550305482 355.48672371106
1663.08211970649 430.295176037317 219 52.3007202402116 265.656799129443
1803.24032100419 442.492711604636 244 140.431444150222 414.954027050467
1786.52169279258 442.630464387563 229 87.2133686404329 336.453372888607
1866.84519620154 439.771928321015 255 110.662502899274 409.295509620738
1697.62641055089 431.753340181958 227 49.956658978626 236.762333368745
1640.79535785847 429.54315934438 196 100.597585311237 228.45576829043
1713.67386119948 435.816804024866 227 44.743476434233 336.341079348418
1768.90033735636 423.721243015513 229 118.21242316549 302.987338107845
1882.18173953863 455.501146033419 246 49.2859944834103 473.807028431335
1725.88314183717 431.291409502233 229 42.7147846221871 284.814112877363
1837.14382026388 445.945483937871 253 103.558620272169 358.69248906023
1769.89156797264 444.529750959181 229 68.4728200084252 311.71981332244
1814.52383812048 439.650710211255 246 98.4479850133849 351.531428561702
1891.63424298188 454.690807397996 271 109.022584987703 533.531355506919
1812.52717897429 444.677849503436 244 100.23988338991 344.039590414137
1786.4890119224 440.774266241096 229 90.1925833988013 349.764329370352
1858.79055240989 438.388906415514 246 57.5560280027758 452.12140625666
1776.7160163847 441.458503984282 229 81.4213727119323 404.738995722285
1846.77783124447 445.962265989957 246 93.7775050001795 364.851195823074
1780.25675964754 436.542096841627 234 92.1095824668519 351.47918861696
1833.39679780058 450.187575557784 229 101.78555878513 292.06901021746
1669.21543307307 428.556176608978 215 65.8893264250028 375.875211160598
1784.73468791457 440.580834305298 229 81.831811169288 401.827583768232
1812.52717897429 444.677849503436 244 100.23988338991 344.039590414137
1858.79055240989 438.388906415514 246 57.5560280027758 452.12140625666
1588.75277120226 424.321931743433 207 45.0472102749529 270.253387710539
1773.03008536501 426.451271025831 229 80.4306684537364 284.741589635712
1776.7160163847 441.458503984282 229 81.4213727119323 404.738995722285
1846.77783124447 445.962265989957 246 93.7775050001795 364.851195823074
1770.23706153199 443.259279429207 232 76.1050687955472 371.777676749443
1784.73468791457 440.580834305298 229 81.831811169288 401.827583768232
1785.09042606932 439.981588384642 244 90.5395263734878 342.703605144168
1801.2938306176 440.25404508816 238 37.2278670651122 381.601752536967
1588.75277120226 424.321931743433 207 45.0472102749529 270.253387710539
1773.03008536501 426.451271025831 229 80.4306684537364 284.741589635712
1770.23706153199 443.259279429207 232 76.1050687955472 371.777676749443
1784.73468791457 440.580834305298 229 81.831811169288 401.827583768232
1785.09042606932 439.981588384642 244 90.5395263734878 342.703605144168
1856.6553790175 451.631243411815 246 98.5629967680045 365.90540708496
1805.72143501954 444.13943959599 238 35.6624725166015 393.101353821339
1773.03008536501 426.451271025831 229 80.4306684537364 284.741589635712
1770.23706153199 443.259279429207 232 76.1050687955472 371.777676749443
1784.73468791457 440.580834305298 229 81.831811169288 401.827583768232
1810.52354698635 454.590000719018 229 78.7274317097001 371.51284289153
1778.15055496895 447.98930486435 229 68.9000423137022 453.619399409714
1782.80727540269 443.718897547449 244 91.3467420329102 368.454987773138
1856.6553790175 451.631243411815 246 98.5629967680045 365.90540708496
1876.20402014123 445.126723742752 246 60.5818294641554 389.001989433645
1756.17847242177 446.980627687398 227 67.1540772429329 348.18195612358
1870.59959233369 439.737678326165 255 90.4930361630725 413.913997606311
1765.9577328233 437.278970013987 229 65.3386538603335 315.124442898889
1833.65662173407 448.060770016697 246 52.6734883438381 446.151955178322
1901.08711052169 444.727149068224 255 112.978734829318 352.597867987043
1866.72427841262 446.03470755251 245 128.09299443526 322.586779552501
1807.24687216912 438.653452629189 229 105.527571671925 321.966087163835
1769.89569489403 443.153564788107 235 123.248627962297 368.609527946124
1676.5772896665 431.800743232829 215 57.3986470363082 206.281085383092
1796.28990269548 443.871895259639 229 87.2929682671216 401.215717033168
1846.22549512409 451.279386772055 246 83.7298393129625 316.046794660364
1809.5283700796 442.592423894951 229 112.036478351082 372.052119319695
1769.88589520196 441.68286989575 228 31.8797511758658 412.281659954448
1722.07512997362 432.147196727302 221 67.5296652654174 276.459081190766
1682.7608462726 431.39580590203 215 114.444109250838 312.407107697513
1898.63644546236 452.098250893169 255 73.3770041374001 349.644656915194
1527.6386388139 403.529881687172 184 31.080403649026 269.327846958175
1721.32429873431 429.411941093003 221 14.9476271223912 234.159633518817
