6452.69624612931 1990.62824501462 633 259.529408953034 508.791069040717
6748.59343630372 1988.27968485634 760 230.908126246205 809.666846228457
6535.73710933157 1984.03068684402 638 267.892677357401 959.153125919315
6716.24732142772 1987.27442925731 758 392.249223457321 1058.11624074203
6657.80677088012 1986.16766935633 721 331.398779424003 1280.21405119474
6579.48444996019 1984.9766181362 708 352.55517073276 1779.17092871599
6489.16458459095 1989.48162134119 624 292.985463768479 1188.7342822543
6634.68500041777 1995.31247013504 721 319.352659208312 1360.61662246871
6561.57443971498 1984.63094549271 644 294.505029583961 625.756572383842
6585.14325638969 1982.09462402895 691 325.459953605704 1113.40273360345
6502.16215865542 1987.7483634784 617 309.860737368812 1965.18296083704
6517.49651931756 1989.70462193676 651 317.598438541384 1300.95263313179
6534.36213767324 1988.0354802403 665 336.976581625211 1090.73415390821
6529.18664573713 1986.32197250232 642 295.405022530919 1734.74765740506
6345.69230405514 1987.22977212503 573 323.810753969599 792.609061451226
6490.27561638572 1987.05158055384 616 365.105159670729 1877.85042660924
6502.92861879012 1989.59642595193 628 273.212182490031 722.933843926327
6522.37142128306 1991.18319408209 678 273.123744848109 579.310180118434
6550.46896330581 1992.91328619769 692 292.295598710836 2339.19444631469
6499.02198292132 1995.27453321541 655 254.540543184765 2071.62568053502
6515.8440460208 1992.44903865008 637 280.372983778298 1006.79035695549
6526.46812390961 1992.27666254036 647 370.736437638362 389.098653254278
6474.86784378186 1989.06724337476 607 257.506876619084 939.293933884989
6655.78023527895 1987.07580816312 731 479.722737594347 1047.43239672726
6487.37858722081 1984.42889438142 647 316.007052327852 1906.49828524951
6486.97025267915 1988.8707187522 625 294.060205354385 1237.1936507639
6514.08679936613 1991.95115091416 632 341.188110889139 420.027777057556
6483.52900397405 1988.08811544449 617 315.780559867442 2160.07829220918
6479.14828321369 1990.31948578787 625 318.380332502724 869.97897182869
6473.90806104909 1987.47403859225 614 325.607719227601 1449.76741586343
6687.2045653473 1985.53864673595 732 292.176942813874 1299.75849426817
6385.13819176365 1995.95219941132 586 435.462322236996 991.85383784558
6617.52927982781 1992.1966232369 668 234.801783059999 1267.7585269149
6433.20218439969 1988.48780187791 620 328.923537991152 1889.28383748435
6461.15482231781 1980.743900945 628 372.652877148393 1433.05536836097
6521.34216452089 1991.37612368796 678 213.204660571543 1574.2659674222
6433.95472574005 1993.01442283278 616 367.129200722828 1560.50881058876
6737.21363520312 1986.51093575823 746 387.398159844161 938.162982755727
6526.93701139635 1987.77941900546 633 277.319865524485 470.103240964774
6557.84528510281 1995.82940478904 678 319.757966777633 914.890406518091
6486.17592749412 1994.66539188511 634 354.379041134358 1168.95148034241
6415.8541754238 1987.43102890589 611 251.172091139428 963.293376712437
6698.15743876269 1992.36828840124 735 282.6672649178 1019.27641987184
6504.54746761885 1990.13896262687 625 295.07429474134 1555.66035489658
6481.36953804506 1994.10476677689 641 366.728862737794 2557.36442688091
6547.81885008302 1983.50077245189 656 314.692884533628 1317.58694397828
6496.6280301916 1983.74446025339 615 390.922102115768 1415.78646025394
6454.24209195326 1995.01901149326 621 259.23482045928 1921.57987769591
6442.17505865337 1987.19335652539 614 323.260055378464 2115.48772421156
6512.05152331688 1992.9428912973 656 236.355177776965 1035.92471319458
6518.43665107767 1989.20535366211 629 300.272231775688 1255.92640963164
6393.10391539903 1985.05157711967 608 397.834014519342 936.159347419016
6520.55425517406 1982.90476976273 639 317.007258433681 758.245575068597
6602.21961166814 1992.52790002849 749 252.045365105917 1628.56293219832
6494.77861845658 1989.66345448318 622 221.43939015994 771.929603318243
6423.8948340534 1984.36174363382 598 268.761917086555 1566.47194353013
6622.71157830657 1995.11167825467 678 205.726046408053 1928.48832678835
6514.34623857254 1984.00414645986 614 449.582799797256 931.203423654135
6603.42255472217 1983.29075052911 708 334.856985151283 1677.53712892846
6365.85600751967 1988.23569778392 580 296.654080948467 647.842368333204
6544.40591014488 1989.16309471153 678 371.270428080845 800.009316972211
6625.82245868021 1979.22222880331 696 382.026517821109 929.795409325897
6570.74061241792 1994.29263685972 642 243.211033751147 785.039047918177
6444.23998672752 1983.91727923504 614 235.136421646464 971.054648421533
6529.46263071696 1987.89759171337 633 296.260499800345 589.301719538752
6484.66904159838 1985.0828067355 615 319.092071780062 1683.39987825285
6348.56597348158 1988.24628406427 581 345.130129928718 639.29757654074
6410.65381900622 1986.43727057053 596 291.607375862047 1012.22802826258
6505.54303309775 1992.69585931818 650 419.118766046849 1940.7606538796
6543.41872432027 1983.29653733104 621 361.935577983454 1072.35451289737
6478.70906015766 1986.89819938104 615 335.629581797725 1067.997604694
6627.75576571774 1985.14820321348 724 345.588733313402 1613.40245756986
6445.44089505285 1989.33905561785 614 405.124640100326 1604.68518699201
6452.69624612931 1990.62824501462 633 259.529408953034 508.791069040717
6787.97932827467 1998.34766105597 773 216.983110598335 855.411955516463
6651.93110869278 1980.49749304703 701 308.973459798152 937.582311142446
6786.58754865616 1979.27187873681 772 279.333167986426 2089.26988673236
6557.27403332763 1985.35144058884 652 268.905137236188 937.212977297897
6719.0779409165 1991.19201729322 740 289.515248952851 1089.01477304414
6666.67608769447 1983.12056638796 731 264.855496334487 1373.15712534088
6534.36213767324 1988.0354802403 665 336.976581625211 1090.73415390821
6422.83104866356 1976.82197088368 614 296.538089267183 718.32689910858
6696.64589699611 1989.42114217865 747 257.432999892537 1434.41539581628
7109.44585628925 1991.38147277835 868 200.357495702892 1810.4915227879
6767.12708648438 1991.5436153049 756 173.442695789344 2366.89100565234
6893.69365304816 1983.94892930162 770 265.345970329159 904.372707948944
6603.70946175388 1989.21071236505 721 301.881084840781 235.008490904839
7063.75072713467 1990.24953678094 839 227.527061595474 2542.62480388665
6649.2621907469 1975.06410389219 702 347.613465363142 1586.46910688779
6884.15020409639 1984.8999535798 774 202.707916929844 1378.10556465269
6754.4311885739 1994.95311247633 740 268.991734633532 919.692101746992
6571.73393671102 1988.9138267374 708 270.92337991504 913.818506393806
6516.12701767651 1979.95870175699 692 280.153887394028 2270.67134150859
6688.92328922333 1991.66273278833 730 197.192618817337 1709.46138158112
6709.0190548646 1988.80495774777 743 212.075304423686 1097.73708626413
6557.95469609975 1995.50160004685 652 297.020957385631 1234.85410855731
6625.00728082418 1988.22964032287 721 249.51381433005 1849.87918243644
6526.46812390961 1992.27666254036 647 370.736437638362 389.098653254278
6845.23679403821 1984.51923158562 802 471.874322827239 2202.65670025676
6542.86786645794 1983.61558565601 628 358.003392133618 1487.89812138345
6539.21618471724 1987.9748337353 634 292.758778511207 991.502224678644
6497.17074019512 1972.08883870354 615 334.922993642039 2432.48861357206
6849.90624042958 1992.20716149594 769 180.049603937589 750.721367556952
7014.91812801803 1987.66268289224 795 129.493659006977 1290.04762946615
6519.79919315878 1993.80974488435 641 282.453422138227 1247.0717030282
6820.31480443832 1989.75343383851 757 196.70879820963 2654.82712808229
6661.52721578749 1988.36344990172 740 382.861022486971 678.300308038415
6755.31556392762 1978.68779920094 754 268.096068329108 1424.11862696203
6611.33466163596 1989.09931414098 668 236.991911325161 1264.66121781898
6782.69405295487 1992.71651311434 756 205.359502878688 1081.42997366859
6720.96931057445 1984.80705921222 754 464.511170396784 1349.84628351202
6616.90113856524 1994.91746136563 633 314.862194819626 1088.30217379683
6521.34216452089 1991.37612368796 678 213.204660571543 1574.2659674222
6772.09093429625 1997.20289960874 754 299.043437531098 714.098772158301
6460.47148646492 1970.30120799644 650 376.504291384658 1498.21711819432
6737.21363520312 1986.51093575823 746 387.398159844161 938.162982755727
6842.85600503823 1988.70805558232 780 165.625634169581 1045.77488914101
6516.18962484579 1986.38446039167 618 215.698152799584 960.15367116978
6570.41151463722 1980.84194869634 691 231.386789954508 2188.8911378541
6715.88540068243 1985.77046022785 760 464.459508825404 1586.90987528682
6846.49040465146 1988.50107778733 772 230.223641891068 1158.19913323587
6667.61765034858 1987.8341808521 716 314.143178888306 1891.19031462093
6521.45224980848 1983.69618515394 641 301.051037801726 1526.27198795336
6498.88346121415 1983.63759053141 641 360.536755818771 2760.08777628825
6586.08093644079 1988.8308270263 721 230.466162565938 1522.33412394637
6591.2482673033 1982.468075369 692 299.338266823907 1091.88045275899
7187.74117113923 1992.69397218302 849 156.838139477467 1777.69798245515
6576.76593951342 1968.42380221636 668 421.483897508312 1422.36037343552
6678.64616997147 1994.35261109538 731 338.573643105576 2113.35733060015
6485.19384567308 1985.07507159729 615 338.469493388492 2227.04130857776
6734.75336904539 1998.01012160109 762 315.09217042566 939.724820404787
6931.66838140924 1997.05609404222 787 154.172752416239 1502.41619491496
6529.66899087517 1988.56711882343 633 349.550969048128 1312.93998885241
6429.53016938592 1989.99527989504 598 309.199435501738 1937.38109634489
6709.50909225931 1983.69880443775 740 250.201635113194 549.684740186679
6485.67117237417 1987.16162364615 607 339.902552294695 2206.54089636124
6734.46583129956 1985.1384250048 782 298.801464449752 1778.17096253786
6694.3467024843 1991.58644216769 754 325.976248218551 1559.31070405102
6679.74205120595 1982.15865217822 728 200.403967828194 792.86207231954
6933.25611346918 1979.47521548422 808 493.299024071633 1512.82564000845
6578.7407532631 1991.28404271138 633 325.128310019886 1394.9038344799
6557.5384425702 1968.88423470266 678 322.667043405632 1572.29510676184
6547.61958184724 1976.25462883409 678 225.018613003745 1457.05102728291
6934.57869449418 1987.21865527721 780 95.464370065375 2301.39927553812
6849.83647372888 1978.00350717263 770 247.736508597086 2035.112874525
6658.51001920645 1986.77314367123 717 302.032621107212 1902.13330666436
6365.85600751967 1988.23569778392 580 296.654080948467 647.842368333204
6389.95448543895 1989.40167072139 574 366.213943173118 822.957146312103
6602.96610609239 1973.44121808866 721 391.974583911892 625.230399968352
6769.61417832244 1994.09306901504 740 172.898610226226 1657.88146658412
6541.25499001754 1984.29468136524 628 337.600443687486 909.30669113537
6653.69213468082 1987.81214267191 745 437.796737030509 1891.05109541374
6490.97866330054 1985.31401647797 615 251.661039220698 974.046201331657
6554.73375542429 1978.89387932156 702 303.414254571632 1550.81182949384
6832.02895251703 1986.56532276916 751 189.287150848596 1248.12922198897
6468.02535018468 1996.34693725419 609 306.370102804261 947.398399317471
6793.26999902796 1991.50695283711 734 203.559319217689 925.445843654102
6631.47172783929 1985.19483865786 708 267.18948431139 1791.22491138608
6703.28821344045 1989.61204280756 744 470.54338058502 714.460043477163
6423.13736412644 1986.65719613497 596 345.059734384173 1039.97419674854
6685.71879147028 1991.94706272079 744 355.417015771528 1696.73993829455
7079.86489268469 1997.99140281645 849 260.941645976452 1322.74534255642
6740.11851075229 1986.01758522795 767 361.148525142485 644.498173805029
6858.54527758599 1984.93281690619 806 241.931941237787 769.722494216952
7091.37272607115 1987.85548828816 836 216.170878345396 1463.03824152366
7131.16601297822 1989.72741976704 858 329.538459355793 1199.1290239426
6995.56973896954 1992.81279567529 833 340.073486753236 1576.2024859646
6577.68766261003 1967.72013221357 691 423.321977574299 1398.42867093243
6653.24199736307 1988.21346683371 731 234.975338163123 795.81814025071
6826.14599811986 1993.4111142689 774 251.660974304367 765.261451654633
6758.71304055176 1992.64606647925 751 323.362184341489 953.946867266718
7193.37478584025 1988.78962245226 887 347.063212925862 2593.48281442663
6749.41499871292 1990.68955809747 772 235.602873809916 1706.54371704378
6723.04154936183 1988.50983126701 749 270.268335887566 1227.32084066599
6915.3881456932 1979.44465752918 800 499.192324154961 2087.96923630785
6989.12817472789 1989.18225419707 823 506.865006107108 2044.91446034114
7081.96725249126 1992.89597365066 826 460.97590807276 846.193539835893
6764.01706687987 1990.11365072016 744 365.520888556901 640.768420076543
6579.23634665164 1980.52791065648 709 277.453393047002 2063.88425404455
7156.03352922403 1983.02972196466 887 216.828725428834 1891.7646793553
7130.40820795324 1971.57000284687 868 241.587026935841 1817.75876408693
6767.12708648438 1991.5436153049 756 173.442695789344 2366.89100565234
7039.72643792299 1998.71771901058 853 315.865808480397 1970.68043320115
7060.91418617261 1984.33057898028 823 324.467356792123 1240.70187112335
6801.13446533404 1980.96923059526 774 232.080805437128 972.494948847996
7128.25302982543 1974.10196963156 868 204.722053778082 2572.0452445344
6985.41315911778 1985.97855864001 805 509.928159857736 2389.99068618081
6652.96755740111 1977.48159917309 702 346.303420419155 1343.30107586237
6910.86523745195 1998.43150111933 833 464.261619975015 2093.46390708865
7130.32451417279 1985.49742845503 870 240.642890033264 1860.62291746838
6758.99822067442 1996.25139914272 740 270.606424317619 927.759394337223
6754.5709030277 1988.75444516889 730 277.846026122435 1034.34742069298
6956.79771622639 1989.8541841336 833 140.310101474796 1376.90603848582
7068.25955978077 1981.28848612648 858 331.308243447928 2063.73832907974
6977.96475839496 1991.45577593358 828 297.382703955438 1224.30011729002
6701.44886332105 1986.34937328275 754 443.158656769019 1694.01433348414
6709.0190548646 1988.80495774777 743 212.075304423686 1097.73708626413
6557.95469609975 1995.50160004685 652 297.020957385631 1234.85410855731
6768.46965506581 1986.16853606968 751 456.2968995074 577.09287781084
6845.82537132162 1985.57342549181 802 472.082416321412 2229.43964126136
