1953.3248107633 432.723603690446 520 141.924690220324 306.767064070478
2026.23008578789 468.044633720203 520 45.2852274790844 481.408961143584
1822.54841732343 438.069934640636 420 16.1498690079002 230.492489385113
1830.86723735926 428.211398300463 420 30.9848349073142 314.345495963639
2018.59957232892 454.729948455456 520 34.0499575127957 416.873277667293
1983.97714226224 452.487451962619 520 61.4933443095727 311.899283462937
1965.38218440585 438.283366262791 520 103.630038549115 304.887691874937
1846.74703258124 435.52761207361 460 31.6778959135471 306.197671413694
1760.29890519228 415.989110833586 410 22.2964741434808 127.313976729613
1953.2660348285 441.767585130463 520 97.2873539375472 293.133291538523
2093.61118640747 463.838605497459 540 75.1522659701621 546.694667639835
1928.70192185037 430.0927052076 520 118.279191854705 294.095001426089
2129.29623697576 471.658343081201 540 47.663770640218 555.723256068072
1996.0910060174 437.203192305948 520 127.409160839086 314.602915500599
1944.47215928894 421.224880504508 520 135.516616240116 260.375059725543
1802.26010750089 431.828709604237 410 132.255851340647 275.290292017021
1990.81464715387 431.549522355547 520 102.293282362486 286.271157016903
2016.61875617458 462.498022219569 520 43.2494246256858 442.484374196339
1999.15110253981 435.827846751348 520 92.1518839812411 296.83592119523
2036.4316437324 443.028330126454 520 13.660159533854 529.451564463219
1812.94802550852 431.464352335058 410 8.21659840853815 260.09492655923
1958.53085304458 441.548277486066 520 33.234716496169 351.498733650498
1977.83951682359 429.593389654557 520 138.74820354071 346.304147267762
1982.77818739967 410.094223734067 520 162.3388847041 313.753213910713
1750.23703859268 421.906297419778 410 3.43373705817439 232.077801140082
2096.73874761302 454.75054261882 540 124.485684061247 442.153450004054
1974.55379464549 432.002352517783 520 140.549652292913 323.440352185166
1637.41594306943 416.703603863695 340 31.5509231347214 217.228408409705
1947.04358784871 420.719845894861 520 139.74644470604 292.655157334457
2003.76715537904 466.037807068915 520 50.5084194865983 426.775968343646
1954.5831934209 435.72241314393 520 135.85332802533 312.174119772562
1812.80303335041 435.231483708717 410 2.83380074678775 339.967599198604
1969.48557239313 440.037561769626 520 115.428620395948 344.97818198984
1957.20432591144 443.56196757354 520 107.691250231738 370.528595165821
1901.99216541276 420.517544266303 520 155.846597467481 281.878424380007
2187.19943338141 464.597123783825 560 66.6616719052091 568.988375318867
1779.3664248254 433.022642536191 410 40.471909256133 194.524496620329
2022.4566660199 447.839301374036 520 67.8137864085244 345.815743876366
1973.49846809617 445.724574413133 520 104.676544389611 368.873200265671
2063.12409772077 464.149417783756 540 49.1556323992005 567.969088466926
1905.15011635933 450.192340387553 460 35.3779372620945 262.547362894361
2088.45226251903 459.707714172695 540 37.4725406770314 474.234559596592
1975.29825312286 439.152625050646 520 29.6057019356546 337.882481692399
1961.84835077116 452.57541817696 520 77.2310731681604 314.030306996064
1978.87272974671 447.071464766043 520 114.496043045173 310.32519347318
1835.12123036977 446.780629543884 420 78.8732286241907 260.275185921913
1873.62228999791 428.236313473501 460 96.510644617488 245.150202342723
2117.32330838799 466.817971102807 540 43.3857675070524 549.321023197441
1975.49272256194 447.087411287982 520 120.097180451504 306.824238408315
1918.61615997025 442.998326766666 500 62.5399945219934 241.047314213839
2043.108072186 451.757327117577 520 85.1388184023295 336.549225351102
2097.6748168585 467.023839601595 540 43.7230250606158 526.686966651648
1856.9836976574 423.490943288512 460 22.9163594444688 170.50000727789
1969.75591266092 436.683614175754 520 39.1773692760075 316.672448551996
1932.44297530162 459.13956837018 450 1.65303008297811 411.963649521725
2015.59804755965 460.039342658258 520 32.1302995594543 361.83173574425
1822.02777568598 427.376748607566 400 39.0797237603103 138.163585239743
2031.51297162032 446.713127606842 520 93.4797454352592 332.616997576142
1956.33256421591 434.432551753137 520 139.666870605188 307.374586214033
1977.45101242185 447.065218294035 520 100.593161144178 325.230549165591
1705.0207110822 418.087124109185 360 147.598326300878 233.182665716797
1975.90140962284 448.278483841469 520 42.9400635289361 264.928556978128
1862.63923427621 436.55543829504 420 75.9271870675879 150.890895902395
2018.49550820183 447.575176348674 520 141.005121155031 384.60833574108
1932.44885143678 432.005706502122 520 106.041791186131 269.602498886348
1836.70731255722 437.088791386275 460 29.3371274733508 311.102051173553
1980.65347077449 438.731239722049 520 127.479132889031 357.163714969812
2033.07642640112 445.525890532774 520 97.1041149834904 335.493808859936
2024.02458790697 460.627892879823 520 54.497692767538 588.344630717804
1985.41375064373 449.356439077976 520 130.579536725051 333.399899458008
1822.54841732343 438.069934640636 420 16.1498690079002 230.492489385113
2004.58173546922 448.346332916327 520 29.0939037622655 355.306466135987
1991.62215431493 457.235106951887 520 64.1962642419285 343.335176334409
2220.43160501485 466.858001674403 560 45.6594954366511 588.626906090327
1795.31711175637 421.274340905286 450 11.8703393803554 322.192543608135
2042.22915596224 471.281653241017 520 77.3809219270504 319.656759139173
1986.28456241031 457.47628663391 520 85.6135415586003 309.901957668159
1921.89137164961 430.611520034197 500 9.10495327140422 290.938284898057
1918.17769931269 424.64691811989 520 114.558317293151 265.328256861802
2218.37341460512 467.368234022314 570 88.553575779597 523.286190561791
1952.68884103312 418.788654503043 520 132.611580550037 257.938833724078
1928.1743809793 425.067047948907 520 49.4448323236744 304.436625435995
1864.15753633906 456.100372973754 420 60.2275397456806 270.177375145711
2017.06257866866 441.916609487887 520 93.0132371793714 366.344186560234
1960.03995196139 416.627298983781 520 105.979763878245 280.438128123257
2036.4316437324 443.028330126454 520 13.660159533854 529.451564463219
1993.11422182755 433.161283957058 520 133.34777979625 383.63797489995
1982.77818739967 410.094223734067 520 162.3388847041 313.753213910713
2054.89408512152 448.943813560163 540 99.2353104294464 468.587599478675
1969.81195570896 429.012834186963 520 142.226145526568 306.703619010074
1637.41594306943 416.703603863695 340 31.5509231347214 217.228408409705
1947.04358784871 420.719845894861 520 139.74644470604 292.655157334457
1748.00402549026 420.394525129785 360 93.0727643227589 241.461080857499
1918.55926010392 453.932171183858 420 1.94008535754748 339.342984173745
1943.33703700399 437.508726228113 520 71.8736927320513 305.455581762482
1806.83823305164 432.486318847774 410 0.724925376943474 303.447833368315
1778.4673457858 442.33363091562 370 13.2104554681444 272.586016837037
2001.24348486864 447.680757233884 520 59.3075028171773 360.099700927319
1899.24552215613 418.09245939753 520 154.875512431351 269.753000036146
2187.19943338141 464.597123783825 560 66.6616719052091 568.988375318867
1750.15968139304 421.319554565083 410 30.1457660874346 164.864786727266
1952.35799453576 441.525168045697 520 29.1858653388128 346.705356184259
1975.4097415903 444.676910472476 520 104.000807165409 366.777872384356
2063.82480471597 459.625937370387 540 49.4033697331659 557.609749777747
1998.62253821995 448.455687793764 520 43.4681064701627 298.123589875784
1892.31642966532 439.942992771292 460 39.9153307065712 232.202465782412
2088.45226251903 459.707714172695 540 37.4725406770314 474.234559596592
2096.72295247171 460.394821150225 540 69.8058276392437 463.675264779491
2145.70200592309 463.971007989687 540 75.9330161246556 492.358141329814
1975.29825312286 439.152625050646 520 29.6057019356546 337.882481692399
1970.88521767771 433.696737549455 520 29.9082753399443 219.66491809048
1949.64942492612 432.19492565079 520 124.828041548833 250.752026947885
2107.13664802795 467.817971102807 540 39.7842391979373 553.321023197441
1975.49272256194 447.087411287982 520 120.097180451504 306.824238408315
1918.61615997025 442.998326766666 500 62.5399945219934 241.047314213839
1887.87742528875 432.074147122832 460 33.8389415965968 214.450697414841
1989.02004236419 445.852662280909 520 45.988267649427 353.348640972615
1932.44297530162 459.13956837018 450 1.65303008297811 411.963649521725
1987.97291401615 460.095330830517 520 71.4540712079851 333.115958093631
1818.86147212592 431.193681607751 400 40.1991811196175 143.614384240298
2014.70741550174 435.590847950995 520 99.4214067817862 295.127878952753
1977.65534263498 447.641747094478 520 100.520919504522 315.144097965763
1975.90140962284 448.278483841469 520 42.9400635289361 264.928556978128
1882.335794992 444.909873660743 400 43.9706417230535 232.315836954964
2018.66194959518 442.774377378283 520 140.946275236079 375.0067378003
2148.79951916696 477.251711139156 540 58.195823735129 566.164151832396
2109.47157619927 446.862943484307 540 131.818747093057 471.076170496305
2030.48736586869 453.804478179158 520 8.34474256385534 633.685916691154
1986.93565976392 441.361647701266 520 130.041460595436 291.436739439844
1890.32636418453 441.395476009942 460 36.1488937734573 238.365725768781
1982.54167259762 441.019453341649 520 36.8862427194091 308.530068246458
1985.07472776906 454.906696837743 520 61.8813993869769 315.115980219573
2216.58744669993 466.003050564517 560 44.3003802304328 588.578907660246
1973.56267844938 449.091121826776 520 90.1114067677205 293.13162805389
1925.12104203534 432.226355227063 500 7.96309235603035 299.012460862385
2029.49033423063 462.006388589079 540 59.5625791971011 355.203209843282
2028.84026153668 462.22321698732 520 75.0570279822583 387.430574265242
1986.7860359698 451.164269253187 520 50.2549980582593 350.039944758432
2218.37341460512 467.368234022314 570 88.553575779597 523.286190561791
1952.68884103312 418.788654503043 520 132.611580550037 257.938833724078
2128.74314240511 463.428076142039 550 113.769430151435 574.608921288019
1864.15753633906 456.100372973754 420 60.2275397456806 270.177375145711
2017.06257866866 441.916609487887 520 93.0132371793714 366.344186560234
1919.67326080375 450.470817969942 460 2.06305159410489 374.11333311544
2028.99216671276 473.310080604161 520 47.9450111151488 622.425059558313
1993.11422182755 433.161283957058 520 133.34777979625 383.63797489995
2146.65652610875 456.84036007601 550 102.023156652798 553.780142169635
2105.39719053579 459.768171432649 550 20.9538691351942 630.03318763017
1985.55643793851 441.527015561394 520 129.553832042684 292.263578740485
1892.69726746666 444.332776474507 460 36.9871346676214 243.667063284468
1985.07472776906 454.906696837743 520 61.8813993869769 315.115980219573
2213.08506506836 464.384979209823 560 45.5386591314262 577.364548090921
1925.12104203534 432.226355227063 500 7.96309235603035 299.012460862385
1977.70118999638 455.028449151508 530 77.8728067370437 334.269391530569
2028.84026153668 462.22321698732 520 75.0570279822583 387.430574265242
1987.25194051957 448.845588798284 520 50.0902759249964 350.91029495026
2218.37341460512 467.368234022314 570 88.553575779597 523.286190561791
2212.36607686125 469.493385843961 570 40.1366842675407 613.213156733249
2096.33444218817 455.933430396477 540 38.1613687970014 451.667588758072
2017.06257866866 441.916609487887 520 93.0132371793714 366.344186560234
2028.99216671276 473.310080604161 520 47.9450111151488 622.425059558313
2150.94181982341 465.351430148196 550 55.7567537340142 569.934646063006
2137.30785296356 454.431264668489 550 98.7179015647658 539.325569724506
2033.23490475618 456.960654176238 520 9.31614425331616 632.226194069936
1985.55643793851 441.527015561394 520 129.553832042684 292.263578740485
2100.11516322012 478.744690490303 520 54.7165767644625 308.10188857661
1899.98721929045 447.2688392519 460 5.31312978084246 375.185896125516
1961.8757494115 448.893657327301 520 53.679321930363 272.605509752966
2213.08506506836 464.384979209823 560 45.5386591314262 577.364548090921
1925.12104203534 432.226355227063 500 7.96309235603035 299.012460862385
2034.47193758414 460.893873175632 540 57.8013164408759 351.86566360294
2028.84026153668 462.22321698732 520 75.0570279822583 387.430574265242
2031.87839393449 450.512997949254 520 35.4571099278723 354.790295858338
2210.9717000037 467.677751254739 570 91.1704770731337 481.232441398755
2209.68858204981 476.28418576546 570 41.083321636423 658.794781914761
2087.23973091867 452.270263277455 540 34.9459027912056 410.872908623057
2017.06257866866 441.916609487887 520 93.0132371793714 366.344186560234
2035.98095862177 455.314442489768 520 10.2870209082447 625.740417626896
1980.34420991122 439.330220865029 520 131.396632934277 301.451948851255
2100.11516322012 478.744690490303 520 54.7165767644625 308.10188857661
1835.72857978026 443.600236034353 420 17.4057300928964 356.842880037784
2141.35716481946 461.850494470665 540 90.8173456495748 472.802816644984
2097.48258400262 465.563760725944 540 108.002689823857 484.337248233742
2151.63447765363 458.664268478869 550 23.8125955969987 492.623120528385
2144.21828979544 457.669914897082 540 105.858400682752 535.378393272707
1923.01631089307 430.696100083544 500 10.6296675544566 205.978280527357
2028.6727738842 459.701835644976 520 44.4390372159314 572.15196762832
2134.25760800542 463.927322796064 540 90.0851277923983 486.799194901567
2043.72039478639 464.250715306844 520 89.5027917972428 378.704555440382
2043.66665903601 469.502813820425 510 34.7590167162523 268.780179500237
2153.44394980605 463.145207253866 540 86.5440218361957 476.686954994587
2233.18306112903 468.851394258818 560 52.6443737828074 541.164818977226
2148.69722447736 455.760437480878 540 104.274858139715 552.690314578168
1969.45388029647 434.865780074041 520 4.24529190372689 465.607201279008
1923.01631089307 430.696100083544 500 10.6296675544566 205.978280527357
2027.01497322317 460.263909282225 520 43.9880372083663 535.690935581524
1856.2812584337 426.82527367356 490 25.3043691468802 308.426717713619
2028.71635764135 454.927362190161 520 82.3354548125791 524.640948092573
2028.84026153668 462.22321698732 520 75.0570279822583 387.430574265242
2017.09333304354 449.608986519547 520 30.2298015197485 352.982272998924
