1981.29056389829 419.386425923229 520 138.917495274319 328.370773696691
1784.14535843494 431.128387777824 450 40.5581909843478 246.736206509417
1792.71210963027 419.608356044185 410 7.83571143725157 296.772930371733
2207.5187952245 467.311752456246 560 80.5316084490771 519.400918788511
2072.75482341655 453.159798409625 540 111.181112202539 416.143912201371
1668.27065973765 440.718733770712 340 69.6933655894413 268.70872594518
1771.89284309288 418.413217371004 410 16.8160773994089 330.523745845764
1842.38753048283 427.536361824742 460 8.78743339757054 378.641821027837
1905.1035776858 453.277975081059 490 26.1129508139873 265.528946301521
1616.60277880412 407.655332679617 340 8.80613993088749 258.877939242015
1856.49275224863 425.941700075832 420 106.708600980961 361.748202052789
1900.80758048412 438.333750800078 460 9.96585431624202 220.62986940387
1739.78593878539 405.289323152629 410 50.2838387838563 331.967544160745
1844.06911349507 439.441221941408 460 38.658128107897 277.875091339139
1913.92652169177 426.403504843963 500 66.7788678627465 318.005863997804
2059.9619521187 466.996496512412 540 105.173361317418 475.049889994157
2124.92434234829 462.756005529893 540 42.3134223324539 480.14425810731
1832.26320830445 432.389008082942 420 21.2479757386247 368.012517051868
1824.8824106318 449.718824118718 410 28.643492533736 308.684160671371
2110.86660045581 466.988009945548 540 34.8238331280371 466.34114032523
1856.99284600794 430.036819417749 420 73.4580548530291 227.33066829864
1796.13660928712 446.522534794139 410 111.540915312431 267.601477357724
1743.0604991306 408.060210907248 410 48.3782948931341 334.329468530065
1669.96193195481 429.068586539061 340 9.2333240793384 289.569614142704
1892.0711864624 428.31849936464 500 47.5972242904276 260.574913463366
1707.40120583588 413.116843400228 400 31.2840082623127 283.233686800456
1862.04210126353 437.973498944996 420 69.0498110642902 348.707908008504
1864.59014304648 432.235670318987 490 22.9560784881394 245.056739329451
1801.6781150513 420.1572089059 410 85.00746109923 199.513318918994
1847.82630226786 431.724776219327 460 31.8714078448356 357.554735972377
1814.30264427943 431.253530612199 410 22.8842737621152 317.529250671555
1912.3959344326 427.106308936824 460 100.940483482686 252.610292606606
2210.17241617925 466.921107070311 560 81.4698051349796 517.057046472902
1668.27065973765 440.718733770712 340 69.6933655894413 268.70872594518
1876.1754510213 442.172467786357 490 15.8853135482401 243.317931712115
1822.68577930876 441.815790015663 450 79.1259753241957 244.460335049689
1616.60277880412 407.655332679617 340 8.80613993088749 258.877939242015
2245.8289994642 476.715917107862 560 106.581674673095 641.194420732174
1840.88534252434 433.125804510788 420 11.2198560863754 199.79808424671
2096.9784703489 456.198586181192 540 85.9742016868468 448.616888353315
1739.11897101735 410.219934516265 410 50.0480300680507 322.390872459909
1882.77941645116 443.467711645666 490 24.9719692468784 263.304705280829
2088.68383955811 447.707466120442 540 43.2599916039464 433.132414050504
2042.35797173393 452.756005529893 530 13.1218020527665 446.31146812694
2258.28066975455 477.866457033448 560 86.4554998063273 475.011601209294
2104.1665986858 463.970050515249 540 32.455024785271 455.962753371249
1856.99284600794 430.036819417749 420 73.4580548530291 227.33066829864
1766.65573702253 442.300286104265 410 101.117852965635 250.239339572186
2046.47860567148 453.989464903755 530 56.7651258214213 407.903180080464
1922.66330616797 409.471031861746 530 15.546689394133 336.121437721712
2015.21782341183 429.615314796999 520 101.044111304951 342.428853353227
1999.8534964496 437.291418056566 520 138.636781852238 362.3200004155
1743.0604991306 408.060210907248 410 48.3782948931341 334.329468530065
1903.59209356995 430.717683066434 500 51.6704800610117 253.739212482927
2006.19698482142 438.717493568042 520 124.574235917521 431.515986511659
2021.44879896304 448.618182644561 520 99.6965481182728 405.672144475387
2259.93241847153 475.329664717608 560 72.8655738564118 538.33733474523
1862.04210126353 437.973498944996 420 69.0498110642902 348.707908008504
1864.59014304648 432.235670318987 490 22.9560784881394 245.056739329451
1801.6781150513 420.1572089059 410 85.00746109923 199.513318918994
1847.82630226786 431.724776219327 460 31.8714078448356 357.554735972377
1999.78292352218 444.165796757996 520 119.530737869953 398.455388320927
1943.44093932691 425.676381864418 520 130.881648019724 386.880840058585
2016.97269636102 433.886463307839 520 134.658347233225 351.857007221462
2005.09400513846 446.427711346735 520 91.3329452328555 406.897423129532
2029.0477490659 449.99551661633 520 31.2526621116122 427.505657833425
1914.16399835668 431.156002077794 460 100.315378487539 263.924960764749
1971.95892885046 440.828455242986 520 107.620713153365 429.447875542758
1991.06541230011 454.500040478233 520 61.157847031376 392.855161819538
2001.58510550477 448.810535924034 520 105.708232612298 365.598845786693
1992.46312597869 436.818579073254 520 133.028145226198 350.921848290407
1968.58747096714 446.707193477549 520 61.0643378177565 398.11363902383
1855.61176600677 456.00286933825 450 90.7670695599058 280.308757531294
1955.37956511894 422.648645878785 520 135.223372982121 398.185817338309
2000.12637284011 456.175902049761 520 53.5367521304605 393.548487117546
1980.03858731414 440.424011884609 520 34.0840869084457 375.875129962274
1990.99796186764 444.018062614211 520 28.5395253081341 431.388609353521
1987.80305760651 443.290337427795 520 19.0210702980968 386.723968161922
2007.46543787548 451.130131480647 520 57.81278355594 390.998185735533
1976.66469877784 432.86002751976 520 136.908254503118 338.650910009535
1785.89790609592 450.708955211113 380 101.458835566014 304.888445842314
1946.45314245544 434.493415704662 520 115.430895279687 363.02099746019
1948.87665333696 424.301773203468 520 140.568147512303 353.912836017742
1975.49690426296 448.178178761021 520 106.631453644033 440.70834150769
2015.21782341183 429.615314796999 520 101.044111304951 342.428853353227
1978.2553633505 427.611743269739 520 146.272875039909 352.640325628672
1967.3203714756 443.912326178487 520 105.597741961569 366.501260531655
1974.53014463615 447.27624778837 520 92.6244617671774 381.757211311988
2006.19698482142 438.717493568042 520 124.574235917521 431.515986511659
2013.97655041492 454.971227321133 520 43.481973987856 406.941301580943
1952.3532855243 436.031797396669 520 91.9412427873209 344.253529557396
1999.78292352218 444.165796757996 520 119.530737869953 398.455388320927
1959.20751487437 427.134647803627 520 125.307321776873 389.797371937003
2006.4080372075 431.769875689087 520 138.393518297414 347.623831983958
1960.06509199195 416.519032275463 520 101.419757715696 341.486029014524
1985.41811866543 449.059506301222 520 104.829933230981 444.550485369652
1829.22746696638 442.929732380866 410 28.1609954270913 357.857396987023
2210.17241617925 466.921107070311 560 81.4698051349796 517.057046472902
2001.58510550477 448.810535924034 520 105.708232612298 365.598845786693
2063.82833212478 472.375148009191 520 32.7779045618663 380.82064261109
2091.23700315223 462.380951997288 540 104.646674891435 434.602722430273
1842.23047696954 427.541007529548 460 30.572825018611 349.623022588644
1669.99026348069 440.216517733808 340 70.3013373232697 267.202077834468
1958.45644893996 445.799063317537 520 57.4824806298727 382.585109321188
1771.44604423 453.215238612387 380 25.5669418874278 320.71243836916
1831.378664223 440.772614632963 450 82.1993742596654 260.759149091423
2215.80675451988 462.339528535322 560 117.196141166381 569.312477869475
1839.78667762077 433.125804510788 420 11.6082927881601 199.79808424671
2008.46804325138 455.780934033295 520 67.3376636888503 484.140363630608
2127.40881745687 461.965509507959 530 41.8553083937851 368.716653223631
2172.544916916 466.230212714496 560 75.214261976145 368.545086268275
1884.92431884638 442.478832688627 490 24.2136317325567 262.31582632379
2021.4657355403 450.075747894883 520 21.0794259744267 421.851684415261
1872.02663575296 422.942791506006 480 18.2585134785027 340.441485672092
2000.94504017159 446.639246891707 520 88.8805026012057 371.306013634717
1973.40177182099 421.388937086397 520 179.457191645604 381.730871275246
2042.35797173393 452.756005529893 530 13.1218020527665 446.31146812694
1984.84320929972 439.273101896308 520 123.599161893511 348.82546925187
1980.14867626092 447.187708005415 520 60.5999344922799 361.588143867892
1894.99869383602 408.19442348666 520 2.80587324210991 347.73825749332
1983.59638910666 442.25711534416 520 32.4560515517231 383.203240671065
1987.80305760651 443.290337427795 520 19.0210702980968 386.723968161922
2258.28066975455 477.866457033448 560 86.4554998063273 475.011601209294
2002.73904909791 443.573541143074 520 127.689579539943 349.364423632849
1912.14714974685 419.752735796791 520 3.22011656170569 339.607553541293
2104.1665986858 463.970050515249 540 32.455024785271 455.962753371249
1785.89790609592 450.708955211113 380 101.458835566014 304.888445842314
2060.97221201712 454.406193853625 520 93.873835429764 377.147708635089
1902.63032612987 421.539920036185 480 101.336806212685 275.788808213709
1856.99284600794 430.036819417749 420 73.4580548530291 227.33066829864
1955.76387747612 443.104269575663 520 15.0563104395042 359.132468839489
1782.08772245652 450.84228262953 410 106.57388373941 265.906536457037
2046.47860567148 453.989464903755 530 56.7651258214213 407.903180080464
2129.8109312718 459.206547151318 560 62.368070397418 443.856065470037
2002.90471545144 431.949976076592 520 105.397452373088 341.243632971452
1999.8534964496 437.291418056566 520 138.636781852238 362.3200004155
2178.60100006237 470.351149286502 550 73.19131371966 472.228722138223
1743.0604991306 408.060210907248 410 48.3782948931341 334.329468530065
2075.92430461656 465.625455870275 520 48.5595704642286 397.540752128027
1912.36999896481 435.084770198775 500 54.77393827567 262.473386747608
2006.19698482142 438.717493568042 520 124.574235917521 431.515986511659
2006.4080372075 431.769875689087 520 138.393518297414 347.623831983958
2014.12341817079 438.85723349838 520 82.3072532053704 381.500632683273
1829.22746696638 442.929732380866 410 28.1609954270913 357.857396987023
2028.59935875715 449.606599981164 520 83.7484112646429 445.643117769773
2197.67040932399 465.696917263381 560 77.0496782220808 509.711907631318
1981.62332993049 450.702650982779 520 42.0849341823186 333.495869307634
2063.82833212478 472.375148009191 520 32.7779045618663 380.82064261109
2091.23700315223 462.380951997288 540 104.646674891435 434.602722430273
1865.50648918345 435.935252370436 460 38.8021380563268 363.155989680113
2023.20256675823 447.577045023615 520 113.89166453405 493.876432507596
1978.84140770518 446.480147635963 520 64.6896519184201 397.43250149907
2006.70360699779 435.009991606107 520 138.498017998928 363.824411569059
2192.31341781445 469.250391370534 550 110.353363748906 487.130288980145
2116.39992834507 471.19707613886 540 67.1555823086635 476.352369609872
2199.3512670894 474.510375665464 550 66.7407938875028 529.453191454131
1929.27591838153 402.106818280995 520 113.460424269417 289.430241091927
1903.79973915617 471.765513960644 450 82.8624029876791 225.644899858844
1829.22746696638 442.929732380866 410 28.1609954270913 357.857396987023
2028.59935875715 449.606599981164 520 83.7484112646429 445.643117769773
2076.51001146992 462.488421089852 540 36.0510356237975 454.725300578494
1982.33789258778 449.326226500532 520 41.8322981320457 330.743020343141
2068.56685734293 473.479368316405 520 34.4532262191547 321.999864813668
2174.99727407208 471.593439759952 550 84.6222432926177 516.686905386033
1873.49688295142 439.928980651296 460 41.6271688651675 371.143446241833
1983.10981218015 452.845229042801 520 66.986908264496 303.907700095479
2023.20256675823 447.577045023615 520 113.89166453405 493.876432507596
2164.58622474801 468.310579502784 550 91.4545218795478 528.522934976938
1991.45541313815 452.94679522126 520 69.1493763082067 422.407091982972
1833.28745088108 440.585488853014 450 81.5245162647846 270.968101365846
2174.34493713662 462.179376693452 550 131.85510728239 548.153661220491
1845.59708176404 432.730466779775 420 9.55400470258661 187.996019632486
2009.86100481111 444.165025151524 520 11.8627258612691 401.982985981563
1980.93680290209 447.392167992885 520 65.2367568747903 445.439206820929
2124.71938996744 461.965509507959 530 40.9044521861428 368.716653223631
2019.33082480229 445.522127662601 520 125.468232052658 445.365343912919
2006.4080372075 431.769875689087 520 138.393518297414 347.623831983958
2109.74704720009 459.250391370534 540 81.1617434692189 440.065260953022
2118.74509543119 470.654155008915 540 67.9847240834685 474.180685090093
2079.07626517931 471.196130037954 530 24.2171591585784 463.908685234527
2017.16978923524 457.901704553544 520 58.4311452201575 547.711163407094
1848.07529670404 465.535843574913 440 102.563968555551 210.415229473113
1829.22746696638 442.929732380866 410 28.1609954270913 357.857396987023
1881.88411625864 464.336882590798 410 21.4671769318822 374.779335310697
2002.72897480434 443.20740639701 520 29.3036459800358 417.654568568051
1868.37334077943 448.790049374092 410 73.6505503135313 250.673109140885
2111.34525532179 458.578045502354 540 54.0240084492599 442.994173815999
1982.33789258778 449.326226500532 520 41.8322981320457 330.743020343141
2066.44695836781 474.280167286795 520 35.2027236895224 322.800663784059
1852.47117106894 433.579592658642 460 34.1934571394802 358.444670256525
1905.6359093657 443.170998811786 460 38.4036533369969 326.672270852256
2030.14482817538 457.322491956829 520 94.0857369763858 397.963864411285
2006.4080372075 431.769875689087 520 138.393518297414 347.623831983958
2109.74704720009 459.250391370534 540 81.1617434692189 440.065260953022
2125.68258204037 468.268990201781 540 65.5319521705994 464.640025861554
2056.45493136809 465.365434418144 530 16.2193098898763 456.672002389137
2017.16978923524 457.901704553544 520 58.4311452201575 547.711163407094
1853.12358013365 467.889365156516 420 104.348806278767 215.122272636318
1853.36501659422 469.128754101169 410 100.335085717932 344.086781384332
2029.35883486329 467.998952748442 520 72.4454627909146 469.607324761412
