53663.9703876096 10090.9868106982 1470 741.212159097148 38139.8868108624
53043.7891157448 9987.35799848911 1450 887.088100850849 43309.3535157748
53278.6391117618 10023.1953298674 1420 1484.1704777346 37778.495065321
52852.1473782114 10060.9479746366 1450 858.535235442115 41473.3591289786
53893.6910281749 10107.0775125827 1450 1390.99066067742 37752.0222926151
52917.0213424512 9946.46303199297 1420 799.415854907354 43425.6288153283
53776.5735349777 10043.4179681165 1470 1517.936170374 38199.6723019905
54227.0743819075 9981.38714093864 1480 1763.71269735269 37660.8423325675
54195.3786928222 10112.0311665357 1480 541.968571565982 42393.0211604263
53475.3300454537 10000.6617997844 1470 960.047000478109 37963.228898876
54022.5142884855 10080.9226809133 1480 218.385539719808 41753.1060747982
54140.0240892458 10131.3707055029 1500 851.331047779 40580.9024553637
53467.9127466296 9931.88184545849 1470 1772.19099823984 41538.947274046
53563.6923618074 9961.07742336154 1470 1748.37528036454 43012.6511363359
52634.7611430181 9950.4841308135 1420 1697.23702669769 42153.7077554073
52635.9578416369 10023.2195610961 1420 738.476108269274 39635.3718216017
52924.5149590246 9999.12045638543 1420 101.856386487294 40500.9711930096
53663.1031529746 9932.55874214062 1470 2062.08800330724 41654.1130625907
53046.1958221816 9979.60482005215 1450 692.832810306497 37880.6801278649
53533.9082159872 10068.6602003092 1470 403.27992539392 42210.3145225187
53583.463764326 10057.7231758178 1470 574.212073087581 47249.968976313
53147.9049498674 10046.2561979143 1440 618.925675025371 42678.2429330398
53255.0531124121 10004.1667655817 1420 2380.21648308211 36118.6142406069
53871.9129632006 10082.9393894703 1480 1269.89553646057 38371.3045757698
53822.3745781395 10069.7601937831 1450 774.562086778919 39664.351292839
53335.3070533518 10007.9672820166 1450 1132.55839716466 38890.2222859406
52847.1488245611 9973.87117694166 1410 1877.95396525886 34481.8298310275
54632.8866490467 10133.79257019 1500 1736.32141550794 34599.4839219913
53705.023946672 9967.57138469504 1450 2118.38202413639 32433.7040297471
52822.2333640847 9941.22815332424 1450 1090.66570900824 42842.2098701098
53499.9735015647 10024.9863214308 1460 1367.32572008769 38175.4119269883
53265.8012777355 9966.4643320303 1420 1541.78638962683 38603.3837774583
53663.9703876096 10090.9868106982 1470 741.212159097148 38139.8868108624
54136.3765862355 9981.41187774405 1510 1640.17342674394 39277.1555326981
53269.4740619215 10072.0698009364 1530 1610.78490258124 38422.6620568167
51927.4840835104 9936.29244805302 1470 1350.21043719733 49548.3795325906
50331.1732129875 10033.6536391218 1480 1343.69693974615 40640.7666022251
52902.471413723 9986.75261230223 1570 1626.72242544138 41644.8610916216
51277.4542104243 9957.65990191866 1450 1114.95069658409 41925.5282885017
52616.000273771 10013.2434897911 1520 1100.22493205065 40194.2404596967
53377.4615576507 9951.83893258861 1490 1927.22076161654 38552.77646992
51444.116833651 10056.6425879922 1520 1071.44916323387 50960.8661705099
51806.1241441812 9959.78478399157 1410 1385.42915387138 49734.6840176047
52413.5065290661 9949.41041221223 1450 1612.57547936312 42812.4363851418
52441.6886126439 9992.99709226017 1530 1158.97138697086 38514.1637399924
51315.3347752718 9999.15019242779 1450 1768.4980700751 46906.9174737353
50712.5238619567 10040.7043853353 1450 855.393494310295 40795.0062429051
52994.109907001 10126.4201032311 1570 1233.83311316009 39913.708711858
52381.5024173755 10036.485948785 1490 1389.99565967025 38792.3489729115
52771.8847928272 9982.0903357103 1480 1101.26370959363 41565.4771727698
53399.1781109077 9995.16158578267 1460 1666.82322340923 38426.1041401132
53051.9528990207 9973.486527196 1450 1088.33488389602 44233.1697075027
51959.2682041307 9986.15542299556 1510 1194.05952401136 40029.7088263451
53281.514456233 10011.2754902046 1530 1077.19728231426 41866.5595491526
51516.948521574 10029.8536674211 1460 953.829552323946 40987.0524294064
51064.3372614985 9964.50046902265 1420 459.847751289715 39747.5290797934
51710.2420163429 9974.27612960858 1500 1539.23048462031 45164.8749467525
54414.336242792 9990.03110703321 1640 1917.51312776382 37027.767105908
53046.1958221816 9979.60482005215 1450 692.832810306497 37880.6801278649
52635.9986153612 10042.5474421846 1510 1427.19334428812 39333.0998981086
51724.4192587607 10089.9018099821 1540 751.516237577394 48716.1624418769
51602.3416738526 10058.3540415817 1560 955.479197165025 44575.3554694545
52081.358374387 10051.1457478861 1450 824.182659177661 44199.9968906667
52839.4219461236 9971.64946893805 1400 1711.62113520696 39152.7777041939
53575.761851455 10045.15415345 1460 822.022728157883 40880.841757805
52183.6319040447 10055.5177761318 1480 1706.10730887328 36289.7622246798
53274.4285185116 9951.55693763508 1560 1795.72394981831 40336.5894591579
52690.4099875772 9982.55159185742 1450 1936.31925679153 37555.6758743758
52542.1676208506 9993.95334027398 1410 950.700244925034 39884.2281334902
53501.9846168268 10000.9836155576 1550 1575.8936270289 35911.4692813776
55089.6822457501 10061.0010215208 1660 1648.41106193416 37998.6719078477
53300.8501267021 9952.17140896237 1450 2196.16531205607 32657.5087052247
52587.3424082756 9987.83392502258 1570 1135.87049453044 46857.3945393096
53540.3257029425 10046.6743083947 1500 1656.00446417663 36009.4034023947
51785.4131775769 10019.1258767287 1420 1520.95838682636 39124.6449654812
53621.0844838681 9972.36611359558 1470 2213.55268843809 40369.3653687401
52559.4855295786 9972.11829596557 1420 1216.15181403647 43146.33968902
52019.6984783873 10025.4218670064 1460 1057.65243556728 40527.3598781819
52555.7413219511 9992.95470790396 1560 1488.56665879816 45605.6172356429
53006.332519228 10033.3309328191 1600 1806.41948455248 36284.6347889246
52413.0812129789 9970.59375904971 1470 1723.45160058819 41975.3450437893
54658.4464791105 10053.7801474885 1490 1539.70102901488 38437.3014572954
53269.4740619215 10072.0698009364 1530 1610.78490258124 38422.6620568167
52998.6946395477 9918.90849739548 1550 1144.05586956836 52200.9118244524
50331.1732129875 10033.6536391218 1480 1343.69693974615 40640.7666022251
53662.1201217849 10008.3911876397 1560 1897.01813788833 39587.5551429726
54352.8489339133 9994.9138547615 1610 2200.11365527479 40071.0949859053
53479.119419215 10026.1095555854 1550 1515.74646504189 38994.7527954525
52108.5200563966 9980.84482617983 1480 955.011999955284 45221.376058991
51871.4268852882 10010.4461920057 1540 1352.44931565453 48854.7170371799
52616.000273771 10013.2434897911 1520 1100.22493205065 40194.2404596967
55192.2679351519 10163.6720042183 1680 773.412902928203 49689.4990520598
57392.3247978918 10101.083606973 1690 1395.47171969005 52014.4715000688
53158.932436452 10124.4346040359 1600 766.075983378694 44976.2641114898
53228.7746399709 10017.177313881 1420 1557.71484419973 38719.4168940923
54925.1655960964 10085.8293695615 1680 968.594633734881 53382.826017284
53479.0151492274 9963.58506657533 1510 1270.96576603667 50912.1695044892
51806.1241441812 9959.78478399157 1410 1385.42915387138 49734.6840176047
53260.084964751 10023.2101828087 1420 1171.63971218159 40299.2279155029
52094.3000103248 10058.0468440032 1590 589.470550570255 43698.2932728192
54089.4013317326 9996.67751911406 1580 1235.00793759069 38797.0528169222
52986.4810666521 10119.7819149027 1570 1235.30128416977 39713.5127414789
51932.2810336774 10013.4078163537 1520 1515.74956893754 48166.8916894754
52706.359349446 10051.1110913843 1570 1127.23995559603 40316.6397090584
54914.2377019458 10038.0453451837 1620 1702.48384249374 43601.0897381246
52339.3957704141 10063.4833581134 1500 1398.0990876562 35249.8931569281
53242.4249371195 10048.6615475943 1550 1010.70821660307 39763.6696543906
54441.2238324846 9970.77440678408 1610 1135.84352929733 53592.5134346809
55297.8717701327 9984.42166448478 1510 1649.31052979355 39556.0591649701
53474.8712621626 9972.90015017672 1480 1006.94420696094 38603.5315981613
51954.8180565152 9981.54838656073 1510 1194.91595531928 38850.0824525412
53366.4645429115 10009.3056611871 1530 1060.84863051042 41857.2496500829
52601.1057401513 9975.44647506526 1560 745.183398327441 43636.995880555
54769.0351361996 9984.80109943029 1590 1701.1894310252 42082.4682925631
50627.0186604369 10040.2448356942 1470 1688.38422232714 46198.7778434529
50379.7970679275 9975.27360903388 1410 591.587572966153 39212.2366729368
53665.1039273676 9959.83437855756 1530 1811.01266270983 41793.1770296395
51710.2420163429 9974.27612960858 1500 1539.23048462031 45164.8749467525
54414.336242792 9990.03110703321 1640 1917.51312776382 37027.767105908
52154.7435742958 10011.4524366917 1620 864.392875402022 40532.9953488894
52777.4215056837 10042.9030005428 1520 1399.97649635571 38509.4724157325
52304.8927589661 10023.0821916255 1630 639.80406037704 51070.1340826158
51522.629396795 10024.9412655246 1610 970.819832037332 43940.9294982728
54239.7950206504 10053.1677797631 1640 1446.62748956847 46421.5462875659
52007.4557663016 10044.8753039042 1460 1958.57279151543 40263.374297465
51394.5100895285 10116.6744759483 1440 956.36667322949 44868.3058687443
53293.0610967658 10032.8721516595 1600 1304.13894135677 48991.9762469073
52209.2114797057 9978.62641946069 1460 1096.34239803355 48068.3864037283
53037.9582108221 10021.8729199689 1500 1847.11003690248 39394.5187135182
52177.1079738231 9968.48285569272 1440 1839.08351860553 42645.1829934181
52753.2555208122 10002.7685764589 1570 1528.80130962868 45212.1950216175
53168.8165655569 10076.1923960813 1600 1405.20650127587 38539.2352195448
51759.8797636602 10000.4881028672 1410 1302.6549085265 47532.2397598325
51775.4406704676 10028.3475237993 1560 1168.49470098151 40293.0865629144
52569.9783990027 10059.2965371349 1490 1631.75489125178 36986.0393915681
53712.6635531384 10008.103583736 1560 1043.12764548472 43231.4476900618
52434.2835228414 9972.80274228685 1560 1305.96045646012 40941.9832973109
52936.647628343 10064.0998645482 1540 1325.96856764701 39981.2852632973
53868.1434884085 10022.7232768215 1520 1681.4634505877 36604.3876691894
52267.3225340194 9961.64867762921 1440 2017.74247519231 38020.6404654276
53835.253423695 10010.9592702178 1540 1330.28373071969 52897.5840726998
53211.2165000369 10041.5022868384 1440 929.517205582175 48174.2898455291
53417.7780588144 10001.9480178259 1540 1731.67648219072 37131.4379790485
51442.4517947055 10007.59412161 1460 1526.94332496835 39083.1484224608
54843.780524824 10028.5654868601 1580 1700.89080068662 43203.448714129
52189.6543579972 9990.62622654732 1530 1018.54145399215 41286.1491107445
53962.5114419343 9961.75682133892 1600 1487.26519821396 45898.2216846605
55088.6881561043 10060.5346271784 1660 1648.6023745757 39033.025694048
53453.609245524 10070.1406654715 1610 1554.03199290649 40309.1457014596
53869.6090583686 10048.1722292613 1540 1790.62243250312 39912.7293616039
53621.6758998628 9944.80561622372 1440 2134.42236322363 39041.1060076863
54094.7399224245 9986.07861991675 1680 845.771707673897 49673.2518167801
54373.3082631382 10038.3509840467 1630 1487.7190538192 43316.3718844223
54295.4473530645 10049.6423476157 1570 1555.82851038297 42284.8781172167
51783.9292330017 10076.5832512507 1510 1697.57859355309 40082.9818593195
53636.4107369583 10085.9672574017 1620 1239.5027890215 42018.8050396467
55122.281914853 10071.7359126871 1540 1351.55684924573 36992.2062641177
53264.8641868355 9976.53584103369 1630 1365.8949601927 45296.8276837256
51895.2701198139 10040.9220573287 1460 1874.42043494746 41828.2859079502
52392.907760505 10026.6462977852 1550 1558.36353559284 44149.7419304326
51630.4219538047 10065.8767803283 1490 1550.78646174868 38492.7236606403
54806.1320712342 10059.8420803922 1550 1245.3495902043 40644.828845836
52690.4568585427 10022.5850807384 1530 1171.32457370932 50152.7701812595
53544.4813836384 9979.15746106089 1450 1298.28354520693 43531.4642080798
53191.9988493257 9972.88897209452 1450 1838.92964916046 41281.7337612288
53781.9295012507 10066.8723382094 1470 646.180142356739 46175.4165620045
53552.7608750814 10091.6576843273 1430 1495.36366418147 37589.824762915
53751.8181593843 9976.3329044018 1470 1218.4648022534 44225.9139561007
53415.9274126181 10020.9450500874 1450 964.65892200015 43660.2264543928
54099.8548548144 10104.7103940091 1480 1021.03239873504 41253.9401927106
53567.5692331303 10028.4386586811 1450 948.134167660642 41991.5004775603
53807.7636342378 10053.8159360794 1470 955.677362609687 42291.2493302241
53007.8192008131 10017.2847292963 1420 992.26579061348 41773.2375192009
53779.8994136084 10076.988641251 1480 927.503338636908 44482.1374188357
53492.7100346546 9984.01804936751 1470 1132.37094272073 41048.8776864787
53996.4002659724 10044.228359642 1480 919.995647767334 42609.456135853
51847.2115552895 10114.9557771731 1480 1400.5567943909 42610.2740558523
52725.5109597972 10024.6875380436 1520 948.340760522022 53189.7561200589
53339.363604201 10102.3017045914 1450 1497.67102316094 37661.8759154329
52337.5373706436 10024.142357316 1560 1794.87880932463 41463.2769293338
52130.9432264654 10053.9194488988 1550 1140.02519445625 48064.3842041845
52411.2531471332 10078.3844759401 1580 1308.61944842251 50315.722108765
51669.8643986525 10015.2628849907 1430 1751.42351296543 44106.272142717
53552.7608750814 10091.6576843273 1430 1495.36366418147 37589.824762915
54847.728556912 10024.7582113746 1570 1485.20562485749 46361.4137141317
52961.52462964 10012.0744150424 1590 1346.49751392668 50246.1837471922
53400.2753302456 10036.8820718492 1470 1367.63029841204 39088.1339076517
53218.4686822386 10109.512207428 1540 1028.68446854859 41458.010293008
53149.466309648 10023.2769348186 1590 1828.09312127106 41002.8274994657
52892.1868137671 10083.160186226 1490 1131.88020386388 42796.1602436909
53324.7923568462 9983.64977483234 1530 1564.44045768007 46673.6267988944
50645.8341764489 10056.0939245543 1470 1684.7631745823 42849.5475122037
53275.1289846051 10087.5566690779 1540 1632.27755476475 43175.7006134166
51921.5331030129 10094.4862706928 1510 1285.146101862 46700.3387114469
53160.3655556916 9986.96852966779 1470 1849.95330726073 50791.9057182206
53697.4994807369 10063.9923970303 1470 1243.97177453031 41007.9541052268
52837.7665565133 9986.01780317716 1440 975.376917101763 47115.4295682715
53161.988832295 10081.9710927072 1510 1823.24033267078 39016.0545225602
52923.0512096858 10058.3143630976 1570 1496.12411406919 44622.3343257346
51948.5952454613 10064.5744671818 1450 1504.79197670944 40907.611911814
