31529.8108999251 6680.97451968228 950 781.471413674456 22926.9212480101
31699.2399662536 6693.50464717224 980 729.147132112693 23171.9844056826
31007.8075783365 6611.22232114906 950 201.372549498245 24329.4477259552
32052.756124256 6715.0968897928 1030 1146.33963705482 24160.5156811893
31282.8403095041 6626.35057568618 980 473.263183821975 31591.8941913484
31685.7119598764 6652.5318516241 980 516.147783425302 22405.0202867454
31618.7320113012 6640.68396426822 980 789.615391856962 25585.2614075353
31218.4148877324 6654.31477540314 940 1447.70935441708 23287.3245562688
31801.9187367437 6695.65242162948 1020 542.104325264563 22367.984025696
32230.7761425644 6697.24110423265 1070 354.138945735368 29401.9792883995
31318.1435921939 6659.01579724794 980 306.498086037906 24696.7309153796
31308.8483161618 6643.20220947235 950 690.983572867774 22281.8051734868
31566.0155214809 6709.4762759715 1000 1058.26714265577 25650.6630455363
31259.076489214 6668.55192678085 950 320.838722915562 29604.309629196
32287.6154796959 6706.18617220145 1020 663.799353053629 22546.7849057797
32418.8354866765 6646.91350413658 1020 1857.77790498581 22780.7520396705
31844.1475555763 6634.85256830914 980 996.523025636302 19057.5872450648
31595.7818050182 6656.44397811904 950 1342.06975962472 23369.616009781
31755.9412150294 6715.49439451816 980 292.151797212992 25630.3510680818
31735.9031586052 6621.1273077395 980 1014.64067186647 21545.3659058243
31535.7266780317 6751.25960632966 980 135.634855881601 20906.6574611707
31851.4782554572 6658.68551090813 980 913.372401971789 23003.1682236911
31749.9854507311 6652.87349510148 980 713.472280268549 26574.1075656114
32027.4779987052 6674.84567416543 1020 1076.80968689138 24711.5893748783
31517.1397104077 6692.34602573732 950 1060.47605739783 23052.5850262508
31919.8544304615 6743.09686864305 1020 179.280806917203 28864.5846839113
32467.2597048396 6661.97691712338 1050 1961.69317465096 28888.2717063191
31855.5451152068 6718.11175803619 1020 3.86384597061168 24608.270175526
31769.600056142 6703.5065911431 1020 542.39706663418 23323.8747407597
32021.9865428345 6743.96389798558 1020 1031.18146431758 24373.1825435595
31561.8732809496 6672.97705913146 950 1012.08678437698 21223.8102431698
31774.9737368013 6682.56865636608 980 2010.27230511236 22074.6102102957
32122.8460425436 6680.6763767351 1050 542.238504959273 22919.2493509406
31768.8812597237 6679.35350826223 980 1287.40728152774 20290.4910704146
31617.2207014849 6639.46311188893 980 458.582579281586 23280.5263620631
31855.7673381703 6656.75869855725 980 939.430548688207 23066.427515119
31324.2868913696 6656.22430489232 950 415.986627718368 26324.5157437002
32357.6953601309 6685.8450305216 1050 1244.28683106942 28497.3050458468
31886.487192185 6669.0258691042 980 1083.2249940755 22773.4922835766
31711.7689742105 6700.76387446852 980 370.721200179491 25014.447414721
31502.5094488721 6646.75281372758 950 1272.38103913339 25447.8464554958
31614.0000204535 6665.84470591755 980 195.963599828193 23343.1513417705
31891.5719347922 6697.33689643735 980 1023.58605012829 21419.6257480801
31975.2702128173 6729.53676233311 1020 867.556561666884 24469.5127929638
32029.9450413603 6673.99239178701 1020 1368.05775380817 23186.2466646481
32430.1748050586 6743.83827408031 1070 1082.6374722649 25104.1470764044
31428.2119213716 6667.35767162638 950 969.053764416057 26775.1044298103
31641.0479554361 6642.44825546415 980 467.778049495706 26593.4587256292
31548.4311853516 6684.31063482249 950 1065.26921167869 25209.0144636418
31802.8493101425 6678.78123379999 980 919.004859643009 21390.7216412358
31761.7951038959 6649.1964935502 980 892.918706264335 22652.1932919452
31701.7046657389 6700.29941465675 980 163.758391088024 21957.0574769495
31302.7354627252 6596.53092763719 950 830.795065145664 26958.6212475153
31467.3057034036 6634.98843836728 980 1358.3729768178 24187.2292345134
32103.5772961038 6672.37660455914 1020 338.297430384669 24646.0468874614
31499.6739985602 6671.02280657351 980 120.90884899485 25652.3474845615
31387.2349655809 6621.79974022095 950 944.436187306576 22656.6511205502
31873.1965763943 6723.35893353061 1020 807.992857748041 24562.4079846187
31283.6090858723 6603.29397593291 950 762.07796737948 23369.7420134184
31529.5098973034 6711.01741055738 980 1122.1251009769 26400.949448891
31613.1406317765 6595.05661984095 980 713.108739194165 23991.2936948985
31493.4413577876 6686.90849153791 950 875.802710516157 25676.8932300856
31660.3187380294 6598.22567604049 980 864.465490755563 25109.0735369908
31629.0158696011 6698.92256783546 950 1252.95557833295 26662.6836906636
32382.4221195795 6597.29109970486 1020 2025.06633482524 30722.5194790291
31455.5621868555 6686.52800004109 980 338.949780594032 26874.4489376275
31791.0749506459 6689.21079518688 1020 598.017678144982 24141.4861179462
31359.7910616144 6637.62520617137 950 641.401241078313 26976.3650644149
31650.1615662118 6645.91157270179 1020 772.675216443123 25763.4126059275
31890.0260088477 6717.65565667046 1020 571.251473855453 24534.9128277492
31776.3106517131 6710.19379363958 980 214.208275265606 24804.1033907629
31875.0540577251 6677.38153436569 1020 1276.56173606762 23877.2026500662
32443.5749913946 6655.4344319892 1050 1519.54167387381 26845.4640399387
31377.2106746075 6690.6871568493 950 756.862864209852 23716.8123141157
32027.1791614245 6748.60149907759 1030 754.754436523473 24871.3492099193
31395.9231248452 6643.25935016385 950 1012.94207894286 22378.1443545426
31699.0672342156 6654.66039779378 980 538.403671113242 25477.0354927746
31408.2513511052 6649.49834011697 950 917.964079839652 28497.2682264385
32196.382834953 6706.75215197742 1050 943.351195176021 27490.5909256886
31657.404508432 6712.52105598194 980 389.944386412855 27344.772583477
31456.9271777378 6632.25771370792 950 1229.42843378734 22699.6571098486
32266.6975907023 6631.10322415523 1020 1442.87671419217 23511.3130773379
31930.8748642779 6688.21823740906 980 639.673889232733 21770.4517557942
31007.8075783365 6611.22232114906 950 201.372549498245 24329.4477259552
32986.1429453081 6650.75024852348 1100 816.337561736797 24829.9699234477
32678.5572379458 6728.52619173171 1080 12.5802949695441 31154.6278403773
33416.9679645688 6713.71884481465 1090 153.842973492474 28017.9018541826
31400.4807582336 6636.4562415478 950 904.006786563799 28550.5404214323
33679.4122047875 6652.11948073524 1080 577.615408731295 22163.8867033091
32531.240736779 6648.56104721456 1060 455.327659784709 31673.0586557532
33520.0160454998 6686.32965077739 1110 65.3348036153376 28627.3862886793
31840.990930796 6641.04083976213 1020 1166.20568862831 24997.5467072555
32767.6136543083 6774.79927232345 1100 164.338223260662 30963.0005350708
32713.2619366473 6668.03462245402 1060 216.416632426918 28199.513738324
33801.1121792705 6704.68313746893 1100 102.745053641771 32897.3660031256
33058.9241808347 6669.26784582582 1070 921.956965430824 25197.0562922052
31822.7501400804 6653.17979049749 1020 509.291840589283 23928.92842111
31566.0155214809 6709.4762759715 1000 1058.26714265577 25650.6630455363
31259.076489214 6668.55192678085 950 320.838722915562 29604.309629196
32724.2984185965 6658.34687647725 1050 818.190086716208 22778.2039918692
33288.6810769554 6653.72889478191 1100 529.475207587977 30597.6468530339
32313.0520058224 6615.90082254189 1050 1446.60475177361 27624.9976731144
34067.0142977474 6729.77102486628 1110 394.359985003118 27850.096009763
33188.9912826894 6635.83186702135 1090 1701.55432397226 27070.5267293593
31808.8984321879 6622.3659877996 980 984.060578546887 18778.371320594
33855.3609079291 6713.69836521634 1150 1034.40874791597 29634.7905099257
32754.4795621567 6699.70886998669 1060 654.51953081255 22999.5204540381
31397.3761707928 6700.11632187553 980 86.7205649570022 20368.6478308003
32048.4880345762 6719.87843408324 1020 983.025877359353 24459.0310153487
32485.086771888 6677.5930916977 1060 190.667960845489 27002.0304283123
32561.6627085931 6654.69027378 1050 1000.4435268531 28152.1983296059
31912.1302817723 6694.74689509244 1020 866.419492590243 24890.2647599542
32918.0507121161 6716.94224390552 1080 1007.74816952074 27237.4975381267
33975.6818158429 6665.99401121954 1100 1301.75906063317 28008.4229877486
32901.6804497192 6676.86508136202 1080 1549.98513019595 24146.9509853397
31744.0499990129 6683.7603631169 1020 117.124554097247 27806.9113654152
32860.627899419 6666.84033530112 1080 1156.86858205484 28846.0895166881
32698.9965704701 6701.02692948399 1060 355.460200957129 32152.0445666328
33777.4315969904 6652.73882393029 1110 2424.90888938088 29545.6767986439
33126.3686593542 6731.49514584744 1090 445.440126908448 28707.7259967068
31717.8701266359 6671.04594772283 1020 560.686358606242 22950.9499049812
35200.1446745371 6725.17721235384 1180 2186.4855280338 35888.5207998343
33152.9739990402 6733.61850935134 1080 107.036295155031 25571.8167781021
31975.6162100119 6721.27199578872 1020 1047.57585270995 24420.3754708785
32064.4713261142 6682.48292375293 1050 121.718481724689 27589.7444272249
31833.3589782603 6624.54551919065 980 1108.07147315875 20916.1806394563
32190.108311142 6700.85391488545 1020 1863.50006880174 22330.6038295669
32437.1336728333 6685.41259214213 1050 1564.41898538521 27875.4215998857
32098.3745778672 6659.64421492181 1050 550.890474268428 22841.2585393269
31467.1315171954 6656.69627083922 950 1060.3486992804 26230.6379395086
32367.5315404821 6737.22270559925 1050 1075.752444986 22739.6212886226
31860.348874695 6596.72945049615 1020 1194.09568455779 31654.033420729
32639.7590991425 6682.41140011153 1050 97.0606617779346 24998.1453214119
33457.6472537166 6683.85409593664 1110 373.080473223528 23301.3373028785
31307.2464107629 6644.53152123056 950 422.011347414199 25162.6585309639
32262.3431379312 6643.70173527305 1050 1210.5747296101 26230.6911159738
32182.9080130175 6683.14278671768 1050 448.064005925118 24902.4647880912
32555.2537199402 6670.29343293217 1060 437.10017238667 31445.2314979536
31703.6593567031 6698.1005261527 980 367.854017413348 25046.1764301801
31352.7962095526 6673.85306132622 950 401.106923065218 22060.7410719984
31669.4651510069 6663.97829840326 950 1477.25367501914 24402.9878238496
33934.7148213791 6703.46630797111 1100 216.153692737627 30024.1705378568
32701.1769405858 6650.39115126535 1070 522.570549814085 24857.5830107456
33533.4838389197 6698.87176188606 1110 554.323157323953 29808.2172059873
33766.7378623241 6673.96075591017 1150 2061.66240195775 32965.6418593878
31997.14671342 6660.55384543606 1020 331.426412221084 22649.8432714014
32281.9452918495 6699.21140591832 1020 885.568226143386 21488.8303791012
33811.6406972838 6642.52330888116 1100 1002.24949839721 29860.5901150627
31975.2702128173 6729.53676233311 1020 867.556561666884 24469.5127929638
31994.008758847 6660.68078828467 1020 1355.35235928029 22707.6438088418
32872.7415034982 6628.81926668773 1050 843.500801819172 29066.4020108706
33093.7131457334 6749.83206597985 1130 1317.23370239911 27560.4279887539
33316.2425986425 6704.13198760082 1100 72.451796741874 29981.0152995129
32203.4637991243 6694.58519030174 1050 666.622077955033 28441.6035875017
31527.9523898273 6673.6394392236 950 1072.50955927158 25232.6748827437
33954.8934304695 6722.39266518558 1150 1620.3672139556 30527.8777477515
33142.959333691 6695.06269158079 1080 2159.28479416734 26954.3123482692
32319.3906147771 6702.94859730604 1020 1192.69538309636 21860.1504054884
32152.7510937913 6651.37920192309 1020 754.694890464057 24078.8665068507
32259.6545793308 6731.89591291016 1050 33.5066926436178 22365.593794246
32303.5388644678 6636.71377991638 1020 1420.62575295266 25769.1021375574
32786.4195387114 6662.6558047109 1090 1824.75014586937 27136.5524987465
32032.8554863664 6696.23877871218 1050 109.678457447547 27441.7783344202
32397.8573323016 6669.61648573171 1040 587.127222943074 24103.5116865073
31518.2933273526 6704.16978465733 980 1126.09075731386 25899.0875511846
32266.6975907023 6631.10322415523 1020 1442.87671419217 23511.3130773379
34175.8291448746 6705.75534285765 1110 79.2084941462051 29575.4232920898
33067.4684176615 6745.02077620379 1080 245.405324011279 24733.7259206474
33517.4853672931 6714.61182581175 1160 1512.83119119434 33482.2154774133
33399.8435519827 6672.23563319901 1120 670.072309556469 24390.4086119396
33021.445055394 6703.67674531203 1090 108.648855482372 31860.7334608548
33857.2399904641 6674.70996810756 1110 1283.89888140794 28495.5622044136
32745.5967669326 6679.69803785686 1060 613.177758673949 28026.3763509497
35334.3491767162 6707.18234059778 1190 831.739602107055 35546.9248217202
33679.4122047875 6652.11948073524 1080 577.615408731295 22163.8867033091
32568.5445109635 6645.63355240552 1070 468.516535629576 32128.9454982587
33861.5008529115 6664.3456830561 1170 55.3983078811433 32007.5739249317
32408.6827236844 6695.06790186713 1050 1671.56124807256 26371.9538197188
33484.5246007874 6753.6603801582 1130 89.128072620474 32435.8006309552
33254.2413488864 6654.5489455605 1080 1570.4955308072 26181.6824370892
33800.3894261378 6703.65822552681 1100 103.00058546241 32494.7648173158
31822.7501400804 6653.17979049749 1020 509.291840589283 23928.92842111
33132.9485045984 6697.8771129808 1090 1612.26161166938 27781.5148889916
32582.2440368644 6702.1376529551 1050 307.837124317626 32300.6868793815
33153.3176719015 6672.60742201507 1070 969.87129835198 23973.8070732793
34650.2816933922 6717.01357341039 1170 1010.87372216309 30063.6235736986
32313.0520058224 6615.90082254189 1050 1446.60475177361 27624.9976731144
35376.3719262351 6695.36797976335 1190 857.287814054096 31613.1294720327
33361.348132921 6668.84703490169 1110 1640.61697518091 30392.3845225899
33738.7276713887 6680.21188116813 1110 301.762907761411 22524.5467614247
34099.819640276 6668.76429056389 1150 967.245476267546 36393.9777484164
32575.210379964 6654.851914499 1050 603.648855315105 26344.4608417573
33855.3609079291 6713.69836521634 1150 1034.40874791597 29634.7905099257
31736.7073215395 6708.18328165111 980 1648.27655599244 24593.3753650451
32754.4795621567 6699.70886998669 1060 654.51953081255 22999.5204540381
33169.9143255306 6649.20423691219 1090 539.966309606475 26399.6159281937
31651.1645908119 6644.35284861123 1020 393.357938536021 26745.0627691119
32047.6155413352 6717.16881351946 1020 983.334350302967 25067.6649916593
32919.5455367422 6682.08259441891 1080 239.661582259203 30131.4675901098
34933.0797852296 6689.636593765 1180 1520.10866376208 34022.3939964761
