31757.2657814835 6702.1309492591 980 516.560901669876 22872.0793985322
31516.5763306712 6626.4459914675 950 1460.88271575688 20012.1149294691
31796.3231376174 6681.04145811403 1020 435.223872067376 21611.6528674471
31407.7705854376 6674.03203329557 950 722.797209712094 18706.4206161413
32358.4041360054 6636.21009712644 1050 87.397197620189 19525.6290987795
31548.3939877124 6598.28939743106 980 768.935829639384 20752.8651282081
32581.0762063658 6645.92677072231 1020 2343.92035943006 17856.7448851667
31736.1883410971 6620.69762292617 980 2025.3460492555 20096.3208523233
31793.7510084979 6746.05137183844 980 341.540029726547 22993.3031793482
31637.7230733866 6667.74145955771 980 344.561558702312 22579.3361025274
32151.5282069474 6684.97530679391 1020 1616.4716394563 17669.3475303906
31390.4812629833 6651.58113082038 950 728.770618211065 18618.734090628
31782.6259840073 6694.57551489788 980 23.2922821181878 24471.8409575721
32141.6827289846 6699.28999830639 1020 1372.78355598455 13204.5980161907
31723.9554302587 6685.01352513683 980 729.089217408009 25206.1219235514
31990.2702947596 6645.62620909151 1020 503.828275268313 19956.0404894832
32320.8030921472 6723.63942438554 1050 501.031527383346 23267.7136406882
31324.4575637422 6676.99738714633 950 19.1654016385775 20125.8921033343
31848.9628587168 6751.5081500235 990 319.643196084082 19403.1350825214
31170.7278967584 6667.11113166425 950 243.982391002917 16147.4921298638
31826.5735297157 6680.344807977 1020 572.937172141732 21202.7990697124
31357.6909222992 6691.82713938025 960 460.532829977054 17050.4763530551
31964.993142162 6675.79899525604 1020 1391.30745097173 25072.9540050739
31627.9019444936 6700.38026481358 980 1154.60773687852 21297.8327974333
31445.0771321237 6748.38386140555 950 554.657030719646 21489.0406743898
31826.0930754771 6657.77269090554 1020 508.274189749506 18809.0749362959
31554.2515722536 6697.45647943167 980 513.808635983324 19572.9465477696
31303.9084007334 6637.69898655327 950 934.366291134991 20770.6698089789
31967.0317931544 6647.89594894249 1050 194.236224345484 20400.0791975217
31380.0434468517 6680.0311939074 950 819.980819199007 22537.7900379909
31637.762772843 6686.01087677816 950 1804.29680324747 19678.6871489561
32073.8255706509 6683.26247341924 1050 229.135008039929 22641.1130185451
32324.1113540114 6707.53939782736 1050 507.354462876912 20491.9883150142
31622.4716000225 6629.80446426782 980 679.645409331727 21477.1931551473
31708.2338465486 6628.02825905877 980 980.961267785009 19980.4287143158
31455.6700999178 6612.86465591798 950 1403.26151040175 19084.9610439674
31901.9525129844 6723.35011023416 980 595.364602109642 18972.1677729512
31750.8955899813 6653.48814922105 980 832.009205313404 20059.7952446226
31876.2520336069 6734.28917847743 1020 619.305473800697 22590.8522208138
31800.6383150157 6661.98836052506 980 696.036738028429 19217.1397174022
32673.0900214438 6706.54620701966 1060 1052.94498259234 20425.6581163835
32427.1591167547 6681.95565827092 1050 34.9028277100578 21586.5521532686
31627.8293715117 6675.7850741477 980 267.158636247428 21233.2877768814
31754.4181459801 6616.93631347033 980 942.599268303153 22272.948322698
31417.7865595855 6624.63167758013 950 1209.51915191872 23321.7372676976
32049.6112442334 6676.57454319392 1020 1622.10534590592 22340.7382682308
31367.1376228626 6621.48924926467 940 954.949679420917 19911.7297079314
31783.6827712222 6653.31310651285 1020 352.959771665429 19551.0081035511
31999.025971098 6707.68220328467 1020 228.984556296509 25821.5904652827
31818.4260524579 6663.52433915795 980 866.785266067425 19839.2237416141
31760.3877418561 6669.15986643198 980 674.656097564975 24476.2703973587
32044.4728906385 6667.7151664448 980 1114.15375986776 15600.966942188
31442.0080383638 6602.78401914187 950 1041.09705539968 25875.4520372741
31611.3964729015 6729.39722627977 980 1040.59299405776 20930.0675665801
31715.4080791561 6661.10263678323 950 1705.2182746662 17104.6906187612
32217.7114664455 6688.9044470242 1050 587.693787930802 21980.292680538
31688.2211033233 6655.34357402375 980 514.689451576641 21540.2921053624
32173.5318303734 6703.832025113 1060 760.805728509915 19436.8632484545
31287.4891109082 6622.46553400807 950 722.45335747463 19802.1353231759
31493.5254892873 6665.88723359367 950 1082.88085306918 24150.8565993972
31798.7513430913 6670.85438479037 980 585.760391023105 16179.4336868153
31433.787194363 6635.57631994082 980 1338.14857118506 21131.4433368048
31896.423226868 6680.93456509862 980 1215.83640111028 18816.5383764705
31506.447322418 6653.57069423816 950 1072.25823657275 21438.7019236058
31864.414651306 6610.76926313381 1020 1437.02213527424 22088.1446895455
32587.7478690114 6732.25709452721 1060 273.137951945505 25762.0639645375
31427.9730450117 6706.73578399444 950 260.156652840063 19630.1403635781
31596.3086814466 6632.53446712934 980 636.682347587326 20227.7050927703
32094.9942464411 6682.62110291291 1020 241.802667944936 23181.5953108781
31636.6087254738 6664.72553057482 980 173.134587758954 23537.4084779922
31476.5555275121 6651.18042772493 950 1321.97556879001 16297.4232083755
31923.1314826367 6721.51867264395 1020 585.556714201217 21528.4029727617
31307.2408206578 6679.89646121557 950 198.192641179506 20704.8772777358
32095.0813067271 6668.39564287523 1020 535.967607011456 24172.1036249924
31708.1580463703 6658.21814181021 980 535.390245005468 19547.3767839217
32536.9784372559 6616.68393624138 1060 981.487291106484 22622.837568681
31831.1242504875 6715.92877452707 1020 542.673813810276 22129.9524376728
31516.5763306712 6626.4459914675 950 1460.88271575688 20012.1149294691
32966.4762627297 6718.08170142462 1090 66.4408017129758 21907.6672020021
33502.2026957516 6739.22455225727 1090 1038.34337378947 22801.3706279708
31306.1155700158 6637.90613385298 950 686.856734338918 18971.3674867486
32892.7375823912 6675.70195677453 1080 276.312599297263 22842.4816552789
32096.7880724509 6690.19324944146 1070 911.764186933908 21423.7278495942
32800.0165573095 6594.15762139867 1080 2401.46612210618 24350.1235770482
31793.7510084979 6746.05137183844 980 341.540029726547 22993.3031793482
32541.2878053075 6683.78675372161 1050 225.189861665068 22434.5952112176
32003.7764991302 6674.63516321744 1020 1058.4610072732 22660.715034309
32935.9187066275 6658.36281855071 1090 1492.69083844971 25017.399244472
32926.6475377956 6735.13252042183 1080 1342.42557192056 19904.4402369215
33984.581772223 6735.09555258031 1160 154.914830832883 27337.4127835532
31730.036166457 6670.32888682396 980 41.8855904237712 24229.3746768328
32534.6307064268 6734.1876489085 1050 257.111771602742 24584.7341500071
32542.7191945348 6704.35920649345 1050 1230.99575383774 14602.4656734292
32985.5203988031 6630.5590115116 1090 283.058645325425 23197.7659834896
33229.293475365 6637.36477351897 1090 65.7674287416426 19868.5269474438
32267.2865416829 6697.92862506931 1050 519.952485252837 23919.7072769447
32558.6607902208 6727.2883499842 1060 68.7270861038254 19626.1640173979
34078.0434786012 6772.02188574407 1160 831.045794046358 28054.539971874
32121.1220943194 6698.26172978191 1050 92.0326999449275 16975.765420996
33318.6346270788 6655.36677536155 1100 1236.93593976664 21959.9957435131
31891.9852737007 6655.77580082726 1020 1190.69650692105 25341.870314502
32804.348064081 6695.49833559168 1080 116.359971158374 23634.3323059891
31760.8626072722 6647.48934675527 1020 596.169491570631 20234.2063884895
31766.9633026047 6697.48420471366 970 605.232467710247 17991.8624953325
31627.9019444936 6700.38026481358 980 1154.60773687852 21297.8327974333
31722.247631909 6691.54107585878 980 456.662460748103 24580.6874190078
32928.4912742656 6636.84465982466 1080 118.517568783925 21019.5225747717
32733.4449421599 6651.80526867678 1080 96.9008218878389 20600.5510798412
32034.8293644742 6644.84684926258 1020 1753.76135346265 24943.4550222396
31926.813539451 6632.99237573668 1020 1175.729698623 18645.3930901238
31965.2822812221 6601.16583734111 1020 1168.1972690316 22072.1216491363
31954.4879464266 6658.78102100897 1000 390.639616829363 20547.4953133171
32258.532647394 6625.76560013712 1050 1085.32577667899 21767.253910944
32306.9344680919 6704.60465277031 1020 647.084509793078 22700.6748104099
31442.6713826461 6687.5162865092 980 842.123138244965 22701.8604549358
31637.762772843 6686.01087677816 950 1804.29680324747 19678.6871489561
33221.6278724706 6669.35655791086 1090 634.944403579032 21433.1044881592
33002.8586080325 6659.78305942427 1080 267.381069861879 20798.9940325289
31708.2338465486 6628.02825905877 980 980.961267785009 19980.4287143158
32549.9482983323 6657.27394841756 1050 366.263495109733 18633.017147137
33089.9783087919 6635.78298339638 1060 2246.51445591223 20436.7568127526
31750.8955899813 6653.48814922105 980 832.009205313404 20059.7952446226
33001.4537280985 6701.61754772499 1090 294.866175538102 23230.3188361499
31768.7348995074 6697.46410810184 1020 581.29242649297 22361.6331430492
31847.1860077646 6624.05566508079 1020 679.579643432749 19298.4793833372
32788.6690312384 6661.02076214031 1090 1093.80833338665 20249.8794196729
32988.7240930152 6643.85937077236 1160 163.640373685277 27425.15881314
31988.3043166004 6662.19774978198 1020 1340.84190768465 22664.0842710355
31827.3803130839 6689.1545835796 980 715.488833656748 20236.7849799878
31922.5634958333 6677.9447535732 1020 1063.68608082638 24553.5185363952
31417.7865595855 6624.63167758013 950 1209.51915191872 23321.7372676976
33357.2928461879 6747.81392553357 1090 1295.524318373 20037.7142123677
32489.4752385044 6706.58556703808 1060 55.5845548909926 27799.1388751389
31802.38917408 6658.89226169407 980 861.115373342378 20322.4337693587
32676.2691466082 6722.76433945992 1080 350.843121533513 28000.6657474977
32009.5992989309 6641.30089206381 980 1126.48343645815 15982.0460868521
32213.5576088292 6689.10886899434 1020 590.692363250868 20793.952386758
32282.1342519017 6732.19090844909 1060 1277.73461002229 21943.0554612527
33649.7711493332 6678.16352510398 1160 81.3842315139264 30035.7097705975
33226.5413501522 6677.65983453217 1110 53.888179367799 28601.1974637784
31775.222626618 6632.68173023991 1020 483.929768029041 21742.4191082334
32086.2238365848 6646.82646902629 1060 729.937691280085 19343.8665591864
32789.7191088623 6676.45564281469 1090 1575.23846742373 30575.9279931667
33560.868440999 6723.26519236517 1110 530.961091417509 25611.0527426282
32112.9995187133 6651.66503357531 1020 430.591353825088 20586.4447772425
33109.1113620869 6715.3850666117 1090 758.277175222386 29353.7418144512
32329.7272621384 6719.60002613201 1020 773.488727525574 16913.5918082327
32464.3776752612 6682.83105411411 1060 593.462038410047 18612.275519302
32271.3169572405 6673.37311186191 1050 1042.03708379692 17818.2105671634
33589.903571859 6719.35312086588 1090 105.148174770356 21301.9112221466
32159.1382194165 6713.94745651277 1010 1384.80303069629 18167.6914300984
32427.5371632165 6719.89912998668 1050 1403.61353409766 19484.6129346535
32592.1680838069 6625.55322315429 1080 1179.72244169767 23484.7382749535
32474.0107358866 6686.61891819589 1060 232.925802892857 26465.2375424933
31377.9429779354 6684.4122011885 950 242.468352993611 19396.9716433153
31756.2605984043 6614.05490468551 980 1079.18216154716 22371.018289033
33770.6263616255 6665.75850820406 1110 262.283031873055 24398.3514586731
31797.649900383 6676.13733805607 980 579.185261944713 24531.8382189842
32082.3823667543 6707.02069500262 1060 808.535347106045 23863.1913566245
32395.409520503 6650.28077130288 1050 348.015506675539 23598.4495486491
32016.5723964293 6662.95253883619 1020 38.7971435903795 23750.6406546976
32341.4911525278 6680.44212996496 1020 1627.77649165921 16739.6987717889
31825.6705119295 6681.530095334 1020 551.099057557159 20824.4744715287
32556.1358806552 6697.31684300392 1050 238.333592836986 24595.330970091
33170.2877974742 6685.91092055955 1110 762.606224716588 24285.3740217318
34425.3809056363 6699.34673736373 1150 1300.62164056847 19064.3146850071
31831.1242504875 6715.92877452707 1020 542.673813810276 22129.9524376728
31724.0313679282 6684.67857737471 980 1534.22914757475 21255.9777798478
32422.3945700662 6705.41407314004 1050 1129.53116537165 19479.8033842021
32944.0952174971 6709.98489250391 1090 58.5279072859533 21412.2989929718
31759.6852175221 6684.04458088567 980 526.495647592882 20319.5395078054
33546.8738917785 6705.39745947809 1090 1637.79975274272 21383.0660645892
32870.2825925032 6658.82338873566 1080 284.251637107887 20390.5946907014
33479.398853302 6620.49864018417 1080 1170.69956032146 21631.3350767724
33133.7930516022 6633.38983922681 1110 545.127560492834 23333.5499750329
32800.0165573095 6594.15762139867 1080 2401.46612210618 24350.1235770482
32158.2273584145 6737.70791764048 1020 212.67818042249 22924.2647417241
34569.3131910671 6652.92667536322 1170 942.205113009583 21050.1512273476
32908.7705213231 6669.07093011834 1070 214.296023489049 23613.1883784348
32003.7764991302 6674.63516321744 1020 1058.4610072732 22660.715034309
32935.9187066275 6658.36281855071 1090 1492.69083844971 25017.399244472
33591.2913090686 6677.9090664554 1110 1107.43851305026 21713.0829770406
33984.581772223 6735.09555258031 1160 154.914830832883 27337.4127835532
31933.135707055 6707.36471230037 980 920.627936833116 22232.3300930211
32097.3888668098 6703.39123988501 1050 87.9932023295561 25987.5558655546
32329.8490987512 6728.61930596343 1050 704.668778976412 30466.8487130976
33576.5887229025 6718.58633484688 1120 482.083565900595 21638.5434263827
32398.9170357639 6683.83718016492 1050 209.12974319004 23549.8143046277
35475.2045515127 6697.16724115788 1190 2164.64536160214 30340.4943917162
32954.2999648103 6621.14332362476 1090 294.096735619378 22988.7733030577
33965.2210700069 6700.64334791276 1160 1285.77167605207 29460.6856860701
33601.262330534 6647.31357071643 1110 65.743421198473 21733.9345813502
33669.3931962053 6696.38250185859 1100 24.2329235730603 25050.4344931499
33078.752431104 6705.56685142938 1080 115.15307694964 18307.3771431806
34046.8685886948 6757.2978533179 1160 842.067782074147 26494.7835102668
32773.1494183115 6648.68880611826 1080 322.559171101814 16261.9603869124
33640.7566971127 6626.72678472929 1150 1123.04858972125 22257.160910708
31891.9852737007 6655.77580082726 1020 1190.69650692105 25341.870314502
32991.7791226223 6623.27245359958 1090 182.626857408161 22493.2347016987
34531.3753431653 6669.27334802146 1160 291.116909291942 26874.0814007183
