6227.6682205428 1991.58683445039 438 291.599850256615 7939.53488597006
6298.96873826535 1995.25663519044 390 446.401951814676 3981.78284412484
6098.31918491711 1989.76733192126 359 269.498496969141 4061.79236023759
6288.64419061196 1989.55468958109 445 282.871854423 5295.0673093168
6304.10895292119 1989.20216362279 458 286.82134763707 8259.10787751241
6312.46238931237 1998.05545957794 435 215.022789106167 6555.29436744122
6271.4556465147 1972.40287052529 421 332.875231356812 7252.5038273571
6368.48059024813 1987.82743113298 500 423.494881773939 7642.82214168171
6273.40341900858 1986.11255533658 393 233.617847780766 5070.77595683999
6266.66813568119 1997.09471660256 444 246.403654319058 8058.2934806056
6328.28453506974 1981.78153262671 425 482.013791414836 5925.81496607765
6443.02759387739 1987.30266230844 489 259.985230094832 8130.87470750816
6199.36850728151 1998.73109239974 414 260.79672724778 5098.83010197976
6262.43361981938 1994.11408369839 406 201.284933181069 7390.78670720024
6220.83788845621 1986.76019851805 444 372.155336482961 5429.73090996079
6345.8116296673 1965.04165742756 436 129.737739347022 6882.20528506564
6322.66793423756 1986.09786781026 446 345.822124001928 5634.67757611697
6243.81805425895 1984.67160001067 442 345.530439571063 4890.08172001331
6313.0377084366 1997.59962356913 442 311.942970734721 6782.28652117085
6282.92552089665 1989.85675956023 432 312.271469907019 6045.36494351931
6188.55473579968 1972.85210181644 423 409.612610169987 5832.1372143188
6357.5863837782 1994.40618593929 465 225.450970015437 6859.32365766013
6315.80841034581 1986.52310746988 440 157.023828267313 5538.93270377488
6235.14462088256 1975.25840165777 433 315.22278376886 6881.24754959473
6243.62669487921 1988.10755056612 415 376.348825418636 4651.36532716832
6210.64730044136 1994.40010450608 427 397.835433714262 5998.32895207943
6200.56378607625 1961.22553611543 408 332.013741611074 7314.59112981706
6384.8197199257 1995.03320876738 459 243.422111297561 7146.40047879059
6052.96997977178 1994.82540868858 364 396.66149130648 5719.5082455391
6270.65197288217 1986.94466667055 420 333.880885332797 5132.2712218521
6190.04698513722 1985.96454172044 396 485.044738576942 4612.10608866126
6267.48672964253 1980.12386608379 427 351.340126846935 7841.98744518944
6140.74621261472 1989.33114561204 424 368.497615287991 6985.4106384096
6248.38018239284 1992.54384955409 411 254.342668343001 5117.76435646488
6250.26782979716 1977.99439110352 412 210.185113700953 6305.84626857805
6324.73656283814 1991.40983844374 402 226.580996776421 6131.11662316335
6206.83678417931 1984.79005979125 415 402.663995304623 5987.33203847058
6348.6660719647 1996.69342760664 435 310.824966661902 5966.12258874699
6335.64738906152 1973.00495434752 448 252.620792252871 6419.10198986972
6530.59032235071 1984.49599537543 486 343.654953308766 7074.59471785801
6212.60002396694 1987.70278331443 413 341.440254543787 5908.82776631681
6310.19442244142 1985.60113031008 415 272.517769449459 4312.49716354156
6485.97424020955 1983.59452464777 492 391.125322319547 5752.81214079663
6242.08845279153 1931.93148219098 389 457.319088816642 4201.12357651746
6190.38863562598 1995.85372723388 411 273.047625681864 6304.57517283044
6078.16613424376 1991.9154865909 378 408.178044053216 5251.32346215846
6294.17413018471 1994.13529480263 428 358.28392561736 5709.50341226606
6305.75883688745 1985.24755350343 396 329.51618516166 4314.99135183777
6214.11620352916 1985.00560349025 396 206.338987835875 6629.18371011613
6189.23234555547 1995.39436653841 429 292.902202642267 6459.87527498558
6314.9333519511 1981.17837843086 426 366.672687180016 7749.81397943174
6188.82164456392 1996.74077723535 427 365.428254690458 5057.91445706015
6278.90511452939 1979.21880925787 432 404.334687061895 8182.97845594971
6302.68668332383 1967.40007997445 433 513.04733072141 4366.28617252915
6134.53038887566 1969.0107974416 411 312.3967103131 5660.18050215689
6433.61586112789 1992.88684713701 497 358.708988292263 6705.90452556115
6150.01756191138 1982.86652735646 397 307.501573100845 4731.4982288545
6322.58453165154 1989.47694224199 429 251.865625557949 6789.65818809607
6235.97235394974 1986.6569763447 423 230.779073746043 5562.72913684126
6227.98533824179 1986.24445946462 451 289.858169370615 6977.73794158808
6196.69606721488 1990.94044920065 418 304.332133285792 5042.23643605537
6287.19690202695 1990.49943807038 439 321.958274806089 6307.25586885629
6349.00702483103 1990.5329355871 457 221.636724349852 6780.9328589615
6479.16054269367 1977.94268156344 462 256.988350232251 5122.58175793147
6258.46738832622 1993.46237879315 421 211.1721531601 6728.82390918711
6809.67951240452 1992.83975241066 620 508.493256629238 10768.7585780865
6820.82186480218 1998.08944638542 544 607.536726440225 5798.34151542591
6702.59067727984 1965.01007876089 589 418.576945395052 7899.71392211076
6517.42995956343 1940.91101839071 547 200.838650276567 9358.46154345484
6444.62176322029 1985.2287828774 512 305.789541631315 8017.16992496352
6620.46749868821 1977.59115198084 527 323.919039846045 7666.93833889826
6084.42545788779 1962.99077138591 411 238.538070129416 4736.38861651921
6766.23067963791 1931.0327726562 584 474.340135353662 8988.16237413413
7094.42549966692 1980.79043603815 602 1.6935903001257 9986.79838085667
6459.16321407061 1998.09806886294 549 365.221021639737 8078.31557628862
6576.46631089971 1998.80525928073 452 190.008259289066 6108.18644173152
6183.87906939933 1966.54944519294 421 217.133299231057 6695.72239633437
6386.87465025749 1981.81495863201 485 329.759407925359 6268.97476989354
6385.18159602787 1966.27176402403 475 195.101879704894 5379.4804244596
6520.05832722222 1996.91443959846 467 110.200844378195 8002.42437594062
6579.36606187388 1994.24739072401 565 224.629145206804 10930.053820795
6345.8116296673 1965.04165742756 436 129.737739347022 6882.20528506564
6289.63558405795 1891.34182502566 469 385.585472595399 6161.0002848669
6240.67558191018 1999.30871001519 413 267.879566743377 5493.27252277282
6269.10160069151 1997.97367995994 430 402.608656248551 7171.6806719531
6117.05430736781 1996.82989869813 429 364.806736606103 6862.4424265443
6739.10401326591 1990.34606225504 540 156.49447091806 8088.26694963976
6148.34061087546 1999.05380521289 406 271.00184322351 6405.21817320115
6419.58570789874 1995.40609711217 496 182.165205735344 8212.43656754359
6601.14166300436 1991.60734746807 506 104.667476554541 6616.86859332901
6530.35953911935 1991.18938788129 509 274.927633967847 8118.71845499919
6512.30281424141 1999.42212557163 492 323.078332561077 6304.23402523974
6217.05569755954 1999.21616549604 417 254.319589101013 6060.04815804254
6521.98529580947 1982.9692366191 507 403.851920276935 5598.15725535201
6294.46571160161 1994.24647545161 419 394.323132155266 5119.93691940485
6559.43714467664 1993.93190256443 501 191.851650272791 8249.4386348715
6475.89745882197 1997.84449024898 497 224.580691851245 7567.97133552108
6233.57434751392 1986.90578611203 426 317.854370546189 7694.8044248524
6226.17391371593 1968.22589258081 414 315.065506977226 6674.08618552528
6661.10740668889 1994.5000224286 532 187.022182230813 6010.71368373902
6615.07700905327 1985.64709291163 512 228.448405024004 6699.17814703205
6233.10128523476 1997.11075445883 426 327.975561451472 6552.82449610365
6286.93828350448 1995.43913621401 485 338.235039361911 8324.13428664574
6640.82779884474 1983.43930091629 566 416.020817266617 7927.45881855211
6688.30944600034 1989.69103398771 570 348.516684165488 9701.04891134709
6218.33696123272 1947.14648037609 412 314.481184103018 5988.88677060002
6324.73656283814 1991.40983844374 402 226.580996776421 6131.11662316335
6279.84335664678 1974.40893737633 420 373.690664763379 5669.31051410811
6512.14185872027 1988.34423430099 491 312.867594067746 9510.33956002831
6687.01175975274 1987.75706814125 567 248.300577284627 8129.76583655973
6112.08759019493 1997.31723781325 409 330.809533263969 6743.8761794657
6839.91256202703 1981.43000766906 548 208.733664397659 8247.75494694054
6343.01000845372 1989.20844840937 503 425.62752222814 7383.54421222122
6179.6321225323 1998.52784664393 428 382.065158837119 7159.5703289212
6545.49346509383 1993.71814120792 509 338.38589666144 7157.59403035041
6358.50297977661 1997.21848526191 496 382.634259122505 8469.55392180757
6318.59537946337 1988.76592636614 435 283.671985048903 4331.32303017962
6167.57422410018 1998.40641151629 418 369.406855762509 6904.87700640945
6319.21047845258 1997.46905026895 444 466.458621848954 5983.05972697329
6577.30134488332 1997.77128340417 510 222.288104861403 8014.87443594566
7039.02224053841 1997.61094284662 549 620.545132744227 6159.76407383731
6502.90541927413 1987.4247015618 488 268.452424152043 9260.08404562673
6323.73253711524 1998.94958756089 421 195.238899218125 6990.81677327582
6596.70470640315 1992.68637782744 531 119.50139994604 8791.32878643116
6527.77390200991 1956.59305903439 512 461.231861308356 6870.11176976909
6164.05995589207 1994.27666671092 407 355.850818932313 7069.10257611642
6596.67006722642 1999.0063439889 567 441.9298972405 8635.34507424217
6878.69156893211 1996.49197480125 596 483.575303954806 7958.41211550403
6519.59133230171 1996.28556707221 473 281.842093794392 5381.65829752736
6802.58192857368 1997.53420104592 546 173.406238981002 8032.51343116857
6456.53710587075 1981.15389085713 531 379.757831914372 8529.78948834181
6755.11410132274 1997.63041735494 557 174.774153506703 7219.21527667699
6779.28665916617 1998.36717611287 557 165.25639619735 8347.2850508586
6416.20956610949 1986.95492236434 461 251.631850468524 6042.06674719194
6642.58458089662 1998.80352224289 533 224.07162612986 7931.45457698207
7047.43501455417 1997.03414985847 673 452.843603721465 10618.9388421942
6602.28219872851 1914.5352268954 540 530.271286520758 4992.30286687695
6806.86116138419 1972.84000931434 589 499.672621827925 8576.44196136989
6702.59067727984 1965.01007876089 589 418.576945395052 7899.71392211076
6131.05460972748 1918.13419083641 438 482.316805785629 5705.61914753642
6531.70810888917 1948.79071700466 547 195.790562171055 8477.65431702458
6583.63876388345 1979.91850444127 526 310.898115784563 7804.28632801304
6322.22884269569 1941.84278844211 481 322.614263122806 5944.05211052118
6613.8927970136 1985.6987775445 497 243.563870786296 7676.7503924096
6939.44957475109 1976.88479941957 622 574.417667780847 7604.77808400946
7346.45685745725 1995.69530081869 689 29.2853687123969 10932.682832004
6378.33036715957 1956.85453704843 548 393.799748736442 6927.22406446158
6776.49292537138 1980.19067696001 610 554.453266377745 10908.8072684743
6576.46631089971 1998.80525928073 452 190.008259289066 6108.18644173152
6183.87906939933 1966.54944519294 421 217.133299231057 6695.72239633437
6386.87465025749 1981.81495863201 485 329.759407925359 6268.97476989354
6629.95923093369 1989.59016116682 518 108.559916942537 5343.58756736412
6551.76368639788 2057.63981601857 451 98.9913071416615 7664.34090674568
6524.71496653369 1975.37280598853 551 473.760719548593 7414.73789350045
6552.12544128382 1998.27671113675 518 457.240644116121 6798.2477650278
6579.36606187388 1994.24739072401 565 224.629145206804 10930.053820795
7300.82497083503 1977.28109781366 673 373.588955942432 9611.0560446901
6775.09611249081 1996.1308218968 538 115.316106792404 6876.70747452471
6662.56800885272 1941.13638929854 553 254.965844885389 7398.29043894995
6752.45419649522 1974.15617366649 559 331.369745408634 8930.62065229404
6915.3497534658 1994.15337973764 607 225.969867235299 10201.8761749475
6586.02430570558 1939.40668312674 535 413.994095414129 9607.44966192012
6330.37004517323 1995.86297447063 490 289.388234238091 6803.37094710226
6739.10401326591 1990.34606225504 540 156.49447091806 8088.26694963976
6054.43030336728 1966.67000102762 406 237.799535592337 5944.82053469423
6534.96895451331 1937.46592330275 541 630.831748076091 6644.32882728151
6575.4984777245 1988.93667855604 548 237.28869414403 8434.04402263644
6679.40072374539 1998.88618389166 542 94.0911921073718 6962.40493350548
7329.90925354414 1981.82247708496 676 363.676222875773 9065.3158692466
6237.29819554148 1943.68455052874 409 499.45387793195 6109.52738072611
7443.54878420256 1992.77554015062 735 129.844932534785 8594.68870198401
6313.62629512409 1993.52034712289 434 387.548842885149 5028.56463601197
6513.48647898227 1949.7208080021 513 211.290966324492 8185.20815560051
6875.00652303829 1981.39901438953 590 353.361947221646 8996.24688813
6731.70958738314 1998.81270877766 580 461.292689096087 10907.5125418967
6191.78057761467 1937.99129752324 463 415.093587486471 7676.43951115045
6226.17391371593 1968.22589258081 414 315.065506977226 6674.08618552528
6674.57695712836 1990.93273453624 569 191.784387458452 6162.78360009184
6832.52206423598 1996.12208032381 618 453.141877394443 10715.9435649066
6746.46403892955 1992.30230707434 535 181.996075131264 7786.26150885864
6802.98247434796 1970.30677373708 572 529.45898809777 7154.37983844143
6416.86060567246 1997.08509126705 504 292.300561845671 8659.77500155761
6977.6981573104 1987.37317653447 612 264.48191893582 8110.87609685886
6625.14022607562 1997.95751543494 513 321.166898685592 7760.24589826789
7431.30258348159 1989.96893032642 789 317.12592318838 12267.5832864805
6603.04904771116 1913.48373619582 540 530.542408578645 5075.98372856331
6761.04689291877 1958.94215891195 589 483.474831874422 8701.94393605535
7333.96490729463 1970.22209175717 759 419.262819568715 10248.1759044501
6573.23546216047 1959.20668210285 551 372.842970498678 8667.49512603022
7085.96684899806 1997.8238579527 649 323.393786129645 8829.51511967044
6531.70810888917 1948.79071700466 547 195.790562171055 8477.65431702458
6637.63136029287 1975.42332537284 550 329.987381312049 8417.13920253093
6322.22884269569 1941.84278844211 481 322.614263122806 5944.05211052118
6993.9811265547 1998.49939419194 625 583.292141008757 7547.76799184711
6945.56870848281 1968.74051130459 605 537.745703514091 10129.7046589897
7203.10613980929 1945.77064039295 689 21.3967635560174 10457.8860698401
6378.33036715957 1956.85453704843 548 393.799748736442 6927.22406446158
6776.49292537138 1980.19067696001 610 554.453266377745 10908.8072684743
6630.60071305094 1976.51103487545 540 429.831534340331 7168.11720686624
7134.87526652929 1997.07960846039 610 466.723816803871 6816.1353417733
