6039.70540940595 1995.22423940481 348 201.981660532507 4809.99152566636
6002.79197708703 1986.8570816067 323 219.647670893405 4773.24205153712
5945.00436967009 1988.41860664074 305 331.567021232675 4856.61639444229
5927.83245857757 1984.28037589545 301 306.41776038304 4748.83991742255
6075.33232362771 1974.14877236346 312 261.223740293418 5625.67404887079
5800.21995182807 1994.65627851275 312 261.8659350854 4831.39337663442
5972.35526936777 1983.77682354657 313 390.138510725271 5665.58701323462
5869.3032608869 1981.10540158049 280 284.018593968218 4582.72960951829
6000.04850513362 1977.07334026837 321 311.430697794787 5188.34489989184
6119.94307978177 1988.22059496835 341 333.793575684316 5117.94295195164
5995.79369300099 1987.83476527677 304 192.31614934168 5093.9955308213
5984.77745475215 1978.25153257021 312 302.741357293131 6294.99028810912
5935.27824342665 1982.29765701306 309 309.549390057091 5123.86788499135
5797.28040482667 1983.23314179026 281 375.776126707916 4581.12306865175
5839.13135500526 1982.5589152461 269 452.739170996144 4021.28090798159
5917.97984254841 1993.07289034595 292 255.954065380064 5584.54099508633
5845.59745938719 1989.21455098668 280 312.220924788723 4642.20655225453
5996.98084232354 1972.68176744111 336 357.821636153443 5422.26763699508
5957.75377684628 1993.34014090064 317 312.221414161134 6284.15631088534
6053.61452249153 1998.63017288659 332 388.411444693226 4400.25078974222
5952.84129607753 1991.01269678899 308 303.151178761289 5252.84287893902
5855.22584356207 1974.19476186262 294 357.20106748297 4222.98210792904
5960.14028106503 1987.7436139322 318 351.950882275301 5173.30897963904
6144.4343731085 1995.70151113801 334 510.893871221266 5148.30114244145
6092.52988048866 1996.42039418752 329 282.633920914577 5258.86406267027
6047.79340276275 1982.63398681275 302 301.928826684008 5808.32931344468
5993.26822144376 1993.91246577828 289 251.358357819723 4381.12412292918
5970.28830040265 1989.55943488075 321 350.314123342322 3837.23964520924
6056.18265610672 1991.53749480704 313 175.809507183747 6255.73791866274
5991.70404890887 1977.717538668 315 432.014082524494 5305.92542267908
5991.37606843611 1979.67772562999 298 305.632081841176 5123.13774664571
6145.74998366218 1983.89744844081 335 386.282814709783 4092.87607378385
5942.16721858738 1994.97242939932 315 369.013205420525 5807.267672956
5991.26484734336 1984.6688676396 328 274.334808648923 5772.2033739618
5996.61857146221 1996.81783389944 304 232.084935962855 5723.13857072263
6002.25573957466 1982.46702781654 328 358.213470518677 5089.11927079226
5858.26366439275 1990.10039694296 314 308.983036740142 4322.83867252343
6081.10458095594 1977.7318028807 310 275.998300873539 5258.48877574321
6011.31063926329 1987.73442541084 289 228.189503863294 4757.91384241985
5940.8329974874 1989.97766785789 301 236.331849956156 4694.33062385121
6028.34774245917 1991.57979406732 309 267.540757815872 5222.04129540375
6138.88899912781 1972.35463378274 313 552.33838723776 5081.44745403615
5983.58811341524 1989.90529310872 332 392.395729762677 5275.38891539926
5959.76147547979 1988.45083894694 322 282.157754156554 5802.56174533407
5878.44575726695 1989.15751440582 315 341.024497393137 5282.87356191387
5904.27201056629 1982.51208338566 293 307.093467015529 5644.34275683204
6022.07494631538 1987.23779098835 333 386.925843772067 5432.1800570182
6117.67490346664 1990.84257603454 337 269.20970076955 6795.45171657144
5984.27252913687 1984.53272640527 294 472.157058272867 4679.29566831315
5979.11757785755 1988.22080481594 331 282.034812811942 5405.87675840853
6025.65430321669 1991.72018579138 321 354.506936450768 5344.2774608006
6075.3555678424 1982.64893627643 295 283.71608213917 4826.94081804166
5853.52298938118 1986.19465882682 290 292.96561597488 6043.96838292007
5927.39897393051 1984.30333524677 294 313.17732077751 5318.80049576675
5984.90760876473 1974.99048665672 318 355.615285967341 5871.07240295333
6114.12771264381 1990.66888735049 327 175.916810472648 5886.5116253245
5998.20465796167 1987.59470034861 314 394.958715762608 5246.15879696849
6027.41601969864 1996.15959421225 308 166.869450330348 4726.57628123376
5835.65252795953 1977.74382035333 288 453.162120850383 4594.00154367297
6141.61895003136 1989.75090958751 321 212.94113321515 5059.11290791326
6049.81267393162 1990.98446726949 316 307.19206246245 4911.60473396645
5889.23962257842 1990.84275471837 312 339.773116403687 5049.53537525596
5978.86805747322 1997.20339983264 297 286.726140630582 4133.92153122388
5943.87012509981 1983.21979129912 314 434.954494964592 5635.19939775023
5981.78867337247 1987.69395814956 288 320.724062462702 4633.70753538759
6176.13827736888 1975.40407483506 360 289.547108347924 6091.40991903317
5931.20947090409 1979.02893983671 298 303.886499346563 5809.34531806415
6128.56082274841 1982.42266330318 317 305.294120087994 5211.16725068368
6314.65337311872 1981.04941934885 353 534.458740222424 4393.33796249469
5819.71037734439 1985.71443565267 274 357.852226435322 3991.15177054855
5895.07226117673 1994.88762227046 280 365.240803623447 4233.42299787956
5976.60796076487 1992.44113725092 318 375.586177384384 5916.5655923682
6039.76402786072 1985.24420765378 307 343.912721123094 4341.9267977017
6161.61142950583 1989.74620985657 350 186.19021244522 5877.6380058797
5971.02205352385 1988.63488194192 289 286.818605597345 4723.10326022642
5910.04818808295 1972.37994698757 284 285.739548021553 4248.53903996674
6550.78627449591 1998.53227828375 434 15.7258203599981 7062.31759425764
6072.01570971063 1997.99805792121 338 237.531165071763 5499.37769289145
6000.18496005704 1990.33816794942 314 351.076306058917 5001.17287095699
6017.75813979409 1984.73164452037 319 418.276126751318 5208.74985231456
5924.9361921006 1991.12367957075 333 387.556631611187 4586.70072109632
5658.04221314475 1924.96739674039 275 296.613084972208 4102.17376970332
5891.06309520113 1993.49540759157 338 409.558506124834 5189.7785168352
6693.36935693343 1994.26676401299 432 23.3281549724948 7186.67645284618
5800.21995182807 1994.65627851275 312 261.8659350854 4831.39337663442
6223.27906157602 1999.20580162492 415 275.834964443876 6497.60184069846
6421.0178996912 1972.0442211743 387 125.452827366687 7168.11955229492
6653.07901517108 1999.10616111978 473 641.568928710893 6599.34837305356
6720.9060452111 1978.13466336387 492 519.606561128333 6785.09336831786
6563.3932715599 1997.0176042138 414 32.6331319160374 7919.93420124816
6139.48531931829 1996.34523804197 356 350.33189876836 6267.30332351122
5979.85316382132 1990.78640379899 338 416.615787136917 5828.58509880007
6055.8103566578 1996.85986726376 363 316.711606948245 6366.81518561938
6006.85609709078 1992.83929560203 313 360.325707574788 4904.20075242639
6169.52713427076 1994.06621173553 372 329.830610667141 6508.01906261672
6022.69638093038 1996.26054318835 356 264.272438217023 6186.0081012017
6094.44508803564 1993.0833624359 340 323.362821620314 5661.34123942141
6029.94077535301 1991.41641419491 314 297.954538805965 5703.47109115245
6315.8339810918 1971.86229759699 342 228.581664857814 6547.76991211509
6107.56255711797 1997.01468622693 347 471.076717385566 5402.6846226103
6585.03841213207 1976.4882008168 432 152.095878744592 6023.48469224145
6325.51675313991 1931.21757796149 372 522.058558733082 5519.25810679452
6013.00886490728 1995.39722339185 326 460.448587797137 5789.37701915167
5980.41912261663 1999.34661630218 328 346.029877182942 6142.15513240044
6926.29814018965 1996.12841499062 434 54.3494442832097 5955.72103260491
6053.61452249153 1998.63017288659 332 388.411444693226 4400.25078974222
6163.04640636335 1992.42129475397 329 232.543363274439 6541.32838522038
6021.19008581695 1994.03161185159 308 269.162541694245 5833.60374798078
6452.69524736808 1995.17532149012 404 127.081777630251 5700.88679796546
6498.19930959931 1964.49028747218 365 186.590462280064 5305.81475395809
5931.32733720592 1995.46739361122 310 410.203725952174 4937.78076497263
6202.55666238799 1990.58452498188 342 243.733579118 5605.90156806498
6962.3141563657 1988.30059284548 483 0.501930715461709 7419.19073398105
6430.13850405798 1971.018604982 406 116.183681876313 5975.93034541202
6045.91491521342 1974.01842775857 329 323.576077256885 4182.35537663701
6344.46312480063 1988.22473181338 386 139.617217797523 6913.58991617331
6172.69000705312 1980.74355564825 345 155.145753648272 6304.23458041246
6815.35813102177 1977.90535305488 493 703.395802412534 6719.33723206372
6981.48985656285 1990.1323720299 544 623.544620941507 6893.13025474734
5789.25412695692 1956.11002432309 305 314.950263408477 4744.32732894013
6768.45013279701 1948.01134414813 488 48.3444297535277 6792.40616837828
7071.27342729938 1987.86860418096 492 2.2441584838608 8177.54944840272
6341.62504886536 1975.20139409797 342 275.528921063793 4681.48939444274
6332.16754062216 1995.46591653561 405 173.519066876067 7221.0463539476
6113.64150445551 1999.46391790731 332 318.83265568123 5176.52791045559
6112.52484171759 1998.76426708607 302 275.882752945426 5288.20344510983
6061.63662874853 1998.18443475104 320 332.660198605839 5734.07237711417
6451.83837398898 1974.53934587546 397 99.1226855919769 5985.9059654833
5985.93680301643 1998.29121238579 314 351.76679740512 5597.77262011732
6381.89623421017 1997.61873695294 392 104.516768781262 6231.46374892559
6085.98758296411 1999.00300139673 311 341.349918267224 5245.16310135757
5940.8329974874 1989.97766785789 301 236.331849956156 4694.33062385121
6347.11015426864 1966.14358782198 363 154.841226326943 5765.80838751602
5923.02974730219 1993.16342403435 319 404.866813937435 5421.72572709969
6044.33681561746 1996.28766217428 356 394.584200609019 5662.80627516816
5983.28147635306 1998.76871569991 331 290.473330212055 5929.37181533991
6120.119208349 1999.46991264787 378 393.220613639711 5909.02873895523
6583.89693421847 1991.92089292715 427 104.375321027957 7799.07604988049
6989.09747497195 1999.19853107603 449 177.692885426487 6098.10005590657
6809.7871132155 1998.77858336219 483 11.3730122487497 6777.38090941697
6008.41000998652 1999.79602278483 332 376.707359724863 6517.34155910859
6096.10442844552 1997.15751692719 355 320.669846408247 5912.55274486595
6477.1877852907 1919.07704366844 382 153.217636111365 6140.61608289141
6391.83700196065 1998.11413152 423 251.428809100193 6972.30736377772
5904.96006299508 1993.20416318682 302 274.77986419649 6414.49943441593
6401.60126619601 1932.09397836968 372 152.632695685629 6230.13255034217
6118.11035437887 1975.307801936 354 253.828082982414 5220.88055217058
6680.47703360846 1985.70504515094 499 561.06829244704 7145.0002524398
6895.39180433118 1990.59040064737 516 706.251460144119 7240.13192976404
6214.07108100696 1983.32168085329 380 285.332011299533 4969.05287093679
6403.12379528397 1960.28701751061 385 560.039204606131 5415.7956593025
6291.49326039681 1972.74748607637 390 292.12350526452 6430.66943971434
6682.24715915076 1992.24833572649 470 27.2604457094054 7284.55714014075
6199.60023357155 1989.0599475936 341 279.205688926886 5242.57208917174
6305.17906472659 1910.38633458914 372 272.467529406039 5369.78844584535
6182.04897308388 1986.60477353178 415 261.257926863017 5624.2965580162
6414.44710914707 1996.03292014767 396 392.823708271087 5503.46998911378
6653.07901517108 1999.10616111978 473 641.568928710893 6599.34837305356
6807.52553029204 1980.21270082213 506 550.231173770145 6637.6055294593
6658.4451388685 1992.75838350233 427 66.2390418852165 7704.68936640996
6720.80647403751 1958.79991971016 488 562.966912636514 7601.97905341699
6511.15243420083 1992.1207283534 419 218.927730129616 6520.96596713614
6391.19637613433 1932.65652814144 401 271.183999726125 6592.78154880624
6055.8103566578 1996.85986726376 363 316.711606948245 6366.81518561938
6221.41169921071 1986.70104480111 323 436.182568175071 4723.64860327495
6401.47542869973 1959.0944624549 442 411.836716604827 7203.37739995835
6413.77619657629 1998.55085784946 404 126.004843402819 6584.82222954598
6094.44508803564 1993.0833624359 340 323.362821620314 5661.34123942141
6315.8339810918 1971.86229759699 342 228.581664857814 6547.76991211509
6107.56255711797 1997.01468622693 347 471.076717385566 5402.6846226103
7283.63249720469 1965.95196539991 622 396.381964911431 8033.27305001066
7125.41771181832 1995.45298189553 546 75.3424181986714 8380.1711837566
6013.00886490728 1995.39722339185 326 460.448587797137 5789.37701915167
6456.15550491406 1995.3369088446 399 234.531134867857 5873.28460593993
6212.61945139677 1988.39696432323 351 402.3300375443 6860.97833616327
7390.2306950282 1990.5691711733 655 109.675483486559 8978.56390716165
6976.74497200193 1975.58340710382 488 446.499597108067 5928.59920492604
6163.04640636335 1992.42129475397 329 232.543363274439 6541.32838522038
6214.92393402723 1998.06376123711 381 238.094546291362 5876.73858491089
6753.97531618646 1995.50365918594 487 20.5631877813375 6690.98426905381
6467.62416217084 1945.53830212606 382 219.818630708006 5616.39411753494
6441.66912348784 1963.70551019171 434 409.537351458817 6002.47994423641
6498.19930959931 1964.49028747218 365 186.590462280064 5305.81475395809
7014.23049903226 1994.51961974253 528 179.578097295697 8287.45632546508
7022.25454788412 1979.68390855693 522 50.3262302997321 7095.04632106291
7307.79528686901 1979.56506684927 620 397.000530486209 7532.29157796265
6895.39180433118 1990.59040064737 516 706.251460144119 7240.13192976404
6230.73206469776 1976.25165814715 389 242.16021134377 5589.64407523432
7199.15707987443 1980.91076658709 555 544.652481212708 7671.14131588003
6503.85238207984 1985.17017361412 421 272.205040083609 7124.18237991282
6900.9461012805 1974.28379521745 485 615.932833502678 7335.54928661683
7070.28411889639 1998.49909916312 561 191.938243257537 7545.54078287084
6845.07615265202 1993.10119607247 476 105.930901936757 6814.11567732049
6455.79160534763 1995.77761851055 405 322.386594310042 5596.94491867884
6305.17906472659 1910.38633458914 372 272.467529406039 5369.78844584535
6422.68922200109 1968.90853179855 460 346.337102780907 6150.48862748046
6599.3717362727 1953.9089451885 472 181.677014600227 5926.86893410623
6482.23649580171 1995.26744810254 431 338.960432721734 6239.50306246532
6653.07901517108 1999.10616111978 473 641.568928710893 6599.34837305356
6807.52553029204 1980.21270082213 506 550.231173770145 6637.6055294593
