1533.52386128925 447.377627278119 166 36.3204461269405 95.4715272197264
1654.60111222725 450.982184213103 210 7.66071558317502 368.813959188921
1645.68008071025 448.041370064323 216 52.686212704878 162.027417492627
1656.73061274275 444.616785912058 234 123.832424503148 188.343976609436
1654.00668001944 453.292488379584 225 49.0245217224358 405.436576401804
1538.30434898727 446.442730697194 178 46.5021192329331 245.311498550273
1624.99911833319 451.383387682084 199 23.7274393346752 88.6858574613717
1717.01276976391 456.225336100888 238 22.813498433967 324.607735447363
1541.53097873174 449.360209507343 167 45.4666766557841 123.22098844021
1674.34607772829 452.873531836955 217 120.418392363023 157.409449822339
1528.47313334652 444.005371246853 166 38.1061481160584 50.6554034343787
1565.48278962724 440.210777926587 194 47.8167800459239 247.882388979518
1489.22019370309 439.387327718923 159 76.3052024822321 89.7514830238125
1693.78613486842 442.986930449037 227 85.7044466693729 247.040209816626
1687.67343033747 455.699238398941 216 138.573378113457 104.821126966025
1490.96268220736 398.466071840384 178 94.7056581308057 140.087878859576
1630.08742657735 438.881709116992 216 47.1733769678433 134.548434650634
1699.00470301279 438.718314484834 236 85.3435721162995 263.360667323234
1557.47494578338 426.728412341451 197 75.798695921604 314.456824682903
1489.21837136953 413.449609190949 178 96.3784732689535 161.965037952485
1567.43061687188 442.852166981639 198 23.5785273480198 241.294865212736
1659.95797663019 452.505859051535 216 82.2499049727987 136.733760452462
1503.24448121717 427.136915898547 178 58.8976543568046 181.753083944265
1593.42756719739 419.203653965951 195 114.823345874244 25.7008385672224
1525.01250755685 414.470247746931 190 66.9260766693492 160.226019129631
1533.54110737996 430.024073696098 181 38.9181822660997 290.894699144741
1555.65758330298 441.323353157654 182 48.2433741535469 68.5657884125101
1767.22535356893 454.186841587818 258 5.06066917925444 353.317285882313
1541.53097873174 449.360209507343 167 45.4666766557841 123.22098844021
1674.34607772829 452.873531836955 217 120.418392363023 157.409449822339
1528.47313334652 444.005371246853 166 38.1061481160584 50.6554034343787
1552.52245033028 412.115896502004 190 6.3216877591216 157.09983970599
1565.48278962724 440.210777926587 194 47.8167800459239 247.882388979518
1619.92859379865 426.658977587211 217 150.108786310148 255.93105967119
1677.8815523764 440.402914326739 227 75.2717436105472 444.639385497526
1489.22019370309 439.387327718923 159 76.3052024822321 89.7514830238125
1562.05947872317 432.996249504176 194 44.6352792696009 317.230483217696
1687.67343033747 455.699238398941 216 138.573378113457 104.821126966025
1636.94535224925 443.217134419321 206 13.9029693868958 504.765104093598
1490.96268220736 398.466071840384 178 94.7056581308057 140.087878859576
1630.08742657735 438.881709116992 216 47.1733769678433 134.548434650634
1557.47494578338 426.728412341451 197 75.798695921604 314.456824682903
1665.27153090452 417.571691802113 225 130.745136904372 257.665242065046
1661.68248002083 434.282096844382 227 91.760525695748 472.199487601423
1773.25352244187 418.543047983438 229 122.34537566104 293.861527652257
1613.13555527709 433.472379153474 200 22.5717451677385 272.263240909403
1735.14316062606 442.336323953198 236 53.9778905393945 272.86900040369
1620.99976627591 441.144431703228 206 4.63897294502804 296.112186760216
1631.17805073332 447.244742078198 225 28.2781654013144 340.301457318997
1593.42756719739 419.203653965951 195 114.823345874244 25.7008385672224
1737.14686215004 435.213822763865 246 101.292703902887 506.775349074655
1678.34269666736 447.133377050202 226 14.8807441427583 220.708133686936
1780.37564156217 446.602800997009 239 45.9625663869811 153.568772788169
1550.71911559189 411.824453032737 190 6.95926287025259 169.804237690628
1825.37976209053 451.328710433111 256 68.5941307279458 425.192728346012
1565.48278962724 440.210777926587 194 47.8167800459239 247.882388979518
1869.94199262678 456.420514004939 247 132.283249419136 212.920454132045
1489.22019370309 439.387327718923 159 76.3052024822321 89.7514830238125
1510.92975665609 407.394762754356 190 62.9280507741142 35.143355054992
1786.65150949027 441.442351096456 235 103.579342634576 115.744579551039
1636.94535224925 443.217134419321 206 13.9029693868958 504.765104093598
1715.33717908989 428.158699503171 224 62.3392462322716 207.953345061996
1490.96268220736 398.466071840384 178 94.7056581308057 140.087878859576
1567.19374248308 418.452749744293 216 24.9371017094129 66.6306300960144
1871.53745883184 446.103966787323 257 29.5713881867113 393.590540811973
1676.37367618671 448.361905090259 227 27.2700407478089 224.346738792523
1651.85078058817 436.211155371822 225 60.4123376618865 405.71376934311
1557.47494578338 426.728412341451 197 75.798695921604 314.456824682903
1665.27153090452 417.571691802113 225 130.745136904372 257.665242065046
1677.51827187273 434.057291347761 229 76.258136389526 400.025332588568
1702.51677620076 434.772517305988 236 94.6556353020252 380.075879752731
1727.60758176418 431.236625454448 234 118.544568868199 489.384013842575
1773.25352244187 418.543047983438 229 122.34537566104 293.861527652257
1863.43536665665 441.94001040418 273 53.3132763628672 324.035304876858
1613.13555527709 433.472379153474 200 22.5717451677385 272.263240909403
1549.20034580052 432.832727511656 190 36.133491055702 161.74071124765
1630.35833573279 422.547662150612 224 16.9308604156571 213.704503604916
1744.69251809571 446.222549041366 246 139.072495644807 240.663089761768
1679.51947389347 444.004773719392 225 25.3288139897428 402.010023541157
1611.00654517114 420.834092867582 217 130.04857607475 403.754951531159
1759.0825718474 440.601989950053 227 92.9762692992009 292.145293074052
1642.77390081341 445.025241385809 225 82.5539843669314 319.678137288329
1627.35545493962 431.245376208804 199 24.2003291296438 224.01569181653
1868.41004334718 442.102073055058 257 96.1249479026829 213.899822656867
1648.16978903416 435.142836582612 233 128.763455438127 144.579344637765
1549.8994401041 397.629723137145 205 136.386614600102 334.766669593775
1784.57168267024 440.655271041469 252 8.58021659735673 223.974495792046
1567.94959783492 411.351636040869 197 7.59582528544605 173.005935684733
1582.54962013659 417.141034895687 207 38.1013162942828 278.140826040762
1555.65758330298 441.323353157654 182 48.2433741535469 68.5657884125101
1655.91084371315 430.819649827439 225 47.3657602809384 165.825411252802
1876.74235954266 447.100596584932 277 43.7807779688904 514.443656813536
1784.03277299575 438.162657874178 258 147.090339936761 390.210699638228
1683.63191896242 456.680279170098 227 8.45086382449978 487.360772898399
1769.16362136944 445.413389550341 217 86.8953283209702 159.791627035454
1647.32354660128 429.126125154632 209 17.7962662426721 218.750450406096
1676.97807236106 424.17144360257 221 124.844508850671 481.980944621909
1737.14686215004 435.213822763865 246 101.292703902887 506.775349074655
1537.78208916983 427.491207904738 178 54.7876661446136 168.193425031856
1745.02107874732 455.903246670877 235 63.2700603686176 226.393111764298
1589.83396794425 427.608151316431 206 15.3933935709681 374.280898555987
1678.34269666736 447.133377050202 226 14.8807441427583 220.708133686936
1780.37564156217 446.602800997009 239 45.9625663869811 153.568772788169
1548.183803953 410.822666959199 190 6.06289484411305 155.957253721811
1825.37976209053 451.328710433111 256 68.5941307279458 425.192728346012
1565.48278962724 440.210777926587 194 47.8167800459239 247.882388979518
1869.94199262678 456.420514004939 247 132.283249419136 212.920454132045
1663.04145317223 449.198858426418 225 11.6027532707324 370.739648082007
1510.92975665609 407.394762754356 190 62.9280507741142 35.143355054992
1786.65150949027 441.442351096456 235 103.579342634576 115.744579551039
1636.94535224925 443.217134419321 206 13.9029693868958 504.765104093598
1773.48800337465 430.887947560771 243 41.7798251405983 256.012431442784
1708.76544666885 446.78070413769 225 77.8055578099995 218.609104970475
1490.96268220736 398.466071840384 178 94.7056581308057 140.087878859576
1689.86110239521 432.612775647365 235 90.7469042126423 411.079882162428
1567.19374248308 418.452749744293 216 24.9371017094129 66.6306300960144
1753.41679137312 443.183858551068 217 20.0893587274876 414.536392475329
1842.98516697122 436.24794206148 257 19.4766285901812 352.80853551032
1681.74895463456 432.462240255139 235 29.1704886684274 297.239275785645
1651.85078058817 436.211155371822 225 60.4123376618865 405.71376934311
1665.27153090452 417.571691802113 225 130.745136904372 257.665242065046
1702.51677620076 434.772517305988 236 94.6556353020252 380.075879752731
1727.60758176418 431.236625454448 234 118.544568868199 489.384013842575
1672.57668389318 434.912386685871 221 23.4526432896864 270.665580160829
1697.49270443288 443.765667879598 224 22.5169063190236 186.768180135152
1714.65878244294 433.931728434454 213 17.236560102485 275.166882592287
1779.6648137601 422.697807457665 229 124.612109444682 314.635325023389
1863.43536665665 441.94001040418 273 53.3132763628672 324.035304876858
1673.73983350947 450.611602103556 206 81.6866199926388 29.6540466605749
1613.13555527709 433.472379153474 200 22.5717451677385 272.263240909403
1744.69251809571 446.222549041366 246 139.072495644807 240.663089761768
1679.51947389347 444.004773719392 225 25.3288139897428 402.010023541157
1740.85640017588 434.564016468125 227 86.5323445072017 277.469922173885
1501.31215248719 424.212380346213 178 78.2681599774111 104.35220784918
1622.31172854615 432.308733707793 225 89.7884547509263 306.961629610312
1718.90653775195 450.105762000428 227 60.5984997514918 282.373484818066
1669.24728174825 431.05074487103 225 66.8266055262207 402.017020538049
1784.77356856656 431.156165646606 244 114.617282739241 548.611668731542
1719.71277598448 445.292940319287 232 70.5372419238927 329.323223230132
1868.41004334718 442.102073055058 257 96.1249479026829 213.899822656867
1648.16978903416 435.142836582612 233 128.763455438127 144.579344637765
1737.14686215004 435.213822763865 246 101.292703902887 506.775349074655
1704.04774565031 442.17284230097 225 71.0994576214888 418.510291004526
1745.02107874732 455.903246670877 235 63.2700603686176 226.393111764298
1678.34269666736 447.133377050202 226 14.8807441427583 220.708133686936
1780.37564156217 446.602800997009 239 45.9625663869811 153.568772788169
1544.62255034276 408.068551843961 190 7.32198813277621 140.370610122694
1825.37976209053 451.328710433111 256 68.5941307279458 425.192728346012
1565.48278962724 440.210777926587 194 47.8167800459239 247.882388979518
1653.28813349754 428.753484548605 219 40.8048886082172 224.146348901437
1769.38122284204 431.693607166538 229 87.2040505172287 353.118754057479
1663.04145317223 449.198858426418 225 11.6027532707324 370.739648082007
1520.36110701587 414.505401878449 194 59.667015830056 102.275050221086
1510.92975665609 407.394762754356 190 62.9280507741142 35.143355054992
1719.34656900797 435.219325139382 221 32.4262353234126 327.234571126339
1693.78613486842 442.986930449037 227 85.7044466693729 247.040209816626
1786.65150949027 441.442351096456 235 103.579342634576 115.744579551039
1773.48800337465 430.887947560771 243 41.7798251405983 256.012431442784
1708.76544666885 446.78070413769 225 77.8055578099995 218.609104970475
1478.57803823524 393.096035405294 178 90.3270252631705 45.0960354052943
1689.86110239521 432.612775647365 235 90.7469042126423 411.079882162428
1567.19374248308 418.452749744293 216 24.9371017094129 66.6306300960144
1753.41679137312 443.183858551068 217 20.0893587274876 414.536392475329
1842.98516697122 436.24794206148 257 19.4766285901812 352.80853551032
1796.71428733786 431.086753124955 256 63.0540235551487 437.647438117659
1663.14318025259 441.796130228705 217 120.721527535404 302.973549081321
1665.27153090452 417.571691802113 225 130.745136904372 257.665242065046
1806.96428169694 439.583105403643 234 52.3977161815206 118.929155628906
1745.02107874732 455.903246670877 235 63.2700603686176 226.393111764298
1771.05945341017 431.530537790134 243 49.7364389064804 561.859999862458
1678.34269666736 447.133377050202 226 14.8807441427583 220.708133686936
1780.37564156217 446.602800997009 239 45.9625663869811 153.568772788169
1825.37976209053 451.328710433111 256 68.5941307279458 425.192728346012
1565.48278962724 440.210777926587 194 47.8167800459239 247.882388979518
1819.09946605825 442.000322839946 240 83.5291157362678 172.606004464953
1769.38122284204 431.693607166538 229 87.2040505172287 353.118754057479
1663.04145317223 449.198858426418 225 11.6027532707324 370.739648082007
1520.36110701587 414.505401878449 194 59.667015830056 102.275050221086
1629.97236440275 431.77750961556 217 88.4373520448315 397.238456717106
1510.92975665609 407.394762754356 190 62.9280507741142 35.143355054992
1744.30010884827 409.16856713949 232 196.082563410037 433.79634307029
1719.34656900797 435.219325139382 221 32.4262353234126 327.234571126339
1786.65150949027 441.442351096456 235 103.579342634576 115.744579551039
1773.48800337465 430.887947560771 243 41.7798251405983 256.012431442784
1708.76544666885 446.78070413769 225 77.8055578099995 218.609104970475
1795.52719929215 453.658119721519 254 45.4134502042782 245.268776372592
1875.04962739758 444.214171817357 257 72.7854392835551 527.797998907842
1678.34269666736 447.133377050202 226 14.8807441427583 220.708133686936
1780.37564156217 446.602800997009 239 45.9625663869811 153.568772788169
1829.32330452434 441.749504269816 246 83.3589973088211 338.4246418256
1825.37976209053 451.328710433111 256 68.5941307279458 425.192728346012
1819.09946605825 442.000322839946 240 83.5291157362678 172.606004464953
1770.53622855476 434.156551784447 229 86.7956943313428 328.609455052708
1663.04145317223 449.198858426418 225 11.6027532707324 370.739648082007
1571.6699393023 411.085291273763 214 41.5266042078088 195.707338854663
1629.97236440275 431.77750961556 217 88.4373520448315 397.238456717106
1510.92975665609 407.394762754356 190 62.9280507741142 35.143355054992
1659.33159765811 448.961269668951 218 62.8466975692799 272.132328741206
1693.69345049505 439.672830063621 225 54.0736243731759 276.158181161098
1744.30010884827 409.16856713949 232 196.082563410037 433.79634307029
