1640.38384481893 451.33392631479 207 16.4844545214265 156.876035848393
1567.43627651323 443.20163404407 198 26.5006538737899 28.2016340440699
1632.19360597416 445.472961297399 218 27.5879668519825 174.860415081871
1744.63949476644 455.980945193094 232 87.3611273461095 89.2929934140735
1640.77818539549 455.028955786739 210 9.59405372326883 168.728298533791
1661.86351970181 451.96079998156 224 42.6912875435603 197.207321854682
1724.5409126418 454.812746968495 224 61.0173345587253 39.812746968495
1616.94838775901 431.261656688715 206 76.3822025474183 69.4509219394053
1590.69524909043 427.354688491465 195 24.1117278432307 48.964967901402
1816.64918074693 439.312564353364 262 122.523183019153 170.704338534745
1567.76898097008 425.044090316495 205 25.4400713318151 73.5176367713566
1709.97260672823 449.416211211747 223 90.7518678120325 28.177648551633
1650.67795769657 424.510803797787 215 51.9638057655959 119.465443901463
1560.63295461634 413.666384792125 199 23.9541148105649 117.860399832806
1598.34013295366 431.478061618363 207 31.3491514045217 117.164306455541
1595.46857571403 432.265179056537 213 31.2643271045086 208.265179056537
1517.64079432609 399.568478115323 177 108.153799735929 88.6064382776321
1593.18698978234 433.771037850799 198 106.779695885173 31.948168537919
1567.43627651323 443.20163404407 198 26.5006538737899 28.2016340440699
1558.70849662139 425.399710568232 205 69.7869458126768 93.8647226882682
1679.69966203957 438.664078199787 238 10.7920396563408 161.242648886648
1691.95506687013 439.490834598665 237 62.8694046331058 174.71201742966
1744.63949476644 455.980945193094 232 87.3611273461095 89.2929934140735
1619.49256171408 438.400936232883 216 81.1881202588913 175.577849198759
1736.44371077598 455.551905224399 241 60.1856677351913 128.025087234009
1520.74086064114 412.428880568921 195 54.6529425301997 151.53894596842
1645.58846726009 446.566814068878 221 49.2465755780671 184.701770870199
1679.3284989528 457.626506180134 224 53.8856386169665 119.137665629023
1648.68854931499 425.019677429296 224 34.1994743200212 29.1496118156112
1616.94838775901 431.261656688715 206 76.3822025474183 69.4509219394053
1517.83629877421 420.082100830515 205 21.4098935422835 49.5794178142679
1666.89768009642 433.880877404765 209 23.0606429936799 58.6669397294165
1816.64918074693 439.312564353364 262 122.523183019153 170.704338534745
1540.25769171835 433.976808146844 178 50.2443503573751 46.796468259345
1639.69406881979 446.183408747619 225 50.869430009799 130.462048855454
1629.97706232173 432.366820178242 214 119.034563769303 2.94013184660403
1650.67795769657 424.510803797787 215 51.9638057655959 119.465443901463
1695.19846084864 435.842898391878 233 102.310955772678 125.546106549004
1560.63295461634 413.666384792125 199 23.9541148105649 117.860399832806
1557.16648596139 440.208281176286 178 115.036629903538 17.5290492258666
1538.72318666454 419.344934057675 195 52.4269249018547 87.624888911006
1595.46857571403 432.265179056537 213 31.2643271045086 208.265179056537
1722.02793551978 441.573489492963 242 90.376216807845 213.07591117406
1493.24444700095 392.490634373083 195 16.1585690772594 89.4195665612179
1593.18698978234 433.771037850799 198 106.779695885173 31.948168537919
1617.0351872333 440.651253051889 206 8.96479081897377 129.254634018652
1687.2465670497 452.890071887558 231 69.1608547851931 80.372766558061
1477.0260930323 414.83636476493 178 40.9078550719445 93.8647226882682
1667.37988538454 436.175076679609 238 6.43634084860237 181.775726821554
1691.95506687013 439.490834598665 237 62.8694046331058 174.71201742966
1626.04765744115 432.233009906213 214 42.5184675761972 81.7159402068491
1559.88163267961 433.01151709879 178 76.6294415439751 43.5444802529351
1736.44371077598 455.551905224399 241 60.1856677351913 128.025087234009
1848.23838878525 438.464530708065 269 64.4704906512968 207.92960532708
1645.58846726009 446.566814068878 221 49.2465755780671 184.701770870199
1679.3284989528 457.626506180134 224 53.8856386169665 119.137665629023
1690.15235675762 439.523606143134 225 52.4335542231144 236.875144210428
1621.03987128689 440.785676230423 190 59.0973012021131 24.2279126676091
1648.68854931499 425.019677429296 224 34.1994743200212 29.1496118156112
1592.78553958604 417.599944180406 199 69.176720657491 65.2164380322608
1688.87493843376 441.007216525443 207 43.4346976012463 34.0072165254429
1549.51963254779 443.874065440126 155 82.1029211919803 84.6989474073748
1558.50375552329 447.246355440234 178 43.7933926341584 82.0070517869596
1549.51963254779 443.874065440126 155 82.1029211919803 84.6989474073748
1563.72118666302 438.098330187901 180 59.5390420765846 86.0320829018384
1558.50375552329 447.246355440234 178 43.7933926341584 82.0070517869596
1590.63207657541 430.015329875462 199 67.4190123241432 53.1250447020808
1604.06210137327 440.982711484723 194 76.5646263057959 58.8268514038419
1611.96298700095 454.424027225477 198 58.7558659036191 102.394028639747
1686.33968064275 443.027653468763 205 42.5383486132055 36.0276534687627
1691.58480927533 445.854947986752 223 34.8441791350465 211.287428986814
1677.07225891617 457.786721353156 200 79.1198382913806 36.5481586930416
1604.06210137327 440.982711484723 194 76.5646263057959 58.8268514038419
1611.96298700095 454.424027225477 198 58.7558659036191 102.394028639747
1573.89885749594 452.079079248105 178 46.1719337488089 59.8608251786248
1616.94838775901 431.261656688715 206 76.3822025474183 69.4509219394053
1562.65286263746 441.71742309587 178 86.7462192196258 79.4833166277627
1650.12064136603 439.382129992903 225 118.608279717361 50.9806658826463
1666.89768009642 433.880877404765 209 23.0606429936799 58.6669397294165
1591.35156960806 446.315492627574 190 67.2222596316628 42.3154926275736
1720.89009464153 438.838624145661 211 10.2363256034395 278.248823979802
1801.21246264436 435.473873046402 262 127.980887043947 163.026955920822
1687.74215369062 442.061751209976 218 53.2972507526983 148.542404967565
1729.80989760069 436.30313534133 242 61.9005374047068 182.447944412326
1549.90420683562 435.775669328317 178 47.8759432686865 78.3207667473547
1755.12676172799 454.011672987184 232 58.3661283462714 95.6179901804662
1872.81239977594 446.645378398927 255 34.8214646867432 128.16734087223
1639.69406881979 446.183408747619 225 50.869430009799 130.462048855454
1629.97706232173 432.366820178242 214 119.034563769303 2.94013184660403
1624.87256579844 431.411651455891 215 76.6200572487218 241.396525368898
1652.36921937507 424.363679722675 215 51.3658544647838 119.465443901463
1695.19846084864 435.842898391878 233 102.310955772678 125.546106549004
1695.86908369903 445.413591114292 241 69.2944605316649 167.448558537011
1560.63295461634 413.666384792125 199 23.9541148105649 117.860399832806
1557.16648596139 440.208281176286 178 115.036629903538 17.5290492258666
1670.95188878086 443.154410627415 215 38.0128436901984 176.695650965898
1538.72318666454 419.344934057675 195 52.4269249018547 87.624888911006
1724.21743881224 438.121652014577 241 43.3517565818905 241.111931537248
1722.02793551978 441.573489492963 242 90.376216807845 213.07591117406
1564.08654927881 416.013041378798 190 116.822105392822 79.6180744586029
1562.84223423531 417.935164458647 199 128.961396505498 24.2219595180477
1493.24444700095 392.490634373083 195 16.1585690772594 89.4195665612179
1650.28833131771 438.388686605392 214 77.0278056968327 66.2528351241402
1617.0351872333 440.651253051889 206 8.96479081897377 129.254634018652
1695.01929856127 452.674387384579 231 71.9089303652786 63.0555301543941
1541.43289511951 406.913576452277 186 122.075627589239 69.8964706492545
1714.92348957161 446.77899366357 242 5.98622570834175 197.243783627569
1691.11297797933 444.756678276942 223 37.6695444249883 258.369650014554
1691.95506687013 439.490834598665 237 62.8694046331058 174.71201742966
1601.88414085527 428.904653059943 189 24.4636112778394 88.2935482065441
1562.65286263746 441.71742309587 178 86.7462192196258 79.4833166277627
1650.12064136603 439.382129992903 225 118.608279717361 50.9806658826463
1666.89768009642 433.880877404765 209 23.0606429936799 58.6669397294165
1618.84541639718 435.509955482544 207 76.942802384408 98.9858651190076
1717.28848278259 433.337389927078 211 11.5096876877688 227.547452280135
1650.47439940581 441.886923119769 200 66.051145067616 24.8869231197692
1801.21246264436 435.473873046402 262 127.980887043947 163.026955920822
1687.74215369062 442.061751209976 218 53.2972507526983 148.542404967565
1729.80989760069 436.30313534133 242 61.9005374047068 182.447944412326
1570.7813081564 435.56291304292 190 94.4904577888069 70.5495700691633
1549.90420683562 435.775669328317 178 47.8759432686865 78.3207667473547
1565.57050479482 431.697211183179 190 12.1193660447339 68.6305212586738
1728.48777990548 433.997934122085 229 46.0707881934153 247.770040958078
1840.30845924195 429.863922550194 255 46.3133430701759 111.385885023497
1638.71768806993 410.679809593363 208 133.242236754492 53.6798095933634
1639.69406881979 446.183408747619 225 50.869430009799 130.462048855454
1656.54782672241 443.584737999415 217 2.48622820492969 199.321174825625
1647.22175321992 432.700237260006 234 125.13148270609 3.27354892836854
1624.87256579844 431.411651455891 215 76.6200572487218 241.396525368898
1652.36921937507 424.363679722675 215 51.3658544647838 119.465443901463
1695.19846084864 435.842898391878 233 102.310955772678 125.546106549004
1695.86908369903 445.413591114292 241 69.2944605316649 167.448558537011
1560.63295461634 413.666384792125 199 23.9541148105649 117.860399832806
1561.96751064793 426.206862917638 198 71.2442375801685 99.0513384651168
1557.16648596139 440.208281176286 178 115.036629903538 17.5290492258666
1612.83934732202 434.703801724379 206 36.3878166009403 101.034870675552
1650.12064136603 439.382129992903 225 118.608279717361 50.9806658826463
1849.39301127017 448.974583295983 246 87.5824860976034 94.1585409825664
1618.84541639718 435.509955482544 207 76.942802384408 98.9858651190076
1593.02876935295 414.540216507199 221 115.474062091859 33.7480603984569
1650.47439940581 441.886923119769 200 66.051145067616 24.8869231197692
1687.74215369062 442.061751209976 218 53.2972507526983 148.542404967565
1729.80989760069 436.30313534133 242 61.9005374047068 182.447944412326
1570.7813081564 435.56291304292 190 94.4904577888069 70.5495700691633
1751.64240255629 435.461064922005 243 167.841192030308 211.461064922005
1715.70102925296 453.959958779215 225 32.0964153274133 142.544185785938
1565.57050479482 431.697211183179 190 12.1193660447339 68.6305212586738
1728.48777990548 433.997934122085 229 46.0707881934153 247.770040958078
1638.77886744907 438.069429543796 196 54.6460831242167 98.1914350997002
1840.30845924195 429.863922550194 255 46.3133430701759 111.385885023497
1638.71768806993 410.679809593363 208 133.242236754492 53.6798095933634
1787.63534564561 455.453249405531 242 62.2334954325261 149.289841615052
1646.24649805606 436.133803522309 217 51.9977488358906 173.651696197252
1637.97866956294 439.542437319012 225 65.2940884560487 45.111366025581
1849.39301127017 448.974583295983 246 87.5824860976034 94.1585409825664
1664.42699631044 427.574780681622 222 97.4872042540443 171.545915763333
1618.84541639718 435.509955482544 207 76.942802384408 98.9858651190076
1675.323538088 429.480262715619 229 84.5888464782013 53.9077230554998
1650.47439940581 441.886923119769 200 66.051145067616 24.8869231197692
1687.74215369062 442.061751209976 218 53.2972507526983 148.542404967565
1570.7813081564 435.56291304292 190 94.4904577888069 70.5495700691633
1715.70102925296 453.959958779215 225 32.0964153274133 142.544185785938
1727.95003183811 433.039005957829 227 62.6897810815165 94.433588410962
1637.97866956294 439.542437319012 225 65.2940884560487 45.111366025581
1885.67208958628 443.910801492736 255 74.7558949513464 89.8925242854523
1717.47914184091 448.717172527005 225 76.5071505431184 125.102230409846
1614.36013365511 434.018643380341 207 78.5285893056378 97.4945530168046
1814.75569246222 449.637463497093 250 35.5858488008213 68.131024750846
1650.47439940581 441.886923119769 200 66.051145067616 24.8869231197692
1897.15140728115 447.63773327713 271 87.8629055470981 190.113173753031
1744.92577412671 448.985688359129 242 90.6787462505418 212.721523327211
1637.97866956294 439.542437319012 225 65.2940884560487 45.111366025581
1859.26372937282 432.83250020239 255 84.0926602448232 82.0687560609559
1717.47914184091 448.717172527005 225 76.5071505431184 125.102230409846
1614.36013365511 434.018643380341 207 78.5285893056378 97.4945530168046
1772.73076715048 439.420905404339 239 20.7277939674247 57.9144666580921
1638.56120474414 434.166317978294 200 70.2630954330451 19.1807091495161
1681.54296196351 431.744636665617 213 118.853691996573 101.292855869245
1897.15140728115 447.63773327713 271 87.8629055470981 190.113173753031
1744.92577412671 448.985688359129 242 90.6787462505418 212.721523327211
1717.66853979864 445.36211347089 229 72.432785142797 155.143129489394
1707.42165392796 440.329909859158 238 126.396293013865 178.118575801359
1715.70102925296 453.959958779215 225 32.0964153274133 142.544185785938
1727.95003183811 433.039005957829 227 62.6897810815165 94.433588410962
1709.62623971169 451.072383493869 218 63.0507595590009 102.312516795654
1728.48777990548 433.997934122085 229 46.0707881934153 247.770040958078
1840.30845924195 429.863922550194 255 46.3133430701759 111.385885023497
1912.95729095514 437.356899181948 266 87.2488556950865 100.629423610812
1670.90372685244 430.47775236865 225 44.7740220044353 206.437383020162
1791.15635713246 439.167574156306 230 61.6672349975851 83.2656573359307
1571.26595405584 414.752364758806 206 85.1097543544906 46.5434287609974
1836.50064531368 449.704028773746 244 54.4150490096064 123.749806254126
1679.35275340009 426.085457804083 233 107.913259367463 125.546106549004
1724.91664443228 453.469009867627 232 71.8294552420236 128.950230470804
1747.9732068114 444.618692711869 253 53.0905952093588 165.858761732165
1756.56238614032 445.646913163795 217 22.5677786649134 82.9134614640086
1764.00457456453 446.159425797775 218 150.890850514073 38.168197052732
1682.99653535444 433.481135301314 215 44.1983056940903 66.0547284301215
1693.58980729017 441.036883937492 233 84.95559475426 99.3892589683373
1859.26372937282 432.83250020239 255 84.0926602448232 82.0687560609559
