6481.62625300826 1982.69964201015 604 350.934866904708 4975.27747713603
6533.08716806871 1990.45335320838 669 315.905868056601 4717.17144066265
6579.79193636697 1985.92191183379 678 354.920544842524 4792.22977634038
6606.66652541999 1989.62904917932 708 302.578260674958 5311.1846656295
6554.83865834253 1998.18225734517 642 300.650094516184 3763.47684472353
6461.9236053938 1989.03249858455 632 317.103228654323 4259.3828432454
6481.231752842 1982.40496107109 623 397.622541334734 5285.48408747747
6441.63030186013 1984.99994393222 641 412.760167927647 5191.81544193144
6523.9886032568 1987.06564176267 650 401.866681793053 4665.90729641917
6533.13860872196 1983.40230640946 660 342.169787400061 3696.99088007319
6358.5949851658 1988.95939356715 598 241.456276866025 4246.24536096732
6581.58570405671 1996.19721676225 634 303.723582102322 3494.67963855816
6450.36219185955 1990.986959729 618 339.565623608972 4885.30384160053
6665.54037501561 1979.17958574203 731 315.833139072688 4198.67316218427
6300.58780853926 1989.22060370194 568 383.917157422527 3602.66912792418
6745.68391198828 1986.13072967425 753 248.786637843988 6314.1629510774
6606.71751663412 1996.07424842387 706 304.311072990389 4725.05123268861
6455.69500263876 1983.38367363089 609 303.172952797631 3496.38936425842
6702.65594563246 1995.26411039688 739 325.220534267362 5984.054342445
6481.11375310004 1990.22937130969 623 318.615477556586 3763.05927239925
6431.75356521567 1982.56116058551 611 267.975465380211 5314.69135083178
6515.38761723282 1989.27955321151 665 299.813987028026 4351.92620594854
6610.47698732921 1990.63526479446 685 279.973969796018 4351.36859013181
6492.42102027148 1987.15300174031 629 285.468486137308 3936.9099579705
6454.01887814946 1993.07713629873 616 363.651197354463 4941.09002368497
6533.01339980267 1983.85954133711 651 263.329927688035 4870.37796281861
6492.31272616387 1992.48273070667 633 319.734727488802 3962.67298650034
6466.74418179046 1989.91371423107 611 314.880727631347 4637.71310021608
6504.9410584175 1987.6220871025 678 254.221356200619 4740.80363169159
6691.19177598292 1995.08738936341 725 327.361324753712 4652.26433231019
6539.85264433384 1991.17005480458 648 330.523351026775 4515.4480369731
6732.94156790882 1992.2253742624 771 318.460233022257 5287.44119217229
6470.08715325715 1988.81322568905 603 270.392093261895 5165.59623572718
6449.13391071448 1993.8944622319 607 322.331785419163 4599.93677890126
6369.66585073533 1992.71242263443 577 327.96001067984 4210.23198687106
6636.2289782591 1986.13259027641 726 236.100940834967 5505.45484821188
6593.7991668471 1998.77493209099 658 341.125580727013 3762.212423522
6582.38883778433 1990.35495963688 690 317.184805998822 4103.17890952877
6401.44856261189 1991.91982325892 609 292.728659300135 4973.26130288195
6552.21960609276 1993.45860510024 678 226.703437602057 4260.78369430354
6471.76813520469 1984.00442492458 640 277.531394163867 4094.16721884149
6660.16986910026 1991.46468570021 724 332.610559805459 5213.25046503838
6420.49199400381 1985.96800621054 601 316.164852043643 4182.76771442427
6547.81696105811 1987.61411193272 642 300.440162054023 4292.88639729924
6768.84586306972 1989.16161589926 757 327.695301585815 4519.57522992252
6433.667541775 1988.33992951011 599 337.705485757993 3930.65975051432
6590.34161118629 1985.05610855295 670 400.53057597195 4373.50006943983
6718.25966044746 1993.99537882344 756 310.62241376564 5127.57236202045
6486.0219792595 1985.29520785365 642 241.743485509906 5141.60199188883
6542.82690265381 1984.36441857016 637 316.894672364338 3841.62813627801
6627.9728163082 1989.21537147808 721 303.893445572372 5917.99751531141
6709.89118068875 1992.90381204674 715 278.400304717136 4584.14523601045
6416.06127852869 1987.35152270445 609 338.15393219801 4426.3648061532
6545.18326953237 1989.33522642664 678 265.963331678432 5024.83069005126
6396.75610535971 1989.89961786503 598 328.690879057603 2783.34498358781
6490.46402130801 1993.3162229636 615 368.00915244519 4937.83634984142
6559.05823809635 1989.51403272652 678 310.253197231401 6443.36893243872
6657.979206582 1992.68038043214 723 363.166367748647 5328.17467908269
6544.6203420363 1993.38000878903 631 356.156677855935 4244.58213984843
6549.47643190463 1993.86722340077 628 323.646176981096 4305.77033556536
6580.81800570917 1983.5891096651 688 234.818518553315 5066.90640356325
6743.92621371474 1997.42181024592 760 313.45780029363 6412.93216664646
6633.45002268069 1992.78852707616 724 289.78336722164 5405.12606286999
6606.17257415191 1989.65251391962 714 165.779886183688 5267.39743167515
6468.51457698922 1994.73052705161 615 297.883248118096 4038.47289918601
6637.98931441202 1990.43236044016 721 248.846684079591 5699.36422674515
6581.16758339219 1984.99064708915 686 276.843396976731 4428.45441578724
6601.88248282984 1990.00508176082 708 242.162412117341 5162.77993302831
6385.53845788659 1995.45283889738 598 337.851408112319 4643.42982957409
6461.73195239541 1997.46908811902 608 271.785476092261 4625.33817038008
6595.24585312098 1986.81740286673 708 299.596220319551 5861.05461913065
6661.35206340857 1991.65869889322 731 355.631727960402 4518.34746855595
6502.09233358683 1984.92450756072 614 406.570388416022 5658.95875620806
6485.90730599591 1995.18023397217 627 317.064888634312 4999.5908766294
6553.61365375031 1990.75528346431 654 342.833672866345 4954.78183457417
6539.56154712776 1994.08819013536 662 270.804911472671 3771.78758809176
6475.58060577623 1988.04160986647 624 324.528203201559 5397.72287432264
6612.16323885828 1987.0084747158 649 347.09319717484 4097.68917280825
6522.67192049273 1990.21798037039 617 303.173578089496 4908.68800169794
6520.62122143939 1989.68756002894 669 187.031517054432 5519.0804486803
6692.49214885847 1989.78660034645 730 302.716573083347 5809.75609144044
6534.6957562258 1993.14859638525 642 255.342991477587 5441.28889711298
6558.83321201364 1986.95054115827 645 252.921085758883 4809.5148385669
6398.92100620866 1991.74006272991 591 322.063843971353 4125.51856395422
6656.86338992998 1985.49386250929 717 365.010061406441 4182.21343329644
6534.73084342209 1997.0815572665 642 335.534370066422 5240.88355516978
6646.64494934308 1990.45622767067 717 376.499552596606 4673.11971633072
6509.35844115769 1994.324796895 614 305.548764628952 4846.99296375558
6644.94325402779 1984.30042054175 717 298.072096742684 5746.32504997118
6480.88279590829 1984.6390912323 614 319.009071037073 4363.40534307676
6474.99011367433 1986.63394205684 614 365.313298056484 4963.28907803975
6522.60358693104 1992.72350349788 669 346.820953466475 5261.01954751201
6775.22506716881 1983.17743301616 754 312.819152479274 4014.40638285138
6735.83768778024 1996.22559588827 745 252.918451261584 5166.7933851312
7437.78818841528 1982.20525023821 1017 635.765981273325 6567.42701938622
6555.51012982266 1991.2648943863 643 300.887495534667 3705.95087515237
7101.87917234233 1972.26030385289 887 178.190541807424 5529.2041413294
6652.09489350475 1986.7069171464 714 308.299783967458 6626.50906180032
7503.96485673304 1993.68853351942 1053 37.1681841079326 7047.51171907479
7311.79729798142 1989.45935291608 993 123.3342466343 6542.39405347376
6788.99713082418 1988.2591638058 772 251.710139398636 3830.15191415268
7315.21134173033 1977.51013490313 947 64.757537876171 6504.9433042657
6358.5949851658 1988.95939356715 598 241.456276866025 4246.24536096732
7217.10429731189 1987.31641789824 932 528.413335532761 5474.89752515619
6717.16762129236 1996.43340854135 728 351.136708332864 4946.18273718271
7297.55739220182 1989.09210968044 887 40.0368880336138 5497.31261421041
7257.92482429463 1983.16550852494 999 525.272669650011 5986.65386535975
7191.70475620604 1997.40780802721 868 392.727059865734 7167.66350109324
6563.60534207748 1961.2039506559 704 337.165861942549 5685.13266546739
6654.89364279972 1990.44796415722 721 304.075209806897 4494.00915717517
6606.71751663412 1996.07424842387 706 304.311072990389 4725.05123268861
7225.8752113821 1988.53971505774 933 81.8454799587697 7554.37583377148
6482.68131083891 1980.09194674442 627 484.642027143959 5483.81576837991
7467.43671756809 1992.50887008892 1019 64.6259489932036 7071.26539104912
7337.506472935 1981.78018550887 922 137.587618944494 6639.72767039865
6881.24484697829 1993.77615972504 772 284.471493529545 5359.28705617171
6919.67501228448 1989.34908520795 810 375.855170748732 7290.72579643734
6707.06692357611 1984.84797065939 730 398.501987093697 3858.54185765394
6431.75356521567 1982.56116058551 611 267.975465380211 5314.69135083178
7323.56641949183 1980.66620555663 999 124.266540237527 7827.3053698241
6887.46618014493 1987.84529236666 780 168.264349543378 4340.79534130131
7573.00982518332 1995.61097989254 1106 524.899842468185 8018.4154365586
7170.04126610359 1959.35627964275 877 525.043421585899 5759.68245718958
7557.38622647411 1989.62098548846 1070 5.36729681484724 5903.98291022744
7309.51414197122 1982.64864496132 957 61.1879461937913 6568.32855667089
6547.54328192856 1984.93499860817 615 411.996611386367 4470.69408588361
6666.52869114819 1977.048949729 687 341.304071551431 4289.50264247071
6970.07497648046 1993.14895741522 805 150.820263991897 4663.56299263535
6713.30481480085 1990.98445758072 749 402.053075418994 5444.29627369311
7353.30951446212 1990.68114582312 999 192.553354055535 7721.63631088345
6798.54782906188 1989.36204674042 758 401.653607844455 5877.82569734063
7540.13185844498 1990.3285746504 1106 620.216573461297 8813.49300809277
7000.56009863351 1991.44823269834 798 187.090662499062 7474.57111677138
7355.86131493989 1990.1599769471 1019 672.383250959901 6697.13745713818
6504.30428462636 1983.96890060783 642 273.355518463258 6407.80852646669
7077.18903877471 1989.01666147052 849 190.890683733955 5883.30702542658
6539.85264433384 1991.17005480458 648 330.523351026775 4515.4480369731
6612.97606850592 1978.08023703635 700 313.054503398523 5081.63401886137
7588.12068639173 1993.30245539826 1034 16.1087561180563 7616.71770821947
7103.09816411097 1976.23680314961 858 257.598731095767 5404.26548995078
7102.78610910664 1989.6207588012 839 503.231083576962 4236.62788083616
6792.6044540814 1993.41907752736 736 156.365008030493 5662.65570017819
6540.27092938984 1989.66827761776 651 290.109983457927 4468.33107160686
7218.26314463719 1981.24064791183 887 441.88109379907 6056.04924408128
7614.49438863368 1990.30389958441 1008 701.995837152011 6476.17021817285
6934.97826825192 1982.20583042229 810 441.843994627993 5078.64102322851
7187.64843539956 1992.3952772927 887 438.590648127849 7514.67771199524
6807.43700342548 1988.4004722541 774 149.190069508815 6069.42736345926
6826.15852255855 1984.05869904444 754 465.723986487374 4466.91417336362
6746.14680689913 1993.10165494913 740 295.267056975412 4304.62019986755
6587.62396936744 1990.31429689259 615 381.775345894155 4876.66911913952
7273.38675708396 1992.87977917233 993 560.946375891991 6003.64365286515
7215.02411646583 1993.42782385545 907 136.439959364284 7162.12572137514
6595.29639919509 1987.56065229804 678 340.098094638797 4761.24115285486
6420.49199400381 1985.96800621054 601 316.164852043643 4182.76771442427
6700.87070119816 1990.99314973618 758 354.552830823519 5209.94512682937
6847.43774021416 1986.52533902951 787 355.48172622332 4535.70418276173
7157.10351829792 1971.48063822924 868 593.478728134827 4817.33579886709
6719.77865604894 1981.10638814758 749 446.293482051515 4931.3315487163
6795.55169406273 1991.74544677698 779 337.94927431617 5339.06194075849
6486.0219792595 1985.29520785365 642 241.743485509906 5141.60199188883
6915.66228998805 1979.82734815243 805 448.711887689516 4277.03873175731
6906.19643052462 1990.64171593159 777 193.241544699641 4463.84029461058
6726.93005233655 1981.80015002259 751 284.424455560098 4553.45151113812
7219.15319643765 1997.18790401233 928 91.5313649058413 5664.65374449641
7308.27379910554 1987.06676086411 993 22.7091704182915 5920.47673380375
6964.95640137611 1990.17614994601 823 414.375545721745 5257.30443969551
7568.94029463239 1996.60344231005 1132 590.040176778345 8618.44884401372
6396.75610535971 1989.89961786503 598 328.690879057603 2783.34498358781
7121.37837012828 1988.10745818191 868 144.947245245834 4971.00938986379
7422.42742564464 1989.63354250825 1009 182.777562317984 6947.48034351796
7229.19743655862 1998.38893726869 878 73.3232114456086 6869.41983237608
6630.03746382063 1980.22837428991 691 326.841688811299 5644.15085246167
7218.6142631165 1989.14213272898 878 27.7307304234011 5988.85665466095
6872.3600458759 1990.32194131212 789 287.371295138055 5377.31256467534
7064.5534798477 1976.1519967817 868 575.046960235713 4569.3167202665
7269.87786404748 1985.657497383 932 99.739421895605 5509.2269714062
6609.44089008787 1979.40868058282 691 326.008920965991 4730.64784808083
7552.22543055207 1979.00598356459 1106 30.8791314047172 6614.74899432315
6952.50362007471 1994.97828700403 787 60.8756590722629 6585.49289503435
7402.42056693847 1984.38096404403 1034 587.795710858918 7153.54141194388
7250.70050541997 1998.43274822086 957 88.2256921836363 8238.5472791649
7757.21261861867 1997.47700509654 1099 33.9309536771555 8882.26418233333
6560.57255784934 1976.84062704516 688 227.660671818395 4926.25998717203
7001.86732308547 1993.48442485773 833 222.261846502218 6129.20354423501
7064.4911903328 1954.44275258315 887 244.576338427451 7659.01220890281
6633.45002268069 1992.78852707616 724 289.78336722164 5405.12606286999
7325.35679470408 1990.19222083684 1004 581.407965397579 7414.08135261608
6606.17257415191 1989.65251391962 714 165.779886183688 5267.39743167515
7031.28910480098 1983.81748528637 836 233.415086444948 5755.397953454
7112.45581585726 1986.16846431331 868 302.421296155337 6655.65532434797
7081.01612886976 1973.39454565303 868 638.950287600046 6427.43471079579
7656.87424919911 1993.32754495491 1043 718.031839472214 6211.06420111759
6743.98180613023 1984.00000539068 730 286.320688903994 5234.88950090786
7199.65779912102 1975.77730404927 940 495.512709796423 6164.36043601991
7091.33357200526 1990.07040127996 868 69.1153200098007 5402.52651598456
6940.93316960441 1983.03263540803 783 160.279365477268 6546.91599488499
6424.89941874618 1984.31044593512 614 323.935206943403 4482.75909773734
6445.8969607283 1988.1013459598 608 277.383991086186 4617.87235409189
7752.83565059605 1986.7337314106 1132 708.866018133044 7409.10512343483
