6482.8737122156 1991.07239163843 624 372.518642881531 443.933441683009
6589.36942845965 1989.48424561902 653 397.112076599684 275.321678616999
6348.82690481823 1987.68820406995 574 394.090875084313 813.845520219592
6724.72398931132 1997.78406110954 744 385.418455530623 919.539075120991
6581.22081966195 1984.16949775574 678 332.530566445135 695.97517937679
6439.66040311017 1990.94352948582 598 273.80390619231 81.8998176630049
6762.33743278277 1994.80014963702 781 283.147171515109 1959.68395924454
6435.12768885407 1987.43606591909 614 383.733990227804 1419.96064134279
6383.70427909212 1998.98497975873 593 262.539868227597 1232.43438918616
6792.1051935671 1994.81014654443 752 283.147078205957 572.384645921056
6525.57725911999 1984.52576650709 642 338.097966879128 812.475253113745
6431.39900500474 1987.80650251198 615 392.330922811566 1094.58812624823
6315.13138687776 1993.05966563457 577 370.585191150995 626.641104474279
6590.05696989412 1998.447413064 672 221.276242699967 1521.20550723647
6644.98799511843 1985.49600643784 696 506.631985211614 147.670616772007
6617.99801559209 1991.23789875637 710 228.9104391423 857.066894476245
6503.90233193883 1992.35471389005 629 283.959769207689 1020.92470200233
6406.31224577948 1998.43440806092 586 292.438101539947 400.671161605208
6523.82873158108 1990.72366843111 634 223.413587007283 1642.63694935545
6520.65467932446 1987.8410405889 642 397.833222160942 1861.92551426095
6418.33507089301 1994.79728210592 600 239.097830048504 927.844590162923
6713.45694894392 1987.74218435696 735 248.034231679409 602.127408391554
6494.78602920021 1983.29747541256 623 377.029321789401 1175.66380370682
6740.8419390133 1982.8039557086 756 236.736486277359 1440.83130579711
6438.54366223674 1986.99109800769 634 334.224443441771 641.474203033453
6539.67987302355 1989.56853630234 638 401.438142459805 909.212879129722
6485.118530441 1992.35912773208 641 355.670966038869 767.889593560368
6483.34549457073 1987.7583106486 614 230.489936488111 1119.90686749985
6625.60306425819 1986.29945509717 715 395.215263336333 1497.88979401553
6581.66657230081 1990.02195018076 629 214.143975591179 1296.29210549292
6580.46308517528 1997.1156041315 669 210.483947541762 1346.63658815889
6433.05935447942 1989.44156848879 615 420.874442460582 1790.83521940775
6556.82039884112 1988.34886818594 637 432.892468192534 401.86839750535
6701.09888682727 1996.39318066354 714 340.827980204649 326.781672070709
6656.01279930632 1983.04129254059 731 322.924211963373 371.405943062274
6494.81631501021 1998.46248158342 625 290.077667951608 1539.39364134806
6508.08366730638 1999.36231787227 597 318.914624345728 482.943886151173
6489.7836014113 1992.80224156562 641 344.3982728633 1203.78383109569
6502.59434748078 1998.26987853691 632 291.333819311229 1462.80644688554
6407.09933801561 1981.52933205673 614 284.201612807076 756.083487249265
6513.70690254244 1992.4653781997 647 360.922019078266 1049.18873785076
6549.4408428937 1994.14523849397 638 301.164938946196 590.071425118141
6640.11637715167 1991.66894594041 720 230.15204399505 1371.19826143166
6286.40290343626 1992.29058896079 568 354.715084589576 1005.39488029911
6655.67765760657 1987.15097956801 696 350.546818289575 986.321380028152
6510.70152365152 1992.64157518077 625 253.228788237191 457.688930293285
6496.65495462543 1984.1631401501 642 294.747460139677 932.126320755694
6488.4419877064 1990.36054122883 648 299.185392729559 1679.35403965165
6494.62076264298 1981.90737664607 620 417.178380552598 1032.71314253754
6658.44828963561 1996.30456891689 721 353.263636066599 768.118344677752
6520.85841016039 1976.75401199535 678 341.290574130247 1420.8584012296
6562.36027752223 1992.67631956903 675 407.250774195293 470.188475147386
6504.38617894821 1990.93253404242 616 306.905351213141 560.704087339892
6702.16767139518 1992.80384974956 730 344.656731961625 504.99314772035
6685.33563795569 1982.48990081916 729 331.724724769883 1352.17297586104
6540.77142999927 1996.47915154503 655 352.04559631705 1403.25945394211
6425.3275686315 1983.6005413956 593 394.311626196009 1356.55926359848
6421.79342170832 1993.75148509165 617 275.231402828059 989.735502980678
6471.09046301067 1983.3892617316 614 301.084059248395 1244.89821490857
6531.99654458898 1985.98810786109 642 347.578613570907 1327.03914163466
6536.08154350745 1983.84371625344 637 381.319314751399 526.204745767712
6583.00829759652 1991.67647568405 705 293.161689909699 1544.96896595091
6546.2471281675 1988.78700077593 663 310.444738899787 1220.01056962495
6539.01088456685 1989.53744651505 618 376.162815600995 1469.11246049574
6507.24076296975 1986.86540622215 623 382.058444557999 904.67746267585
6463.66594290547 1988.79402472164 614 288.148867107504 902.11281442788
6666.56350841238 1984.39695576989 717 304.048533437462 351.465913564619
6568.68592347429 1984.51827701776 684 292.788511122285 1098.24096649957
6608.63404792972 1997.35045892466 637 291.503639727885 354.465665724477
6603.16619185802 1990.06217438412 708 261.321345803535 1436.48622017441
6560.61197152231 1998.32957644522 651 305.988772304921 1671.70111949627
6619.77499268693 1989.14137973558 708 403.594852027235 464.548322850757
6619.0317537706 1990.37007366897 710 204.489352216328 760.307727016272
6605.25855180129 1985.46462268665 706 379.405196692712 418.780196309578
6738.27179484629 1994.61980326731 749 259.627560835675 947.013486763128
6589.75384982114 1993.09070229375 675 280.721704139241 542.321231018356
6522.4121638513 1993.04530588681 643 281.389732560688 1197.55265335674
6489.43385965119 1996.79794733792 625 370.172758757135 834.178885906429
6473.29656021018 1984.20486177062 614 438.614387068921 1045.59182526352
6634.45627657733 1997.49253274972 696 219.076668469006 1525.42954315656
6525.58100975861 1994.87736491711 617 242.924172912106 867.009287854961
6667.42123544549 1990.97215702767 726 282.624401421426 973.8348992437
6413.25773875632 1991.56640204476 592 393.882063126153 840.345940441945
6419.24671691714 1991.81388312417 595 352.807272293339 1262.35114164607
6422.27155617486 1987.64547506121 586 252.27472600349 1276.74746488779
6930.48534833169 1976.94518086152 794 342.635577202246 1926.30770283681
6609.57340935875 1982.96504718544 694 351.82047876031 1172.01480908575
7173.65051472033 1974.57622766854 878 129.259222338014 1606.50232504505
7339.90627969602 1996.39767649589 932 675.525412963091 837.314826638043
6961.42016117009 1988.50051709791 774 489.863120983422 697.449961085745
7230.27066365941 1991.83036467982 887 623.704881339976 337.040929077637
7510.48283599067 1994.59695428944 1053 3.88453091599872 1357.84104218812
7511.05501434847 1985.55327459779 1053 687.911613281188 1953.35323453127
7245.6133699838 1993.2398550436 923 86.635692089587 1337.13275184688
7093.0431546403 1989.88981633733 868 515.638945253166 1611.26581081937
6831.6723680127 1993.99220413782 754 217.350029728893 938.66628684571
6934.20167640858 1991.63482303263 780 207.732987727846 900.029491994477
7215.24868286958 1973.9357423929 932 641.950922043958 1332.74576769121
7179.67617575587 1998.97553667535 868 140.508062979106 818.184849466213
7491.90542678835 1995.43345096641 1044 38.0209115220149 2043.71798993712
7077.35569714027 1988.69583154424 836 499.263239562025 435.792608002023
7328.9118723995 1974.59058992938 923 82.8328573651284 1545.43006288811
7675.13498301361 1997.12071772899 1092 50.5628159471715 2767.23313189153
6644.16112763399 1981.99538833946 708 457.638471255816 1314.4739513176
7265.25980884258 1990.65983147627 932 609.559874435629 1484.24492073228
7022.82521952233 1996.92624999196 811 361.418610212797 1766.80255206991
6539.85258855784 1994.15492642485 635 207.333103980583 1688.14140196674
6792.1051935671 1994.81014654443 752 283.147078205957 572.384645921056
6676.62453935209 1980.17170812496 720 305.630603683015 825.445534535179
7694.50545882681 1988.49482601317 1079 41.9820748392718 1725.53605147437
6929.59470895313 1990.89904992577 805 245.66108482102 1756.14999339364
7088.88052458903 1976.12270828092 903 494.029400483637 1848.99296766609
6315.13138687776 1993.05966563457 577 370.585191150995 626.641104474279
7286.50164338598 1990.90234130631 993 105.882567991729 1921.57344729951
6890.62301365525 1988.6322395343 780 115.010098831011 943.271594023145
7642.54479788201 1985.0406041124 1051 153.942395285164 741.048484336803
7199.5662670302 1982.14740676831 907 147.396549419728 1420.35055592237
6651.47526339634 1982.29156815129 708 376.048529871295 1433.66573592727
7096.47814369636 1969.13035297667 887 398.07871076507 1292.24839038715
6582.76724109141 1989.61245353457 692 256.076813177964 1024.13003773763
6568.832452296 1973.84081786246 691 234.978531486113 818.14302765969
7655.2833974565 1994.43949923024 1061 132.970603294587 2758.45472990046
6751.78242432039 1984.0747398915 774 304.007387973522 1950.92186499513
7097.01250664392 1984.49356140394 849 609.531625031063 1122.64703326521
6422.108855539 1984.52835684946 587 297.407972979521 845.552554505634
7574.58587716298 1990.96531389808 1069 647.894222981461 1455.36068774882
7554.72769645523 1991.75350358526 1053 49.3998935101518 1344.09784821053
7791.81241940168 1991.40557909204 1170 608.310663032114 2422.00034644097
6627.20506300663 1991.01737195224 719 317.024113471099 1619.54539435083
7321.35009301792 1984.78415609438 957 22.1052366015381 1321.56849956256
6770.80905790731 1994.0790590173 754 409.691512239005 1283.24164928075
7168.23622439471 1965.15559736434 932 163.318202984475 1277.35974908869
6546.1630848405 1972.87027996646 678 334.08845685367 830.600068383164
7102.18417344152 1969.89724954462 836 667.47454350481 925.345733031033
6639.39747083049 1989.89459637183 730 380.900834182873 2159.29723892286
7371.0923361496 1986.71496334703 999 67.1177329468495 1311.36503501329
7144.13396572057 1953.7562567186 896 600.112463563635 1511.47990973304
6868.2114121632 1995.15299686775 779 309.440259348285 1910.0503961137
7306.27932536067 1981.88990686636 957 227.833014985661 2203.50360269916
7161.9802378015 1982.70565622302 878 8.97211154579873 1253.59869209638
7278.25121423675 1984.64457631144 932 74.1989510399818 1311.35204339821
7155.30616301931 1964.10477729439 887 550.551706317349 932.084746281618
7134.48796780363 1997.11629845066 876 406.361323268054 1174.39604152742
7003.91336197328 1990.43911132839 805 219.047072577367 1822.77469492853
7212.88633738209 1982.23477140885 878 664.846805216451 368.739901474611
6773.20373159964 1985.69050016219 772 364.357463422461 369.173076004543
7012.54674671612 1996.87298107832 833 593.078199726636 1736.95959877773
6495.24184024643 1990.0280819274 661 301.661206454333 2240.67477951441
7467.44990948688 1989.97033302965 1019 41.5194008823726 1993.04102893887
6533.13817762763 1990.24558459598 641 276.528843489371 1609.56396813137
6733.81607800224 1983.34565999681 740 328.043923400344 783.456884503285
6508.08366730638 1999.36231787227 597 318.914624345728 482.943886151173
7238.32404110005 1983.30941187675 957 535.350556223308 1909.99342847765
6535.01083079413 1991.18897957037 642 328.408032567861 1153.98782480301
7200.56925883716 1982.67158798306 887 192.874658826299 1885.95238288345
6630.2855973765 1984.78942184841 721 268.299814601362 1092.36575577362
7474.14436601081 1990.93527394958 1034 595.437908203663 2743.89510691834
6693.16790562831 1983.9623977663 754 183.061100785443 998.897663479546
7252.73472120353 1986.62728825212 887 629.945582048542 1267.62725258107
6887.79157729274 1989.34328594399 787 192.092677358496 2153.95456275625
7685.031927378 1988.53810131524 1106 100.327139300719 1402.43735231958
6877.79532671255 1985.40389533848 774 246.801230778571 1106.2965561745
7167.37500556746 1988.09485717911 868 196.662242669386 1200.80691018059
6993.74644401439 1983.1348337881 807 539.599445035125 1421.46689973456
7199.33315017576 1982.84294150432 922 427.865030174347 1323.93922903826
6286.40290343626 1992.29058896079 568 354.715084589576 1005.39488029911
6655.71621505234 1983.27012776827 696 350.560450405261 974.678824628958
6510.70152365152 1992.64157518077 625 253.228788237191 457.688930293285
7628.09030737593 1994.18530076814 1106 627.329992856394 2233.92708027755
6899.36449392292 1983.02501689603 805 152.368137096793 1009.12080857627
7189.64461688352 1991.02187986113 878 264.169883450407 2362.14276671388
6876.29727916838 1997.55631899105 772 484.215420648063 925.565971932377
6675.94339116034 1975.832258392 730 353.071150448998 1026.63802428348
6773.40888910701 1981.91646514233 754 435.238497813256 1040.82018995231
7229.14227826636 1991.38444836646 932 151.492841395 474.743863857895
7395.30166448162 1982.80988187957 993 696.692965142952 1020.67448918942
7127.13239387434 1994.96749954881 868 154.557106167143 1523.00844838514
7126.40932508032 1974.87277036533 887 541.651371677546 1508.04339192587
6754.44819588193 1995.28286432177 756 339.33743936722 475.401564652879
6620.33813981204 1995.74111721624 655 317.034433461691 1013.35142116428
7404.1166126723 1986.10863621756 999 11.1973942499684 1608.72518478655
6740.95026035714 1987.69347976419 706 405.508562850013 1029.04830372362
7481.02087212743 1992.63411767705 1092 620.022921854936 1266.21407201197
7631.67609016636 1984.98768490549 1106 181.374086337308 1867.17006060209
7097.01370706618 1996.80119897725 849 207.387751038571 1528.78357772913
7238.30359686344 1982.20115078214 928 208.075602667727 1894.9213188291
6807.50978101851 1978.9346476266 790 329.317226329399 1281.25353753101
7078.7758354649 1959.0629646759 887 542.258878023539 2089.76119013738
7089.86817475631 1990.46773698725 862 257.453611596105 1918.16640151942
7191.45101462973 1989.38489890924 868 212.13480504097 1638.47406585226
6780.39335400555 1996.72396392477 759 148.447180897857 683.038468837567
6470.41928254686 1982.75684103869 614 300.846761119715 1243.00095282981
6809.66559164831 1985.31242589385 754 284.592746918964 527.673455408124
7482.86343649397 1993.50360488143 1053 24.9851454902779 2731.46605795928
7051.3835391282 1996.04578939656 787 187.618510764945 757.63839796968
7489.90843827651 1998.3537765947 1019 59.5112796504432 1633.19755543378
6676.17477965657 1999.51609437192 704 330.394010321348 821.091488463948
7189.63925882879 1988.81966549606 868 149.079030094542 1284.2012992223
7340.93878218816 1981.89051301068 947 659.687142816343 1791.34772980698
6811.64725668382 1984.55498745574 764 362.621849578945 379.894319825915
