6479.67539479411 1986.37635049069 650 310.459642606059 4717.92267116119
6402.78449010761 1994.79076306843 581 325.141111213694 2914.34326073834
6850.48029379292 1996.86660569381 774 377.249197391067 3386.09197702206
6453.11744606751 1986.32631930953 629 381.193903471885 3096.36710884016
6688.89563581858 1998.91049169021 723 298.505980159484 4016.63876458305
6646.71601754834 1989.29156318517 731 206.313557428664 4312.77898273272
6587.50479581506 1993.27448586932 691 300.957836333793 3288.1945124451
6573.82969193531 1985.97821379328 678 250.490780752454 3418.20679640323
6748.15384763806 1995.10997655497 731 275.39258397321 3802.58155939256
6435.99360144342 1991.53931991647 614 330.948740341876 3040.15804476662
6549.06098257955 1993.94220894681 680 324.6150680521 4132.61396172339
6632.00292137995 1996.62091116651 660 302.934494645919 3111.52623181386
6612.39914477676 1988.63087419045 721 280.13299729764 4097.4904873668
6667.73960215635 1989.81157208502 739 248.062811253778 5738.31547431545
6660.02480301633 1995.94931335345 749 336.126444560994 3320.74702925913
6446.96438955374 1987.66400116305 614 374.952415795821 4706.7974798695
6468.27751008595 1983.9735175922 621 251.44713915039 4029.49300793527
6569.31275128907 1991.21662251828 642 371.187976285829 3482.70012999249
6494.16897565507 1991.67323176271 616 298.457239839046 4166.5927190112
6533.66432846978 1996.07694570671 669 272.838415688487 5787.70843347054
6544.97117039834 1988.03515786537 678 296.802370285631 4755.4882003434
6666.78559272752 1999.14232881755 685 406.74244337132 3354.99599144546
6578.35447733208 1988.91084513183 708 435.523786180137 3971.37707523328
6402.1537885764 1988.94377605695 609 314.712376580789 4649.18733718337
6641.79275300543 1990.66879625099 654 268.981719693618 4027.31119654908
6498.18311871342 1992.58131957047 615 300.905110522569 4008.17468291833
6473.21693543683 1995.30759934179 619 310.109902961418 2845.08366546428
6337.52076851554 1986.19778737727 589 305.577294059237 4213.12190821091
6690.12388378842 1991.13601716735 744 451.509886281181 3714.32524811964
6479.24008244328 1990.75435484399 615 268.558457292501 3666.23063139618
6488.44557864048 1993.62385006562 620 320.525327728519 2669.7545872931
6479.62230601901 1986.4765261763 634 352.274055557571 2548.2509341335
6410.67034506445 1994.82574045774 598 333.175670613567 3564.99896619486
6701.78942612461 1990.56545142048 749 351.520010595387 5889.11411769697
6383.84999135158 1987.87420445163 618 354.90310546334 4297.77387170794
6457.90303078955 1985.69840820905 614 375.995477872619 3408.39159168674
6604.68341766062 1996.63618798853 677 235.330465833762 4111.10645881457
6665.56390173999 1995.30997042623 707 277.166616369045 4231.83114890817
6778.27479993462 1997.12165668722 756 211.843350643981 5272.96086552092
6427.79604352746 1988.6358588562 580 415.391728151254 2920.26570776113
6474.03663407105 1983.6381016519 615 335.125680980586 3858.60543308261
6567.12379292217 1988.84735704044 697 281.095143175272 4257.55126209929
6607.66532927503 1989.81159470153 657 362.030676350623 2793.45577205127
6447.26542023853 1988.57031848598 598 345.886066819398 4562.99322034986
6634.54647385408 1983.66007983632 730 372.188565233618 4492.50999762492
6432.94395660703 1995.83622148771 598 292.239243635182 4483.69326280742
6499.13932731784 1989.75566661293 641 399.204200926515 4159.98054513734
6458.27615137434 1991.69652676747 615 254.559702848177 5205.06206847614
6503.56842232462 1989.32383680531 648 276.401870917395 3662.75796808575
6539.16592459902 1993.50352402152 633 195.358495905058 4722.16204070214
6498.60805261924 1995.76326795813 629 260.056900321508 3330.73228054557
6451.02995145433 1989.94933959741 614 256.967960279919 3580.10369627116
6620.22834804693 1989.11777925168 708 237.243874771825 4348.35493866244
6608.34248965371 1975.79673909097 708 274.26056741908 4647.80905389744
6557.54618324344 1991.35568223333 625 285.09148590742 4573.98515314914
6410.29940263028 1985.0990333531 598 260.398856303415 4563.98752821453
6682.9126236058 1982.4075337792 749 237.405101440656 5424.59988600199
6455.42845176809 1987.85665537282 599 289.55919069387 4055.88427605546
6466.07288115919 1983.66860175863 614 404.316544417761 3534.66899153947
6495.61462036684 1993.88126689294 628 292.221380199914 3968.61305470331
6558.84099557251 1996.04629941666 687 371.317462112958 5259.92025251232
6670.79127614265 1996.65575504497 718 340.876885591827 3845.96921835491
6526.82475597841 1992.15436440391 655 246.556133466787 4025.28602046813
6661.77599761722 1990.89310609225 721 320.010299507793 4441.46575381412
6716.90178705898 1998.37372784478 746 273.858941244035 4512.42747059744
6514.16798170716 1985.45114303684 615 273.515870682514 3936.97923769356
6556.69406357299 1990.2119722302 643 253.102022445602 5528.29354950423
6469.1208690707 1996.99897814025 625 303.611325043627 4273.47262392381
6585.40666825313 1991.74419580637 669 281.46900877349 4292.23069069074
6645.35190266685 1990.4622596405 731 340.358304311953 4737.83460593372
6685.74926643507 1989.21211344157 721 359.086204285531 4159.34832295289
6486.89632773417 1993.32430669665 615 319.246632626599 4261.41689302844
6624.74053714574 1983.22642364722 700 297.37648046534 4020.48093569264
6709.74331686213 1990.37415608348 730 395.968305089187 5207.48539505537
6475.69386771247 1990.96460297849 634 385.977584766924 4169.48690700434
6479.67539479411 1986.37635049069 650 310.459642606059 4717.92267116119
6515.20630705643 1979.54897799913 678 285.393996654781 3558.03643703683
6977.26362722117 1992.19358656775 805 243.639699629122 5266.5337640499
6549.53800108512 1980.09233455523 642 385.511889794475 4385.69888394219
7330.54134084769 1995.51547517113 993 78.1554442291952 5875.56340484881
6952.60364995023 1993.15930941843 813 155.642807540012 5548.30495635726
7689.88731516601 1993.60844853234 1092 80.4739988968089 5328.87236637496
6897.98565197542 1988.34976669077 787 223.909240905994 3393.66994558469
7464.29286963487 1992.5918044548 1034 94.9987657527122 6646.33602884556
6731.02811286881 1991.05226681979 753 313.402060274684 4095.06800093572
7108.20922575359 1986.98918508533 878 369.476045925399 5040.89088981005
7213.03383503108 1985.24924522462 932 43.855649376776 6033.93292501066
6859.36258420494 1980.6922578829 774 290.25584124955 4893.51332510082
6942.47597328926 1989.96295882428 787 411.750417082743 5648.4563297319
7405.01248600848 1991.82063035122 957 589.990452037753 4714.57225628565
6566.26658186268 1980.07866312923 644 371.411734030275 3957.30395519185
6944.30498650646 1993.6234727775 787 264.963454269416 4894.18495518347
7059.89504077808 1994.78633620088 833 422.340832885717 3677.26942500565
7102.52179419239 1988.45489756731 833 614.630536071838 4749.42364711642
6900.96524494793 1989.78830182083 787 263.226848382949 6036.68597250865
6850.47213559731 1994.2749031764 808 431.180003164159 4969.93574023283
7188.93392646126 1986.3482860988 932 588.058638522247 6128.8714066659
6489.1603916372 1987.80055962637 627 405.428478172088 4422.25260425846
6577.53589931349 1966.54694816961 684 307.814669969129 3750.15499427595
7479.89638118188 1986.30296326773 1043 58.2848503306225 6795.6263832662
7593.79692459776 1983.77967026846 1034 765.512361997587 5911.21591457571
7688.67593353656 1987.13141184217 1092 706.888182707297 6501.18983310301
7258.88528379815 1991.23126430521 920 48.7306185343046 6905.98417751505
6612.39914477676 1988.63087419045 721 280.13299729764 4097.4904873668
6667.73960215635 1989.81157208502 739 248.062811253778 5738.31547431545
7100.56389828745 1969.82811342227 878 579.939057250234 6690.73125644804
7698.99844947298 1995.43407903032 1106 17.6759594775006 7408.29888489779
7052.09131988867 1994.79499681412 846 474.742890939305 3998.28603170085
7044.71465854951 1992.59141613652 836 581.227663902854 5135.37324769446
7288.89392084828 1979.06892599206 932 637.670860570911 5907.61519459015
7494.90794468701 1986.82882148612 994 81.3774593338965 6015.00874888715
7093.48270265185 1991.44267149455 849 556.510039837251 4547.27425822891
6784.86892898513 1992.0093177565 761 273.425721517617 3997.04226189171
6669.69467066161 1991.77615179771 724 398.358584918584 5144.94904837231
6906.37001365818 1988.83416704473 787 152.72216524698 4568.91485281598
6771.37687890505 1998.5205537849 768 356.882493881449 5845.92221676147
6544.97117039834 1988.03515786537 678 296.802370285631 4755.4882003434
7484.31631459338 1995.31669886464 1004 695.783202001161 4525.730099988
7527.79052192679 1983.65530990463 1044 59.7453599699873 6754.80859068166
7254.35618934845 1975.35840603028 932 596.543644338215 4790.82211584474
6570.90229362225 1985.31682090657 708 432.889041362201 3985.89087515617
6402.1537885764 1988.94377605695 609 314.712376580789 4649.18733718337
6603.90337534726 1986.22765101431 691 422.405830534842 3661.79747070769
6594.12501441816 1982.42312820837 707 351.945814262764 4490.66493888033
6825.44610998317 1982.1042339992 754 436.302082161066 4011.87583467573
7263.88274129152 1982.41334959648 877 49.0396950809402 5013.79018711912
7424.96776208397 1993.17588436106 999 26.7627424908682 5495.81802609358
6473.21693543683 1995.30759934179 619 310.109902961418 2845.08366546428
6956.94884745176 1993.46808131293 805 509.404005710649 5319.15775612479
6693.84824659041 1985.26360944223 693 440.363404281313 4094.28404889019
6618.94720403249 1980.95475679758 722 206.07802357964 4564.08271920747
6772.32224617353 1990.23735150592 767 422.44837655871 3616.57364173224
7629.17932982909 1993.91510451649 1069 67.1722490974131 8643.53064268241
7429.50674022381 1980.80710020831 999 653.240692161951 4213.86061310466
6884.11031645994 1986.9159195154 780 209.265948011853 4479.63674584949
6978.37617707645 1990.77445242617 805 256.731405722445 5101.96546036897
7118.29066839278 1972.79547608489 878 82.9941060481265 3821.80830477551
6719.05344731142 1988.03298489027 740 204.036580728677 4744.27480255423
6781.51495642404 1983.26076178386 754 386.971917612134 5136.50530895278
6769.71764588009 1989.5518952824 762 309.154282765824 5163.45832495758
7756.60658571284 1992.57504727237 1164 724.454193823772 8057.82278357582
6504.04154123835 1966.85029283053 678 397.397235446469 4474.08462786832
6724.99418667117 1988.08411719357 732 331.639966329016 4825.97841096713
7400.06170734487 1988.74829426923 1019 45.8782252883827 5328.72153289153
6665.56390173999 1995.30997042623 707 277.166616369045 4231.83114890817
7414.62332025145 1985.51782573086 983 72.8489556834006 4680.20536787636
7046.81765706687 1983.96441580036 839 234.694236945402 6216.49438107277
6506.6035751489 1981.37490605387 647 306.257933631222 3753.24859436076
7193.46863109962 1968.10884607044 878 686.097867571716 3688.64886137693
6586.9013395973 1981.20107564451 678 394.613604169975 4011.54575277082
6992.12881312963 1990.2415965908 836 151.952434434567 4485.31249917276
6716.13217255108 1996.35097756268 750 333.777561019882 4904.47470424862
6506.03909739505 1986.40474268528 614 352.439673636712 4070.20393684269
6515.32515829921 1988.35796948724 630 303.070140852982 5018.56381270021
6562.98297746189 1962.83388459585 691 374.339262215484 5179.45735317824
7187.90674928171 1980.06705581201 887 156.884354944605 4207.68786778698
6725.67784735242 1984.43240386873 742 301.136657583406 4270.599414571
6758.04272330907 1984.9783809018 754 464.173293637741 4272.78006668809
6887.89543363758 1984.32320882932 785 431.541121695982 5876.76648406516
6795.73019988801 1995.93261136167 772 315.201512385865 4689.26841717723
7841.83616917352 1998.98086186342 1132 771.653222059418 7130.36368386637
6894.30028167679 1977.04050664322 785 237.353907847993 3898.92322008497
7054.40818982084 1986.92184270031 836 72.5184568499877 6009.50411926095
7736.35356568105 1996.54365796702 1096 93.1981570276397 6559.43238357065
7235.53981266933 1971.5116083984 923 138.847312495964 4045.84209988117
6801.79916403532 1991.13777348813 772 283.894987874537 4202.16085728316
7118.60188255923 1973.76543620431 932 54.4801014574358 4463.20713662538
7631.41890866149 1990.39945421158 1079 839.634073006212 7964.73036692724
7489.95722302717 1990.74528664331 1019 14.8691232138442 6371.16648190606
7181.00385056772 1993.7044087304 878 87.6619082510913 6285.91234755855
6561.41589360802 1981.24935885225 645 295.931638924638 4130.38243026619
7037.10405066527 1990.15856744385 805 153.339103514952 5820.69792909687
6920.18125212666 1988.50468876572 805 91.2515883448676 5654.96817364609
7199.78826161171 1990.32213830555 907 76.4685230593271 5496.06223261651
6511.31602236438 1984.14934106764 619 315.960478395143 5760.4137303937
7092.87839511071 1993.81293527553 833 183.198708006072 4766.33142112646
6965.01908522971 1987.0032984165 821 439.549317379004 6024.66191211669
6846.59497571474 1987.77917961107 774 425.540396821774 5883.4176950984
6594.329798063 1995.70924246102 636 273.186405286891 4039.40374114912
6797.4900979707 1990.42977838219 772 286.68988327282 5661.48261359202
6624.85733434432 1985.67577702428 709 304.692761935376 3387.96850362349
7218.28337291228 1981.10233157831 878 122.948536747492 4875.78321436695
7220.96049442445 1996.62019657727 887 257.193425671231 5548.81157155544
7527.63525375174 1973.67883452094 1069 637.605415237866 7050.4058189574
7013.76096613954 1977.01901116053 836 536.743729980148 4778.19592890949
6620.22834804693 1989.11777925168 708 237.243874771825 4348.35493866244
6888.8482481909 1989.65187199468 772 233.471410100776 4367.26757723329
6602.28145737595 1987.8253109335 652 300.907793756092 4721.8972611438
6976.20556370791 1991.72883052314 830 521.678294923243 5780.11453182101
6410.29940263028 1985.0990333531 598 260.398856303415 4563.98752821453
6903.31040719058 1986.39219871852 798 159.482717775012 5693.34999793652
7409.97096392368 1994.13818991849 1019 634.668284166439 5570.88368209408
7505.03175711024 1993.26755591565 1069 38.8038091297405 5638.57427549842
6870.9181678375 1989.65371808128 818 315.751267862061 5726.47562080241
6765.40380022097 1996.71786009291 721 448.065208474534 4394.36011060833
6564.6343425163 1978.34556878036 678 338.256352948023 3979.40583352019
6600.08750802327 1988.35346692086 677 375.483784087098 4071.494612597
6776.39395717091 1990.80575704717 758 271.240472016056 4710.82774179598
6967.1298656414 1990.77357683131 787 458.927193883156 5599.50981780324
7178.49572234178 1992.55169079011 887 152.236432466533 6829.43119602111
