1935.93732948668 463.894914933578 490 12.7441271464914 488.401047453211
1855.33790364963 468.093017648463 430 14.0950214510532 358.588388102493
1842.43234922127 459.353823485289 390 0.250224637671637 338.91381183683
1954.99227124907 470.800074353884 490 49.2072956989686 426.521141299057
1980.76510700648 472.497259339044 470 1.08990285824472 556.59169784372
1748.2249669041 453.026015946174 390 41.4855207445449 165.424857408889
1814.33864870237 457.688821287677 397 44.3093735902897 97.8270446427902
1662.13936113737 424.558273456972 360 29.9764070829777 168.582541740264
1930.65140961354 472.407919876861 480 14.2734035612464 515.210911656667
1935.93732948668 463.894914933578 490 12.7441271464914 488.401047453211
1703.7237498322 420.714075708542 380 5.35274733747538 235.752074502514
1802.40487852383 431.813844876919 430 54.5344690219367 281.973807268765
1950.15336888616 465.022974732638 490 50.9181060361248 416.781202147061
1980.76510700648 472.497259339044 470 1.08990285824472 556.59169784372
1687.99640084194 442.781147366182 390 50.418079563219 445.269424458396
1675.98734210505 417.104325948398 370 27.2853273048311 92.7965779832012
2025.11951135768 465.319898408479 500 12.9928593073499 470.044585928146
1820.53375627741 456.073986094811 397 42.1190723020448 96.2122094499247
1818.0599407526 447.569736633983 430 35.6519744658923 379.31590878949
1953.90737804002 463.100867232544 480 4.70501939806882 465.631871911131
1759.17535982419 413.601835228342 365 94.0505137664702 145.226639903083
1963.957544234 467.193351614347 520 68.5717191867697 558.537005668922
1909.11031328041 463.94529225266 480 21.8893312069203 475.845420340497
1821.7535594856 468.132228809244 420 0.729172311011011 427.165162142686
1670.51207435766 419.607363319329 360 63.0730908500812 97.1964523192425
1738.99281365048 433.765237260609 420 10.4134709968325 349.595611639059
1935.93732948668 463.894914933578 490 12.7441271464914 488.401047453211
1703.7237498322 420.714075708542 380 5.35274733747538 235.752074502514
2010.34568974516 474.576356032238 470 1.96004585664254 544.899048343917
1597.712465634 377.528175301015 380 64.5677456312969 210.312699956171
1802.40487852383 431.813844876919 430 54.5344690219367 281.973807268765
1927.37046272838 481.695738154269 450 2.10781104786754 514.271545748932
1819.02718184575 454.642649523398 420 138.065718064502 263.897698095496
1925.06140854367 424.745061131063 480 9.2745850218613 205.599166162769
1558.53685760693 388.52134257825 370 60.6387090760627 176.265585176158
2016.33277013263 463.883000175053 500 4.69114701113064 352.513387977239
1727.20880788615 404.298166055141 410 0.270344110778168 207.006299358666
1687.99640084194 442.781147366182 390 50.418079563219 445.269424458396
2168.2411285927 470.657018330164 540 34.908031774665 234.392776144743
2025.11951135768 465.319898408479 500 12.9928593073499 470.044585928146
1820.53375627741 456.073986094811 397 42.1190723020448 96.2122094499247
1906.17608024555 413.977169866522 490 124.607879880516 359.653422146555
1953.90737804002 463.100867232544 480 4.70501939806882 465.631871911131
1922.70622209154 465.05628756178 480 16.8399834366719 412.694077716702
1697.66443049978 409.78952058228 370 147.271588304898 172.597214702727
1850.88075508202 459.929541816594 430 9.56884645057766 375.116794655824
1753.70246697549 428.831041690077 400 43.4999974286338 134.719697221617
1738.99281365048 433.765237260609 420 10.4134709968325 349.595611639059
1698.89741373331 385.652465217731 420 12.8906455789754 171.851255754442
1932.84487473561 437.449667913106 490 152.995189698333 337.283317007121
1889.19195647887 473.764872953444 440 8.6464055598313 356.94264596442
1850.42953440752 409.358549098508 490 89.7082646832301 216.844006523932
2316.17745697637 478.581313609957 580 195.676446847445 357.517718709903
1802.40487852383 431.813844876919 430 54.5344690219367 281.973807268765
2062.51939450759 462.341974094439 540 18.2329605272588 450.646625496061
1815.4059461647 426.641920166149 430 104.785476557317 266.034777217254
1801.36961813257 425.939015282459 410 125.397686869453 212.664594494627
1818.5637633289 454.333419456933 410 126.90950078627 266.527934077204
2003.7075659371 438.931404300475 540 151.594045041159 324.425467562115
2016.33277013263 463.883000175053 500 4.69114701113064 352.513387977239
1723.37066982864 400.216876375466 410 1.6273308345754 179.520162837917
1899.12134482645 438.116847447562 460 6.53302616084593 197.739993073964
2144.87628258593 468.999843008204 560 135.787183896921 488.384899302403
1687.99640084194 442.781147366182 390 50.418079563219 445.269424458396
1971.61452149684 445.271699619982 460 154.190533523694 186.38103450047
2083.52302908911 457.687106255533 530 4.95566045055317 297.096532605134
1604.99846884227 390.135973318181 360 104.081906566405 60.1109507754731
1870.72131658947 462.260378787373 370 17.3458733656826 182.789855458132
2025.11951135768 465.319898408479 500 12.9928593073499 470.044585928146
1820.53375627741 456.073986094811 397 42.1190723020448 96.2122094499247
1902.81532544576 409.29298265966 490 125.796086134934 354.969234939694
1589.48300433956 384.508660302243 360 8.908855040377 143.871991563711
1953.90737804002 463.100867232544 480 4.70501939806882 465.631871911131
1922.70622209154 465.05628756178 480 16.8399834366719 412.694077716702
1943.30334241135 446.690057797659 490 5.60251181733059 414.529711733571
1697.66443049978 409.78952058228 370 147.271588304898 172.597214702727
1642.50764555587 425.665755193573 370 52.3306294063386 179.296416220818
1891.13826080798 471.000609628459 440 11.7214773958807 496.240250888858
1753.70246697549 428.831041690077 400 43.4999974286338 134.719697221617
1825.15998104142 449.285762211285 430 38.3479411285764 382.325830240542
1718.39096956859 423.467477479056 400 22.3420488134623 244.773396005799
1798.23779741235 442.429491981832 360 15.3170727695245 320.59031616025
1830.90109664543 412.782003291661 470 24.3298763107983 202.604610428374
1935.47052404299 435.967295166705 490 153.923496913465 322.337740059506
1864.19262917065 458.377977450211 440 0.19219137254042 341.555750461188
1649.2939082903 395.293861840048 380 22.3297701263437 290.118187971812
1878.97303005951 465.558388244246 420 12.6305712688624 442.804526864804
1850.42953440752 409.358549098508 490 89.7082646832301 216.844006523932
1658.09937749254 399.5381012462 360 100.042842768234 199.176097426406
2305.10929807481 473.768439389906 580 199.589631954717 325.917638054017
1802.40487852383 431.813844876919 430 54.5344690219367 281.973807268765
1658.77588253174 420.635824572779 360 53.988332066986 127.238698157881
1804.8980149369 403.67065776841 440 204.343123122111 382.370317482794
2003.7075659371 438.931404300475 540 151.594045041159 324.425467562115
2016.33277013263 463.883000175053 500 4.69114701113064 352.513387977239
2084.74291777938 435.903008930114 560 73.8957639727079 250.648220929617
1931.85840741191 465.090189151282 490 88.3033665326487 633.885587808899
1899.12134482645 438.116847447562 460 6.53302616084593 197.739993073964
2109.17993165078 465.405110698538 550 188.262162363524 445.19739934671
1687.99640084194 442.781147366182 390 50.418079563219 445.269424458396
2148.70089302247 472.954534040983 550 90.6636701485613 506.489827654386
2050.95733633502 457.28067832457 500 166.610133701428 178.474008566237
2083.52302908911 457.687106255533 530 4.95566045055317 297.096532605134
1661.17031665973 392.404148572404 380 123.941653818156 210.775158147649
1917.55504998056 466.401828824572 410 0.787648131122479 295.393194020354
2025.11951135768 465.319898408479 500 12.9928593073499 470.044585928146
1615.7765024421 396.893759948226 390 48.5781110080647 228.349038225028
1820.53375627741 456.073986094811 397 42.1190723020448 96.2122094499247
1759.30646267335 428.308044417542 390 0.128509716340565 353.346205291905
1901.88701432574 406.975179524377 490 126.124293678942 387.668674653428
1705.02659344375 413.960103101473 370 77.1867658553698 126.398428190331
1780.32139610861 430.950895222404 407 38.8718007628248 324.13854618232
1975.57242468138 470.413872253721 510 12.3647700954804 490.187264202524
1948.09907412418 418.640655563687 550 80.9172575172626 390.824210143014
1922.70622209154 465.05628756178 480 16.8399834366719 412.694077716702
1697.66443049978 409.78952058228 370 147.271588304898 172.597214702727
1642.50764555587 425.665755193573 370 52.3306294063386 179.296416220818
1891.13826080798 471.000609628459 440 11.7214773958807 496.240250888858
1753.70246697549 428.831041690077 400 43.4999974286338 134.719697221617
1825.15998104142 449.285762211285 430 38.3479411285764 382.325830240542
1718.39096956859 423.467477479056 400 22.3420488134623 244.773396005799
1801.21268541103 442.616813452531 360 16.3688545080905 290.446193258068
1830.90109664543 412.782003291661 470 24.3298763107983 202.604610428374
2064.66970013661 414.870256754443 540 245.063904242261 354.944797161514
1649.2939082903 395.293861840048 380 22.3297701263437 290.118187971812
1878.97303005951 465.558388244246 420 12.6305712688624 442.804526864804
1850.42953440752 409.358549098508 490 89.7082646832301 216.844006523932
1658.09937749254 399.5381012462 360 100.042842768234 199.176097426406
2003.7075659371 438.931404300475 540 151.594045041159 324.425467562115
2016.33277013263 463.883000175053 500 4.69114701113064 352.513387977239
1810.86854766093 438.964253554638 400 80.3692944238692 244.6415532483
2018.18070921691 435.349584910811 550 50.3624694500704 248.98794887171
1899.12134482645 438.116847447562 460 6.53302616084593 197.739993073964
1656.6398742133 434.583108338997 390 39.3318732564359 412.477268349654
1930.68156792014 468.286473223993 480 111.596189159356 530.665551174224
2148.70089302247 472.954534040983 550 90.6636701485613 506.489827654386
1971.83713804668 426.568705615217 530 34.5312650089286 182.728820758362
1661.17031665973 392.404148572404 380 123.941653818156 210.775158147649
1917.55504998056 466.401828824572 410 0.787648131122479 295.393194020354
1615.7765024421 396.893759948226 390 48.5781110080647 228.349038225028
1820.53375627741 456.073986094811 397 42.1190723020448 96.2122094499247
1759.30646267335 428.308044417542 390 0.128509716340565 353.346205291905
1901.88701432574 406.975179524377 490 126.124293678942 387.668674653428
1892.35907026617 422.715415618599 480 168.661983694604 313.216949362634
1876.52246171662 446.672398734292 440 18.4896330877664 309.991243391145
1973.97954129639 469.340150423813 490 7.62920606240252 409.511513249203
1915.9953106836 475.010748016289 430 8.69892056019486 475.894049013186
1948.09907412418 418.640655563687 550 80.9172575172626 390.824210143014
1697.66443049978 409.78952058228 370 147.271588304898 172.597214702727
1642.50764555587 425.665755193573 370 52.3306294063386 179.296416220818
1753.70246697549 428.831041690077 400 43.4999974286338 134.719697221617
1825.15998104142 449.285762211285 430 38.3479411285764 382.325830240542
1718.39096956859 423.467477479056 400 22.3420488134623 244.773396005799
1951.03215199509 470.90142141708 510 165.372329024435 522.232789597052
2143.38877018418 473.154734466382 520 3.32099325305201 396.293859669618
2003.7075659371 438.931404300475 540 151.594045041159 324.425467562115
1810.86854766093 438.964253554638 400 80.3692944238692 244.6415532483
2018.18070921691 435.349584910811 550 50.3624694500704 248.98794887171
1893.06225988362 468.316174956486 440 34.7978173171129 365.621637535596
1864.87544764249 461.137047955256 430 27.2057941886193 390.242427959843
1656.6398742133 434.583108338997 390 39.3318732564359 412.477268349654
2148.70089302247 472.954534040983 550 90.6636701485613 506.489827654386
1971.83713804668 426.568705615217 530 34.5312650089286 182.728820758362
1861.49060503438 430.949269262451 420 7.86913453316216 402.839034315815
1969.11819361352 419.266321665895 520 134.422712556586 208.020544476732
1917.55504998056 466.401828824572 410 0.787648131122479 295.393194020354
1582.41101903223 403.883869099024 380 25.5792872982164 181.928506845218
1615.7765024421 396.893759948226 390 48.5781110080647 228.349038225028
1935.2054301168 462.757229935275 440 34.6216954507955 99.3564699755709
1625.24456855786 426.325217280361 360 2.7784460065242 253.333500361775
1748.94072443662 418.471210449816 390 3.5363321832593 343.509371324179
2033.64834295507 426.419812793332 520 4.67365332663359 282.832174495167
1901.88701432574 406.975179524377 490 126.124293678942 387.668674653428
1892.35907026617 422.715415618599 480 168.661983694604 313.216949362634
1936.05051020788 456.980854340174 490 5.78073148085735 372.433624998286
1915.9953106836 475.010748016289 430 8.69892056019486 475.894049013186
2070.88332981279 467.139008405718 520 37.0155064889131 514.446943851262
2202.87890573242 472.759804508968 570 125.369953003174 634.94176219856
2215.0099180476 466.238125485097 570 198.532024439567 487.525672751178
2029.955018729 452.828610970388 520 38.6417125580898 296.466036744056
1928.81942610379 463.09677933848 440 19.3040489692894 259.716406492511
1938.91422928306 469.516986190851 480 97.6721821616179 335.01079619716
2014.38210395053 434.140941039451 550 49.0194596786159 245.36201725763
1893.06225988362 468.316174956486 440 34.7978173171129 365.621637535596
1864.87544764249 461.137047955256 430 27.2057941886193 390.242427959843
2148.70089302247 472.954534040983 550 90.6636701485613 506.489827654386
2203.1991789184 454.235684446011 560 6.55962191654505 314.148111741421
1969.11819361352 419.266321665895 520 134.422712556586 208.020544476732
1917.55504998056 466.401828824572 410 0.787648131122479 295.393194020354
1582.41101903223 403.883869099024 380 25.5792872982164 181.928506845218
2071.88818223903 458.916574617758 550 14.882551181702 301.896413120657
1935.2054301168 462.757229935275 440 34.6216954507955 99.3564699755709
1626.4283700003 425.858146838103 360 2.35990899275849 252.399359477259
1748.94072443662 418.471210449816 390 3.5363321832593 343.509371324179
2033.64834295507 426.419812793332 520 4.67365332663359 282.832174495167
1901.88701432574 406.975179524377 490 126.124293678942 387.668674653428
1968.36185816154 427.421345214353 520 18.6910408517902 223.245548527942
1987.53453350178 464.488453432787 490 53.4123105974734 413.840875135945
1936.05051020788 456.980854340174 490 5.78073148085735 372.433624998286
1908.51689874949 469.589629452383 470 25.5522625436926 348.707531129397
