29888.0622696686 4768.71396290856 780 288.847125910709 10495.0784696995
30432.0069193255 4772.93831776506 800 545.679939413548 10306.9023387647
30432.1164775601 4773.50476853387 800 545.666244634229 10309.7345926088
30593.506414794 4830.59724891178 800 532.930039893847 9882.30028933348
30523.395930667 4806.01653717532 800 527.097248785089 10476.1823636943
29809.6079776368 4732.3953890128 790 630.917344538497 9786.95447535525
30466.4723901965 4786.10716048315 800 548.809292968526 9349.94038888293
29810.7546784304 4726.67661422537 790 626.789833301765 9772.41589256173
30551.1604944129 4817.56409951967 800 538.223279941481 10625.3952887679
29926.3390285646 4763.08488586186 810 616.325963172514 10409.9078052784
30483.0870883219 4794.93798668877 800 539.294918288998 10422.6771402751
30537.7140590885 4815.22856899353 800 532.466546943174 10636.8932868522
29926.3390285646 4763.08488586186 810 616.325963172514 10409.9078052784
30345.5157194259 4805.5619876188 820 563.928876814854 9853.93880483143
29131.9141206954 4652.90111979899 800 346.859292879875 8926.79846491643
29855.4096444297 4757.98055149762 810 625.192136189383 9494.9794206467
29818.7230257054 4729.60182590046 790 629.777963529913 9732.28648685433
29855.4096444297 4757.98055149762 810 625.192136189383 9494.9794206467
29850.6685491575 4738.69313059655 810 625.784773098409 9103.47878220021
29809.2177118839 4731.26215975537 810 630.966127757607 9307.95067845091
29809.2177118839 4731.26215975537 810 630.966127757607 9307.95067845091
29869.453688248 4750.55741439693 810 623.43663071209 9424.78254585921
29850.6685491575 4738.69313059655 810 625.784773098409 9103.47878220021
29288.1330422018 4748.88461717843 780 696.101711467866 8525.51569536532
30345.5157194259 4805.5619876188 820 563.928876814854 9853.93880483143
29880.4004695626 4757.77590102671 810 622.068283047764 9093.07226187632
30339.6936766557 4799.09241708775 820 561.745610776011 9985.95141484109
30339.6936766557 4799.09241708775 820 561.745610776011 9985.95141484109
30345.5157194259 4805.5619876188 820 563.928876814854 9853.93880483143
29267.7302880801 4749.22977471917 780 698.652055733084 8703.74261639532
29293.9961116583 4763.46074213182 800 695.3688277858 9482.36553778748
29681.864286886 4760.25416728478 810 646.885305882347 9228.06189677705
29706.7641698608 4767.15221209755 800 643.772820510496 11313.554942086
29267.7302880801 4749.22977471917 780 698.652055733084 8703.74261639532
29707.345122459 4770.10592060788 820 643.700201435724 10157.8531397818
29055.2670991954 4710.21460856192 770 364.345140666337 8275.70340375838
29774.6845991951 4791.55089296934 810 635.28276684371 9193.60317254168
29751.3097529029 4784.97610676669 810 638.204622630232 9929.65865056597
29677.0117243389 4758.41158374909 810 647.491876200734 9357.4884564012
29763.2230920685 4794.07227856318 800 636.715455234529 10429.8847531944
29052.9549718404 4711.45995344903 790 364.634156585711 8893.69962671139
29677.0117243389 4758.41158374909 810 647.491876200734 9357.4884564012
29774.6845991951 4791.55089296934 810 635.28276684371 9193.60317254168
29169.7651490932 4757.57068268872 790 389.669664887062 11000.1540429606
28957.1355104274 4676.75648887754 800 377.538295983918 7910.83554416551
28920.7816765707 4661.61849578767 800 382.082525216005 7469.24052666261
29677.0117243389 4758.41158374909 810 647.491876200734 9357.4884564012
29634.4196021479 4732.29692488453 810 631.519830379126 8745.995415662
29021.296106319 4711.30301328707 800 401.598519443286 8847.71229364478
29010.1117361556 4697.96919017034 800 397.404380632017 8942.6922610274
29057.8283878509 4722.83696407617 800 403.661760042341 9442.26680894577
29010.1117361556 4697.96919017034 800 397.404380632017 8942.6922610274
29015.6882821607 4698.93339287707 800 370.219199517252 8164.88610759179
29085.3035809908 4728.85391923603 800 400.227360899853 9620.04949566791
29028.7287696188 4708.33688255096 800 407.29921232136 8089.39501989635
29011.1702255642 4691.03235040318 800 376.540207790639 9324.61672402531
29077.0778706393 4727.96937954812 800 401.2555746938 9956.20241338003
28957.1355104274 4676.75648887754 800 377.538295983918 7910.83554416551
28975.4358091004 4688.61540330843 800 375.250758649792 8856.32901824404
28885.2418168519 4653.03623775373 800 386.525007680849 7605.98713831224
28932.9491107533 4659.68959483865 780 386.130995826478 8594.47053421887
28932.9491107533 4659.68959483865 780 386.130995826478 8594.47053421887
28932.9491107533 4659.68959483865 780 386.130995826478 8594.47053421887
28484.2430111707 4623.24025168733 770 436.649858391005 7536.22188383402
28957.1355104274 4676.75648887754 800 377.538295983918 7910.83554416551
28966.4870683144 4674.06473841864 780 381.938751131349 8572.74674684224
28863.39695854 4631.34658291151 780 396.226079554057 8691.146221031
28932.9491107533 4659.68959483865 780 386.130995826478 8594.47053421887
28966.8494563491 4676.80834507277 800 381.181025704574 8856.38835483135
28860.5948291382 4621.76788187363 780 395.175281028371 8509.84805065491
28904.735512417 4652.46906535573 800 389.657695618523 7609.70775504745
29010.5062531657 4702.80181680925 800 397.55232451081 8781.08006850952
29034.5556579001 4712.1825383652 800 406.570851286195 9166.86156935125
29025.3767127085 4707.98770054014 800 407.718219435141 8954.60177630661
29648.7166941856 4733.15338917322 800 322.477872346013 8711.48527782865
29019.9099590911 4707.21933163586 800 401.07871423282 8628.62273616106
28865.9648480855 4626.85004869644 800 394.504028659956 7481.17617565563
29034.5556579001 4712.1825383652 800 406.570851286195 9166.86156935125
29034.5556579001 4712.1825383652 800 406.570851286195 9166.86156935125
28868.2294303309 4627.00715441742 800 394.220955879282 7567.58722861304
29677.9214768111 4763.27274865517 810 631.824292663226 9431.90105434962
28561.6631586434 4658.66630117499 770 465.682413693281 8792.24790901976
28852.9053965885 4626.73223895022 800 389.606734348562 7837.09528118879
29538.6991027017 4693.76852513102 810 649.227089426905 8297.29332419883
28908.1124105683 4643.02961467798 790 382.70585760108 9057.07075474771
28565.0603154196 4660.07705013831 770 465.257769096252 8707.88934064679
28884.5305490468 4639.31330292148 800 401.466166520437 7971.3260087337
28852.9053965885 4626.73223895022 800 389.606734348562 7837.09528118879
28865.9648480855 4626.85004869644 800 394.504028659956 7481.17617565563
28932.2461957916 4660.5827501106 800 419.359534049753 8313.70753223895
28871.653296417 4626.74842172174 800 397.458152592623 7878.35382289307
28867.3400724533 4631.37683080239 800 395.019737797879 7909.32963667066
28871.653296417 4626.74842172174 800 397.458152592623 7878.35382289307
29542.0650913996 4697.16400286454 810 648.806340839667 8432.5550017084
29543.5945332734 4695.4500734208 810 648.615160605433 8423.98535448969
30277.9125975527 4775.62495212138 820 556.825402570526 8635.65379411029
30277.9125975527 4775.62495212138 820 556.825402570526 8635.65379411029
29543.5945332734 4695.4500734208 810 648.615160605433 8423.98535448969
28873.2952080337 4630.82760119448 800 397.252913640535 7811.46229211458
30209.7837379315 4741.14307282225 820 565.341510023181 8564.69003551202
30209.7837379315 4741.14307282225 820 565.341510023181 8564.69003551202
28854.7829611055 4622.01136844166 800 390.310821042447 7860.84650921275
29136.5819619234 4722.98958331897 790 371.804614040924 8141.35039254108
29486.7317907946 4735.24899796582 810 363.656672711544 8071.19659834053
29543.5945332734 4695.4500734208 810 648.615160605433 8423.98535448969
29415.4902162356 4698.42453964263 810 336.941082251904 8136.27665043623
29415.4902162356 4698.42453964263 810 336.941082251904 8136.27665043623
30137.2895651332 4766.45275056388 830 577.366808497268 8668.72151731557
29824.9826687965 4797.59003374445 810 629.954879118314 8960.72537356665
30131.3625113846 4765.88827240753 830 575.144163341536 8677.79682433403
29136.5819619234 4722.98958331897 790 371.804614040924 8141.35039254108
28901.5085538397 4642.61048889863 800 401.188790051389 8082.5513013021
28901.5085538397 4642.61048889863 800 401.188790051389 8082.5513013021
28907.0643417608 4642.99565370577 800 400.494316561256 8084.49579916637
29543.5945332734 4695.4500734208 810 648.615160605433 8423.98535448969
28901.5085538397 4642.61048889863 800 401.188790051389 8082.5513013021
30216.0348231083 4803.59625424613 810 535.818124739516 10004.0707716934
28864.3080860739 4629.47582831745 800 393.882742905594 7668.25833724135
30797.3300845402 4834.75220435586 840 463.156217060532 10537.8309198082
30795.8214384222 4843.46569799156 840 463.344797825284 10189.9847215359
30808.8478825657 4842.39607248504 840 461.716492307348 10310.309344424
30745.3404478252 4813.75184246115 840 473.224892407429 10292.4296352628
30738.2005063102 4812.67147943419 840 470.547414339283 10383.2293796715
30738.2005063102 4812.67147943419 840 470.547414339283 10383.2293796715
30740.1654594489 4810.4990053659 840 470.301795196945 10360.0220611935
30738.2005063102 4812.67147943419 840 470.547414339283 10383.2293796715
29464.4604288104 4730.10078952411 810 378.222795393087 8008.26544775209
30719.0953624444 4802.45383785658 840 472.935557322503 10053.4815455724
29369.6544493843 4680.37531226183 810 342.670553108311 8071.59736204673
29369.6544493843 4680.37531226183 810 342.670553108311 8071.59736204673
29481.8936273528 4680.49563142438 810 328.640655862259 8566.11028068326
29369.6544493843 4680.37531226183 810 342.670553108311 8071.59736204673
29519.6019693725 4692.43935769136 810 323.927113109797 8628.81346835288
29514.2063690534 4689.96158202637 810 321.903762990139 8932.9228542748
30800.2599243166 4837.09668998413 840 462.789987088487 10282.4414247476
29514.2063690534 4689.96158202637 810 321.903762990139 8932.9228542748
29579.1427727257 4724.50795642775 800 313.786712531094 9337.26141439919
30790.3668343003 4834.49885782571 840 500.520795149093 10357.3323629422
29540.597559732 4717.15677113342 810 318.60486415531 9413.01042976152
30237.8403315599 4842.66691408345 830 238.141613366834 9782.65166860053
30224.4561401799 4836.14845913344 830 233.122541599322 10338.4674558545
30717.3784906832 4801.8815472695 840 473.150166292659 10050.620092637
30717.3784906832 4801.8815472695 840 473.150166292659 10050.620092637
30155.6538438364 4799.14374745221 830 241.722828642265 9767.16653475068
29537.0703609502 4710.22155313738 800 319.04576400303 9391.93205129536
30816.4513661487 4843.77291530112 840 460.766056859469 10168.6175156346
29561.8605444497 4721.35387069513 800 315.946991065599 9428.76327564352
30151.4284218425 4795.70391378634 830 242.251006391502 9753.50780978498
30717.3784906832 4801.8815472695 840 473.150166292659 10050.620092637
30132.5350225565 4732.79304445244 830 546.25559980849 9454.57623353448
30115.3988623772 4788.52182595424 830 246.754701324654 9733.54095556217
30077.0534890624 4768.85390963147 830 251.547872989008 9919.22409911087
30192.2082398172 4764.08993532328 830 568.633056281232 9876.92948390704
29568.990230361 4728.25811649917 810 315.055780326683 9360.92848423453
29517.5665960462 4696.60375269907 810 321.48373461603 9204.80036964157
29517.5665960462 4696.60375269907 810 321.48373461603 9204.80036964157
29666.2096732473 4679.54300362971 810 302.9033499659 9902.89573975894
29535.5035583977 4711.66241419641 800 319.241614322094 9840.47864945596
29527.9895433249 4706.91384190673 800 320.180866206196 9533.84953135072
29535.5035583977 4711.66241419641 800 319.241614322094 9840.47864945596
29616.2069681942 4670.54695160438 810 309.153688097532 10043.6359486585
29529.249185544 4702.02276098947 790 320.023410928805 10019.962127733
29664.2685034224 4697.73725045119 810 303.145996194009 9797.15048040513
30045.8105056086 4707.58694076049 820 255.453245920734 9500.39215263416
29587.5335487128 4735.08870479994 790 312.737865532705 10473.7883493365
29529.249185544 4702.02276098947 790 320.023410928805 10019.962127733
30062.8424111193 4712.79349637623 820 253.324257731892 9578.39773543538
29621.1227186455 4671.98002159174 810 308.539219291122 9467.06966441916
29613.7195002615 4672.44506844351 810 309.464621589124 9619.19644287218
29603.3134190626 4664.85380816153 810 310.765381738985 9057.59589867281
29603.3134190626 4664.85380816153 810 310.765381738985 9057.59589867281
29708.8127048129 4707.20286010936 810 297.577971020192 9471.74389049071
29608.1422741335 4669.84701362508 810 310.161774855118 9179.74217437871
30070.409632377 4717.68595286846 820 252.37835507469 9940.49335869183
29620.3180823129 4671.2903616858 810 308.639798832703 9383.08878540806
30001.6242489298 4674.57933944808 820 260.97652800559 9653.90325869364
30001.6242489298 4674.57933944808 820 260.97652800559 9653.90325869364
29529.249185544 4702.02276098947 790 320.023410928805 10019.962127733
30040.9046321388 4698.13047402366 820 256.066480104461 9644.09365872207
29603.3134190626 4664.85380816153 810 310.765381738985 9057.59589867281
29517.2575920564 4705.40724273273 790 321.522360114755 9537.4983556351
30046.6856730186 4700.13047402366 800 255.343849994486 9558.09365872207
30040.9046321388 4698.13047402366 820 256.066480104461 9644.09365872207
30118.7596629038 4787.44499100097 830 246.334601258832 10679.8571776488
30126.6591760704 4787.16926158087 830 271.608937831073 11151.4636881598
29527.7484753165 4707.8421035289 790 320.210999707244 9163.66886312845
30170.7783892866 4813.04618726127 830 288.153642787133 11330.7779587646
29434.1657876907 4677.43219271375 820 331.90883566047 9407.7321865841
30074.1356246343 4762.12982537151 830 251.912606042521 10811.9636145561
29444.1486603458 4666.07563855083 810 331.367944124799 9940.93871620807
30074.1356246343 4762.12982537151 830 251.912606042521 10811.9636145561
29544.3593522609 4711.64017705022 790 318.134640089198 10206.2989868885
30017.8507265873 4729.72903937721 830 258.948218298392 10406.2143912075
29529.249185544 4702.02276098947 790 320.023410928805 10019.962127733
30676.0266491415 4820.31002290792 840 644.991611880522 10197.0608874174
30019.3427575433 4685.7476607069 800 258.761714428897 9839.94964931247
29365.4131028594 4665.99437889113 800 340.502921264389 9731.79655395454
29595.0825908121 4734.96392238458 790 311.794235270293 10332.8541245333
29442.7347252533 4660.01591512988 810 330.837718465141 9498.67789365692
29509.0875532395 4696.04613281791 810 322.543614966872 9772.20354958182
