64715.8873862327 11316.9593096123 1810 4295.51119696302 42937.0320879565
65284.2443229439 11131.5058502229 1810 2971.63759458114 39036.5948129778
64659.4148766752 11293.9809469875 1810 4003.92789272072 41241.8313397085
65181.9550818377 10746.6736062683 1810 1200.58375061458 29911.7533519489
65677.6543247573 11052.4186292737 1810 3033.22827332597 29908.0355235254
66992.8613685706 11243.5819017631 1810 1836.99266663047 34370.0554240105
66680.1828314674 11277.5316485854 1810 753.414163472 32480.245403293
63573.8088421902 10916.6898764313 1810 1088.2068755513 33739.2185033504
65188.4009815319 11396.5796164914 1810 3331.57505159586 38311.2953117844
64960.7870984295 11317.2623533376 1810 4017.72292579192 42029.7286777245
66637.6433114511 11068.1458523913 1810 682.038013935504 32019.8683663359
64796.8753887786 10768.8968257709 1810 1248.71871224698 30498.320877595
66637.6433114511 11068.1458523913 1810 682.038013935504 32019.8683663359
64640.4844589659 11281.7504690603 1810 4288.64954423042 43287.9041896848
65082.0431143095 10943.0716312853 1810 909.441847189157 32079.0340065768
65157.1778683654 11195.3128690255 1810 3287.59834999603 38987.9508497225
63176.4895387565 10933.1143691159 1810 4992.51189338251 45065.4976851891
65288.7301017206 10839.881210702 1810 1187.23687312922 27536.9325237442
65181.9550818377 10746.6736062683 1810 1200.58375061458 29911.7533519489
64961.1814856668 11285.6009001262 1810 4078.8621587554 40192.8542430814
65005.3018360833 10686.3213665557 1810 1586.98132121542 30330.3004954763
65157.1778683654 11195.3128690255 1810 3287.59834999603 38987.9508497225
64530.4076005607 11034.5406449353 1810 445.191734000619 33081.5788084209
65158.9096362188 10892.6222616881 1810 1307.00626917195 32804.0001916381
65970.9077096382 11037.7895103954 1810 2381.59722427617 27835.11387127
65420.3866607372 10910.5526315497 1810 2029.38193728697 28256.9964397422
65394.556851163 10894.8785679466 1810 2019.69575869665 28446.1004016624
65158.9096362188 10892.6222616881 1810 1307.00626917195 32804.0001916381
65054.2813076454 10864.7272950319 1810 905.971621356144 31665.1584878142
65158.9096362188 10892.6222616881 1810 1307.00626917195 32804.0001916381
65764.8598842102 10783.3915166748 1810 1494.58893339491 29776.7288546781
65806.4856133966 10856.919081477 1810 2920.83837865433 32198.9797406265
64505.6312885951 11424.7579373751 1810 656.037741722075 38132.6831005939
63933.0898531344 11045.6191838773 1810 3029.75874241301 42309.3956334478
63370.3541683275 10889.0670026162 1810 3286.6236906473 40381.0313148553
65468.5840224644 10901.3776790415 1810 1164.75513303624 31330.8985080554
66750.6288436009 10874.2264778472 1810 1750.25297957456 31651.6843002356
65133.5658876746 10861.0314661191 1810 1988.57506906992 33744.0789523327
65888.9493081508 10802.116770885 1810 1112.20947232544 29668.097415486
63967.7461883154 11047.294681652 1810 2235.15112109905 35328.8465987327
66072.7320226242 11041.3220766248 1810 2592.66452749934 31311.6330794856
65510.6183551628 10940.3115429871 1810 2454.39295951092 28945.1001481349
64290.0372014287 11327.0860787233 1810 2553.48444961745 42162.7687933247
64228.2440709445 11310.9119330281 1810 2561.20859092798 41961.7012527633
64526.0039396407 10748.5958210762 1810 1282.57764338921 31740.3946789859
66160.8679339571 10960.6711667237 1810 2623.8932157718 26733.2663133551
64309.7573350784 11338.0889338428 1810 2551.01943291124 42113.9162079911
65396.1022777809 11123.9371220568 1810 791.427261748609 31101.144961903
65748.6058153519 11464.8575319223 1810 790.292063621329 35494.5192867901
66566.9808489506 11495.348793558 1810 2454.40095479786 37453.4222387147
64349.2292750985 11314.3409888205 1810 2077.02936114356 40397.7669656015
67956.5871779648 11819.4840411476 1810 1908.17728555321 38192.5045457336
64505.6312885951 11424.7579373751 1810 656.037741722075 38132.6831005939
64580.6150300387 11047.0717020721 1810 1127.30266098097 32130.8570435468
64375.3735901385 11188.7819981284 1810 3574.93085233695 39520.6452281065
64208.0817549872 11176.0072444011 1810 3992.96922173714 42341.2510023916
64541.503085272 11102.1360637224 1810 4374.85427025932 44622.4854811361
64071.7371198527 11034.3493565631 1810 4696.41821105976 43422.9675140798
64101.8629195503 11091.629290235 1810 2811.25767811345 37712.00753498
65035.4651056343 11135.4456825115 1810 2254.72178241498 35170.0303139504
62972.9260974103 10949.2123008871 1810 2037.05739965563 40685.8411951739
63447.228527692 10891.7910988881 1810 2542.38982584664 38443.3984207509
62972.9260974103 10949.2123008871 1810 2037.05739965563 40685.8411951739
64975.711916149 11302.683383805 1810 2754.62099758968 39584.434146431
64162.918954424 11037.9834549824 1810 2610.50523701395 36196.2208894272
63233.9452703979 10879.3532826681 1810 2764.09574058723 39382.0507801089
64897.8396093387 11317.3123369831 1810 2744.88695923839 39788.5176342698
63929.039866671 10849.064260058 1810 1060.08004036819 33640.4305354165
64191.6539146706 11053.385033693 1810 2230.24244361828 35691.2566192704
64132.8186133038 11213.6386429854 1810 172.259889128475 39790.6172434938
63511.9466039468 11026.2557394357 1810 2571.6503335644 37612.2393090868
65052.2502141852 11025.4262005811 1810 393.25168997974 29899.9656268875
65389.3813752752 10915.375857924 1810 1581.18990655597 29388.3300397001
63929.039866671 10849.064260058 1810 1060.08004036819 33640.4305354165
65177.9481166529 10801.9874455624 1810 1201.08462126269 29102.9580081431
65769.3250077337 10797.018773153 1810 2304.99899588706 31894.3347557872
66457.7790087635 11031.9833590304 1810 228.978375725266 31824.9776116337
66221.0714315871 11133.9761538546 1810 235.816523187266 31846.6137913705
65181.9550818377 10746.6736062683 1810 1200.58375061458 29911.7533519489
64844.7256335157 10887.3950711403 1810 3476.23007990392 36041.5564531028
65083.42334624 11092.1742470349 1810 789.023271127558 33250.1408293696
63929.039866671 10849.064260058 1810 1060.08004036819 33640.4305354165
64467.6278160145 10786.7192952113 1810 3833.61914087396 36700.7834878355
63586.1752553371 10975.1125669252 1810 2129.63715606607 33555.8766885785
65066.9911273328 10985.7159098394 1810 786.969243764168 32741.9891321007
63468.6846735717 10918.7558024547 1810 3230.8316125552 42680.5424532276
63586.1752553371 10975.1125669252 1810 2129.63715606607 33555.8766885785
63430.9188451465 10897.212136871 1810 3235.55234110835 42360.9504372223
63430.9188451465 10897.212136871 1810 3235.55234110835 42360.9504372223
64550.8994272573 10783.1275754739 1810 3844.02809227931 36382.1300826176
63230.2502525116 10859.3097479061 1810 3260.63591518772 43815.7135392699
64743.3700738636 10600.9484812555 1810 871.836887084602 28458.7171400092
65181.9550818377 10746.6736062683 1810 1200.58375061458 29911.7533519489
64914.2817267068 10887.3461783434 1810 2837.72708107063 37277.807134816
64130.6449833965 10853.8076525714 1810 2935.68167398441 39196.3013627028
64801.3155151406 10775.4672223271 1810 1259.7631399811 31049.4633621168
65589.9129994673 10825.9935390578 1810 1558.75743155908 29863.7674939487
64904.1396670994 10799.9788528356 1810 861.636147473111 31239.7501900209
65181.9550818377 10746.6736062683 1810 1200.58375061458 29911.7533519489
67419.5355320365 11438.6383149482 1810 2386.84779016848 39930.7890674864
66314.9897435612 11406.7627057472 1810 2524.91601372789 37853.7038418094
65033.4131509383 10627.5808268115 1810 1524.50180737097 29027.5146308005
66574.9811043722 11117.4435920936 1810 2492.41709362651 30938.3614079219
65930.424284515 11049.170519086 1810 1641.4020001536 30563.6723694318
65392.3915073753 11191.6918788491 1810 926.216301517276 41187.3794017275
67213.3990098447 11699.3431756741 1810 1159.7944943078 38906.2940030891
67582.6266303535 11675.9193400156 1810 2037.36754236361 43240.5768576671
66790.4122871881 11752.7568784116 1810 2174.7304053122 37855.3606116798
66835.4872064783 11593.1759412104 1810 795.264404870115 38149.1730453421
66790.0341824988 11750.7249985458 1810 2174.8721945707 37821.2488121867
66305.0175633429 11571.9198474145 1810 3043.72682330918 40946.9747788451
67004.1658364094 11785.8311490445 1810 590.242024849667 36388.539261925
66375.8139294308 11201.1076793534 1810 2143.44045300505 39449.6745015037
67393.1419768076 11668.9725293229 1810 1199.48684809923 40504.2453045133
64360.7585567962 10933.6508337117 1810 1422.8692338472 36907.8136786153
65299.1483603247 10928.4751112642 1810 204.891734650419 33850.5782172704
65392.8034403206 10977.9888570335 1810 1551.87484428775 34504.872478386
64854.9126935078 10875.0635480788 1810 57.2563593217628 34103.5013989644
64690.8707022808 10960.4002990279 1810 1464.13325203278 35954.216251459
67092.3349263407 11786.0101999425 1810 236.957433620372 35791.167584437
67106.6399141957 11795.2668931776 1810 603.051284572955 36869.3652734736
64854.9126935078 10875.0635480788 1810 57.2563593217628 34103.5013989644
64690.8707022808 10960.4002990279 1810 1464.13325203278 35954.216251459
66467.4637565093 11642.4964298614 1810 3033.25588261762 42070.3126302335
65439.231750431 10902.7031829701 1810 149.52836233578 34366.9378300605
65716.0721324434 11113.5833294489 1810 531.344789214265 33773.6317849497
64786.1422328848 10877.4246227282 1810 424.533820496275 34670.973880581
67751.1295828239 11653.8132946766 1810 216.303077767347 37752.5791405205
66366.5709930176 11602.822158279 1810 3020.64428718116 41300.816063747
66680.012209765 11715.2452524845 1810 2662.32779515952 41008.6207393548
67021.6817218035 11453.0070861278 1810 2035.15810655017 41735.8717616959
66557.5364849115 11618.9092875092 1810 273.521575404633 36982.0220163595
67579.5439312146 11521.8283660636 1810 1724.22541943701 38202.9520102342
66433.8961713583 11665.5737154888 1810 2168.54356480533 40569.2755494692
66350.214292362 11469.3339481356 1810 682.136014804397 39013.4240920664
67076.501545368 11806.8208370416 1810 2650.45582421331 39868.3864348686
66735.2192053141 11570.89104958 1810 214.127089933654 38042.6347863506
66420.6164084322 11635.1823114542 1810 3000.37725640071 41599.5717639447
69483.437025326 11919.0289897052 1810 1093.64721272781 40583.635886485
65023.2174402341 10957.2996111227 1810 236.773161769908 38759.2322376811
67215.1870748073 11826.1011260476 1810 86.8164370382947 36438.237726699
66687.7443043329 11553.7681398145 1810 83.1366673165867 37986.0633301213
67215.1870748073 11826.1011260476 1810 86.8164370382947 36438.237726699
64927.4768052116 11076.3847368253 1810 639.317425735988 39426.9033686785
66687.2578030541 11554.9452028342 1810 83.3191052961211 38019.8787986913
66366.5709930176 11602.822158279 1810 3020.64428718116 41300.816063747
66585.2891862298 11553.4207949291 1810 1315.77086289914 36715.7321913508
66778.6189193381 11372.2412074334 1810 598.484552230168 36197.1898816756
64319.6977352274 10912.6102934081 1810 1386.99633194116 34886.4429540154
64453.2947325265 11062.7084752899 1810 3729.86326719406 39743.7017894957
65338.4755258142 10876.0878105402 1810 117.701713360054 34169.1027066961
67696.3350615199 11717.2162152778 1810 1137.65489619381 32611.5769850895
65689.8452438472 11477.6105920921 1810 3200.95387842659 37872.3219613123
65541.9332444488 11402.1823397939 1810 3256.42087820101 37726.2685456378
64959.7206030555 10873.5346355574 1810 70.3573480152281 34062.0691649267
64854.9126935078 10875.0635480788 1810 57.2563593217628 34103.5013989644
65595.2193060081 11434.3352021361 1810 3236.43860511627 37822.7271326641
65151.4182968384 11399.3576853858 1810 2326.77310836813 37011.683138128
65034.6778619685 11333.661237886 1810 3504.11208584727 38803.0942626921
66131.9688754147 11171.774017884 1810 2491.02043036169 35553.0160177604
65468.5670011201 11530.9077691271 1810 192.642699861525 39829.9592288298
65055.2518941274 10976.4973556514 1810 243.861592010754 35021.571622957
64954.5172765651 11286.9759075535 1810 3899.53024262692 41049.1896084753
66747.6085569164 11486.6173866041 1810 1414.42633701154 41548.7757915102
65213.8824142608 11492.5340206904 1810 1628.72859789123 39344.5415415414
65207.0581554556 11338.4484871921 1810 2678.44292043719 40487.4652729462
66016.3576149624 11446.7318625649 1810 2926.00457685031 43137.9926964934
65949.7457821907 11321.5603080115 1810 1495.1142379448 37619.6901612682
64854.9126935078 10875.0635480788 1810 57.2563593217628 34103.5013989644
64935.0539429297 11283.3255869159 1810 3906.8289927402 41045.5392878376
66228.6707420756 11468.7400730954 1810 2125.6627299676 41777.1890382689
65926.956626294 11360.3682643402 1810 2272.18203193472 38047.0361648602
64406.8981130988 10900.2268464256 1810 1815.68312678476 35417.9959338469
63557.9806995008 11037.7842372608 1810 3122.25469999354 41690.6458709383
63826.3049276628 11162.9203160857 1810 2847.540362456 44815.1457733382
63531.5015209358 11025.6975035964 1810 3118.94480267292 42145.4497613202
65954.7775430204 11328.723837479 1810 1493.22732763364 37432.4236003643
64658.6992718736 11057.2225649434 1810 1775.65069464685 39628.8274405519
65373.7768759375 11061.0348200089 1810 2611.46752650204 39231.5114105758
64590.6004777997 11158.4923837354 1810 2836.88604888901 41194.8268171719
64884.9240030593 10883.4723996551 1810 918.483348365588 33251.7276439886
63539.5752665307 11034.2100485721 1810 3119.95402087227 42192.2425183286
63770.9718299538 11023.5140402893 1810 3955.74765486412 41443.6707086198
65847.480743269 11159.2310571209 1810 1916.25956872976 38600.0015807672
64742.228023171 10796.0862117495 1810 272.467694580009 33288.2975101875
65358.9269804934 11063.589413481 1810 819.826794840286 33383.1602789184
65029.5460020838 10809.2023151045 1810 1229.49605543992 34250.1417476826
65202.179860223 10851.4602612507 1810 2208.53149846726 37136.7741465496
65279.0498311807 11062.1381371138 1810 1905.85066617621 38361.6829602513
64969.6771605046 10782.6194703923 1810 854.008053810689 34002.8636391174
65996.4223563024 10940.1268730735 1810 1138.93311116274 34792.7674932123
65053.8724153273 10858.1773844719 1810 1504.22813170059 36079.390789472
64742.228023171 10796.0862117495 1810 272.467694580009 33288.2975101875
66203.6291904421 11055.9980464581 1810 2146.03804666733 38177.5788618073
64696.9188651385 10825.3268373878 1810 394.136024369156 32939.4513094169
64951.04796625 10945.8117573113 1810 712.049262660362 33532.0664740437
64854.9126935078 10875.0635480788 1810 57.2563593217628 34103.5013989644
65740.8010645493 10965.4375968861 1810 2555.38302311926 36446.0147451031
64895.3464169476 10730.166995809 1810 863.299396755323 34082.8701491971
65416.6105998188 10909.6125269193 1810 500.023690868723 32256.2312479222
