63102.3594168567 10797.1400143443 1810 36.9010774565213 26380.6184967681
63749.4166872556 11026.8413676953 1810 658.345702436331 29303.640812507
66493.2847829314 11112.0036607341 1810 2908.14963093977 31645.7045266392
68023.3983483398 11542.3673902097 1810 2716.88543526372 34670.7303903735
64664.1079842914 10939.8027932231 1810 926.254032616795 27260.317225702
68551.1649531739 11518.2442210328 1810 1983.76974787532 35949.1995966818
66331.3956494973 11085.1983653447 1810 2928.38577261902 31568.4188075746
63027.5258454175 10795.7930160056 1810 1128.54489290466 29645.7891901461
63626.3954132505 10739.61023155 1810 1066.48726930691 24680.4025960057
65269.031630469 11319.7055716985 1810 3708.16957300081 34613.7210039212
63926.3261878059 11025.9123458076 1810 1049.97176351683 29018.689225254
62977.5459253148 10727.8091767466 1810 67.1787892442799 27145.2846746537
64080.9300902481 10822.3285533283 1810 981.825976626692 25614.4225998317
64677.4211875455 11072.4238746712 1810 1355.70512977115 29912.5210414191
65104.6632096714 11044.1256815421 1810 2790.40617969176 29562.8392660789
64081.3218190701 11188.822151606 1810 415.564537565471 29562.5928123265
63845.1729547758 11011.2084988479 1810 2247.8352715754 31136.8488396083
62980.4870220595 10992.5362292076 1810 2872.46611428295 37338.2963697391
64784.5210360363 10892.7336346399 1810 1741.03490765504 27666.3742986116
66631.5486666591 11057.076425948 1810 2709.78760727568 30590.8991046604
63181.178784386 10798.8792656582 1810 1180.62464127932 27097.1507371921
62947.1624792067 10807.1592988097 1810 346.582772536367 27361.5577945595
66091.5754773526 11384.5725660714 1810 2433.427443557 32488.527281055
64429.2645486746 11293.6124619897 1810 2645.42112973284 35436.6882905035
64703.7775357457 10841.0542121183 1810 907.672847528235 27536.8289969876
64010.4590697932 11122.859229129 1810 49.7972674516277 28540.2819007478
63189.627199322 10771.58763946 1810 728.319388428027 26133.3605464764
65142.5783046763 11116.7012965397 1810 1631.98400256784 26895.6182342098
64228.6339867347 11210.905565837 1810 2123.8779096991 29751.1342113026
63055.5780710722 10888.4637638382 1810 43.8807910817268 29040.6508038226
64030.4546346925 11090.570117066 1810 1782.095163132 31540.3776344374
64163.5745355482 11142.9860004474 1810 866.485207330571 28214.3433712978
63420.9413049701 10984.7096957321 1810 1580.8930156853 34116.6940176877
67505.7081136498 11375.8909600545 1810 2556.27678047475 30058.8091560779
64361.9639620036 11259.9905114395 1810 1159.29104523343 27935.4575037596
63189.627199322 10771.58763946 1810 728.319388428027 26133.3605464764
63749.4166872556 11026.8413676953 1810 658.345702436331 29303.640812507
63533.7630079472 10929.4747946049 1810 1520.16985339927 30302.0029021427
63892.7405254353 11093.999339992 1810 1048.53357218455 30393.3500696145
64267.7096913656 11242.9335404506 1810 1057.75418409804 31835.8845788964
63749.4166872556 11026.8413676953 1810 658.345702436331 29303.640812507
63399.5499761175 11017.4763462176 1810 1125.22457851098 27546.9647405219
63762.8277952731 11076.5789402518 1810 3057.57319673376 36800.0875418372
63605.7392854576 10865.8771105042 1810 676.305377661083 26052.7421498854
63001.1279233929 10878.5744802603 1810 436.4405339081 29572.4251935518
64449.6202747995 10901.5570928957 1810 727.435933671008 27383.6018849774
63072.5953132079 10790.3059835673 1810 8.3088704682059 26424.8225133962
63361.1919048756 10889.0228087277 1810 2131.09050949435 28650.7430515537
63368.0693319286 10891.2699887714 1810 706.014121852204 27968.8909108665
63012.0661402431 10795.2443772408 1810 354.695730165928 26490.7902735048
63189.627199322 10771.58763946 1810 728.319388428027 26133.3605464764
63119.7702123914 10927.5844471793 1810 1048.62389531318 28112.24647342
63383.9698629758 10866.5385677474 1810 704.026555471306 26761.2115593116
64103.9586571922 11083.5945054923 1810 1309.24022041065 28778.7111055762
69148.4552572908 11589.6809372155 1810 2050.93102832686 32347.9989875613
63160.7279235949 10867.9639670982 1810 1139.42377161149 28240.7504929201
63383.9698629758 10866.5385677474 1810 704.026555471306 26761.2115593116
63065.6223927239 10923.0311087745 1810 293.116150581754 29281.182509888
69216.3644706937 11512.689385638 1810 2042.4423766515 32775.1230656892
65012.2074277612 11042.5103980242 1810 1934.75814696465 28569.1638463609
63129.6677304141 11000.6685899686 1810 692.362389124646 31512.9299778411
64133.6560192193 11326.8216638712 1810 1344.51194900415 33526.4950115738
63129.6677304141 11000.6685899686 1810 692.362389124646 31512.9299778411
63557.693062095 11172.8690920636 1810 2339.88549966069 35763.9005066405
68441.9853129268 11371.95252182 1810 2309.93637157586 39245.8487615157
63176.139549661 11016.2208072528 1810 3050.38845921709 36827.1615212135
68512.1149649454 11330.2533160004 1810 2301.17016507354 38328.1727516512
66923.4809729745 11195.4447133634 1810 645.437407054362 32143.0533121716
67341.3440132078 11127.97004002 1810 2276.81993383724 33085.8209146219
62790.2161898872 10920.6089036727 1810 327.541925936352 29828.3380996843
66670.2446067705 11087.8903133006 1810 2360.7073596419 31781.2132621951
63641.3761347797 10775.6055195459 1810 671.850771495824 26721.3297958112
64763.8276925247 10969.4806749913 1810 930.072384141418 27149.835295469
62889.3293748272 10887.4345387437 1810 761.750204651033 29554.1295985582
63158.7255867917 10800.3208127181 1810 1929.97217777973 28589.6645464481
68181.8462469529 11343.3031443423 1810 2508.09998584582 41348.1240970857
62965.0921602819 10764.6498221297 1810 1124.10122911132 27492.0531611559
63345.1920570277 10859.2185370092 1810 1173.26738632058 26827.43284847
63151.8347684227 10760.5238610081 1810 1100.75840309371 26532.7568486261
63369.6273069265 10771.5116197951 1810 1070.40300629481 26223.4971451699
62839.4796136812 10834.2271368869 1810 78.9761200455441 27594.1798843383
66182.6551704999 10889.579245479 1810 511.14361697813 28336.095424988
63130.7049948492 10784.6143757337 1810 735.684663987133 26603.6233775723
66563.7281824878 11018.3272534998 1810 2398.52016210214 38039.2895772087
63353.1783184607 10671.0977980713 1810 4735.17125550385 37003.7514483986
63151.8347684227 10760.5238610081 1810 1100.75840309371 26532.7568486261
63172.6550006847 10679.6396386456 1810 2893.82216493984 28718.7724906312
63968.7173826012 10920.3133975023 1810 768.826747191733 26978.5247076882
65266.2426741604 10670.1146054884 1810 574.421169862389 26421.5014253114
63430.6614916221 10678.9127870826 1810 3134.10996076393 28628.2778159643
63063.6787766827 10829.0389556292 1810 61.3841379296573 26164.5085706603
64062.413617443 10704.3691968277 1810 3449.61330204571 30409.9579903649
63447.1845797367 10843.9262695344 1810 3002.71944292456 32843.1120809984
63172.6550006847 10679.6396386456 1810 2893.82216493984 28718.7724906312
64101.525133433 10691.2863722944 1810 2495.51741310964 26646.581655839
64118.0081753341 10715.1013611783 1810 2128.86257665177 27676.5863318958
64863.2242218726 10920.3256454956 1810 2831.94903049278 28734.800865965
64664.111077247 10623.1120496292 1810 499.154720248225 26432.9462165858
64118.0081753341 10715.1013611783 1810 2128.86257665177 27676.5863318958
65278.3120553923 10812.2155346139 1810 575.92984251638 27953.5651171637
66774.9984289427 11100.4881824047 1810 1507.42374707524 32909.3644558539
64427.3742432723 10911.4261590751 1810 2538.02649932085 29559.8558275789
63430.0437783004 10758.623901213 1810 698.267316055726 24742.2501845744
65372.6932583131 10933.9972109154 1810 2796.39780754683 24604.4749989521
63923.1211179094 11014.6924781561 1810 4516.72571884493 44917.5994681661
64783.1963988053 11037.8412019489 1810 815.420774623795 33952.3969617294
64391.070106496 11087.1105419984 1810 752.678311767586 37478.1574166388
63688.7069315867 11145.154259168 1810 2302.36765272422 40307.9765604615
64634.3829170437 10942.3039791548 1810 553.267707498484 32427.9981768494
64307.1434133321 11111.0933169139 1810 4188.47103904219 43635.1009245101
64362.3483529314 10979.1803110682 1810 3040.8682583815 40545.1336206326
64515.7979825373 11057.2157435549 1810 2623.79206994575 39246.4270180975
64411.7764599391 10977.8454891287 1810 1508.32540865582 37167.0036486032
63996.5530876441 11008.0895965109 1810 4149.6472483312 43889.3447267759
64362.3483529314 10979.1803110682 1810 3040.8682583815 40545.1336206326
64323.1503405485 11087.7525617757 1810 2596.67898299934 40579.7465127813
64186.4112836185 10919.5351695988 1810 3018.87612471739 39506.2538298984
64103.1945630897 10923.3114507349 1810 3008.47403465129 39574.5443865115
65020.454169916 11098.2045197737 1810 937.867004152267 33805.0924838128
64295.922091258 10993.3658909352 1810 1588.03041826902 36062.3051376227
64373.4639466924 11036.8694996944 1810 555.584505330734 37359.0571275519
64331.0765104279 10994.5994287559 1810 236.143474572139 36534.9339419401
64596.846204859 10793.8288642774 1810 317.725438818446 33321.3508038828
63970.6809115352 10803.1146140616 1810 3118.36928339144 38941.8737161441
64626.6539751243 10835.8847158197 1810 321.45141010161 32290.2539428536
64212.8776138525 10852.9768322703 1810 2355.46891515029 37638.2115230387
64404.880026745 10870.6202833191 1810 1606.86889279725 37369.332288862
64276.1408032781 10879.3002334102 1810 1965.40125131921 36278.922441714
64220.9834550828 10975.0222938326 1810 3083.01625536287 38585.9421251437
64510.9891697453 10798.2112578723 1810 84.7566839120154 31285.4178600472
64917.1064711833 10925.0313346376 1810 857.225212608459 35121.7178486067
63611.0374868793 11153.5506594651 1810 2497.91155511665 45566.6546187915
64975.8186029445 11064.2169411882 1810 3190.68758576086 37766.8556431129
64326.2348601127 10958.4702286241 1810 2406.16268210027 33509.5494803891
64451.0562642954 10770.9646728317 1810 299.50169624799 32847.5429446796
64326.2348601127 10958.4702286241 1810 2406.16268210027 33509.5494803891
64483.7250447465 10842.5734232611 1810 127.476919887289 33278.6416758101
64971.8795417303 10880.2714686967 1810 83.4772609367965 31802.5522177304
64205.0104512618 10933.199438555 1810 2373.99585976823 35843.1942459639
66763.4251231487 11166.3656087118 1810 1858.43721110954 37967.9710053087
64804.1141316532 10857.2837694144 1810 104.447937196426 31595.1188630743
64486.7888022469 10732.1908619537 1810 1309.11692106138 34038.842022932
64480.1037114694 10979.7818473412 1810 2268.504446339 40996.3112920168
64838.3747601261 10860.4139639722 1810 423.186617119179 30666.7271218385
64005.1734114014 10904.8293886682 1810 3505.4638796174 39477.1418051378
64968.1170407168 11297.5707495249 1810 1048.78398303114 34626.1452085276
64721.5616263091 10816.9327707756 1810 73.4907476923963 31434.5271128601
65836.7314769865 11124.7405802597 1810 2222.4704986331 36107.6751163499
65037.0523003293 11224.2629152383 1810 1574.01523585905 36426.2651913871
68706.9862871023 11092.2533997756 1810 2917.49272222344 39520.2550314247
64194.3495812523 10960.5213566797 1810 3093.00395804933 38904.7493506318
64912.3268589101 11151.8982976564 1810 1558.42455568166 36536.7127154523
65234.0659915727 10915.7274815387 1810 781.225702240939 34656.6443728061
65137.9456675097 10885.9615073207 1810 372.720580858136 34392.2497224151
64930.3046204419 10965.9849575478 1810 2840.64067444552 37210.5807224522
64351.5670815059 10904.0790752603 1810 1545.31603410931 34795.5654856672
65723.5421185804 10974.2495306082 1810 458.562428033613 31202.3542311006
64961.5542951284 10964.0813875637 1810 1097.53739485986 32038.9695612721
64894.0213477406 10952.9765959849 1810 2836.10526535785 37211.7327362792
65133.4881644182 10954.5479388837 1810 2106.6966439086 35026.0062386667
65188.0136931436 11052.496348861 1810 2060.80786598136 34734.3695122094
64174.8995604922 10929.7651486825 1810 2353.75462352801 35998.0846019502
64718.331336992 10873.5423903678 1810 440.183012610926 34356.7107357275
64068.6211163858 10890.9336886652 1810 2340.46981801471 36142.5251557813
63889.8946142257 11010.9567631423 1810 4835.0958313334 42990.5755361757
63264.7427725617 10898.767535502 1810 4854.5140964332 42239.0237871272
64090.3586983839 10869.4975445982 1810 2343.18701576448 36341.4915267189
64850.4648001758 10875.6613956577 1810 444.863284698682 32120.8298589847
65120.5861660007 10942.9805378151 1810 447.267684062571 33713.0929165842
64665.1235965158 10890.7072546133 1810 80.5455014165609 34316.6292386906
64493.0189371152 10998.310777811 1810 1616.23219852617 34378.6363316161
64850.4648001758 10875.6613956577 1810 444.863284698682 32120.8298589847
65313.4719329227 11107.1904563196 1810 4143.87450642388 44679.6538530917
64812.5906682651 10970.2859918934 1810 1605.08476319298 34794.3633956208
64520.4570805503 10820.7977546699 1810 308.176798279856 32765.757033395
64338.1524047871 10794.4188938542 1810 285.388713809456 32581.1050076848
65541.151352215 10862.1081106923 1810 57.8729687202922 31739.2106243763
66077.5309157805 10857.128629842 1810 1079.7297623398 29794.1805750196
64656.8053900681 10860.5850884557 1810 73.1714137115314 34967.6671098952
66398.9391546325 10881.1950565894 1810 1849.09438980848 30381.6653148162
64050.9224127033 10828.6839965267 1810 2325.74992962046 36986.3105741311
65595.5089459003 11134.1821997402 1810 525.747097370057 36810.0183914385
64742.4811113017 10918.2949168794 1810 875.912364990257 33132.9107833214
64143.3556817513 10793.1546286724 1810 261.03912342998 33407.3179548966
65413.4384457689 10866.5315030256 1810 1397.90349190896 31173.6248769209
64451.0562642954 10770.9646728317 1810 299.50169624799 32847.5429446796
65057.2026113326 10869.0873462016 1810 904.744615573342 32506.3429180398
64143.3556817513 10793.1546286724 1810 261.03912342998 33407.3179548966
67061.0590114618 11109.6621056668 1810 605.415213004235 31644.147900498
66011.3835099163 10933.627259087 1810 697.169525140911 28558.8407562579
66011.3835099163 10933.627259087 1810 697.169525140911 28558.8407562579
66011.3835099163 10933.627259087 1810 697.169525140911 28558.8407562579
64433.3118667718 10863.8596241324 1810 74.3110706565203 33471.34253668
64715.8873862327 11316.9593096123 1810 4295.51119696302 42937.0320879565
65284.2443229439 11131.5058502229 1810 2971.63759458114 39036.5948129778
64659.4148766752 11293.9809469875 1810 4003.92789272072 41241.8313397085
65181.9550818377 10746.6736062683 1810 1200.58375061458 29911.7533519489
65677.6543247573 11052.4186292737 1810 3033.22827332597 29908.0355235254
66992.8613685706 11243.5819017631 1810 1836.99266663047 34370.0554240105
66680.1828314674 11277.5316485854 1810 753.414163472 32480.245403293
