13956.3576934459 3997.920608723 1054 12.133792826409 11605.2873249088
13889.4959752978 3990.39777143167 1010 37.2069371319649 11374.9676492693
13773.6653138773 3997.80047335466 1008 94.4863814905139 11640.6586792264
13729.5410602783 3996.82375156502 988 277.583229430735 12353.7041931258
14132.5211034966 3998.36755800905 1113 233.796904966218 11210.5081145545
13396.4405545971 3997.12555495189 919 235.945666220588 10991.3569215142
13375.67658848 3997.92538840593 963 243.766054149639 11472.401594174
13897.8256811077 3997.86152860799 994 170.15803383901 10743.7901550474
13640.8448350219 3998.13395546166 962 266.525851121182 10782.3101026068
14128.6273592497 3997.54718625503 1157 202.767179913203 13042.4870741465
14128.6273592497 3997.54718625503 1157 202.767179913203 13042.4870741465
14008.4485320128 3974.86038323728 1130 187.744826508587 12282.9205788556
14158.4103251528 4040.41948312988 1133 206.490050651085 12103.9983350343
13781.4567649065 3998.1723034319 976 284.102342356756 10804.3158488652
14086.2620466347 3998.52340187654 1154 197.471515836323 12168.0139534764
13640.8448350219 3998.13395546166 962 266.525851121182 10782.3101026068
14184.9273882876 3997.16583714704 1196 209.804683542939 13882.8277794063
13396.3812549021 3997.12599953018 919 235.967903606208 10710.8381537065
14184.9273882876 3997.16583714704 1196 209.804683542939 13882.8277794063
14600.0283386041 3997.82576777406 1279 261.6923023325 12966.4296902695
13934.2938676566 3997.40184010804 1054 303.177330353026 12352.0338580067
14415.5829400113 3997.71639103434 1248 238.636627508402 13232.3157738247
14029.5103112225 3996.67868273323 1154 190.377548909802 12887.3572741964
14236.9331372404 3981.80553173108 1108 216.305402162031 11759.9221664755
13883.9469157727 3997.20203546818 1055 296.883961367535 13130.5572135336
13585.9683938414 3998.50950289576 990 259.636646126123 11468.0698868253
13693.2286239336 3995.38347226098 1003 273.044174887658 12666.8190727645
14015.5246592379 3996.57158804527 1102 246.48816186695 13173.5855718638
13834.8456465765 3996.83994487437 1085 223.903285284275 12267.2152035849
13701.1596117091 3996.36446301644 997 274.035548359584 12124.1075802829
13936.2259091453 3997.52124825446 1085 178.716998650151 11677.6090482543
13396.4405545971 3997.12555495189 919 235.945666220588 10991.3569215142
13408.5108791952 3997.13651361934 983 231.453195131448 11790.9760218302
14433.8135061365 3997.56708905277 1142 60.4557354601498 13372.5011725441
13532.8604643761 3994.50976848209 957 252.998154942969 12073.0767972016
13565.8482810479 3998.47667855591 973 257.121632026935 11919.3321059773
13851.1762993825 3996.61729237324 1030 292.787634318764 12630.4317508471
13595.2184278413 3997.08972564348 992 260.792900376111 11507.9317494318
14028.7119879901 3947.72214264993 1115 60.6082271688633 12354.7438248927
13877.4973983971 3999.22651836616 1069 41.7064034697328 12110.978296612
13673.299943399 3995.96108866584 1045 118.280449094007 11968.6122234042
13801.3505375754 3997.7353430562 1062 84.1044226037075 11831.1114714214
13673.299943399 3995.96108866584 1045 118.280449094007 11968.6122234042
13645.844228375 3997.82582846175 985 142.419288553863 11769.5932736848
13537.6185297047 3997.75313653622 973 183.003925555236 12186.7656295709
14158.5857245472 3996.52563592702 1087 18.5483528973418 10507.8163681818
13846.7661285063 3997.86468106003 1107 292.236362959243 13530.7323766728
14233.3352584612 3996.93588422372 1100 9.20466115808881 11365.196602991
14153.716261453 3996.78775613869 1087 19.1570357841063 11128.5698526379
13762.9237919653 3997.80495481032 1018 127.390140273792 11478.0776280658
13773.2613021394 3999.08578827377 1031 158.346422774409 11881.777266212
13816.3048207414 3978.68872523596 1058 163.726862599659 11741.0198120034
14489.8123873599 3996.27154614629 1222 247.915308426976 13970.1566578474
14196.3860769551 3997.12219269315 1154 211.23701962637 13145.4580972402
14196.3860769551 3997.12219269315 1154 211.23701962637 13145.4580972402
13579.3108979128 3997.82120730456 951 258.804459135053 11718.4772750722
14251.8567614254 3998.15766094694 1173 233.507414463904 13729.1647529819
13579.3108979128 3997.82120730456 951 258.804459135053 11718.4772750722
13645.844228375 3997.82582846175 985 142.419288553863 11769.5932736848
14005.3877535457 3996.05963565714 1036 202.698788478941 11656.6767895441
13508.3714344602 3997.15063812931 963 249.937026203471 11173.5657455296
13851.687104689 3998.37558555711 1101 292.851484982071 12591.0140569867
13620.0405729116 3996.68446593697 963 154.530390899688 10909.1450598053
14243.4296542455 3996.72087762361 1124 26.8846667827929 13554.3698062302
13613.5603804578 3996.50121411921 965 263.085644453174 11996.1954985022
13620.0405729116 3996.68446593697 963 154.530390899688 10909.1450598053
13507.9440232988 3995.52231766698 953 249.883599808298 10610.3795386016
13396.4405545971 3997.12555495189 919 235.945666220588 10991.3569215142
13401.3100176912 3996.86343474022 919 236.554349107352 10370.6034370581
14352.7646743057 3993.0181602868 1254 355.48618118417 13920.3454329844
14453.9996483043 3996.05320618843 1273 368.140552933993 14030.7534433605
13630.6560488265 3997.35211574893 1026 265.222602999269 12732.4145959834
14171.2527505007 3993.57866438112 1164 332.797190708535 12688.4408581262
13401.3100176912 3996.86343474022 919 236.554349107352 10370.6034370581
13858.9146702911 3996.54035837022 1059 293.754930682338 11609.8683230656
13761.3779850606 3997.13700898926 1028 281.562845028533 11871.8717715711
13401.3100176912 3996.86343474022 919 236.554349107352 10370.6034370581
14065.0460053599 3982.7367443172 1076 50.0408626928386 10472.9148376195
13646.5937211682 3997.35050720831 1048 142.138228756431 12531.9313427213
13935.4015243433 3997.82874248923 1029 33.8353025657618 10958.8131065414
13626.028366929 3997.06332711782 963 246.207215651254 11712.1151289256
13977.0446300562 3995.7198923425 1108 226.395951266296 10691.5727245663
13438.1838719128 3997.21900693142 943 222.726653774239 10316.3004961732
13397.170417264 3997.58383747821 1005 153.911674667267 9998.6553350697
13433.3144088187 3997.4811271431 943 222.117970887474 10937.0539806293
13594.7585581002 3997.64752036516 1012 55.6505544116526 10462.986845958
13397.170417264 3997.58383747821 1005 153.911674667267 9998.6553350697
13323.1521737736 3996.74637308557 853 128.297141796318 11576.4250235386
13115.4016618962 3994.51304666488 856 247.131050889679 11244.7711973454
13215.598040868 3990.644788519 801 151.156953140733 10475.5056743592
13314.2968761857 3993.64767685755 841 272.06027356491 11530.6308476151
13464.9994730446 3995.81016304677 896 290.898098172276 12043.7075971623
13310.8644581488 3996.11781536714 838 271.631221310298 11118.0736035167
13099.2479853907 3995.69106666381 841 245.179162215535 11177.8980395002
13457.3181490521 3998.02486925252 868 77.5995633016821 12310.6522290162
13201.0637507364 3980.5004964518 876 257.838811994694 11036.4827183228
13065.9772853174 3997.40477779583 839 241.020324706377 11468.4327283985
12998.4661088491 3990.14274582409 762 232.581427647838 10563.4968429119
13253.8792379686 3986.43926280647 879 264.50806878777 11449.906279399
12998.4661088491 3990.14274582409 762 232.581427647838 10563.4968429119
12998.4661088491 3990.14274582409 762 232.581427647838 10563.4968429119
13707.6792499749 3996.75448285098 987 184.605417906657 11874.2201193322
13707.6792499749 3996.75448285098 987 184.605417906657 11874.2201193322
13433.7531354063 3996.72803562854 864 93.117217262017 11686.7402993971
13375.8471286733 3997.27430980549 847 143.126402743959 11283.3522251384
13118.9272621134 3973.88356764768 775 247.639071805872 9809.49616486115
13433.7531354063 3996.72803562854 864 93.117217262017 11686.7402993971
13293.9009542428 3996.48975579937 828 145.561785198337 11299.67675599
12998.4661088491 3990.14274582409 762 232.581427647838 10563.4968429119
13893.7825358248 3986.52020181938 964 151.877498660136 12538.4466906973
13260.6689105214 3967.97461347683 902 265.28945696782 11532.068802367
13937.7409835731 3989.29084806076 1045 113.851853535293 12563.2118620419
13120.2071385678 3972.26014813364 793 247.79905636267 10710.2433092777
13252.0822049024 3997.49453946143 892 264.21611876545 11367.3956793245
14193.5221243938 3980.39066713502 1081 284.369149452782 12015.0622155295
13955.3597558662 3994.6391226243 1063 116.054200071933 12263.2699070035
13747.8277338269 3991.37849973765 1023 122.179467263365 12135.0191002795
13252.0822049024 3997.49453946143 892 264.21611876545 11367.3956793245
13678.2704492364 3994.33791528252 1025 219.962690058106 12176.4119039412
13229.6327917938 3995.32524912236 876 261.409942126876 11491.4186046286
13641.5033405684 3994.65367706799 976 215.366801474611 12506.0658238215
13624.7113667364 3995.95516466046 1023 213.26780474561 13052.2199429598
14602.5704279078 3992.17812577176 1128 129.96479862667 14869.0059431287
13519.5816489679 3994.4235863964 953 200.12659002454 12325.2801469778
13534.8719670898 3992.8177183645 977 202.037879789779 12372.3522004133
13309.763617769 3989.88760717818 923 271.493616262823 11531.521314082
13309.763617769 3989.88760717818 923 271.493616262823 11531.521314082
13309.763617769 3989.88760717818 923 271.493616262823 11531.521314082
13409.5442087538 3993.26378430169 925 199.838997163152 11981.4602882045
13163.7771203144 3961.68827431115 858 253.245304080995 10952.1147456467
13613.0980400624 3970.3842475053 928 195.607086646728 12711.5994588601
13644.2985840787 3987.57760775665 956 313.310487051538 12439.1032590609
13625.3643707831 3978.26178665993 928 191.007212626454 12777.4524640194
13151.558963074 3955.23535132822 858 251.718034425945 11219.7125125187
13550.9859542786 3996.8202649019 968 302.082129084267 11262.2884312803
13450.7753345607 3995.43686771954 885 88.4478592023329 12189.9890002564
13197.9052218004 3995.96288300906 849 257.511316766754 10929.4261012132
13866.6783201499 3990.84503902966 949 69.8263623887958 12161.8018318578
13518.4195414857 3994.7807297855 882 297.575606727419 10884.8426055612
13304.6640654294 3998.1309947666 807 146.472027271818 11085.4666633735
13413.3964586294 3992.19385277066 907 212.674566460349 10875.352172295
12998.4661088491 3990.14274582409 762 232.581427647838 10563.4968429119
13321.3698001525 3994.2850362127 828 272.944389060764 10433.9862171124
13333.5103355259 3992.08197624116 815 274.461955982435 10415.6155755538
12970.8974360685 3978.07026727287 762 229.135343550266 9914.14585702203
13797.7493084933 3973.7776107332 918 332.491827603369 11279.1698801413
13044.3275411944 3965.22647881407 793 238.314106691002 10377.8435734925
13395.4180919403 3996.67455220683 887 28.1577747382607 11809.3206988766
13044.3275411944 3965.22647881407 793 238.314106691002 10377.8435734925
13368.443917243 3994.39381069036 929 278.828653697077 12898.0338063288
12998.4661088491 3990.14274582409 762 232.581427647838 10563.4968429119
12998.4661088491 3990.14274582409 762 232.581427647838 10563.4968429119
13101.9346844042 3995.98600600646 843 245.51499959223 11204.9155804634
13422.1197494073 3993.12862570544 906 31.4954819216264 11634.2918090963
12998.4661088491 3990.14274582409 762 232.581427647838 10563.4968429119
12998.4661088491 3990.14274582409 762 232.581427647838 10563.4968429119
13434.5334384104 3995.40270186853 917 33.0471930470112 12069.0894729616
12998.4661088491 3990.14274582409 762 232.581427647838 10563.4968429119
14381.460301371 3979.13830222753 1028 35.6508325208465 13679.4350592358
15054.7700096838 3990.64943815535 1140 2.34793467450299 14418.2876034761
14381.460301371 3979.13830222753 1028 35.6508325208465 13679.4350592358
13315.8273085775 3994.52341470518 879 18.2089268179038 11159.4020108189
13102.6646748833 3994.75566218974 848 8.43640239386514 11105.3739679825
13408.5164636158 3996.52058200139 914 169.175249968264 11389.0636371261
13337.7226450735 3995.89618935572 889 47.7251470852443 11939.515231859
13049.1060684727 3993.82539095343 818 11.6480750101373 10544.7788969599
13043.7859712597 3995.57215778458 804 10.979874905574 9954.16637176568
12947.3812981348 3972.91278875648 780 226.19582630855 9909.49446120087
13204.1403395328 3994.20610424241 838 29.8062985202114 10449.128965643
13377.1759608579 3996.43775656691 883 108.038221639714 11213.3442556198
13314.7311122533 3997.00902191295 857 131.45503986644 11303.9680763793
14120.8703237955 3990.28896572489 1094 178.194618118453 13071.5050378446
14093.4924277118 3990.52884405039 1101 154.636371260044 14199.8107418833
14141.9460309721 3991.34357460875 1097 180.829081515527 13082.0511266833
14084.9119034771 3994.01496227907 1077 173.699815578657 13228.7817997269
14068.782835382 3991.20280796247 1070 171.68368206676 12900.2310012456
14072.766029395 3984.01965529862 1076 192.805701207708 11756.8491961837
14194.6406169729 3996.97801602151 1110 167.279894917683 13310.0962086779
13984.493779824 3981.47259056032 1061 196.520761339235 12559.9134181947
14077.5297964594 3993.61554710431 1094 152.641042353496 12915.4435007639
14315.1849165791 3996.05462350817 1123 182.34793236846 13722.6589759331
13948.1744070012 3978.69833207361 1069 176.435109973636 12870.3474471783
14014.8200662776 3991.58393027509 1088 184.765817383175 12734.0925959773
13972.901969368 3977.23789146665 1056 139.562563967073 15182.1755171966
13986.192672349 3997.45976051534 1074 141.223901839692 13474.3647318535
13948.1744070012 3978.69833207361 1069 176.435109973636 12870.3474471783
14211.4037195342 3963.65869868031 1126 169.375282737841 13577.5852035298
13989.3448236688 3995.97732647088 1069 181.58141205708 13021.5514315314
14312.5224307826 3996.1606221395 1130 213.323855867849 11989.3527266585
13998.6489955485 3991.38726464897 1064 182.744433542042 12421.9982632343
14004.5953604701 3993.67075733832 1064 183.487729157246 12434.3318890088
14004.5953604701 3993.67075733832 1064 183.487729157246 12434.3318890088
13907.1781406442 3994.96231010756 1052 171.310576679007 11594.2210638667
13802.103164522 3994.05351441153 990 158.17620466373 10916.121486107
13695.7458383806 3988.53653735401 959 144.881538896052 9866.65926788677
13568.0042420805 3929.74977873649 974 128.913839358546 10173.7752782755
13775.5794291921 3994.43565745885 974 154.860737747491 10497.1007339609
13564.8028043029 3980.34851440865 942 128.513659636348 9979.45900899231
13707.8782012717 3991.23916200669 962 52.2173655416689 11421.3205661169
13564.8028043029 3980.34851440865 942 128.513659636348 9979.45900899231
