3777.72840596242 880.880275724533 463 16.7144438451816 858.025313430856
3667.6216604227 890.576833829042 425 57.7462851949899 745.467099232416
3777.72840596242 880.880275724533 463 16.7144438451816 858.025313430856
3926.25956508102 893.72291221795 497 1.85195104464242 1002.50509786341
3946.62801054481 904.621065801194 497 4.39800672761669 1080.48627112873
3975.68142670553 893.029991456284 506 8.02968374770671 979.514389846724
3792.2013142043 895.097389016351 463 14.9053303149473 849.552855510791
3946.62801054481 904.621065801194 497 4.39800672761669 1080.48627112873
3792.2013142043 895.097389016351 463 14.9053303149473 849.552855510791
3792.2013142043 895.097389016351 463 14.9053303149473 849.552855510791
3792.2013142043 895.097389016351 463 14.9053303149473 849.552855510791
3785.43082569438 883.917568688774 463 15.7516413786867 840.866060946727
3946.62801054481 904.621065801194 497 4.39800672761669 1080.48627112873
3792.2013142043 895.097389016351 463 14.9053303149473 849.552855510791
3926.25956508102 893.72291221795 497 1.85195104464242 1002.50509786341
3946.62801054481 904.621065801194 497 4.39800672761669 1080.48627112873
3926.25956508102 893.72291221795 497 1.85195104464242 1002.50509786341
3817.22950593963 903.744797802692 463 11.776806348031 875.495081869813
3792.2013142043 895.097389016351 463 14.9053303149473 849.552855510791
3915.4260549444 911.12419638958 486 0.497762277565016 1061.39392079564
3905.58043253766 910.590947869901 486 0.732940523276625 997.380762339798
3792.2013142043 895.097389016351 463 14.9053303149473 849.552855510791
3915.4260549444 911.12419638958 486 0.497762277565016 1061.39392079564
3806.60291791473 899.931609872584 463 13.1051298511436 965.402748347847
3888.3475770424 903.007119842352 486 2.88704746018459 883.716128504576
3946.62801054481 904.621065801194 497 4.39800672761669 1080.48627112873
3888.3475770424 903.007119842352 486 2.88704746018459 883.716128504576
3792.48177605939 887.528252710886 477 14.8702725830609 910.119192377299
3926.51886631337 893.752149041334 497 1.88436369868714 961.693759496666
3926.51886631337 893.752149041334 497 1.88436369868714 961.693759496666
3946.62801054481 904.621065801194 497 4.39800672761669 1080.48627112873
3926.51886631337 893.752149041334 497 1.88436369868714 961.693759496666
3905.58043253766 910.590947869901 486 0.732940523276625 997.380762339798
3926.51886631337 893.752149041334 497 1.88436369868714 961.693759496666
3905.58043253766 910.590947869901 486 0.732940523276625 997.380762339798
3946.62801054481 904.621065801194 497 4.39800672761669 1080.48627112873
3905.58043253766 910.590947869901 486 0.732940523276625 997.380762339798
3905.58043253766 910.590947869901 486 0.732940523276625 997.380762339798
3806.60291791473 899.931609872584 463 13.1051298511436 965.402748347847
3946.62801054481 904.621065801194 497 4.39800672761669 1080.48627112873
3905.58043253766 910.590947869901 486 0.732940523276625 997.380762339798
3946.62801054481 904.621065801194 497 4.39800672761669 1080.48627112873
3946.62801054481 904.621065801194 497 4.39800672761669 1080.48627112873
3994.49348879028 907.694958086866 511 10.3811915083005 990.071809358419
3806.60291791473 899.931609872584 463 13.1051298511436 965.402748347847
3994.49348879028 907.694958086866 511 10.3811915083005 990.071809358419
3806.60291791473 899.931609872584 463 13.1051298511436 965.402748347847
3806.60291791473 899.931609872584 463 13.1051298511436 965.402748347847
3996.70705049795 906.584593530503 511 10.6578867217596 986.740715689329
3996.70705049795 906.584593530503 511 10.6578867217596 986.740715689329
3929.04169830985 889.670651325131 497 2.1997176982469 934.153743251737
3975.73427063384 910.150164487139 497 8.03628923874589 940.230815428268
4025.19147119182 910.607371223534 511 14.2184393084926 831.012129554122
3975.73427063384 910.150164487139 497 8.03628923874589 940.230815428268
3929.04169830985 889.670651325131 497 2.1997176982469 934.153743251737
3905.58043253766 910.590947869901 486 0.732940523276625 997.380762339798
3934.6675002542 894.912172748723 497 2.90294294129035 885.131966563411
3905.58043253766 910.590947869901 486 0.732940523276625 997.380762339798
3825.60106197178 911.41340278496 463 26.9762197609866 903.686242002274
3905.58043253766 910.590947869901 486 0.732940523276625 997.380762339798
3833.06518056466 909.987245998081 463 9.79734701990174 987.930336499336
3825.60106197178 911.41340278496 463 26.9762197609866 903.686242002274
3806.48226253952 888.541075100999 463 13.1202117730439 879.155502009464
3934.6675002542 894.912172748723 497 2.90294294129035 885.131966563411
3824.20044716752 906.960132643137 463 10.9054386945442 975.172955465672
3859.33782301403 892.67102948046 485 10.1713006928443 768.505877399525
3934.6675002542 894.912172748723 497 2.90294294129035 885.131966563411
3685.5368947765 859.714352624839 449 96.3269199954262 674.989900861651
3806.60291791473 899.931609872584 463 13.1051298511436 965.402748347847
3859.33782301403 892.67102948046 485 10.1713006928443 768.505877399525
3785.03854101756 885.297930749104 467 19.4381735764682 692.08516289532
3825.43468453238 904.510957169706 463 10.7511590239372 914.454944406309
3825.43468453238 904.510957169706 463 10.7511590239372 914.454944406309
3859.33782301403 892.67102948046 485 10.1713006928443 768.505877399525
3859.33782301403 892.67102948046 485 10.1713006928443 768.505877399525
3825.43468453238 904.510957169706 463 10.7511590239372 914.454944406309
3863.10289355539 883.756324057543 474 6.04263289606092 880.847016920141
3859.33782301403 892.67102948046 485 10.1713006928443 768.505877399525
3934.6675002542 894.912172748723 497 2.90294294129035 885.131966563411
3798.28030895987 889.762778897083 463 14.1454559705002 772.132909590787
3934.6675002542 894.912172748723 497 2.90294294129035 885.131966563411
3798.28030895987 889.762778897083 463 14.1454559705002 772.132909590787
3934.6675002542 894.912172748723 497 2.90294294129035 885.131966563411
3781.54405397629 891.875121999746 477 19.0013626963086 705.701610146112
3774.31771856983 888.965336957986 468 63.0341110729302 753.648933130547
3773.33512204215 885.495355524649 459 63.4025847708094 714.878309055539
3934.6675002542 894.912172748723 497 2.90294294129035 885.131966563411
3798.28030895987 889.762778897083 463 14.1454559705002 772.132909590787
3811.12031797461 895.96131209244 463 12.5404548436587 901.923980422801
3740.97473780912 871.510197580665 463 75.5377288581958 701.283514998585
3774.31771856983 888.965336957986 468 63.0341110729302 753.648933130547
3798.28030895987 889.762778897083 463 14.1454559705002 772.132909590787
3746.74061006991 890.637593332142 462 54.2250484981932 649.147698246784
3934.6675002542 894.912172748723 497 2.90294294129035 885.131966563411
3816.2466381484 895.500142348787 470 62.9133020080039 634.874922822389
3746.74061006991 890.637593332142 462 54.2250484981932 649.147698246784
3934.6675002542 894.912172748723 497 2.90294294129035 885.131966563411
3687.91310069577 892.632933223077 433 60.2786035255764 490.225318182476
3687.91310069577 892.632933223077 433 60.2786035255764 490.225318182476
3836.13073457922 901.069872941281 478 65.3988140618563 630.910688336707
3798.28030895987 889.762778897083 463 14.1454559705002 772.132909590787
3826.70281511753 892.771034193033 464 68.9342838599894 635.586092405073
3666.54080864817 879.47139930954 423 57.6070670196262 510.486031547663
3687.91310069577 892.632933223077 433 60.2786035255764 490.225318182476
3687.91310069577 892.632933223077 433 60.2786035255764 490.225318182476
3798.28030895987 889.762778897083 463 14.1454559705002 772.132909590787
3678.50454500527 887.218284775888 433 16.1591706130811 570.146750017672
3707.5657063948 877.43164545876 454 25.4847812911346 662.289457866392
3678.50454500527 887.218284775888 433 16.1591706130811 570.146750017672
3682.91292785428 894.733898289455 448 28.5663786087 743.805297515518
3779.74333184154 877.590391768272 463 15.898370012769 622.231748038508
3678.50454500527 887.218284775888 433 16.1591706130811 570.146750017672
3682.91292785428 894.733898289455 448 28.5663786087 743.805297515518
3678.50454500527 887.218284775888 433 16.1591706130811 570.146750017672
3637.93941334845 883.24245775674 433 39.2845176524286 671.73078902966
3637.93941334845 883.24245775674 433 39.2845176524286 671.73078902966
3637.93941334845 883.24245775674 433 39.2845176524286 671.73078902966
3637.93941334845 883.24245775674 433 39.2845176524286 671.73078902966
3748.19496008747 889.634691739173 465 53.0664609948055 724.140371219038
3694.70446152028 889.62892197242 433 61.1275236286405 606.253260045879
3637.93941334845 883.24245775674 433 39.2845176524286 671.73078902966
3669.28153355946 886.287790220152 433 14.7777471644644 664.853181515739
3721.65163351177 905.398222610783 433 64.4959201275764 639.303716157832
3568.71165404379 896.448398178702 401 33.3590169071942 579.104362055535
3669.28153355946 886.287790220152 433 14.7777471644644 664.853181515739
3559.44544909855 907.092350947768 384 44.220147075924 631.81796304419
3672.53843382961 909.391032610686 417 1.81027780177863 752.213403072865
3582.93771262131 890.871452314998 401 47.1566800162686 583.198360302518
3559.44544909855 907.092350947768 384 44.220147075924 631.81796304419
3612.43246253078 891.242924028317 417 36.0961488002189 599.798996457761
3415.72054684252 874.541761005545 367 26.2545342939201 456.418245815478
3582.93771262131 890.871452314998 401 47.1566800162686 583.198360302518
3536.9095414201 898.870376257215 384 41.4031586161175 612.94760679189
3515.58023226348 909.995280192229 378 38.7369949715402 708.554507154892
3536.9095414201 898.870376257215 384 41.4031586161175 612.94760679189
3559.44544909855 907.092350947768 384 44.220147075924 631.81796304419
3559.44544909855 907.092350947768 384 44.220147075924 631.81796304419
3515.58023226348 909.995280192229 378 38.7369949715402 708.554507154892
3591.52613127334 906.627040896747 424 47.914985155736 698.194092696728
3498.97852366628 878.700721842303 407 38.7071082953033 617.899308870677
3383.67323438198 889.028696454211 375 66.9610092167369 676.274560142583
3406.20914206043 897.250671144764 375 69.7779976765435 695.144916394883
3586.80498309244 903.672922718863 424 49.685415723573 665.455797115985
3586.80498309244 903.672922718863 424 49.685415723573 665.455797115985
3569.19446152009 910.291851028644 408 45.4190988526098 690.989944444425
3569.19446152009 910.291851028644 408 45.4190988526098 690.989944444425
3619.0042040468 900.104355851308 427 37.6107078656859 697.571489304494
3569.19446152009 910.291851028644 408 45.4190988526098 690.989944444425
3591.52613127334 906.627040896747 424 47.914985155736 698.194092696728
3569.19446152009 910.291851028644 408 45.4190988526098 690.989944444425
3569.19446152009 910.291851028644 408 45.4190988526098 690.989944444425
3651.2759850749 900.675206881108 422 33.5792111207253 797.006401400393
3585.56757957915 900.006019062096 401 2.51858360702283 692.852995183663
3518.30375853305 889.264059166214 408 39.0577609792298 668.648573304243
3472.75898423953 896.679854228758 392 33.36466419254 686.839841688761
3472.75898423953 896.679854228758 392 33.36466419254 686.839841688761
3569.19446152009 910.291851028644 408 45.4190988526098 690.989944444425
3406.20914206043 897.250671144764 375 69.7779976765435 695.144916394883
3742.80865899469 892.713769111564 448 45.6998667470425 1027.11678071043
3456.8551955883 893.228656277556 367 12.2500793527882 833.903498772054
3518.90055390014 896.284984010572 383 20.0057491417681 898.592221553048
3456.8551955883 893.228656277556 367 12.2500793527882 833.903498772054
3886.9055826071 896.325494760465 499 3.58959890093274 1141.34847558952
3860.67041387791 898.959219971077 488 0.0905679151717891 1116.4618255088
3752.50913078317 882.662139107513 465 40.6510490757 1045.11604650313
3860.67041387791 898.959219971077 488 0.0905679151717891 1116.4618255088
3894.63290513659 893.423442349223 497 31.0824153000038 1087.01518773738
3898.09067084238 892.95999039904 488 10.8211180976429 1032.60323716088
3752.50913078317 882.662139107513 465 40.6510490757 1045.11604650313
3860.67041387791 898.959219971077 488 0.0905679151717891 1116.4618255088
3809.73510085096 885.014534000582 465 0.223328151285159 1011.65111958202
3809.73510085096 885.014534000582 465 0.223328151285159 1011.65111958202
3839.99138774243 885.901206898329 488 7.84520271597648 1086.61843015525
3761.78171281168 887.204720678234 465 37.1738308150061 1101.32212380448
3795.66071854135 878.803329430155 465 1.98262593998629 1017.65920286639
3897.21735781022 888.253601791398 488 33.0291745110088 1062.8707066066
3752.50913078317 882.662139107513 465 40.6510490757 1045.11604650313
3839.99138774243 885.901206898329 488 7.84520271597648 1086.61843015525
3839.99138774243 885.901206898329 488 7.84520271597648 1086.61843015525
3752.50913078317 882.662139107513 465 40.6510490757 1045.11604650313
3809.73510085096 885.014534000582 465 0.223328151285159 1011.65111958202
3730.60295578062 889.126679548769 468 10.1148462850774 992.856559285159
3809.73510085096 885.014534000582 465 0.223328151285159 1011.65111958202
3809.73510085096 885.014534000582 465 0.223328151285159 1011.65111958202
3809.73510085096 885.014534000582 465 0.223328151285159 1011.65111958202
3839.99138774243 885.901206898329 488 7.84520271597648 1086.61843015525
3809.73510085096 885.014534000582 465 0.223328151285159 1011.65111958202
3809.73510085096 885.014534000582 465 0.223328151285159 1011.65111958202
3809.73510085096 885.014534000582 465 0.223328151285159 1011.65111958202
3803.95837685323 898.600344085142 475 0.945418651001319 1076.55185859705
3780.65581844614 869.121026817299 465 3.8582384518877 939.108616978
3730.60295578062 889.126679548769 468 10.1148462850774 992.856559285159
3730.60295578062 889.126679548769 468 10.1148462850774 992.856559285159
3730.60295578062 889.126679548769 468 10.1148462850774 992.856559285159
3730.60295578062 889.126679548769 468 10.1148462850774 992.856559285159
3892.31394684465 906.5458004836 498 10.0990275979267 1097.5039761759
3803.95837685323 898.600344085142 475 0.945418651001319 1076.55185859705
3809.73510085096 885.014534000582 465 0.223328151285159 1011.65111958202
3809.73510085096 885.014534000582 465 0.223328151285159 1011.65111958202
3803.95837685323 898.600344085142 475 0.945418651001319 1076.55185859705
