3791.81758990513 902.679399668132 438 3.28127345229393 320.680191897139
3799.91457986824 910.763732156836 438 6.31764468845938 350.990992498279
3799.91457986824 910.763732156836 438 6.31764468845938 350.990992498279
3681.14410030843 888.792834038528 411 21.1639546334355 317.500817842241
3678.13037453319 886.976726325339 411 20.0338074677197 322.877495530845
3707.16511657354 890.042925654287 438 1.49000271796388 217.07073567848
3694.91457135132 892.886106963883 411 18.9968269039065 256.136566398983
3799.91457986824 910.763732156836 438 6.31764468845938 350.990992498279
3738.426758227 888.82088379367 438 14.0036223936144 317.528867597383
3681.14410030843 888.792834038528 411 21.1639546334355 317.500817842241
3695.80620904965 896.585967580676 411 19.3311910407826 325.293951384389
3619.32085259961 891.213108643319 390 28.8918605970387 322.225855495428
3619.32085259961 891.213108643319 390 28.8918605970387 322.225855495428
3799.91457986824 910.763732156836 438 6.31764468845938 350.990992498279
3619.32085259961 891.213108643319 390 28.8918605970387 322.225855495428
3692.79248327441 894.769859867486 411 18.2010438750668 330.670629072993
3619.32085259961 891.213108643319 390 28.8918605970387 322.225855495428
3695.80620904965 896.585967580676 411 19.3311910407826 325.293951384389
3692.79248327441 894.769859867486 411 18.2010438750668 330.670629072993
3692.79248327441 894.769859867486 411 18.2010438750668 330.670629072993
3695.47660817896 884.205046108442 421 19.3723911496189 324.432306449885
3695.80620904965 896.585967580676 411 19.3311910407826 325.293951384389
3692.79248327441 894.769859867486 411 18.2010438750668 330.670629072993
3799.0229421699 907.063871540043 438 5.98328055158316 281.833607512874
3695.80620904965 896.585967580676 411 19.3311910407826 325.293951384389
3695.80620904965 896.585967580676 411 19.3311910407826 325.293951384389
3799.91457986824 910.763732156836 438 6.31764468845938 350.990992498279
3659.82798128906 879.344289776191 398 22.3216066232359 295.014898215208
3662.96635732558 881.649052824587 398 21.9293096186705 295.014898215208
3619.32085259961 891.213108643319 390 28.8918605970387 322.225855495428
3684.42265573336 888.847931120665 398 19.2472723176984 324.748700326171
3799.91457986824 910.763732156836 438 6.31764468845938 350.990992498279
3695.80620904965 896.585967580676 411 19.3311910407826 325.293951384389
3619.32085259961 891.213108643319 390 28.8918605970387 322.225855495428
3684.42265573336 888.847931120665 398 19.2472723176984 324.748700326171
3619.44550286089 891.701763978525 390 27.3694164267574 327.602533184032
3619.44550286089 891.701763978525 390 27.3694164267574 327.602533184032
3622.45922863613 893.517871691715 390 28.4995635924732 322.225855495428
3622.45922863613 893.517871691715 390 28.4995635924732 322.225855495428
3622.45922863613 893.517871691715 390 28.4995635924732 322.225855495428
3625.93614768581 895.117166134409 390 29.8034082361036 274.742857500431
3658.13025428875 900.631357018229 390 25.7791449107363 332.104867681329
3596.83364403293 898.921760646881 381 30.2166972360339 372.535788583834
3596.83364403293 898.921760646881 381 30.2166972360339 372.535788583834
3642.20090762352 899.816197335991 417 47.2294210825041 372.955639506108
3652.60698829627 900.371357683883 390 26.4695531597962 331.844868346983
3652.60698829627 900.371357683883 390 26.4695531597962 331.844868346983
3583.6248544584 892.523672302721 381 31.8677959328507 420.027513073739
3583.6248544584 892.523672302721 381 31.8677959328507 420.027513073739
3583.6248544584 892.523672302721 381 31.8677959328507 420.027513073739
3530.97953233229 869.348878592104 381 38.4484611986142 446.366225879641
3652.11487519607 901.559790823075 390 10.8286768655376 292.396258684823
3550.18729570093 876.427638865486 381 36.0474907775335 446.366225879641
3557.68790109978 887.57741638593 381 1.0843489274456 316.945513987887
3593.95478705637 901.330724945496 381 5.61770967201869 329.554075520391
3598.07287470425 907.143429403246 381 4.07342680406043 297.979897264994
3593.95478705637 901.330724945496 381 5.61770967201869 329.554075520391
3555.23303660918 889.697864458926 381 1.28155295782454 285.371335732491
3596.83364403293 898.921760646881 381 30.2166972360339 372.535788583834
3595.61934344685 901.692738790156 381 5.82577922082919 402.525984967217
3593.95478705637 901.330724945496 381 5.61770967201869 329.554075520391
3598.07287470425 907.143429403246 381 4.07342680406043 297.979897264994
3571.50903477796 897.648173821007 381 0.752946813274093 288.484641682755
3583.6248544584 892.523672302721 381 31.8677959328507 420.027513073739
3640.70428554064 899.588191545815 408 9.40235315860821 217.610037650144
3580.319867199 899.863448129834 381 1.85430086590361 290.699915991582
3571.50903477796 897.648173821007 381 0.752946813274093 288.484641682755
3583.6248544584 892.523672302721 381 31.8677959328507 420.027513073739
3598.07287470425 907.143429403246 381 4.07342680406043 297.979897264994
3576.93039537724 894.021522355297 381 12.0018565516896 287.872026212349
3576.93039537724 894.021522355297 381 12.0018565516896 287.872026212349
3576.93039537724 894.021522355297 381 12.0018565516896 287.872026212349
3653.76555566175 895.690990176464 389 23.1002082824315 440.239222829577
3653.76555566175 895.690990176464 389 23.1002082824315 440.239222829577
3576.93039537724 894.021522355297 381 12.0018565516896 287.872026212349
3653.76555566175 895.690990176464 389 23.1002082824315 440.239222829577
3598.07287470425 907.143429403246 381 4.07342680406043 297.979897264994
3653.76555566175 895.690990176464 389 23.1002082824315 440.239222829577
3653.76555566175 895.690990176464 389 23.1002082824315 440.239222829577
3653.76555566175 895.690990176464 389 23.1002082824315 440.239222829577
3588.78840278928 898.544823034325 381 31.2223523914905 443.093055687437
3638.67246654292 900.607858081981 402 2.57365691954033 373.427644502919
3551.80264377764 882.932622063364 366 1.3649078139174 378.544196481762
3804.17320128598 899.432069043711 446 18.1259281160371 333.072215727011
3651.02308644237 906.893124491184 402 4.11748440697113 424.714324925722
3521.79753447219 899.981494309015 365 32.6766793910837 272.121012999186
3638.67246654292 900.607858081981 402 2.57365691954033 373.427644502919
3521.79753447219 899.981494309015 365 32.6766793910837 272.121012999186
3668.41868977196 898.699972794215 395 13.2120979353724 502.298043992963
3542.50328374909 892.724303522314 350 2.52732781748603 287.4442476807
3521.79753447219 899.981494309015 365 32.6766793910837 272.121012999186
3592.16230922811 901.9332646892 386 3.24011274481097 395.834200814944
3668.41868977196 898.699972794215 395 13.2120979353724 502.298043992963
3480.61495600446 890.171760986646 357 10.2633687855647 498.188613600616
3792.67693751658 908.070172672598 443 58.0005774321999 573.852943719812
3480.61495600446 890.171760986646 357 10.2633687855647 498.188613600616
3480.61495600446 890.171760986646 357 10.2633687855647 498.188613600616
3480.61495600446 890.171760986646 357 10.2633687855647 498.188613600616
3643.24667114459 893.38942091055 395 10.0655956069514 580.853528041417
3696.85593495838 896.867920585685 416 16.7667535836747 689.564388551393
3521.79753447219 899.981494309015 365 32.6766793910837 272.121012999186
3540.05480639585 894.315016822339 363 6.86698574089417 588.785267783872
3504.04452696694 892.701513035602 365 30.4575534529268 264.841031725774
3409.99414738327 888.302692051177 340 25.6814536416011 459.583047566045
3511.89387173461 904.398056631262 346 12.5309429901524 471.736934933731
3520.65575576475 899.139753656876 365 32.5339570526531 301.790215941403
3480.61495600446 890.171760986646 357 10.2633687855647 498.188613600616
3480.61495600446 890.171760986646 357 10.2633687855647 498.188613600616
3480.61495600446 890.171760986646 357 10.2633687855647 498.188613600616
3409.99414738327 888.302692051177 340 25.6814536416011 459.583047566045
3409.99414738327 888.302692051177 340 25.6814536416011 459.583047566045
3480.61495600446 890.171760986646 357 10.2633687855647 498.188613600616
3415.14868448241 890.412249529011 340 26.325770778994 460.976586209554
3521.79753447219 899.981494309015 365 32.6766793910837 272.121012999186
3521.79753447219 899.981494309015 365 32.6766793910837 272.121012999186
3521.79753447219 899.981494309015 365 32.6766793910837 272.121012999186
3415.14868448241 890.412249529011 340 26.325770778994 460.976586209554
3480.61495600446 890.171760986646 357 10.2633687855647 498.188613600616
3415.14868448241 890.412249529011 340 26.325770778994 460.976586209554
3415.14868448241 890.412249529011 340 26.325770778994 460.976586209554
3477.49811743724 899.498394247163 348 27.1392522617148 282.134566215944
3647.34122157749 896.452015574597 390 5.55238580446547 386.251223933233
3777.72840596242 880.880275724533 463 16.7144438451816 858.025313430856
3667.6216604227 890.576833829042 425 57.7462851949899 745.467099232416
3777.72840596242 880.880275724533 463 16.7144438451816 858.025313430856
3926.25956508102 893.72291221795 497 1.85195104464242 1002.50509786341
3946.62801054481 904.621065801194 497 4.39800672761669 1080.48627112873
3975.68142670553 893.029991456284 506 8.02968374770671 979.514389846724
3792.2013142043 895.097389016351 463 14.9053303149473 849.552855510791
3946.62801054481 904.621065801194 497 4.39800672761669 1080.48627112873
3792.2013142043 895.097389016351 463 14.9053303149473 849.552855510791
3792.2013142043 895.097389016351 463 14.9053303149473 849.552855510791
3792.2013142043 895.097389016351 463 14.9053303149473 849.552855510791
3785.43082569438 883.917568688774 463 15.7516413786867 840.866060946727
3946.62801054481 904.621065801194 497 4.39800672761669 1080.48627112873
3792.2013142043 895.097389016351 463 14.9053303149473 849.552855510791
3926.25956508102 893.72291221795 497 1.85195104464242 1002.50509786341
3946.62801054481 904.621065801194 497 4.39800672761669 1080.48627112873
3926.25956508102 893.72291221795 497 1.85195104464242 1002.50509786341
3817.22950593963 903.744797802692 463 11.776806348031 875.495081869813
3792.2013142043 895.097389016351 463 14.9053303149473 849.552855510791
3915.4260549444 911.12419638958 486 0.497762277565016 1061.39392079564
3905.58043253766 910.590947869901 486 0.732940523276625 997.380762339798
3792.2013142043 895.097389016351 463 14.9053303149473 849.552855510791
3915.4260549444 911.12419638958 486 0.497762277565016 1061.39392079564
3806.60291791473 899.931609872584 463 13.1051298511436 965.402748347847
3888.3475770424 903.007119842352 486 2.88704746018459 883.716128504576
3946.62801054481 904.621065801194 497 4.39800672761669 1080.48627112873
3888.3475770424 903.007119842352 486 2.88704746018459 883.716128504576
3792.48177605939 887.528252710886 477 14.8702725830609 910.119192377299
3926.51886631337 893.752149041334 497 1.88436369868714 961.693759496666
3926.51886631337 893.752149041334 497 1.88436369868714 961.693759496666
3946.62801054481 904.621065801194 497 4.39800672761669 1080.48627112873
3926.51886631337 893.752149041334 497 1.88436369868714 961.693759496666
3905.58043253766 910.590947869901 486 0.732940523276625 997.380762339798
3926.51886631337 893.752149041334 497 1.88436369868714 961.693759496666
3905.58043253766 910.590947869901 486 0.732940523276625 997.380762339798
3946.62801054481 904.621065801194 497 4.39800672761669 1080.48627112873
3905.58043253766 910.590947869901 486 0.732940523276625 997.380762339798
3905.58043253766 910.590947869901 486 0.732940523276625 997.380762339798
3806.60291791473 899.931609872584 463 13.1051298511436 965.402748347847
3946.62801054481 904.621065801194 497 4.39800672761669 1080.48627112873
3905.58043253766 910.590947869901 486 0.732940523276625 997.380762339798
3946.62801054481 904.621065801194 497 4.39800672761669 1080.48627112873
3946.62801054481 904.621065801194 497 4.39800672761669 1080.48627112873
3994.49348879028 907.694958086866 511 10.3811915083005 990.071809358419
3806.60291791473 899.931609872584 463 13.1051298511436 965.402748347847
3994.49348879028 907.694958086866 511 10.3811915083005 990.071809358419
3806.60291791473 899.931609872584 463 13.1051298511436 965.402748347847
3806.60291791473 899.931609872584 463 13.1051298511436 965.402748347847
3996.70705049795 906.584593530503 511 10.6578867217596 986.740715689329
3996.70705049795 906.584593530503 511 10.6578867217596 986.740715689329
3929.04169830985 889.670651325131 497 2.1997176982469 934.153743251737
3975.73427063384 910.150164487139 497 8.03628923874589 940.230815428268
4025.19147119182 910.607371223534 511 14.2184393084926 831.012129554122
3975.73427063384 910.150164487139 497 8.03628923874589 940.230815428268
3929.04169830985 889.670651325131 497 2.1997176982469 934.153743251737
3905.58043253766 910.590947869901 486 0.732940523276625 997.380762339798
3934.6675002542 894.912172748723 497 2.90294294129035 885.131966563411
3905.58043253766 910.590947869901 486 0.732940523276625 997.380762339798
3825.60106197178 911.41340278496 463 26.9762197609866 903.686242002274
3905.58043253766 910.590947869901 486 0.732940523276625 997.380762339798
3833.06518056466 909.987245998081 463 9.79734701990174 987.930336499336
3825.60106197178 911.41340278496 463 26.9762197609866 903.686242002274
3806.48226253952 888.541075100999 463 13.1202117730439 879.155502009464
3934.6675002542 894.912172748723 497 2.90294294129035 885.131966563411
3824.20044716752 906.960132643137 463 10.9054386945442 975.172955465672
3859.33782301403 892.67102948046 485 10.1713006928443 768.505877399525
3934.6675002542 894.912172748723 497 2.90294294129035 885.131966563411
3685.5368947765 859.714352624839 449 96.3269199954262 674.989900861651
3806.60291791473 899.931609872584 463 13.1051298511436 965.402748347847
3859.33782301403 892.67102948046 485 10.1713006928443 768.505877399525
3785.03854101756 885.297930749104 467 19.4381735764682 692.08516289532
3825.43468453238 904.510957169706 463 10.7511590239372 914.454944406309
3825.43468453238 904.510957169706 463 10.7511590239372 914.454944406309
3859.33782301403 892.67102948046 485 10.1713006928443 768.505877399525
3859.33782301403 892.67102948046 485 10.1713006928443 768.505877399525
3825.43468453238 904.510957169706 463 10.7511590239372 914.454944406309
3863.10289355539 883.756324057543 474 6.04263289606092 880.847016920141
3859.33782301403 892.67102948046 485 10.1713006928443 768.505877399525
