3899.8921205686 898.208994761372 486 13.2766133751504 393.176076957779
3928.24400018977 905.87227468295 486 16.8205983277965 378.624262976571
3755.50116249714 883.599187955887 461 4.77225638378218 337.848452376591
3755.50116249714 883.599187955887 461 4.77225638378218 337.848452376591
3755.50116249714 883.599187955887 461 4.77225638378218 337.848452376591
3755.50116249714 883.599187955887 461 4.77225638378218 337.848452376591
3755.50116249714 883.599187955887 461 4.77225638378218 337.848452376591
4002.89170055457 909.443906663459 502 27.0547357025264 376.999696052884
3828.54114361206 889.576703675572 472 4.35774125558282 380.160727998036
3903.98855477093 891.859822896274 494 13.7886676504406 382.443847218738
3828.54114361206 889.576703675572 472 4.35774125558282 380.160727998036
4002.89170055457 909.443906663459 502 27.0547357025264 376.999696052884
3993.58220284914 907.517164890877 493 25.891048489347 374.286486250481
3828.54114361206 889.576703675572 472 4.35774125558282 380.160727998036
3882.8795207767 889.053311187086 480 12.0532132302928 345.450945141302
3882.8795207767 889.053311187086 480 12.0532132302928 345.450945141302
3976.23835688982 908.225624764198 494 23.7230677444329 374.623258718414
3882.8795207767 889.053311187086 480 12.0532132302928 345.450945141302
3882.8795207767 889.053311187086 480 12.0532132302928 345.450945141302
3828.54114361206 889.576703675572 472 4.35774125558282 380.160727998036
3828.54114361206 889.576703675572 472 4.35774125558282 380.160727998036
3755.50116249714 883.599187955887 461 4.77225638378218 337.848452376591
3882.8795207767 889.053311187086 480 12.0532132302928 345.450945141302
3775.01685398348 886.898747934234 472 2.33279494799001 336.487560466373
3828.54114361206 889.576703675572 472 4.35774125558282 380.160727998036
3838.2346701471 890.557024385002 472 5.19906676550363 364.160844354347
3754.89176902916 883.741930276734 461 4.8484305672805 338.133937018285
3762.65055180419 886.706474672437 461 41.8029280709692 344.063025809691
3762.65055180419 886.706474672437 461 41.8029280709692 344.063025809691
3762.65055180419 886.706474672437 461 41.8029280709692 344.063025809691
3762.65055180419 886.706474672437 461 41.8029280709692 344.063025809691
3800.33720132956 902.10675943202 469 0.4618831633112 370.802797687218
3914.21180479205 901.519411797449 480 15.9697487322114 370.383146362027
3762.65055180419 886.706474672437 461 41.8029280709692 344.063025809691
3762.65055180419 886.706474672437 461 41.8029280709692 344.063025809691
3755.50116249714 883.599187955887 461 4.77225638378218 337.848452376591
3838.2346701471 890.557024385002 472 5.19906676550363 364.160844354347
3882.8795207767 889.053311187086 480 12.0532132302928 345.450945141302
3762.65055180419 886.706474672437 461 41.8029280709692 344.063025809691
3882.2246077311 908.22325259338 486 10.6978089635044 410.765238864933
3838.2346701471 890.557024385002 472 5.19906676550363 364.160844354347
3872.77561788632 903.304537509853 486 9.51668523290635 404.698171552025
3872.77561788632 903.304537509853 486 9.51668523290635 404.698171552025
3762.65055180419 886.706474672437 461 41.8029280709692 344.063025809691
3882.8795207767 889.053311187086 480 12.0532132302928 345.450945141302
3762.65055180419 886.706474672437 461 41.8029280709692 344.063025809691
3762.65055180419 886.706474672437 461 41.8029280709692 344.063025809691
3882.8795207767 889.053311187086 480 12.0532132302928 345.450945141302
3838.2346701471 890.557024385002 472 5.19906676550363 364.160844354347
3685.98851924967 876.948743955229 438 40.2894351120115 280.609860932183
3762.65055180419 886.706474672437 461 41.8029280709692 344.063025809691
3707.7222299181 871.615507362943 438 43.0061489455651 320.119427275325
3685.98851924967 876.948743955229 438 40.2894351120115 280.609860932183
3882.8795207767 889.053311187086 480 12.0532132302928 345.450945141302
3830.1650825755 889.009695983411 472 50.2422444173826 348.66946843164
3882.8795207767 889.053311187086 480 12.0532132302928 345.450945141302
3762.65055180419 886.706474672437 461 41.8029280709692 344.063025809691
3724.38419071952 888.283628061082 438 45.0888940457427 249.415390716805
3724.38419071952 888.283628061082 438 45.0888940457427 249.415390716805
3882.8795207767 889.053311187086 480 12.0532132302928 345.450945141302
3765.2695894727 884.75605776063 449 34.1222738713442 284.680929558824
3762.65055180419 886.706474672437 461 41.8029280709692 344.063025809691
3850.93720625953 897.12629454493 472 8.06042391564608 303.405589136459
3838.81019358081 889.51336359257 472 6.5445473308057 356.93586171168
3762.65055180419 886.706474672437 461 41.8029280709692 344.063025809691
3762.65055180419 886.706474672437 461 41.8029280709692 344.063025809691
3762.65055180419 886.706474672437 461 41.8029280709692 344.063025809691
3685.98851924967 876.948743955229 438 40.2894351120115 280.609860932183
3838.81019358081 889.51336359257 472 6.5445473308057 356.93586171168
3685.98851924967 876.948743955229 438 40.2894351120115 280.609860932183
3838.81019358081 889.51336359257 472 6.5445473308057 356.93586171168
3687.62479461051 877.376309759569 438 40.4939695321168 281.464992540864
3762.65055180419 886.706474672437 461 41.8029280709692 344.063025809691
3685.98851924967 876.948743955229 438 40.2894351120115 280.609860932183
3746.51202958348 897.014839521107 438 47.8548739037374 320.74205206394
3780.532968819 897.660679401955 461 35.0970216904144 312.250602127654
3780.532968819 897.660679401955 461 35.0970216904144 312.250602127654
3780.532968819 897.660679401955 461 35.0970216904144 312.250602127654
3722.06677866601 879.880303630604 438 44.7992175390543 305.614333974287
3685.98851924967 876.948743955229 438 40.2894351120115 280.609860932183
3780.532968819 897.660679401955 461 35.0970216904144 312.250602127654
3536.80300274189 895.390050933837 365 21.6412455485387 316.721885556381
3682.98048125681 875.540792917318 438 41.4174493593329 258.991341810476
3685.98851924967 876.948743955229 438 40.2894351120115 280.609860932183
3708.21247448324 897.580520511941 411 36.1928416896432 297.228656815364
3531.50294310997 893.280870118595 365 20.9787380945487 288.694129179061
3780.532968819 897.660679401955 461 35.0970216904144 312.250602127654
3549.69193207154 903.824698875837 365 23.2523617147451 265.779310100064
3746.51202958348 897.014839521107 438 47.8548739037374 320.74205206394
3762.23860078612 904.527425167714 438 49.8206953040676 331.996860503008
3762.23860078612 904.527425167714 438 49.8206953040676 331.996860503008
3603.24916990714 902.215792689595 381 31.4510354406242 137.445563421853
3762.23860078612 904.527425167714 438 49.8206953040676 331.996860503008
3762.23860078612 904.527425167714 438 49.8206953040676 331.996860503008
3762.23860078612 904.527425167714 438 49.8206953040676 331.996860503008
3634.81783115099 899.585714831504 390 33.8930990996761 297.800560769856
3530.88936275482 880.275931988573 381 20.9020405501548 304.003144531406
3634.81783115099 899.585714831504 390 33.8930990996761 297.800560769856
3378.45378458037 859.999750027318 336 3.35161227477795 135.616452714604
3581.98631861412 893.795943277925 381 28.7931790289963 186.518361433722
3603.45237358116 903.373948124804 381 31.4764358998768 138.603718857063
3603.45237358116 903.373948124804 381 31.4764358998768 138.603718857063
3530.88936275482 880.275931988573 381 20.9020405501548 304.003144531406
3594.88535254493 898.810933614123 381 28.9015392739194 255.751779576636
3485.01224284083 891.832402133735 336 16.6714195573355 135.366048337359
3485.01224284083 891.832402133735 336 16.6714195573355 135.366048337359
3472.91239116388 884.413003429851 336 15.1589380977168 125.778090538797
3447.62665854108 888.534779777528 344 20.07383233191 59.3218719500117
3594.88535254493 898.810933614123 381 28.9015392739194 255.751779576636
3463.77788016517 891.002504814429 336 14.0171242228771 121.95232165162
3562.20953676321 905.49756696371 365 26.321081297633 250.322429229925
3663.92286695041 901.583747862145 390 37.5312285746036 320.297195143264
3463.77788016517 891.002504814429 336 14.0171242228771 121.95232165162
3562.20953676321 905.49756696371 365 26.321081297633 250.322429229925
3546.68389407868 902.416747837926 365 24.3803759620665 244.160790978357
3594.88535254493 898.810933614123 381 28.9015392739194 255.751779576636
3546.68389407868 902.416747837926 365 24.3803759620665 244.160790978357
3619.55420376635 910.028966022332 387 31.9851456765961 380.031121357764
3594.88535254493 898.810933614123 381 28.9015392739194 255.751779576636
3549.69193207154 903.824698875837 365 23.2523617147451 265.779310100064
3466.53515154131 891.984579651806 362 12.8577641484666 315.892444773841
3619.55420376635 910.028966022332 387 31.9851456765961 380.031121357764
3552.0590472706 906.400729375329 365 23.548251114628 270.931371099048
3478.42802350627 895.65518243984 362 15.8483921405147 274.411001609589
3610.7348620993 910.464666738644 394 38.0992978343299 366.883401620827
3481.43606149912 897.063133477751 362 14.7203778931932 296.029520731296
3431.47407955177 885.55758221763 362 8.47513014977392 284.934979721509
3471.27096738798 904.086919588585 362 13.4497411292998 319.538961765194
3451.39142045464 893.749199804945 362 10.964797762633 298.863522197913
3407.30659075807 872.786574255345 362 5.4541940505618 259.392963796939
3610.7348620993 910.464666738644 394 38.0992978343299 366.883401620827
3539.35667365669 908.065795770147 388 64.8661185003081 336.885689822533
3690.41242241097 890.287518355258 411 35.5639289214804 338.332555439856
3411.30998131798 875.790170559177 362 5.95461787055001 265.400156404602
3484.27884521382 906.612401381452 371 57.9813899449484 333.978901045142
3481.43606149912 897.063133477751 362 14.7203778931932 296.029520731296
3539.35667365669 908.065795770147 388 64.8661185003081 336.885689822533
3411.30998131798 875.790170559177 362 5.95461787055001 265.400156404602
3539.35667365669 908.065795770147 388 64.8661185003081 336.885689822533
3451.39142045464 893.749199804945 362 10.964797762633 298.863522197913
3481.43606149912 897.063133477751 362 14.7203778931932 296.029520731296
3495.67597714821 901.596292317651 362 18.0043863457574 277.565019314916
3554.73558136841 903.337867856095 388 4.83546759304397 507.916427150388
3468.64199365101 897.420844747687 372 56.0267834995969 321.357483047841
3539.35667365669 908.065795770147 388 64.8661185003081 336.885689822533
3554.73558136841 903.337867856095 388 4.83546759304397 507.916427150388
3539.35667365669 908.065795770147 388 64.8661185003081 336.885689822533
3791.81758990513 902.679399668132 438 3.28127345229393 320.680191897139
3681.14410030843 888.792834038528 411 21.1639546334355 317.500817842241
3678.13037453319 886.976726325339 411 20.0338074677197 322.877495530845
3707.16511657354 890.042925654287 438 1.49000271796388 217.07073567848
3694.91457135132 892.886106963883 411 18.9968269039065 256.136566398983
3738.426758227 888.82088379367 438 14.0036223936144 317.528867597383
3681.14410030843 888.792834038528 411 21.1639546334355 317.500817842241
3695.80620904965 896.585967580676 411 19.3311910407826 325.293951384389
3619.32085259961 891.213108643319 390 28.8918605970387 322.225855495428
3619.32085259961 891.213108643319 390 28.8918605970387 322.225855495428
3619.32085259961 891.213108643319 390 28.8918605970387 322.225855495428
3692.79248327441 894.769859867486 411 18.2010438750668 330.670629072993
3619.32085259961 891.213108643319 390 28.8918605970387 322.225855495428
3695.80620904965 896.585967580676 411 19.3311910407826 325.293951384389
3692.79248327441 894.769859867486 411 18.2010438750668 330.670629072993
3692.79248327441 894.769859867486 411 18.2010438750668 330.670629072993
3695.47660817896 884.205046108442 421 19.3723911496189 324.432306449885
3695.80620904965 896.585967580676 411 19.3311910407826 325.293951384389
3692.79248327441 894.769859867486 411 18.2010438750668 330.670629072993
3799.0229421699 907.063871540043 438 5.98328055158316 281.833607512874
3695.80620904965 896.585967580676 411 19.3311910407826 325.293951384389
3695.80620904965 896.585967580676 411 19.3311910407826 325.293951384389
3659.82798128906 879.344289776191 398 22.3216066232359 295.014898215208
3662.96635732558 881.649052824587 398 21.9293096186705 295.014898215208
3619.32085259961 891.213108643319 390 28.8918605970387 322.225855495428
3684.42265573336 888.847931120665 398 19.2472723176984 324.748700326171
3695.80620904965 896.585967580676 411 19.3311910407826 325.293951384389
3619.32085259961 891.213108643319 390 28.8918605970387 322.225855495428
3684.42265573336 888.847931120665 398 19.2472723176984 324.748700326171
3619.44550286089 891.701763978525 390 27.3694164267574 327.602533184032
3619.44550286089 891.701763978525 390 27.3694164267574 327.602533184032
3622.45922863613 893.517871691715 390 28.4995635924732 322.225855495428
3622.45922863613 893.517871691715 390 28.4995635924732 322.225855495428
3622.45922863613 893.517871691715 390 28.4995635924732 322.225855495428
3625.93614768581 895.117166134409 390 29.8034082361036 274.742857500431
3658.13025428875 900.631357018229 390 25.7791449107363 332.104867681329
3596.83364403293 898.921760646881 381 30.2166972360339 372.535788583834
3596.83364403293 898.921760646881 381 30.2166972360339 372.535788583834
3642.20090762352 899.816197335991 417 47.2294210825041 372.955639506108
3652.60698829627 900.371357683883 390 26.4695531597962 331.844868346983
3652.60698829627 900.371357683883 390 26.4695531597962 331.844868346983
3583.6248544584 892.523672302721 381 31.8677959328507 420.027513073739
3583.6248544584 892.523672302721 381 31.8677959328507 420.027513073739
3583.6248544584 892.523672302721 381 31.8677959328507 420.027513073739
3530.97953233229 869.348878592104 381 38.4484611986142 446.366225879641
3652.11487519607 901.559790823075 390 10.8286768655376 292.396258684823
3550.18729570093 876.427638865486 381 36.0474907775335 446.366225879641
3557.68790109978 887.57741638593 381 1.0843489274456 316.945513987887
3593.95478705637 901.330724945496 381 5.61770967201869 329.554075520391
3598.07287470425 907.143429403246 381 4.07342680406043 297.979897264994
3593.95478705637 901.330724945496 381 5.61770967201869 329.554075520391
3555.23303660918 889.697864458926 381 1.28155295782454 285.371335732491
3596.83364403293 898.921760646881 381 30.2166972360339 372.535788583834
