14375.3336964335 3785.04359031911 1458 96.4437385934395 14528.5669458022
14240.1892350528 3715.41303896198 1458 113.336796266028 13937.5929571522
14478.0017896237 3908.76428183811 1458 83.6102269446667 15518.6495655951
14661.1722100897 3958.06175208149 1458 2.39310619403818 14597.2504536053
12006.3588497609 3097.95219825856 1458 90.8984007066895 11078.4096688977
11909.6661813642 3057.79784458116 1458 51.1286211653307 10233.662288128
14609.4214236328 3938.20322368417 1458 40.5310729413827 15281.4930074358
13141.0378064926 3400.71304781737 1458 413.453213328456 10582.5559055876
12784.1591189833 3330.60043837218 1458 28.9563237130178 12408.1997262824
12815.8723567681 3270.28763487814 1458 372.807532112897 10794.5527568604
12920.5338092464 3333.95000584242 1458 240.426215655313 11015.0262971058
12612.1192625891 3255.51484967605 1458 358.760915940258 12930.0296959431
13048.4902101583 3401.32243372598 1458 82.3890443721384 12280.2323003883
13036.2743211576 3402.87893219186 1458 83.9160304972311 11968.4466789687
13301.8020196937 3466.80787722143 1458 59.2659592385946 12002.7644375963
13078.9168450443 3289.70038755398 1458 316.738335311414 11362.1194483821
13013.9063755018 3317.24114261079 1458 329.022072981493 11524.9581234857
13271.8225514335 3481.87525806371 1458 175.212737978582 12671.8104590933
13201.2994539341 3465.52369294435 1458 18.7480844723618 12600.6766514167
14423.6926684357 3871.00337140403 1458 28.3773823209447 14595.7858531009
14609.4214236328 3938.20322368417 1458 40.5310729413827 15281.4930074358
13201.2994539341 3465.52369294435 1458 18.7480844723618 12600.6766514167
13290.5116129197 3461.24313550932 1458 7.59656459915686 12383.2073352715
14627.2665965205 3933.18574831224 1458 15.6487540629869 15147.3603880167
13132.376453088 3363.86982177241 1458 200.307400591115 11479.4611142169
13237.9081524856 3412.4891026447 1458 239.881787865206 11340.7174032776
13139.4004651566 3277.45911543328 1458 1025.55155674545 13019.8509471083
13538.1473130829 3468.22750881442 1458 202.351892790543 11050.9175808954
13113.7210725779 3271.79830059286 1458 1022.34163267312 12956.4483179013
13113.7210725779 3271.79830059286 1458 1022.34163267312 12956.4483179013
13598.2795791099 3428.21290881505 1458 366.795036809647 10627.0561596283
14608.5750856176 3937.85390809084 1458 40.4252806894847 15320.8485575706
14526.9593961166 3913.429506256 1458 71.4543332599592 14412.970604551
13725.5613297163 3444.44120569044 1458 14.9303921700255 11566.598243135
13009.0394010437 3419.15857573951 1458 268.490381795444 13229.9821919759
13372.9353392724 3372.9749520012 1458 223.003389516852 11620.195668809
13865.0185848699 3480.0504221987 1458 192.934254415335 12064.155463999
13467.6067704706 3462.94083678039 1458 211.169460617082 11803.857805936
14163.9719985726 3765.36995767611 1458 302.807804406873 14223.3483143153
14650.7160207948 3960.28882286131 1458 25.0455990056253 15497.4666482361
14464.1113046915 3887.86621676177 1458 71.0806363922279 15413.2518859634
13865.0185848699 3480.0504221987 1458 192.934254415335 12064.155463999
13923.7461229389 3704.97168134854 1458 185.593312156702 13385.7387835388
13252.5361099442 3420.4265053932 1458 238.053293182879 10529.1145922519
12102.3528944381 3137.6826319601 1458 381.826195121142 11389.5509452814
13280.8400810514 3418.27211888195 1458 234.515296794475 10943.3359501622
13407.4543029974 3433.61487625003 1458 218.688519051227 11311.8613128145
14376.9612426237 3816.91364300212 1458 141.36292533469 14106.0029641736
13963.0490854111 3720.96270453066 1458 176.004954600875 13518.3392631725
14045.5410557063 3731.42683855128 1458 167.624780397942 13856.1868977172
14510.967708825 3885.65424198956 1458 59.9816998480901 14538.2323669698
14545.9067411174 3908.82205644826 1458 64.3490788846452 15120.0248429993
14081.0547797487 3757.10439698744 1458 183.702572149925 14068.2590601147
14665.3613732407 3969.82141155715 1458 19.5535918384385 15706.3516180325
14545.9067411174 3908.82205644826 1458 64.3490788846452 15120.0248429993
14609.4214236328 3938.20322368417 1458 40.5310729413827 15281.4930074358
13146.1370372659 3393.96805849625 1458 251.353177267666 11237.4936274119
14490.6584788092 3877.25367143978 1458 85.0671772502412 14887.5834192901
13074.8461989526 3432.82597791858 1458 260.264532056822 11726.3223838985
13413.6160197637 3432.25979534269 1458 217.918304455437 11585.0795353107
14636.4738772186 3963.08361073913 1458 30.3864028467183 15905.7806987368
13410.3686564508 3382.20258982781 1458 218.324224869552 12032.3634184575
13555.223589801 3402.3024972108 1458 200.217358200782 13143.7456474099
13637.8249931978 3457.30400364822 1458 189.892182776173 12087.7369144223
13637.8249931978 3457.30400364822 1458 189.892182776173 12087.7369144223
13410.3686564508 3382.20258982781 1458 218.324224869552 12032.3634184575
13451.3392352054 3406.17059414599 1458 213.20290252523 12071.354879555
13743.2481623672 3656.3653793125 1458 141.206093238348 12696.8078257363
13769.0100145387 3671.26420978437 1458 137.985861716917 12734.5417190833
13488.1553024613 3573.17194317891 1458 208.600894118237 12911.4604016162
14568.2081983754 3923.83745191251 1458 50.0272103601228 14572.8764736886
14538.3461060306 3935.56305919256 1458 55.6879863085267 15176.5134633319
14201.4509413892 3787.19228685571 1458 138.736157900264 14481.4060054808
14538.3461060306 3935.56305919256 1458 55.6879863085267 15176.5134633319
14218.5346359207 3692.28560182042 1458 144.151944962106 12219.3231149192
13739.741899657 3592.35877905609 1458 428.138552189344 12416.400574866
14519.8057619791 3889.89326850132 1458 74.9267643884384 15104.4716384873
13739.741899657 3592.35877905609 1458 428.138552189344 12416.400574866
14205.4925980524 3800.78582978667 1458 192.835643639547 14118.3607360811
14575.2772642594 3928.87207142453 1458 50.910843595618 14588.4491009691
14032.1534810665 3746.08884519804 1458 171.168254016303 13702.2677758703
14557.1072988234 3918.86655768906 1458 60.9386880718205 14883.2919725998
14581.7054791348 3929.21627760122 1458 51.7143704550406 14751.5502769777
14383.1290044796 3918.63245906804 1458 79.8926527873764 14689.8164759436
13952.0131915321 3778.18271144376 1458 10.5568864112738 13873.039887411
13679.8109729845 3975.57873553495 919 33.4795876920275 12058.8478662683
13499.3195406845 3930.36744488264 919 12.0329688514091 11272.0502241642
13931.4251049359 3972.36700433395 964 41.9802266800152 12216.5549362357
13725.7132279963 3998.4309367191 919 16.2662420625722 11900.7899174449
13609.7904118689 3959.49391029794 919 1.77589004664492 11297.7401841674
13499.3195406845 3930.36744488264 919 12.0329688514091 11272.0502241642
13701.5906891084 3973.06551298068 937 13.2509247015767 11747.795544236
13899.2536938289 3994.78087261784 946 37.9588002916464 12271.9970346254
13625.7829117809 3996.16487753527 955 40.3114786646149 12049.9518785467
13276.3944480305 3871.02060339703 907 184.760784549768 10224.6685756043
13774.0505895281 3996.91204183158 991 2.63189972483178 13432.5899248376
12753.9655263287 3998.23032027269 641 128.494436522637 10190.0030467725
12753.9655263287 3998.23032027269 641 128.494436522637 10190.0030467725
12774.2221677398 3991.32652287918 695 42.367030849827 11587.4637383461
12861.8133930996 3993.86044296338 700 10.1924328295747 11135.192597186
12699.157959118 3990.44541287055 623 121.643490621307 10127.7237875554
14542.8830264682 3950.95956184404 1249 8.56030187372039 16164.585856851
14542.8830264682 3950.95956184404 1249 8.56030187372039 16164.585856851
14255.9156870768 3754.3977346858 948 472.214851705319 10273.9238752915
13457.9046282352 3554.90663217659 948 140.931233627952 9407.69079247525
13483.2680649364 3567.30798943131 948 144.101663215599 9200.2419565425
13457.9046282352 3554.90663217659 948 140.931233627952 9407.69079247525
13849.2011085796 3672.56204454537 948 308.595709124885 9257.67346535229
13849.2011085796 3672.56204454537 948 308.595709124885 9257.67346535229
13579.180554737 3629.01854270792 948 156.090724440682 10007.2838859492
13849.2011085796 3672.56204454537 948 308.595709124885 9257.67346535229
13831.6011026893 3697.36160524626 948 340.171248276434 8887.39731239117
13483.2680649364 3567.30798943131 948 144.101663215599 9200.2419565425
13572.1271439469 3595.43661834671 948 155.209048091917 9019.92370789829
13819.2810850474 3685.5954483257 948 250.260422928088 9066.01838339153
13828.7069865826 3683.86574192978 948 187.281528421378 9790.56780575771
13483.2680649364 3567.30798943131 948 144.101663215599 9200.2419565425
13672.1188003516 3644.81210675257 948 167.708005142497 9280.31316441136
13777.9882861483 3557.6575255022 948 861.699051536403 10101.462066271
13830.5786979357 3681.72942663419 948 194.624938223905 10371.8281253287
13821.3278274948 3606.10545578493 948 666.571745682623 9738.99135247284
13981.5859162919 3636.35972588649 948 679.586538384848 10121.4445191004
13680.5222910825 3618.7355631992 948 37.6693670758791 11425.7209508255
13680.5222910825 3618.7355631992 948 37.6693670758791 11425.7209508255
13680.5222910825 3618.7355631992 948 37.6693670758791 11425.7209508255
13716.4805092897 3596.61369646605 948 94.5948522638264 9685.92538656968
14117.2468732135 3693.62187969336 948 540.727049567965 10067.9700216844
14117.2468732135 3693.62187969336 948 540.727049567965 10067.9700216844
13887.3466253358 3656.75000014416 948 363.061807746312 9812.73831479453
14154.5939914953 3771.44990466374 948 210.970057778249 10945.5705185963
14477.340273054 3872.86651813342 948 186.257507787805 10636.760197886
14113.8610428192 3733.25744990185 948 472.215195285212 9808.69373514381
14101.291662723 3718.16193271143 948 484.941588495784 9559.25449124682
14278.784339864 3821.97671134369 948 161.438016139045 10702.7428468584
14469.7054452006 3895.99238298121 948 185.30315430613 10762.8960275892
14144.8449442092 3781.55156711941 948 138.936913104977 10078.2844561238
14402.3362347237 3863.71837786938 948 176.882002996516 10938.8927044072
14123.6112710665 3739.179689558 948 272.739795714469 9821.67796520405
14361.2447476385 3812.48220521176 948 432.716453994702 10306.0762006459
14524.6384047997 3834.50190585933 948 82.075047511215 10183.4419225405
14261.2464425753 3760.32714990548 948 470.215818393395 9676.47451910001
13348.1550615646 3990.07560583596 731 148.666049957242 8681.61527625481
13372.9964763353 3991.89300288787 729 151.771226803573 8682.04458657227
13399.4839661477 3949.54429673138 789 155.09380494501 8720.5704498642
13350.4825510825 3996.56717789845 707 148.968628061857 8043.21179994045
13393.3771895895 3986.55587871282 744 154.330457875232 8832.25812897393
13374.076108793 3991.6451927388 729 151.917822775671 8417.37491543387
13277.5091487685 3997.38875818816 875 9.96788792649681 12754.187875048
12965.1771335532 3992.79560773751 766 144.377477112791 10957.5968748757
12895.1361543883 3997.82733294115 767 135.622354717175 11298.5421349777
13762.0431150341 3995.31266026654 832 0.318106539231394 12215.7281649787
13086.513524497 3996.94587832179 808 170.214814358407 11922.3877235046
13360.8187828164 3988.82041102346 850 54.3373861846894 12147.880835244
13173.4853129847 3995.27339550263 795 33.1364826004744 11492.1225248543
13173.4853129847 3995.27339550263 795 33.1364826004744 11492.1225248543
13287.7833802228 3998.74873011677 825 19.3958238299156 12505.9063589025
13247.3469424134 3995.0224424093 777 28.9405053073142 12186.0964666546
14240.3729031608 3995.55261046046 933 76.588698091527 11329.0522176393
13305.1041084835 3994.99062015778 856 10.4066008188768 12007.1423360209
12971.1677386204 3994.56786427831 738 81.2815492097877 11176.8315472092
12873.3078062734 3996.63597665569 775 133.902728229896 10714.3083515596
13214.2140409814 3996.93719024033 745 2.73036410834811 12199.1922293472
13236.5268236419 3986.51602964047 785 1.71730156776175 12394.2963561103
13956.3576934459 3997.920608723 1054 12.133792826409 11605.2873249088
13889.4959752978 3990.39777143167 1010 37.2069371319649 11374.9676492693
13640.8448350219 3998.13395546166 962 266.525851121182 10782.3101026068
13645.844228375 3997.82582846175 985 142.419288553863 11769.5932736848
14158.5857245472 3996.52563592702 1087 18.5483528973418 10507.8163681818
14233.3352584612 3996.93588422372 1100 9.20466115808881 11365.196602991
14153.716261453 3996.78775613869 1087 19.1570357841063 11128.5698526379
13620.0405729116 3996.68446593697 963 154.530390899688 10909.1450598053
13401.3100176912 3996.86343474022 919 236.554349107352 10370.6034370581
13401.3100176912 3996.86343474022 919 236.554349107352 10370.6034370581
14065.0460053599 3982.7367443172 1076 50.0408626928386 10472.9148376195
13935.4015243433 3997.82874248923 1029 33.8353025657618 10958.8131065414
13438.1838719128 3997.21900693142 943 222.726653774239 10316.3004961732
13397.170417264 3997.58383747821 1005 153.911674667267 9998.6553350697
13594.7585581002 3997.64752036516 1012 55.6505544116526 10462.986845958
13397.170417264 3997.58383747821 1005 153.911674667267 9998.6553350697
13215.598040868 3990.644788519 801 151.156953140733 10475.5056743592
12998.4661088491 3990.14274582409 762 232.581427647838 10563.4968429119
12998.4661088491 3990.14274582409 762 232.581427647838 10563.4968429119
13375.8471286733 3997.27430980549 847 143.126402743959 11283.3522251384
13118.9272621134 3973.88356764768 775 247.639071805872 9809.49616486115
13120.2071385678 3972.26014813364 793 247.79905636267 10710.2433092777
13163.7771203144 3961.68827431115 858 253.245304080995 10952.1147456467
12998.4661088491 3990.14274582409 762 232.581427647838 10563.4968429119
12970.8974360685 3978.07026727287 762 229.135343550266 9914.14585702203
13395.4180919403 3996.67455220683 887 28.1577747382607 11809.3206988766
12998.4661088491 3990.14274582409 762 232.581427647838 10563.4968429119
13422.1197494073 3993.12862570544 906 31.4954819216264 11634.2918090963
12998.4661088491 3990.14274582409 762 232.581427647838 10563.4968429119
13434.5334384104 3995.40270186853 917 33.0471930470112 12069.0894729616
15054.7700096838 3990.64943815535 1140 2.34793467450299 14418.2876034761
13315.8273085775 3994.52341470518 879 18.2089268179038 11159.4020108189
13102.6646748833 3994.75566218974 848 8.43640239386514 11105.3739679825
13337.7226450735 3995.89618935572 889 47.7251470852443 11939.515231859
13049.1060684727 3993.82539095343 818 11.6480750101373 10544.7788969599
13043.7859712597 3995.57215778458 804 10.979874905574 9954.16637176568
12947.3812981348 3972.91278875648 780 226.19582630855 9909.49446120087
