13329.6119874179 3447.89847840239 1458 533.461234121625 5546.36098503454
13178.2559092638 3340.77725814411 1458 12.5867739603946 5347.9792884671
13392.3368434838 3462.30162346618 1458 587.098044845402 5302.42728959066
13591.358991069 3515.76925929642 1458 64.2246591860355 5421.08268234527
13375.659755831 3379.06843106695 1458 37.2622547812964 6119.4654312618
13543.4786606316 3546.30457294036 1458 648.302815187972 5828.40256100596
13842.3255675989 3650.40485385046 1458 132.130627362549 5871.08995341551
13967.2551887179 3790.82054199901 1458 213.271156462823 6367.16424030577
14080.1271128683 3836.75495513439 1458 283.237528100265 5908.12159016159
13543.4786606316 3546.30457294036 1458 648.302815187972 5828.40256100596
13965.1931946081 3798.90526201166 1458 213.013407199108 6354.72791753729
13283.6176941927 3334.5804811551 1458 25.7569970765005 5801.54953843324
13329.1316335476 3359.54741976884 1458 31.4462394958689 5801.54953843324
13362.3449927331 3390.81939087108 1458 35.5979093940527 5702.0632602691
13409.8575789212 3388.78246982652 1458 41.5369826675653 5697.86509518127
13963.1648145909 3699.98329592118 1458 77.6856419413834 5557.46598095871
13410.7986139143 3615.63635770277 1458 8.46348294059908 5573.91983505048
13271.7882541949 3430.86385972188 1458 24.2783170767746 5268.64655085465
13880.2389985064 3774.21205997067 1458 111.810743937216 5992.05807253972
13882.0285274942 3766.2918862557 1458 110.882520285849 5763.23587199323
13093.3037216201 3269.58439652504 1458 668.483335996321 4895.21792397121
13380.6564702941 3441.94559878818 1458 37.886844089184 4769.08343711167
13965.1931946081 3798.90526201166 1458 213.013407199108 6354.72791753729
13001.8883844745 3209.94203374223 1458 568.088985936241 4351.65493261592
13655.888291921 3606.77720339863 1458 649.805414038711 6253.16484174504
13262.8740652492 3422.23468988425 1458 23.1640434585645 5429.97271179586
13001.8883844745 3209.94203374223 1458 568.088985936241 4351.65493261592
13672.5359751046 3597.34607337276 1458 74.3717821904943 5746.80857968383
13794.22595309 3709.59037748395 1458 326.453338518376 6308.35121042203
13680.205775384 3542.65380788424 1458 75.33050722542 5502.15952183108
13439.1074640783 3394.45883517885 1458 187.242114287012 5468.65241228215
13677.3389813071 3513.01273925084 1458 40.9232662827988 6126.82138793533
13821.6441905125 3717.0269571668 1458 405.48293734762 5390.53230096181
13781.708702505 3725.87276932038 1458 400.491001346679 5769.354662617
13432.7854880617 3497.23325868978 1458 762.088346561877 5719.97225999391
13321.20193536 3396.91425506949 1458 3.59386446058738 6183.51585231643
13103.6758801218 3471.33005383742 1458 30.7846213653663 6110.41771233719
13949.5573675612 3746.04535391988 1458 107.75283754249 6469.1013229875
13738.8762915436 3721.98395982848 1458 184.723794316044 6226.25360427848
13791.3163175401 3754.3111925328 1458 84.8942074252557 5764.3420720959
13555.0123374895 3473.28593696389 1458 25.6324358055915 5967.83583046033
13919.5278349034 3744.04713884321 1458 162.865682020579 6346.62638973149
13965.1931946081 3798.90526201166 1458 213.013407199108 6354.72791753729
13776.2547435054 3661.43524613744 1458 198.295770712857 5829.6810907776
13633.1651015175 3655.92640847292 1458 80.1656623890465 6638.82412529673
13875.0639537572 3702.49893213475 1458 255.148519663265 5920.52408091885
13868.5322256027 3708.47770856356 1458 254.332053643949 5855.84822055803
13497.1935119093 3650.48818555733 1458 84.5707067568903 5958.7892286565
13774.4087924294 3704.59884498057 1458 87.3547037509159 5500.45061799586
13933.8900543448 3748.11698472308 1458 164.660959450764 6414.18958039297
13723.6497045654 3690.621735876 1458 81.0098177679274 5407.83823558275
13975.1251279362 3799.66512211843 1458 119.662561544755 6179.83828817071
13965.1931946081 3798.90526201166 1458 213.013407199108 6354.72791753729
13942.708276795 3780.32490515378 1458 108.392139296621 5725.27028790852
13370.5615771366 3585.91493320468 1458 36.8738018393262 5514.65015469996
13776.262941264 3613.5344350846 1458 87.5864723552429 5324.45854850296
13965.1931946081 3798.90526201166 1458 213.013407199108 6354.72791753729
13558.1014612977 3610.28194148704 1458 438.954283190043 4980.55553833547
13436.2314246462 3614.42628064816 1458 91.0812798105057 6567.09896843553
13681.2959318397 3649.19990992372 1458 76.464632728716 7218.54983531292
13707.2628345145 3702.68361412518 1458 78.9614590115564 5593.52037295998
13893.2354727286 3746.99793580807 1458 148.206785820805 5631.20001753102
13953.2942055403 3754.41571269491 1458 155.714127422271 6029.33141904591
13467.6350988154 3532.5918464771 1458 648.912895839672 7939.00636718086
13297.128545501 3449.83689690483 1458 732.480458795976 5661.19167544188
13869.180753545 3774.9429024169 1458 201.011852066209 6468.25173757575
13869.180753545 3774.9429024169 1458 201.011852066209 6468.25173757575
13820.4870451971 3713.47525167464 1458 195.697304966331 7744.89632338689
13731.7241621606 3644.35625017406 1458 535.397960232227 5898.28841831481
13863.3378224051 3735.38104151292 1458 62.4069310888285 7802.33158390774
13916.6416299241 3741.06014466497 1458 150.491676345183 5936.29869673631
14088.4431035924 3840.8837314466 1458 138.54327878298 5758.90458887047
13905.4720326804 3745.19663397704 1458 205.54826195814 5945.79990646126
14290.6110549728 3876.60081006905 1458 115.816085159798 7408.35211927086
14451.9333231501 3926.27040239541 1458 135.981368681961 7550.44748376276
13827.2680875222 3742.21931379118 1458 195.772768813363 6508.56532146319
14079.1334568011 3805.86259378169 1458 89.3813853883289 7572.41851707115
14487.4869421284 3944.20085016419 1458 140.425571054242 7756.74878860156
14255.7152544545 3882.63998109207 1458 111.454110095007 7694.6020835501
14227.4976760807 3821.88077847417 1458 280.519093915403 7253.18431361181
13893.176218565 3744.31737427482 1458 38.0879369764928 9172.90971442402
13893.176218565 3744.31737427482 1458 38.0879369764928 9172.90971442402
13081.3833131446 3496.48333536317 1458 195.277829645755 10039.2209974326
13898.7770462483 3737.28002493713 1458 40.750192415012 8958.43243076535
14137.5978782121 3673.24615967047 1458 101.62906564675 9114.58908322186
13143.1840902287 3513.32899257241 1458 187.552732510247 9598.54770877215
13081.3833131446 3496.48333536317 1458 195.277829645755 10039.2209974326
13532.062357996 3495.45663905348 1458 469.184854854711 9000.97206123559
13131.2570871357 3509.30712508177 1458 143.680874759787 10075.6785300384
13524.1183471478 3477.60242748107 1458 677.715709922575 9579.18085548046
13532.062357996 3495.45663905348 1458 469.184854854711 9000.97206123559
13393.8273359956 3519.48935405179 1458 31.240824349484 7992.33847432931
13235.7029151991 3446.21268065409 1458 313.671518354668 8723.04489230758
13391.1507465709 3521.93049091024 1458 30.9062506714031 7968.45332029626
13393.8273359956 3519.48935405179 1458 31.240824349484 7992.33847432931
13367.0002599303 3560.68546988837 1458 170.422947465429 9813.37692587718
13535.0620368301 3584.42870056221 1458 168.841232035475 9708.47848294668
13680.851051322 3581.64372815065 1458 575.853463296916 9548.31046071947
13551.2914779533 3617.03628731473 1458 101.011707281614 9823.17259969731
13914.0152482561 3587.64554921896 1458 113.225701851759 8295.65848785531
13969.8942534712 3706.7741549734 1458 175.245558820554 8892.07048985409
13979.2100602907 3749.75850829006 1458 121.336968788741 9540.4739868046
14039.4077495963 3723.02403342799 1458 44.2878344016644 8508.33840984568
13478.6693431433 3587.88635188353 1458 145.219255693758 9969.82309860133
13533.1094666885 3582.80999988825 1458 69.2919832379744 9344.56167458463
13555.1849330657 3603.73702472094 1458 66.5325499408284 9482.46708799651
13176.0032097589 3531.9224456325 1458 89.2821253174125 9317.4069480253
13432.7205631405 3581.6963078734 1458 115.182617771136 9157.13808271704
14055.1151604307 3772.25501042023 1458 185.898172190492 9410.77250794785
13089.2360432161 3502.09692023878 1458 108.847044024614 8843.29110362343
13071.7979974374 3493.1362378906 1458 102.307776857606 9192.71720862105
13880.8300367685 3694.54858333101 1458 158.479447427525 8819.13802899517
13901.6662129614 3732.3097576169 1458 70.0492140094843 8762.98235479831
13752.8801560284 3681.97908849208 1458 59.30394778957 9355.70659401889
13958.5597996403 3731.67551747886 1458 173.828752091698 9124.147549375
13497.0327561093 3602.4593562212 1458 177.024398720198 9562.62775881016
14055.1151604307 3772.25501042023 1458 185.898172190492 9410.77250794785
13981.4529489241 3757.76016406268 1458 4.27832422155097 9132.84221278029
14059.2535563067 3771.79074055316 1458 186.415471674998 9343.27727986834
13580.7209711255 3629.26333333992 1458 166.563371843171 10245.6055920404
13991.1539065193 3589.33797842153 1458 111.314336871412 8978.06672723364
13502.0841481153 3615.24805327112 1458 176.392974719446 9496.57963604923
13676.4044148803 3663.11251240833 1458 154.602941373817 10061.7174453949
13807.4855281617 3684.25790259189 1458 71.3916879789135 9234.31872669253
13966.8160806963 3748.60986463417 1458 47.8157591277941 9165.61518877902
13868.0193447616 3720.12712094776 1458 13.4989614537737 9904.53493721635
13822.2856843482 3699.6487645651 1458 136.367782690332 9965.78548633958
13162.5554449893 3358.94573311195 1458 856.283088542609 9044.98231084009
13521.7576597497 3406.78813249642 1458 242.14238247614 8155.08691843285
13656.7093953362 3591.77064773603 1458 9.05242345778333 7867.2962615882
13467.0746490341 3462.57729491322 1458 248.977758815586 7930.01934673098
13991.1792030208 3668.87417779602 1458 64.6508572322527 7925.26187500649
13832.3693930465 3699.22407341399 1458 118.069311963163 9062.31770617076
13906.0835749301 3686.75379085859 1458 40.2241959070138 7916.18451278126
13963.744199518 3745.96793213916 1458 10.1962483111511 9520.09092287557
13839.2323476722 3711.44279273793 1458 9.01835377090833 8736.35507594639
13483.5867965892 3550.08106517258 1458 251.821938331702 8516.37560062063
13775.1426041972 3680.65731513791 1458 22.4876196787643 8632.25839364019
13301.0309167222 3501.08846282654 1458 234.169056388918 9304.78463126942
13872.5862220273 3715.97378142358 1458 91.6133934817649 9389.5322950049
13997.4861010854 3628.1312438653 1458 37.3519466800572 8313.42663355225
14019.7672566475 3747.17810276752 1458 241.726995306686 8982.31823873914
14016.2210056937 3764.70754882988 1458 125.142219334237 9061.20097168747
13972.8721455192 3751.43128096139 1458 48.5727672306534 9049.24282364362
13997.4861010854 3628.1312438653 1458 37.3519466800572 8313.42663355225
13909.3019267354 3628.40163294997 1458 221.505371034101 8487.92383733013
14016.2210056937 3764.70754882988 1458 125.142219334237 9061.20097168747
14454.9711238835 3893.94255992143 1458 47.5482566397795 10338.4616651991
13980.0183156776 3752.40644135628 1458 92.1257820620651 8696.89512366875
14250.0675851797 3839.11301413738 1458 34.4756345613882 10328.7119249893
14504.6304539875 3931.59025345701 1458 91.4343429042046 10531.4014012662
13889.1158536432 3627.03639244357 1458 121.02510981804 8701.19919557148
14098.3122626325 3756.56257051325 1458 31.159760443853 8795.32938678431
14554.9071534712 3953.36962210333 1458 72.5805805978262 10894.249583434
14098.3122626325 3756.56257051325 1458 31.159760443853 8795.32938678431
13887.2618686767 3714.9306272326 1458 25.3488733728309 8667.62643921658
14375.3336964335 3785.04359031911 1458 96.4437385934395 14528.5669458022
14240.1892350528 3715.41303896198 1458 113.336796266028 13937.5929571522
14478.0017896237 3908.76428183811 1458 83.6102269446667 15518.6495655951
14661.1722100897 3958.06175208149 1458 2.39310619403818 14597.2504536053
12006.3588497609 3097.95219825856 1458 90.8984007066895 11078.4096688977
11909.6661813642 3057.79784458116 1458 51.1286211653307 10233.662288128
14609.4214236328 3938.20322368417 1458 40.5310729413827 15281.4930074358
13141.0378064926 3400.71304781737 1458 413.453213328456 10582.5559055876
12784.1591189833 3330.60043837218 1458 28.9563237130178 12408.1997262824
12815.8723567681 3270.28763487814 1458 372.807532112897 10794.5527568604
12920.5338092464 3333.95000584242 1458 240.426215655313 11015.0262971058
12612.1192625891 3255.51484967605 1458 358.760915940258 12930.0296959431
13048.4902101583 3401.32243372598 1458 82.3890443721384 12280.2323003883
13036.2743211576 3402.87893219186 1458 83.9160304972311 11968.4466789687
13301.8020196937 3466.80787722143 1458 59.2659592385946 12002.7644375963
13078.9168450443 3289.70038755398 1458 316.738335311414 11362.1194483821
13013.9063755018 3317.24114261079 1458 329.022072981493 11524.9581234857
13271.8225514335 3481.87525806371 1458 175.212737978582 12671.8104590933
13201.2994539341 3465.52369294435 1458 18.7480844723618 12600.6766514167
14423.6926684357 3871.00337140403 1458 28.3773823209447 14595.7858531009
14609.4214236328 3938.20322368417 1458 40.5310729413827 15281.4930074358
13201.2994539341 3465.52369294435 1458 18.7480844723618 12600.6766514167
13290.5116129197 3461.24313550932 1458 7.59656459915686 12383.2073352715
14627.2665965205 3933.18574831224 1458 15.6487540629869 15147.3603880167
13132.376453088 3363.86982177241 1458 200.307400591115 11479.4611142169
13237.9081524856 3412.4891026447 1458 239.881787865206 11340.7174032776
13139.4004651566 3277.45911543328 1458 1025.55155674545 13019.8509471083
13538.1473130829 3468.22750881442 1458 202.351892790543 11050.9175808954
13113.7210725779 3271.79830059286 1458 1022.34163267312 12956.4483179013
13113.7210725779 3271.79830059286 1458 1022.34163267312 12956.4483179013
13598.2795791099 3428.21290881505 1458 366.795036809647 10627.0561596283
14608.5750856176 3937.85390809084 1458 40.4252806894847 15320.8485575706
14526.9593961166 3913.429506256 1458 71.4543332599592 14412.970604551
13725.5613297163 3444.44120569044 1458 14.9303921700255 11566.598243135
13009.0394010437 3419.15857573951 1458 268.490381795444 13229.9821919759
13372.9353392724 3372.9749520012 1458 223.003389516852 11620.195668809
13865.0185848699 3480.0504221987 1458 192.934254415335 12064.155463999
13467.6067704706 3462.94083678039 1458 211.169460617082 11803.857805936
14163.9719985726 3765.36995767611 1458 302.807804406873 14223.3483143153
14650.7160207948 3960.28882286131 1458 25.0455990056253 15497.4666482361
14464.1113046915 3887.86621676177 1458 71.0806363922279 15413.2518859634
13865.0185848699 3480.0504221987 1458 192.934254415335 12064.155463999
13923.7461229389 3704.97168134854 1458 185.593312156702 13385.7387835388
13252.5361099442 3420.4265053932 1458 238.053293182879 10529.1145922519
