13520.1274192218 3568.37522105714 1458 96.0750605695589 3125.2242264495
13433.1326816064 3481.57853965088 1458 34.6149395850139 2544.3046569183
13464.0321421435 3537.5199388492 1458 180.779932328999 3303.05492832901
12976.855839267 3422.17048015462 1458 243.991087696187 3696.24809980652
13973.2088710132 3684.30711502476 1458 432.296848883005 2847.30291952121
13242.3373167962 3538.2654704805 1458 210.805903005047 3589.03542749301
13453.7749914202 3535.27901273056 1458 184.376193677042 3627.81076271063
13411.0495552743 3551.26792697208 1458 189.716873195274 3555.58656877811
13468.6603771588 3540.8187252246 1458 182.51552045972 3323.68045278154
13335.287210871 3568.86365696931 1458 199.187166245691 3589.03542749301
13656.9477517976 3527.99019797121 1458 571.65980867405 2661.15225912645
13908.8374675389 3601.71988013638 1458 221.465757364408 2422.44544176853
13872.023463631 3618.99899366217 1458 311.119242120397 2926.17007105136
14005.0505393258 3703.24983315192 1458 420.356223265755 2954.19835520753
13995.3564526127 3693.51864592001 1458 423.991505783174 2776.07041372447
13140.4736207804 3433.36178632239 1458 219.398784297433 3358.76397933447
13338.5065420514 3496.86144689671 1458 194.644669138559 3291.90934428126
13700.1850624117 3551.93666634594 1458 569.167955780312 2686.36730630609
13338.5065420514 3496.86144689671 1458 194.644669138559 3291.90934428126
13315.9858869261 3495.77853286041 1458 197.459751029223 3358.76397933447
12820.6057842885 3352.93646946694 1458 259.382263858931 2933.4279282231
13071.0773660509 3406.16075956957 1458 228.073316138628 3358.76397933447
13630.8240626025 3559.81163983171 1458 410.366123584056 3317.5986385108
13920.254906268 3670.71552803797 1458 507.311351565049 3456.49804018838
13326.7376141252 3500.50681937119 1458 196.115785129341 3358.76397933447
14013.0424089095 3695.65315699802 1458 314.317816698564 2812.54857169594
13854.1539344652 3642.07116047742 1458 532.099215991084 3399.20930506729
13668.6932134748 3545.32515380275 1458 74.3848855861595 3044.53115608453
13326.6610041524 3528.3369712275 1458 30.545512427941 2922.39708725636
13229.9557561511 3496.59571356974 1458 50.3177179587951 2677.96321496659
13912.7073111526 3654.32661968941 1458 408.813319744103 3038.39081441903
13817.7996083458 3559.48015378774 1458 201.09779834891 2646.97656193488
13842.3498619733 3541.60022436398 1458 100.837136949168 2458.43624327871
13383.4573348461 3519.93563016773 1458 184.274680533212 2692.66645053479
13781.2150975303 3542.77026306242 1458 240.75757179763 2899.15669114754
13816.5277581491 3664.7781271166 1458 272.831778856229 2763.24200382568
13815.4938024884 3639.79006384381 1458 204.238730342574 2705.27555379123
13779.4587928616 3590.39194592547 1458 165.023339848151 2864.28923513886
13871.1007454313 3557.45646215903 1458 44.1324578997251 2892.21785373414
13964.2363201317 3670.52676333728 1458 261.80643813402 2989.91433866829
13569.9359342219 3488.01197535063 1458 445.742982649663 2746.50096807127
13871.1007454313 3557.45646215903 1458 44.1324578997251 2892.21785373414
13965.5868895192 3596.59679990536 1458 78.1588895544983 2858.7461893712
14128.0168031467 3692.75018520306 1458 3.61313409609443 3064.31816272717
13934.7818293018 3705.97507617776 1458 243.160519634092 3002.74435191718
14045.9314364156 3651.88787136966 1458 15.4281358290241 3184.20271723262
13934.7818293018 3705.97507617776 1458 243.160519634092 3002.74435191718
13377.317244181 3589.46047701108 1458 221.157489471163 2819.22311487109
13392.2580439548 3573.03906600102 1458 168.610688471097 2864.51151381402
13930.7403897887 3707.36832173072 1458 194.724836368567 3018.74435191718
13988.8870481135 3633.20310131505 1458 125.485493331884 2854.38717836876
13894.748556962 3691.73227386258 1458 303.081264011311 2946.68753351126
13934.5489485359 3603.10038787788 1458 136.788634692748 2954.15692366055
13552.0852362152 3473.99155833024 1458 152.489673251209 2998.10716473682
13938.7681775758 3637.98680111476 1458 186.417550005272 2922.3187265492
13629.3182767628 3477.46180997902 1458 26.7776994414064 3002.11748465141
13648.4877798294 3509.62356186482 1458 140.439355299425 3239.07255106497
13940.5974530289 3641.84982001105 1458 185.73157171036 2926.18174544549
13241.7738743758 3340.87481929671 1458 170.490708295657 2730.81744339955
13829.1418082702 3541.93165162242 1458 53.0381935914168 3036.18472686043
13829.1418082702 3541.93165162242 1458 53.0381935914168 3036.18472686043
13423.607541179 3256.22606660939 1458 200.084621108601 2091.78196766915
13892.8006896204 3686.16164547255 1458 279.827846517582 2980.87275477981
13178.0315132784 3239.12350786717 1458 404.522137525149 1641.07761553368
13152.2567298228 3250.01318380208 1458 558.320476439863 1655.32284399938
13130.5973793231 3215.08946860595 1458 368.644346204804 1620.06205259998
13148.5269228238 3274.13701371134 1458 602.007185900497 1468.47003121682
13879.6148524839 3651.87713520822 1458 413.07172833317 2958.8577859991
13431.9252733773 3406.26055294953 1458 582.006181471269 1889.07179913606
13363.6240767072 3418.80833501157 1458 735.963071346032 2073.04256191872
13879.6148524839 3651.87713520822 1458 413.07172833317 2958.8577859991
14005.0505393258 3703.24983315192 1458 420.356223265755 2954.19835520753
14599.8109933832 3922.23275549007 1458 46.2624211277589 5378.7086841561
14087.5082226803 3770.00225254224 1458 193.00031636927 4443.983834065
14305.2696515617 3818.22680504311 1458 52.1896866203542 4376.49642514941
14048.104116263 3740.60820158227 1458 253.311215575115 5625.72334447603
13723.5490242972 3638.18959623984 1458 322.239215228494 4933.87670571322
13496.8347855183 3495.48561912987 1458 331.945755654327 3948.76727854207
14531.0721149505 3892.25749200755 1458 23.9643786967529 4252.92146635078
14398.1822754764 3841.5970520738 1458 114.170748641475 5272.48404860003
13126.2608019908 3315.237389287 1458 740.610044555552 3490.54185568346
13705.5653333504 3551.93239127944 1458 305.854437175317 3975.51161137777
13504.2313929804 3489.01608281458 1458 331.021179721564 3768.49657252822
14348.8596580958 3836.96429016716 1458 77.6313380386816 5364.84565713746
14493.238968464 3885.17256549436 1458 123.724044743105 4457.09758583082
14599.8109933832 3922.23275549007 1458 46.2624211277589 5378.7086841561
13730.7019808798 3557.95126617033 1458 302.712356234145 3810.52083273832
14239.5492428196 3788.98305279529 1458 0.852729306797755 3450.54169428762
14566.2915297456 3925.91789913668 1458 74.5210342325836 5386.07897144932
13856.9271079848 3575.89632428049 1458 286.934215346025 3928.07010607455
14235.6083956813 3813.32182086771 1458 138.580540349308 4210.08144924058
13713.9730086247 3639.81400866993 1458 304.803477766037 4698.78987057987
14201.5811687797 3810.13116675386 1458 99.0136993633944 4012.77358663488
14102.826724843 3770.98555660965 1458 256.196763238739 4507.56200679896
14506.8085049955 3914.39654226574 1458 60.8602823364195 4597.96537748434
13484.3553578909 3557.1793296211 1458 388.924850292239 4709.87300830245
14599.8109933832 3922.23275549007 1458 46.2624211277589 5378.7086841561
14470.7813867532 3876.02620872682 1458 85.4981650722711 4064.27515689525
13250.4691592992 3478.36461775835 1458 418.160625116197 4663.1207701563
14603.4503005555 3927.85956494156 1458 47.6271613173876 4938.59041614846
14603.4503005555 3927.85956494156 1458 47.6271613173876 4938.59041614846
14383.9517892698 3846.8965740452 1458 14.7890139392964 4000.60872695416
14073.3104075724 3760.03285883389 1458 127.869234356851 3763.17499923333
14007.7905729094 3735.66108568725 1458 200.46799585734 4923.34139141261
13995.7083416438 3732.26437376906 1458 201.978274765542 5149.28343470656
14106.0746925374 3772.68042540704 1458 230.03450141354 4370.13991706237
14175.6991200937 3778.8780351777 1458 179.479427459308 5024.41940345456
14033.7751075413 3676.67160851527 1458 198.159741645126 4494.09690273738
13955.0005893904 3656.01190580394 1458 229.242690014047 4214.14951126785
14169.6990319874 3700.86415921305 1458 181.169251089374 4669.46715983751
14278.8813589313 3835.05883404917 1458 166.581647604601 5024.70843208327
14506.8085049955 3914.39654226574 1458 60.8602823364195 4597.96537748434
13686.5338628059 3563.31693173413 1458 244.053204923959 4520.41032058783
14585.1480642283 3923.368733403 1458 32.232030828744 4664.2462249787
12955.1032802683 3416.39997008653 1458 335.482027741159 5504.88033053405
13870.6428246304 3634.5768694101 1458 221.039584695896 4583.62981133647
14174.6756473612 3703.35246689995 1458 183.035481854546 4831.43069188382
14092.6205394102 3661.72990681714 1458 193.292370348413 4700.9480605788
14140.7362853171 3684.54666530583 1458 187.277902110058 4746.58157755618
13654.9078034362 3577.37863702241 1458 80.2007925793282 5379.43532812517
13529.89607478 3558.02041442201 1458 95.8272586613475 5446.89028043691
14337.9437528609 3849.23489465231 1458 179.571218719155 4842.64291033947
13593.9582893794 3594.31683830066 1458 87.8194818364232 5430.78976803993
13240.482718974 3551.4881384808 1458 132.003928137106 5546.51893295074
13844.0574025341 3521.4179050617 1458 266.489338823105 4532.17497697626
14546.1417325718 3917.7757662421 1458 66.3282859799149 5313.84677870651
13601.6663036372 3598.4121061672 1458 86.8559800541971 5409.59361806675
13161.3875254871 3441.09410668623 1458 141.890827322971 4713.03889689632
14122.7529696173 3783.7813546553 1458 206.470066624604 4742.02616685277
14337.9437528609 3849.23489465231 1458 179.571218719155 4842.64291033947
13191.1436561905 3462.50263349264 1458 138.171310985039 5273.42843617358
13645.2396725564 3610.7961835663 1458 81.4093089393041 5647.61698275898
13525.6845592133 3481.19950244119 1458 96.3536981071888 5273.73845343909
13602.5908750799 3597.64256492561 1458 86.7404086238707 5408.05453558356
14373.062808428 3823.7039988646 1458 133.944517864915 4371.91604316615
14310.7491822632 3776.77000303852 1458 98.826448415612 3950.57536958961
13549.7409052385 3429.84276090001 1458 93.3466548540368 5246.04271151071
13558.2397472475 3543.1904951136 1458 92.2842996029112 5434.27351956362
14364.9558064799 3801.51562120176 1458 44.4036575199696 3920.33555541334
14113.2644495394 3723.01221197356 1458 376.415644554401 4788.22808724292
13602.5908750799 3597.64256492561 1458 86.7404086238707 5408.05453558356
14138.4486882515 3733.9036164232 1458 422.28719826934 4930.05057447658
14395.3128081016 3817.37760757561 1458 48.1982827226784 3887.26003773367
14192.1471872868 3691.53379216049 1458 242.83002684495 4331.07121343627
13549.7938463718 3377.46592184977 1458 211.024731132524 4007.73978963784
14395.3128081016 3817.37760757561 1458 48.1982827226784 3887.26003773367
13616.639560034 3391.72638358478 1458 157.023616880388 4377.53548762453
13765.8086624702 3616.87043817546 1458 196.430110142831 4314.5314330251
13869.5219513985 3615.17263295801 1458 533.670496886809 4685.30326922777
14346.4763965318 3863.32787020802 1458 80.9017958943844 4119.16699354319
14091.2991598962 3729.86366375223 1458 364.137992333474 4740.78926732684
14078.1201933997 3719.01934106094 1458 412.675206786216 5336.3703884837
14294.1412829597 3787.71748146843 1458 91.2614183570211 3766.294488366
14078.1201933997 3719.01934106094 1458 412.675206786216 5336.3703884837
14431.0120829843 3863.87078310218 1458 39.9348683477951 3790.69006912244
14078.1201933997 3719.01934106094 1458 412.675206786216 5336.3703884837
14125.8852425654 3728.06130780396 1458 426.998490401623 5214.84503061061
14078.1201933997 3719.01934106094 1458 412.675206786216 5336.3703884837
14142.5905475048 3735.77940276326 1458 420.734001049352 5200.8244520379
14096.1042507986 3728.89966358499 1458 417.367500070859 4861.32074917381
14142.5905475048 3735.77940276326 1458 420.734001049352 5200.8244520379
14187.6579367677 3776.3001047558 1458 385.576573549179 5762.04156994512
14112.5776861645 3727.18967998257 1458 474.779377095453 4992.89434332715
14279.19905761 3822.35171587819 1458 280.273208040767 4834.46350186528
13505.9148720725 3598.9332935245 1458 63.92786757469 6822.48012025202
13278.2572801739 3441.32638095456 1458 92.3850665620075 6318.92571191202
13240.8950630164 3504.61841238908 1458 97.0553437066956 6200.6298939448
13465.3657546549 3584.9596155288 1458 68.9965072518874 7022.12460346588
13335.6456923349 3563.76282599383 1458 31.997250082725 6732.59917782843
13393.381908465 3537.19797784859 1458 124.208765766811 6354.21202459103
13095.5250699087 3477.20721211184 1458 136.118717246312 5974.77422923196
13168.549861939 3480.66952439176 1458 106.098493841378 6869.63911078339
13385.3731624533 3560.8971550668 1458 78.9955812770909 6945.71722293198
13096.5176705055 3459.5115188334 1458 115.102517770557 6554.77383048393
12839.5298119583 3356.78156300064 1458 135.499755197398 6752.79852806813
13076.4199384754 3468.31221754929 1458 117.614734274332 6672.71826309077
13367.8553863855 3552.84920071828 1458 81.1853032855572 6554.34112673503
13375.6875885832 3561.51386929426 1458 80.2062780108463 6612.3436544067
13145.7582082316 3471.08138913245 1458 108.34505679249 6025.22694554641
13180.6342685469 3407.02108897427 1458 583.881058335727 6105.49365522181
13381.7927418459 3574.62104033183 1458 79.4431338530185 6848.16655291541
13353.0436469553 3451.38578486296 1458 83.0367707143437 6232.30698319619
13365.7922638907 3569.4004744775 1458 81.4431935974098 6837.72542120677
13336.6258852926 3555.18813210118 1458 16.4062920378624 6886.30647586275
13341.1160832262 3414.00858337138 1458 120.163034534115 6470.00445895838
12842.4973774681 3407.43278780596 1458 103.858841743833 5760.28096600927
13363.0898807152 3424.65210830529 1458 72.7462386168779 6434.27981271215
13088.0066901581 3414.51849699869 1458 297.602324558042 4822.55926859313
13549.9952650236 3530.10915577678 1458 53.3924493078532 6709.27369870158
13145.4181321044 3501.57898691531 1458 65.9937474143028 6133.18557680499
13340.3957001548 3411.22817161187 1458 75.5830111869277 6699.52660074402
13325.6199773637 3492.43619198624 1458 43.4685167568898 6209.39573041172
12881.8622676595 3354.36109258047 1458 98.9382304699145 8006.94768343361
13391.1130067632 3560.97354989439 1458 71.8797081804021 7356.65645428638
13306.3513058455 3466.40512824956 1458 45.8771006966592 6635.79749894095
13340.9992687791 3559.95016688249 1458 31.3280530271961 6910.76712921704
13160.6286738906 3508.43119294553 1458 64.092429691025 6106.83538123721
13284.3208828094 3532.47337021616 1458 48.6309035761694 6446.35885206169
13040.1250749066 3312.18828826473 1458 838.233278018909 6640.46538838863
12815.9819597446 3273.54908926398 1458 30.3363960902393 5692.17942182713
