4147.87367378113 929.821449802508 699 25.5410934381802 745.094095177844
4150.24364650682 913.476727415964 739 16.3015614847291 662.197881403781
4345.45349767525 941.047108364398 759 48.6917751819539 738.219301607142
4030.1935045499 940.798709984193 689 31.307829229344 688.092104199397
4339.2997021332 935.03670894936 759 46.2436671938455 760.23305500395
4235.37950566346 950.789241495622 739 5.6595790901498 820.538515489935
4276.30958903416 931.936203885971 749 57.3347637620903 719.041972173043
4267.31748616476 936.173174742144 749 55.7169908176686 727.601570054922
4220.36797939764 942.019466571871 729 1.2786467783925 769.165036488517
4269.70816337805 930.808120113372 749 58.1599419691045 706.145973355719
4269.096109186 932.538529153014 749 58.2364487431104 711.337200474647
4272.80105777095 941.271155035433 749 57.7733301699914 742.89551093479
4220.36797939764 942.019466571871 729 1.2786467783925 769.165036488517
4225.37971764788 944.542999767841 729 3.15804862223433 766.611120579827
4079.06310636789 931.876672128313 689 14.8784016061575 727.297598524759
4103.55172734125 865.763133562858 739 78.9294964737036 519.848709208122
4271.95065211201 938.587466848107 749 57.8796308773586 734.844446372811
4272.80105777095 941.271155035433 749 57.7733301699914 742.89551093479
4272.80105777095 941.271155035433 749 57.7733301699914 742.89551093479
4162.80637008026 882.189668975637 749 71.7420240674892 564.47593982268
4346.46561577416 940.935590459393 759 48.5652604195897 737.884747892127
4162.36765420794 877.763133562858 749 71.5775056153678 533.061356639162
4162.36765420794 877.763133562858 749 71.5775056153678 533.061356639162
4346.46561577416 940.935590459393 759 48.5652604195897 737.884747892127
4272.80105777095 941.271155035433 749 57.7733301699914 742.89551093479
4272.80105777095 941.271155035433 749 57.7733301699914 742.89551093479
4346.46561577416 940.935590459393 759 48.5652604195897 737.884747892127
4346.46561577416 940.935590459393 759 48.5652604195897 737.884747892127
4126.33048337816 931.413188761811 699 15.5392029059493 652.842753795394
4234.50654231589 946.573189768764 719 6.58060787273735 761.38998007773
4207.54824528566 933.656058782364 719 0.0657421383388055 635.152040470071
4225.37971764788 944.542999767841 729 3.15804862223433 766.611120579827
4298.53689105268 937.219191742408 739 5.98659805336513 698.224974977336
4125.31836527925 931.524706666816 699 15.6657176683135 653.177307510409
4126.33048337816 931.413188761811 699 15.5392029059493 652.842753795394
4346.46561577416 940.935590459393 759 48.5652604195897 737.884747892127
4225.37971764788 944.542999767841 729 3.15804862223433 766.611120579827
4046.0231754152 862.583189696007 739 22.4892082937327 502.865286406283
4052.19999163037 865.274906294159 739 24.8055143744232 510.94043620074
4233.15955161487 928.736673196174 749 2.1855693763614 681.775708893147
4225.37971764788 944.542999767841 729 3.15804862223433 766.611120579827
4302.58432957563 938.736673196174 759 6.49252786873467 722.554489505202
4430.6330144796 931.159630234454 797 26.148214522266 756.352664462586
4233.11147208254 925.37414218507 749 33.3934672484503 699.73905121141
4054.90214050328 867.078129095058 739 24.4677457653096 507.638687332136
4055.26962387168 864.852920914616 739 24.4218103442603 504.518450821197
4302.58432957563 938.736673196174 759 6.49252786873467 722.554489505202
4300.4075058066 936.952789898154 759 7.30883678212399 717.202839611141
4302.58432957563 938.736673196174 759 6.49252786873467 722.554489505202
4055.26962387168 864.852920914616 739 24.4218103442603 504.518450821197
4302.58432957563 938.736673196174 759 6.49252786873467 722.554489505202
4210.59032366638 911.762241827346 749 41.5514764171973 652.211243976231
4201.37065930397 927.732796717994 749 6.15918091522326 705.362609178295
4150.00267288442 914.399310049952 739 32.8896081849332 630.704481553458
4209.85907488714 912.762855253924 749 41.4600703197927 680.459046024665
4212.03589865618 914.546738551945 749 40.6437614064034 684.026812620705
4302.58432957563 938.736673196174 759 6.49252786873467 722.554489505202
4212.03589865618 914.546738551945 749 40.6437614064034 684.026812620705
4302.58432957563 938.736673196174 759 6.49252786873467 722.554489505202
4233.14583945172 926.675598841588 749 2.18728339675408 681.686876846689
4233.14583945172 926.675598841588 749 2.18728339675408 681.686876846689
4294.04385084408 928.140400294626 759 17.4543457936277 713.522153514997
4303.3907809169 940.226821912777 759 6.18325253418834 742.340546060254
4417.75253933198 937.565519294638 819 14.690447885251 732.85391276076
4212.03589865618 914.546738551945 749 40.6437614064034 684.026812620705
4303.3907809169 940.226821912777 759 6.18325253418834 742.340546060254
4302.58432957563 938.736673196174 759 6.49252786873467 722.554489505202
4303.40449308004 942.287896267362 759 6.18496655458102 733.208158718767
4232.42830283563 929.737286622752 749 2.27697547376602 703.711713786117
4133.57283750414 888.079528746729 749 18.6410617414912 540.025494932759
4306.50074704741 941.264345346777 759 6.98208005270612 756.775157316637
4333.86140252916 946.649215564616 759 29.7273108046538 723.466251379524
4118.48636800941 875.564216299639 749 16.5197173270435 517.731098252237
4333.86140252916 946.649215564616 759 29.7273108046538 723.466251379524
4162.44705776848 894.565118708149 749 51.1541038997386 494.781375942926
4333.86140252916 946.649215564616 759 29.7273108046538 723.466251379524
4159.66068677254 891.461811819078 749 51.5024002742316 481.392008431751
4333.86140252916 946.649215564616 759 29.7273108046538 723.466251379524
4159.66068677254 891.461811819078 749 51.5024002742316 481.392008431751
4302.58432957563 938.736673196174 759 6.49252786873467 722.554489505202
4302.58432957563 938.736673196174 759 6.49252786873467 722.554489505202
4057.93369768135 866.97862524728 739 24.0888011180508 537.96357437716
4305.74310332339 939.477253593244 759 6.88737458720414 729.1915745639
4102.5496108694 912.368435714739 739 18.5118119695451 654.053905046282
4302.58432957563 938.736673196174 759 6.49252786873467 722.554489505202
4325.50231780098 944.865332266596 759 26.5926540315849 719.898484783484
4325.50231780098 944.865332266596 759 26.5926540315849 719.898484783484
4333.86140252916 946.649215564616 759 29.7273108046538 723.466251379524
4302.58432957563 938.736673196174 759 6.49252786873467 722.554489505202
4302.58432957563 938.736673196174 759 6.49252786873467 722.554489505202
4299.51469733433 939.158658575717 759 6.10882383857177 728.976474884746
4302.58432957563 938.736673196174 759 6.49252786873467 722.554489505202
4333.86140252916 946.649215564616 759 29.7273108046538 723.466251379524
4240.93050768069 937.803911007239 759 1.61802224522648 688.043533304041
4254.69997361935 936.278874570633 749 3.33920548755884 708.510155395546
4240.93050768069 937.803911007239 759 1.61802224522648 688.043533304041
4102.5496108694 912.368435714739 739 18.5118119695451 654.053905046282
4130.87401041697 923.336338959175 749 7.19772352548927 661.839182300543
4130.87401041697 923.336338959175 749 7.19772352548927 661.839182300543
4246.79360994335 937.899690065022 759 2.35091002805939 710.961514870501
4164.22342056858 934.006062802471 749 11.36639979444 693.848353830433
4250.05554940379 935.742868596048 749 2.75865246061471 706.001524215556
4246.79360994335 937.899690065022 759 2.35091002805939 710.961514870501
4250.05554940379 935.742868596048 749 2.75865246061471 706.001524215556
4250.05554940379 935.742868596048 749 2.75865246061471 706.001524215556
4250.10656588126 936.444472481444 749 2.76502952029841 703.68542695261
4130.87401041697 923.336338959175 749 7.19772352548927 661.839182300543
4250.05554940379 935.742868596048 749 2.75865246061471 706.001524215556
4250.10656588126 936.444472481444 749 2.76502952029841 703.68542695261
4137.50371193777 908.472211586466 759 25.145674744314 647.439018742171
4335.48622659091 939.346117487567 792 0.397860412671548 735.010937948766
4335.48622659091 939.346117487567 792 0.397860412671548 735.010937948766
4103.42534334197 930.167296451783 719 15.5701232971128 614.547829047305
4237.19742149758 943.149213179226 759 20.4881499105645 703.780178545003
4335.48622659091 939.346117487567 792 0.397860412671548 735.010937948766
4244.11197323961 938.658810123154 772 11.8196420815843 777.084293630846
4269.14200467111 933.200339270773 772 24.4812228072556 709.706538132489
4335.48622659091 939.346117487567 792 0.397860412671548 735.010937948766
4350.09317172963 933.125826436482 792 5.86507278825843 703.091417882454
4360.55802700167 930.252441797856 792 40.0266192074579 709.81099810947
4351.95716255829 930.847354657492 792 38.9515111520349 726.483275079819
4351.95716255829 930.847354657492 792 38.9515111520349 726.483275079819
4363.30619432896 940.452574832559 792 3.48621869654062 753.832271644205
4031.54478756413 911.699229799713 739 70.947849169338 656.500225890029
4364.11936061287 940.452574832559 792 3.18128134007327 753.832271644205
4411.02967551042 938.044494383669 811 9.04507070226737 708.043045678116
4058.48475867814 931.636876766884 709 20.4631669816719 529.956326559573
4098.75586727631 926.810746630141 719 15.0653959208022 613.201143856299
4035.76693384706 910.807655624292 739 71.4756174547042 654.717077539186
4367.59121405986 945.040277071222 797 3.6152630209474 780.744053322824
4239.29279564194 940.411731730613 759 2.13783763880292 702.602283280755
4100.93269104535 928.594629928161 719 15.8817048341914 616.76891045234
4100.93269104535 928.594629928161 719 15.8817048341914 616.76891045234
4145.12184507981 927.263617548451 749 1.59404700923619 678.672834480117
4125.71568535675 914.719612461426 749 60.7230811696879 659.469858204175
4128.00413109699 926.865063299619 749 34.7755953445171 678.039118450812
4248.06420239574 943.888118629524 759 13.5439363071227 741.188008718133
4031.54478756413 911.699229799713 739 70.947849169338 656.500225890029
4128.00413109699 926.865063299619 749 34.7755953445171 678.039118450812
4145.12184507981 927.263617548451 749 1.59404700923619 678.672834480117
4152.3252752797 924.531685167199 749 2.494475784222 666.477037336359
4351.95716255829 930.847354657492 792 38.9515111520349 726.483275079819
4153.99843970924 923.986878565895 749 2.7036213379148 665.73419170787
4086.96585377602 940.413072381511 709 5.67545190373772 677.392837678616
4335.48622659091 939.346117487567 792 0.397860412671548 735.010937948766
4335.61452670198 951.881020388854 809 0.381822898787505 773.740268099764
4300.85283890208 945.510291097637 762 4.72703387377487 695.651772323909
4335.48622659091 939.346117487567 792 0.397860412671548 735.010937948766
4145.12184507981 927.263617548451 749 1.59404700923619 678.672834480117
4152.23184939652 917.209431478379 759 23.3046575619701 652.971196211336
4240.37456048058 940.224194933972 759 23.188955041882 664.150642551522
4138.7178361236 922.177100426885 749 1.13614455170773 690.366248323784
4327.98450871472 947.508847386051 767 6.5231265942673 785.525245461861
4139.4030334476 924.450202415262 749 0.879195555209662 683.250548510848
4080.43683108166 928.1660169042 709 6.49157974053213 556.320217271903
4235.70444588976 944.87474752769 759 12.9168721104802 723.531647296051
4069.75374827235 928.40908378265 709 7.82696509169665 535.905716500722
4259.75119769568 951.054032672859 759 15.9227160862197 702.717993372802
4235.70444588976 944.87474752769 759 12.9168721104802 723.531647296051
4246.48479117871 942.944423397232 759 14.2644152715991 686.498774821548
4246.4119717204 943.738346586127 759 20.9249258269488 671.178945855832
4259.75119769568 951.054032672859 759 15.9227160862197 702.717993372802
4246.4119717204 943.738346586127 759 20.9249258269488 671.178945855832
4235.70444588976 944.87474752769 759 12.9168721104802 723.531647296051
4235.70444588976 944.87474752769 759 12.9168721104802 723.531647296051
4244.98318141876 944.972909757868 759 21.4607221900637 673.648072199313
4070.45757221585 905.454448288972 749 7.73898709875908 628.962729904302
4235.70444588976 944.87474752769 759 12.9168721104802 723.531647296051
4158.99613019817 929.028060154641 749 3.32833264903093 644.298210430806
4259.75119769568 951.054032672859 759 15.9227160862197 702.717993372802
4134.84010325181 920.208158401457 749 62.7643765026691 631.121762636319
4235.70444588976 944.87474752769 759 12.9168721104802 723.531647296051
4166.27097953668 930.155040543344 759 7.05116695588345 657.392751408787
4240.11523383029 938.640366292838 759 23.2862025357389 660.982985269253
4254.92057387146 941.085475410846 759 15.3188881081928 729.156367497599
4246.48479117871 942.944423397232 759 14.2644152715991 686.498774821548
4247.71714367158 943.817407792098 759 14.4184593332068 741.352164641357
4247.71714367158 943.817407792098 759 14.4184593332068 741.352164641357
4039.68678413206 901.226801607892 739 11.5853356092325 590.857873331564
4250.16521890049 939.556504111915 759 17.3898567685569 681.170513645256
4240.11523383029 938.640366292838 759 23.2862025357389 660.982985269253
4044.09263121119 906.922591786661 739 11.0346047243409 602.249453689103
4259.75119769568 951.054032672859 759 15.9227160862197 702.717993372802
4046.05064317216 906.5133853698 739 10.7898532292207 593.994438949493
4044.09263121119 906.922591786661 739 11.0346047243409 602.249453689103
4121.88558931522 926.39108512524 739 1.31048496133712 625.081182116024
4259.75119769568 951.054032672859 759 15.9227160862197 702.717993372802
4126.5633406447 930.228000955018 739 0.725766045152568 640.428845435137
4126.5633406447 930.228000955018 739 0.725766045152568 640.428845435137
4036.71932657101 911.535434996109 729 73.911184642609 621.073543764544
4129.36103516824 936.306098113907 739 0.376054229710007 648.298335035628
4121.88558931522 926.39108512524 739 1.31048496133712 625.081182116024
3672.02773715366 927.812950927631 560 2.82287460138218 520.169726471203
3672.02773715366 927.812950927631 560 2.82287460138218 520.169726471203
3865.11816680312 934.204162608794 629 1.83153765088338 809.029292213497
3966.53083667135 927.160685609801 689 14.5081213844124 802.515414901698
3966.53083667135 927.160685609801 689 14.5081213844124 802.515414901698
4013.54680758262 944.490212564124 709 35.830109424968 688.084449905653
4187.36694654039 940.73367570817 759 14.1025920552471 856.354795666857
4187.36694654039 940.73367570817 759 14.1025920552471 856.354795666857
