4176.68577991623 940.408128578184 760 16.2996384252344 390.649225115934
4224.42866090474 942.695117183419 800 12.2381569706065 397.999727110679
4080.91369888457 935.220251289089 750 30.1775272231278 376.28792834969
4177.50315032199 942.159116328084 760 16.1974671245148 394.151200615734
4162.09683082764 935.247783104126 780 15.9965559746897 349.198163946035
4077.1009415467 929.26150236792 750 28.7477432214262 368.355972695407
4190.22622626281 945.131300862622 760 14.6070826319126 400.095569684809
4172.11569280023 940.050644555358 790 16.8708993147351 384.449305884775
4143.20510637422 928.897324310056 780 20.4847226179859 376.074442342612
4172.11569280023 940.050644555358 790 16.8708993147351 384.449305884775
4174.75809747992 945.216279661345 760 14.4138976431542 408.620436681647
3959.44389680263 932.519791872984 710 57.0961286858521 381.126500652758
3983.575649652 905.506184692362 700 40.4384047082633 343.544311334804
4320.65011216507 969.541206181613 790 1.69590310587046 476.329604944603
4174.52448798873 938.653895646682 790 16.5697999161724 387.140759252931
4002.48232440287 916.269961869334 720 48.9919752241173 325.736108616311
3977.87564261978 940.924905964032 710 58.2194808927731 390.891936894616
4176.61641557991 941.715748957045 790 16.3083089672746 393.264465873655
4003.66100328915 937.436066472039 710 43.5303793879078 359.678953619471
4163.8681291084 932.924765620164 780 17.9018447762132 347.573635591157
4077.1009415467 929.26150236792 750 28.7477432214262 368.355972695407
3870.70939115179 923.766729286813 690 93.3872339394184 304.857810878462
4320.65011216507 969.541206181613 790 1.69590310587046 476.329604944603
4077.1009415467 929.26150236792 750 28.7477432214262 368.355972695407
4330.52220361972 977.357462996155 790 2.92991453770162 491.962118573686
4273.85976876199 931.877595095326 820 4.15288981951414 371.605618198643
4187.71870242803 943.695209830778 780 14.9205231112596 358.344079801771
4277.41859524573 936.426153914845 820 3.70803650904725 382.685275789255
4331.05000842171 976.961299805474 800 2.99589013795003 490.377465810964
4294.37180058442 947.187891435733 820 5.12944278373311 394.196672213334
4287.29068670038 944.242410729386 820 2.47402507721608 398.317789418339
4277.41859524573 936.426153914845 820 3.70803650904725 382.685275789255
4287.29068670038 944.242410729386 820 2.47402507721608 398.317789418339
4003.66100328915 937.436066472039 710 43.5303793879078 359.678953619471
4287.29068670038 944.242410729386 820 2.47402507721608 398.317789418339
4287.29068670038 944.242410729386 820 2.47402507721608 398.317789418339
4003.66100328915 937.436066472039 710 43.5303793879078 359.678953619471
4033.96960597049 936.49657406556 720 65.9232848668285 362.841379906025
4012.77152376199 928.380684551214 720 73.8725656950159 366.673373695014
4033.96960597049 936.49657406556 720 65.9232848668285 362.841379906025
4287.29068670038 944.242410729386 820 2.47402507721608 398.317789418339
4219.02755342299 958.494623666072 780 15.1317505377303 398.412610253593
4033.96960597049 936.49657406556 720 65.9232848668285 362.841379906025
4242.34416364273 941.023229151054 770 12.2171742602623 376.421345162504
4136.10279885271 943.078812851963 740 25.4973448590146 461.605975194766
4287.29068670038 944.242410729386 820 2.47402507721608 398.317789418339
4298.4726526443 947.147737385962 820 6.66726230618838 394.036056014251
4286.87078199563 940.940149557278 830 6.65134696614984 397.583385349445
4176.43821698406 932.851463881569 770 20.4554175925961 355.835643161112
4286.87078199563 940.940149557278 830 6.65134696614984 397.583385349445
4295.54035430206 948.868162137994 820 5.56765042784605 375.630216504997
4295.54035430206 948.868162137994 820 5.56765042784605 375.630216504997
4024.02742942238 930.675236512182 730 22.6325517575039 359.258289845166
4024.02742942238 930.675236512182 730 22.6325517575039 359.258289845166
4287.03908451588 934.802385318127 830 6.63030915111847 379.170092631992
4186.8059550862 936.833764741882 780 19.1594503298284 380.248055828296
4186.8059550862 936.833764741882 780 19.1594503298284 380.248055828296
4286.87078199563 940.940149557278 830 6.65134696614984 397.583385349445
4205.54599956993 922.798369047601 820 18.9268085627225 334.760991699737
4292.25138932504 941.338078889865 830 8.66907471468062 398.777173347207
4289.19743820221 937.922260795539 830 6.36051494032665 388.529719064228
4205.54599956993 922.798369047601 820 18.9268085627225 334.760991699737
4024.02742942238 930.675236512182 730 22.6325517575039 359.258289845166
4252.20190561715 943.451827527333 770 10.9849565134591 378.849943538784
4209.54418691744 926.773880829706 820 18.4270351442844 346.687527046052
4296.89682649031 937.230983694406 830 5.39809140431532 386.455887760831
4024.02742942238 930.675236512182 730 22.6325517575039 359.258289845166
4286.87078199563 940.940149557278 830 6.65134696614984 397.583385349445
4205.54599956993 922.798369047601 820 18.9268085627225 334.760991699737
4203.09050958235 921.095936886334 820 19.2337448111705 325.585237250369
4207.29524088634 921.427901235101 820 18.7081533981718 285.182129614098
4305.63773639847 936.227487465222 830 6.51403742026412 382.363929842897
4024.02742942238 930.675236512182 730 22.6325517575039 359.258289845166
4205.54599956993 922.798369047601 820 18.9268085627225 334.760991699737
4024.02742942238 930.675236512182 730 22.6325517575039 359.258289845166
4020.83659854543 924.561964175983 730 23.8291133363597 345.533308029433
4024.02742942238 930.675236512182 730 22.6325517575039 359.258289845166
4024.3444910962 927.299453890732 730 22.5136536298197 336.995393346903
4024.3444910962 927.299453890732 730 22.5136536298197 336.995393346903
4350.22803066595 938.884848484417 840 0.364696490888718 367.441394240365
4223.8781287895 914.724029123315 820 16.1584342254444 311.647557877863
4031.02050818208 931.686832598534 730 23.506686602467 360.200597447443
4204.59228320027 923.566371076589 820 18.5691649240983 337.064997786701
4205.54599956993 922.798369047601 820 18.9268085627225 334.760991699737
4295.15166494726 934.413204240466 830 7.72610039055667 351.893671249829
4016.19155677308 920.921299093288 730 71.8475997590019 346.825168317905
4295.15166494726 934.413204240466 830 7.72610039055667 351.893671249829
4024.02742942238 930.675236512182 730 22.6325517575039 359.258289845166
4016.19155677308 920.921299093288 730 71.8475997590019 346.825168317905
4024.02742942238 930.675236512182 730 22.6325517575039 359.258289845166
4295.15166494726 934.413204240466 830 7.72610039055667 351.893671249829
4291.80842723033 925.026076781682 830 8.1440051051726 323.996856441902
4261.73426548071 940.340272757667 770 13.4177662867978 337.95573315751
4295.15166494726 934.413204240466 830 7.72610039055667 351.893671249829
4295.15166494726 934.413204240466 830 7.72610039055667 351.893671249829
4298.18064687311 935.103260826065 830 8.86196861274846 353.963841006624
4298.18064687311 935.103260826065 830 8.86196861274846 353.963841006624
4298.18064687311 935.103260826065 830 8.86196861274846 353.963841006624
4298.18064687311 935.103260826065 830 8.86196861274846 353.963841006624
4261.73426548071 940.340272757667 770 13.4177662867978 337.95573315751
4034.03816425147 933.234930003272 730 23.8838936111403 369.497063809524
4024.02742942238 930.675236512182 730 22.6325517575039 359.258289845166
4298.18064687311 935.103260826065 830 8.86196861274846 353.963841006624
4298.18064687311 935.103260826065 830 8.86196861274846 353.963841006624
4043.11316115798 932.583495536127 730 63.5198818137352 354.412145333346
4298.18064687311 935.103260826065 830 8.86196861274846 353.963841006624
4040.87551209189 934.560201506882 730 63.2401756804748 356.388851304101
4298.18064687311 935.103260826065 830 8.86196861274846 353.963841006624
4040.87551209189 934.560201506882 730 63.2401756804748 356.388851304101
4040.87551209189 934.560201506882 730 63.2401756804748 356.388851304101
4040.87551209189 934.560201506882 730 63.2401756804748 356.388851304101
4071.00744463718 943.169802032113 730 67.006667248635 379.552151161701
4071.00744463718 943.169802032113 730 67.006667248635 379.552151161701
4071.00744463718 943.169802032113 730 67.006667248635 379.552151161701
4083.00291027053 931.421540634541 740 30.0044868635235 344.744943877893
4083.00291027053 931.421540634541 740 30.0044868635235 344.744943877893
4083.00291027053 931.421540634541 740 30.0044868635235 344.744943877893
4037.00255308186 944.14445552598 690 20.1293784286117 338.907225596062
4078.92891881967 934.137764510642 740 75.4087922010641 367.274881729195
4017.04874708261 927.923611693053 730 17.6351526787054 322.875928957912
3983.78933164706 922.11935214359 730 13.477725749261 334.312396022044
3992.2050524673 920.116591010045 730 14.5296908517912 336.124480860843
3985.52712763288 922.856624388634 730 13.694950247489 338.864514239431
3985.52712763288 922.856624388634 730 13.694950247489 338.864514239431
4006.34255798988 925.163093853695 730 67.5000768615698 316.302069524841
4016.95620686937 927.225126095002 730 21.5901181014655 295.177848586194
4048.88358426693 923.450000300332 730 25.7395711130731 334.852531134519
4031.5680526737 933.732634529035 730 23.416598827007 347.493171267125
4005.0061156785 916.672473299833 730 20.2548875395188 265.127751881567
3980.75678395537 905.264014750269 730 104.677973839749 300.839787322175
3980.75678395537 905.264014750269 730 104.677973839749 300.839787322175
4031.25099099987 937.108417150485 730 23.5354969546912 369.756067765389
4005.0061156785 916.672473299833 730 20.2548875395188 265.127751881567
4005.0061156785 916.672473299833 730 20.2548875395188 265.127751881567
4001.91757806042 907.64425763505 730 107.32307310288 294.317021042595
4050.15045614271 942.595231226979 730 25.8979300975461 408.667629733812
4017.02076447114 923.629752811498 730 21.7567186385992 290.763725152746
4017.02076447114 923.629752811498 730 21.7567186385992 290.763725152746
4031.25099099987 937.108417150485 730 23.5354969546912 369.756067765389
4156.08351964035 940.696760753462 750 37.6050097081495 355.47117229812
4156.08351964035 940.696760753462 750 37.6050097081495 355.47117229812
4031.25099099987 937.108417150485 730 23.5354969546912 369.756067765389
4031.25099099987 937.108417150485 730 23.5354969546912 369.756067765389
4031.25099099987 937.108417150485 730 23.5354969546912 369.756067765389
4028.06016012293 930.995144814286 730 24.7320585335469 356.031085949656
4031.25099099987 937.108417150485 730 23.5354969546912 369.756067765389
4031.25099099987 937.108417150485 730 23.5354969546912 369.756067765389
4031.25099099987 937.108417150485 730 23.5354969546912 369.756067765389
4052.01679593153 927.330644305767 730 26.1312225711487 338.733175139954
4029.74755906719 930.922302147024 730 70.4257019962337 370.66124438508
3971.45690023965 920.860442176016 720 92.2846990565613 350.537524443063
3971.45690023965 920.860442176016 720 92.2846990565613 350.537524443063
4031.25099099987 937.108417150485 730 23.5354969546912 369.756067765389
4031.25099099987 937.108417150485 730 23.5354969546912 369.756067765389
4031.25099099987 937.108417150485 730 23.5354969546912 369.756067765389
4031.25099099987 937.108417150485 730 23.5354969546912 369.756067765389
4050.53683658911 928.266075197211 730 25.9462276533451 339.668606031399
4103.091605848 940.854111355669 730 20.7397776506458 425.1986669449
3906.08613776166 911.383937505917 680 45.8182557546874 351.921025063036
4031.25099099987 937.108417150485 730 23.5354969546912 369.756067765389
4015.7937247435 918.23425284069 720 20.0672091791295 331.451203586661
3903.15095707361 908.411967089196 680 46.9189485127066 348.949054646314
4031.25099099987 937.108417150485 730 23.5354969546912 369.756067765389
3971.45690023965 920.860442176016 720 92.2846990565613 350.537524443063
4004.32861649146 933.052678997921 730 11.6547581767155 380.59042298167
4150.24364650682 913.476727415964 739 16.3015614847291 662.197881403781
4235.37950566346 950.789241495622 739 5.6595790901498 820.538515489935
4220.36797939764 942.019466571871 729 1.2786467783925 769.165036488517
4220.36797939764 942.019466571871 729 1.2786467783925 769.165036488517
4225.37971764788 944.542999767841 729 3.15804862223433 766.611120579827
4103.55172734125 865.763133562858 739 78.9294964737036 519.848709208122
4162.80637008026 882.189668975637 749 71.7420240674892 564.47593982268
4162.36765420794 877.763133562858 749 71.5775056153678 533.061356639162
4162.36765420794 877.763133562858 749 71.5775056153678 533.061356639162
4234.50654231589 946.573189768764 719 6.58060787273735 761.38998007773
4207.54824528566 933.656058782364 719 0.0657421383388055 635.152040470071
4225.37971764788 944.542999767841 729 3.15804862223433 766.611120579827
4225.37971764788 944.542999767841 729 3.15804862223433 766.611120579827
4046.0231754152 862.583189696007 739 22.4892082937327 502.865286406283
4052.19999163037 865.274906294159 739 24.8055143744232 510.94043620074
4233.15955161487 928.736673196174 749 2.1855693763614 681.775708893147
4225.37971764788 944.542999767841 729 3.15804862223433 766.611120579827
4054.90214050328 867.078129095058 739 24.4677457653096 507.638687332136
4055.26962387168 864.852920914616 739 24.4218103442603 504.518450821197
4055.26962387168 864.852920914616 739 24.4218103442603 504.518450821197
4210.59032366638 911.762241827346 749 41.5514764171973 652.211243976231
4201.37065930397 927.732796717994 749 6.15918091522326 705.362609178295
4150.00267288442 914.399310049952 739 32.8896081849332 630.704481553458
4209.85907488714 912.762855253924 749 41.4600703197927 680.459046024665
4212.03589865618 914.546738551945 749 40.6437614064034 684.026812620705
4212.03589865618 914.546738551945 749 40.6437614064034 684.026812620705
4233.14583945172 926.675598841588 749 2.18728339675408 681.686876846689
4233.14583945172 926.675598841588 749 2.18728339675408 681.686876846689
4212.03589865618 914.546738551945 749 40.6437614064034 684.026812620705
4232.42830283563 929.737286622752 749 2.27697547376602 703.711713786117
4133.57283750414 888.079528746729 749 18.6410617414912 540.025494932759
4118.48636800941 875.564216299639 749 16.5197173270435 517.731098252237
4162.44705776848 894.565118708149 749 51.1541038997386 494.781375942926
4159.66068677254 891.461811819078 749 51.5024002742316 481.392008431751
4159.66068677254 891.461811819078 749 51.5024002742316 481.392008431751
