13009.9388040237 3458.26161681212 1724 67.1154620577254 6701.62016353319
13560.1480184272 3550.82857889423 1724 412.191199446987 7375.01727539188
13281.1185971091 3467.50850964622 1724 27.7999111207725 7013.86133300226
12536.6695560828 3292.78698785386 1724 120.856041249052 6884.40463902703
13814.6039193009 3627.10389422443 1724 77.2063539195292 7624.31677821414
13373.7590533113 3516.07874830915 1724 16.2198540954901 7197.84283365839
13353.6993582952 3482.58443323388 1724 18.7273159725016 7064.53571682065
13611.8713842954 3567.38554912204 1724 13.5441872775202 8191.24529037277
12965.0446304959 3442.884669621 1724 67.3091569474238 7869.10780402143
13036.7767465356 3410.39391594634 1724 58.342642442457 6817.82371529696
13330.7608755586 3474.46162083927 1724 21.5946263145827 7022.11776408005
13452.5065897479 3570.06509032032 1724 31.2200111036691 6261.09021352464
13330.7608755586 3474.46162083927 1724 21.5946263145827 7022.11776408005
13171.2702246856 3469.77519104607 1724 205.291499820223 6623.51016237003
13820.3489068956 3664.35850664479 1724 123.027912869882 7415.72645694322
13685.7673323365 3631.11369848708 1724 106.205216050004 7160.83360706529
13287.3954594859 3508.6943462884 1724 66.3201874637334 7072.10613807377
13274.0509574371 3513.83699867241 1724 113.316744166563 7051.01547576046
13372.0822929803 3511.08866478427 1724 568.034997259084 7099.55976412573
13456.9450818307 3482.66428101981 1724 455.456839894144 7226.58963641872
13564.4134648734 3552.36095013814 1724 167.016364696886 7225.64729202776
13453.6926486576 3545.53548597845 1724 22.2540170471566 7059.15908905018
13225.0068247525 3513.99264601229 1724 78.4285535763886 6529.43167928864
13509.7331094681 3565.97462771288 1724 9.3332202675515 6486.54511783592
13884.6670501397 3705.41593466223 1724 207.048062855175 7777.84800496593
13681.5036892154 3587.90765248462 1724 181.652642739632 7430.56766671716
13798.4185750166 3658.79662137536 1724 196.267003464793 7516.60075303721
13316.1168341122 3512.17433833061 1724 5.05704022898317 7181.66264155139
13453.6926486576 3545.53548597845 1724 22.2540170471566 7059.15908905018
13604.3677207043 3596.9282071526 1724 55.9406206094623 7212.26848304119
13582.8192411118 3587.86856620795 1724 99.5736564981114 7547.72093796804
13820.3489068956 3664.35850664479 1724 123.027912869882 7415.72645694322
13455.0939851208 3527.52920107446 1724 515.810655395424 7989.5745957302
13559.2543129848 3585.18679358522 1724 313.992768544622 7663.43883104837
13559.2543129848 3585.18679358522 1724 313.992768544622 7663.43883104837
13247.8732052109 3456.27432103819 1724 584.488997266063 6886.25314812937
13303.6825635216 3447.89159724296 1724 640.068921095013 6917.14991774688
13769.0461954461 3653.10997793558 1724 335.803955285482 7580.70309074735
13769.0461954461 3653.10997793558 1724 335.803955285482 7580.70309074735
13631.3727233208 3624.85034861431 1724 48.746627559892 7632.11051509396
13262.8594433304 3410.07714049222 1724 579.979427130906 6498.53861081898
13689.5830552297 3651.68999066848 1724 112.919133262845 7483.67844444228
13733.1836643222 3660.82771856729 1724 57.9901219244791 7581.21117095837
13423.4047819998 3567.92698724341 1724 19.2677616341862 6983.46670947929
13821.6860229906 3664.75845981462 1724 177.287654132959 7424.93961917047
13903.089091269 3710.29794329354 1724 79.2283002928282 8067.47467271422
13579.2173850473 3582.67822002798 1724 270.507499219079 7167.4420303372
12738.1656356161 3300.02353892705 1724 102.017593243605 7227.56608293254
13733.1836643222 3660.82771856729 1724 57.9901219244791 7581.21117095837
13747.4415458121 3666.01374105844 1724 59.7723571107231 7441.19796447913
13431.2703704386 3505.64546245752 1724 529.27635277266 6785.31018374426
13094.1782042849 3365.45974749319 1724 757.756420465019 6365.67061659202
13091.3785727927 3363.74694428594 1724 757.40646652849 6638.14654236924
13091.3785727927 3363.74694428594 1724 757.40646652849 6638.14654236924
14034.4818238927 3749.22261302094 1724 169.893954068781 7288.67973567415
14145.4918568741 3760.73399026289 1724 118.898846836635 12013.9541982814
13882.965400225 3633.35586953807 1724 262.899652759284 11281.7032111398
13617.8739818053 3440.39468853329 1724 197.102510112297 9803.93292582897
12826.8148065723 3324.22548721507 1724 191.165997733111 10726.1163489063
13496.8306805368 3560.16574531283 1724 214.677387447646 11193.6583802304
13670.2940401237 3559.99469622351 1724 255.646955826405 10138.8941223432
13453.0631319396 3523.55315344191 1724 172.752932586353 10575.0001920437
13706.9699336052 3543.75312548565 1724 302.292801685346 11439.3544847885
13966.9548458557 3661.55288186268 1724 48.6484928226932 11118.9456182991
14237.3764857694 3802.75021614676 1724 103.499580137072 12630.5533659639
13864.0703590452 3692.59702739238 1724 61.5090536739986 11091.6922211239
13854.2031226064 3649.77082395499 1724 104.96138802041 10824.8262470096
14226.0005604732 3800.96858352541 1724 45.4002344469604 12024.1547034738
13465.7395436921 3546.43403226147 1724 171.168381117294 10057.8902531496
13988.4431208386 3690.60903009098 1724 177.79212284995 11875.5057182846
13750.3595145683 3648.58975178189 1724 14.5182720344869 11196.4354959098
13674.5139817117 3603.04573911449 1724 23.9989636415689 11940.5633773286
13926.0285295267 3710.60924893609 1724 285.217514039634 12764.4707504438
13769.9282109684 3576.83644589799 1724 228.218571337616 11176.5320046606
13635.8767077459 3489.11338129399 1724 120.172739103841 10819.8655180751
14135.8296494767 3752.58784277649 1724 171.631774603145 12364.7882407768
13942.1892204483 3720.47113978629 1724 9.46044120051056 11078.5765363605
13833.7863869176 3598.35195958139 1724 284.897998062825 11646.955734033
14210.3002770104 3797.65926664925 1724 87.9102285478402 12055.9401145345
13769.30030628 3657.58516470739 1724 12.1506730705323 11138.5203591927
13843.2119673098 3600.84174631627 1724 281.363405415759 11896.2915338676
14200.96812352 3799.34064476095 1724 42.5448271527514 12204.4822973858
13833.7670938385 3598.58065670948 1724 284.895586427939 11295.1752355603
13845.0154485404 3675.81006136334 1724 3.05538207565928 11049.6024746453
13833.7863869176 3598.35195958139 1724 284.897998062825 11646.955734033
14153.7967283239 3783.5768656042 1724 80.847284962028 11876.050891038
14182.3624490445 3754.00229369201 1724 42.973859631762 12208.6314313917
13920.0794741538 3644.95409095091 1724 252.53809034923 12685.6574772393
13908.7685660419 3631.35019837062 1724 116.165228821682 11009.6008821002
13806.4161711682 3652.54005684497 1724 6.88261276322373 11291.7140990998
13999.3016518965 3709.92152088977 1724 17.22807232781 11409.3054549044
13999.3016518965 3709.92152088977 1724 17.22807232781 11409.3054549044
14049.8115539468 3696.34782291376 1724 23.5418100840975 11273.7692798033
14133.8173525029 3775.87767507678 1724 78.3498629843928 11659.9238388588
13551.0717389065 3572.52090131261 1724 38.7949971145906 10463.4011747058
14149.3606984129 3804.39386520737 1724 101.338915819362 13059.9692264635
13969.2845275736 3710.41149997024 1724 13.481601468799 11603.6143067543
13883.9625647021 3677.68483186566 1724 2.81635610986746 11536.5063780541
14017.8108261156 3730.76707357384 1724 19.547388786548 11115.4158468217
14149.6899830035 3771.33142309785 1724 176.706063259485 12593.1425176705
14021.0188774141 3719.60332767282 1724 19.9483951988593 11519.9826733326
14205.2574210308 3794.05729026647 1724 87.2798715503866 12190.8179260863
13157.8746707969 3443.00210633688 1724 125.269080886543 11629.6077312984
14145.7016067531 3796.66193240314 1724 120.145476607021 12779.1022216082
14223.6711984858 3804.782016926 1724 89.5815937322566 12151.4830452121
14189.4773137941 3765.35597731538 1724 1.59964028910554 12754.8132752193
14223.6711984858 3804.782016926 1724 89.5815937322566 12151.4830452121
14268.8072848573 3813.4052942048 1724 66.9268836720705 13475.6910810512
14190.1618912603 3767.68210605178 1724 51.0577464503431 12656.8705691265
14233.8978688988 3797.15152145853 1724 56.5247436551604 13021.4896580893
14223.6711984858 3804.782016926 1724 89.5815937322566 12151.4830452121
14425.6246559509 3908.27049223246 1458 128.953314884621 6305.44891021688
13656.706016965 3491.43894533081 1458 724.627274557449 5872.8102193793
13322.8248564086 3491.30364723002 1458 160.080503342236 3984.72580205013
13450.9115425417 3525.86052167153 1458 155.240365246647 4022.49851896187
13489.6120857764 3531.32201151427 1458 29.8726010884702 4228.41624800904
14274.5763100435 3774.37482256981 1458 110.072271646197 5482.07215510847
13696.4454777697 3596.80788884668 1458 268.407943318937 4403.3906335185
13947.2459177158 3615.03888438656 1458 572.134183880506 5302.32388112627
13889.7257937031 3597.06155494113 1458 626.1039950039 5693.98683822173
14070.3571026745 3777.55699783702 1458 84.5448707250719 4898.59972165264
14285.4265826963 3773.70719947766 1458 111.428555727793 5556.3966987255
14047.9898467377 3780.24651851345 1458 81.7489637329684 4861.65139332215
14184.0431513264 3803.21161430706 1458 80.5042017392011 5324.89113762879
13711.3077973238 3432.19058970051 1458 174.6945156432 4481.65254391232
14325.6058550699 3852.59966939541 1458 58.7186829501829 5309.37621483114
14213.8130834107 3810.88392126629 1458 84.2254432497357 5304.02629276855
13931.43333901 3652.75521490612 1458 398.769915176546 4701.91642138731
13562.1904306176 3513.78537218191 1458 603.292037027075 4698.50434358368
14005.1026935057 3698.29106775273 1458 52.6866241037208 4239.63350087739
14105.3080134109 3748.24768164482 1458 65.2122890918597 4620.6859576866
14186.109401771 3803.0950825892 1458 55.1952539201425 4905.08405912382
14288.9881562554 3834.79657690005 1458 1.28138929088391 5049.66080092878
14222.3583879548 3776.28853764824 1458 208.823813844229 4673.87934775888
14359.6276802635 3844.15286537251 1458 43.1523501347929 4793.98835263297
13452.448028365 3507.5510723025 1458 369.168760401251 4747.90049558024
13939.657611666 3549.36027399199 1458 149.035186889007 3967.53292844391
14171.6842826856 3739.06887869198 1458 278.59840417089 4716.35047290621
14253.3534927695 3819.10923540819 1458 72.8162116320984 4750.39575087855
14063.4917098863 3761.81318590248 1458 95.5197419898891 5005.96979291777
14229.4427302247 3819.42697396085 1458 74.7758644475939 5178.8111570929
13553.7899958689 3502.23982933828 1458 19.9739823743701 4754.2554498313
13103.5869508315 3345.28911212351 1458 523.457027270443 4341.1217491273
14288.9881562554 3834.79657690005 1458 1.28138929088391 5049.66080092878
13587.7554841268 3521.98687807584 1458 24.2196684066078 4821.40902332503
14194.4466565067 3743.2351966409 1458 236.871312111621 6067.13022960592
13705.2508231237 3591.63185048487 1458 38.9065857812159 4887.39872575292
13840.1855043981 3689.34128295152 1458 55.7734209405237 5919.2093369885
13774.7273763325 3636.50275613744 1458 181.142575354903 5319.29151741845
13702.8194382946 3457.98948657607 1458 38.6026626775883 5509.72583515684
13716.9365029809 3523.28854657153 1458 40.3672957633701 4815.70017471107
14430.4100395971 3869.76073350688 1458 129.551487840391 6012.102310536
13718.1817008381 3465.86474530052 1458 40.5229454955218 5509.72583515684
13906.1587683324 3719.96015514122 1458 113.300769963158 5117.50281501369
13899.961020754 3704.9615669339 1458 112.526051515862 5374.52093610233
14403.7224697902 3833.90837334342 1458 126.215541614539 5571.18667640529
13930.3979330179 3704.89180708405 1458 67.0499745179973 5384.610022513
13414.7227310688 3563.0751644859 1458 2.59057427435914 4499.54167965618
13977.4441203264 3728.86762897475 1458 72.9307479315548 5906.71975315021
13645.5245834445 3630.19564228293 1458 205.470712310143 5231.54086874107
14337.0861317935 3802.24748378974 1458 166.93960361564 6166.62440111661
13305.4427799035 3527.42234368818 1458 117.719059882311 4976.56165362907
13578.9548151141 3630.17143642586 1458 83.5300554809812 5615.14376841254
14337.0861317935 3802.24748378974 1458 166.93960361564 6166.62440111661
13572.9016899485 3633.04516281128 1458 132.705256701996 5952.47801451006
14188.540808104 3804.52664319357 1458 150.947404297366 6131.68834630858
13428.2471728534 3481.52432867749 1458 56.3671986864042 4930.05633981484
13338.367279617 3448.66393967442 1458 124.089845794463 5820.61495729457
13228.8928217646 3391.15815728704 1458 16.4413504324207 5104.242364057
13245.1069692733 3493.58410137539 1458 8.03134284783255 5939.22444445701
13338.367279617 3448.66393967442 1458 124.089845794463 5820.61495729457
13255.789668543 3512.38862448887 1458 134.412047178718 6529.91406561889
12813.2937465471 3230.42270073958 1458 813.178488977862 4705.2887928747
13975.8089616296 3760.063108999 1458 3.15260789411786 7392.40241251786
13056.1245078676 3410.97794100693 1458 187.774509440344 5462.36185396816
14326.5824323408 3866.25102925674 1458 1.20072035819248 7976.97580215408
13181.434607225 3475.22025447042 1458 141.942757781289 6535.51080066623
14326.5824323408 3866.25102925674 1458 1.20072035819248 7976.97580215408
13429.2257261392 3525.65935719213 1458 163.907907112392 6110.18078616843
14326.5824323408 3866.25102925674 1458 1.20072035819248 7976.97580215408
13652.9228793024 3504.90859668275 1458 287.370003025453 5838.07573332031
13580.4053235963 3573.79817363793 1458 230.782485411339 5542.19167699717
13347.0209114436 3447.92298112977 1458 377.043488028974 5697.26840191668
13561.4000825151 3541.14274743369 1458 94.9622965297544 6224.0483293659
13287.6866792529 3436.19832062651 1458 369.626709005136 6313.33982638977
13320.7472909102 3450.91963931624 1458 373.759285462306 6667.12786867768
13320.7472909102 3450.91963931624 1458 373.759285462306 6667.12786867768
14219.3137228906 3761.48910293123 1458 13.4487679612928 8181.69271599641
14287.2997873516 3831.14442464505 1458 2.56744336840848 7501.73936348754
13419.5554202639 3616.0857304209 1458 65.3210931601391 6495.96932500195
13749.6318851372 3633.77387685403 1458 61.5939355560786 5726.66074175135
13674.8332763959 3500.75882226101 1458 97.2308251766365 6395.83649956041
12640.52235612 3282.8164601112 1458 389.623444581512 8865.54178797495
12512.5476499724 3219.71986717448 1458 380.353776582674 6827.34297643016
12627.3906342559 3245.6624827946 1458 365.998403547231 7519.21649313779
12531.863356883 3262.99244660061 1458 292.151763831981 8667.50598649742
12531.863356883 3262.99244660061 1458 292.151763831981 8667.50598649742
12745.2551447444 3272.86058042516 1458 148.524039208861 7006.8807038966
12623.0450319614 3254.15346736389 1458 153.610645636568 6625.06859268055
12687.2472948514 3283.47141939978 1458 9.11766192927939 7507.40330548107
