13953.4650777691 3713.02828561246 1724 64.4858323293465 6005.41566268665
13730.966838483 3669.96433197442 1724 34.8936540572149 5971.23978274815
13544.2606308859 3618.79719994225 1724 11.5553781075814 6090.35961211012
13492.4976908751 3576.71568244929 1724 35.7227722568121 6776.69627619485
13669.776603503 3609.21872677049 1724 28.9823355020376 5526.61770717539
13815.2312411365 3685.90843315696 1724 69.5905805252653 6725.50488357039
13737.8416794752 3660.46540142583 1724 155.732254503146 6502.85718774559
13624.8049330777 3630.62832662828 1724 93.9893888177346 6077.46564289915
13661.4807972028 3631.14774073111 1724 26.2078988971969 5745.85305284646
13970.5359078179 3729.28476385366 1724 111.071387496124 5738.6677265893
13723.5663440095 3660.27624305307 1724 35.7060530653441 6085.44264541103
13211.1248380531 3409.33337040715 1724 28.3491351792061 4349.87712354054
13520.0114230167 3512.39036239109 1724 10.261687941241 4402.54027684683
13610.7127928396 3568.10834719156 1724 55.2181095713804 4708.48516014824
13466.7902972262 3483.33530227793 1724 3.60904721742804 4533.89126998651
13882.8540030742 3685.23627000561 1724 67.976445566643 5059.15064577171
13466.7902972262 3483.33530227793 1724 3.60904721742804 4533.89126998651
13601.5830859494 3553.20719319718 1724 20.4581458078285 4985.76736381526
13784.9877086148 3629.61312893726 1724 55.7431587592191 5018.60140087556
13523.533045048 3619.7636609084 1724 11.3302997896963 6367.21715834921
13914.4918656256 3741.48857755413 1724 127.205061391291 5856.36426656099
13772.5783197199 3676.42778644387 1724 41.8325500291419 5247.48021973771
13970.5359078179 3729.28476385366 1724 111.071387496124 5738.6677265893
13853.6667903991 3657.87287651099 1724 50.4330911449367 5329.09818543396
13839.288830113 3713.54868417047 1724 234.362945391527 6017.33790197366
13523.533045048 3619.7636609084 1724 11.3302997896963 6367.21715834921
13368.2030343292 3546.11835412869 1724 8.47566253015339 4772.83094650992
13750.5147968807 3611.98306879517 1724 37.3170337171148 5269.54001478153
13523.533045048 3619.7636609084 1724 11.3302997896963 6367.21715834921
13398.986682577 3568.50869370736 1724 3.8518715331486 4984.34382873441
13056.8913791529 3470.10884291898 1724 47.6391056387231 6286.93407181493
12886.0458327974 3422.85072463035 1724 68.9947989331629 6319.81350255355
13155.3915950398 3433.39601727335 1724 35.3265786528646 5494.66779204442
13312.4869848359 3541.7180910972 1724 14.6643337507878 4766.76295151566
13056.8913791529 3470.10884291898 1724 47.6391056387231 6286.93407181493
13635.1742627385 3622.94860589384 1724 22.0949889162955 5716.22027778675
13975.7540081942 3748.06977498414 1724 64.6674570982591 5869.8300804488
13598.5430942702 3581.94023207355 1724 327.411659135675 6018.30502691048
13043.0898106176 3480.64183319457 1724 49.364301705644 6325.9818857756
13502.7410461701 3459.96425530236 1724 27.2118412090551 5911.25191625764
14015.1142666747 3801.69200871917 1724 190.300634033525 6213.12975379011
13598.5430942702 3581.94023207355 1724 327.411659135675 6018.30502691048
13417.8407476644 3566.61336726498 1724 2.52043457478248 4965.07078279146
13237.2798067469 3513.517112363 1724 25.0905521894699 5279.33839462521
13499.0757862073 3597.25737376182 1724 7.63394524307955 5129.89420894857
13654.4210297671 3641.80894278474 1724 71.5570277397735 4807.00701956387
13499.0757862073 3597.25737376182 1724 7.63394524307955 5129.89420894857
13836.4419824749 3694.23097709225 1724 138.887641866622 5627.28068305373
13576.5426187358 3590.55221536098 1724 437.939389177468 5706.21601708137
13841.6642112246 3703.83988281879 1724 48.3563671771922 5853.49070332389
13869.6964689228 3710.85822031622 1724 126.417209448648 5824.36351874299
13916.1742798292 3766.56890375336 1724 58.7572876053332 6473.19298666508
13946.8024164321 3721.68073967782 1724 108.104701072896 5731.06370241346
13453.1662565921 3580.48644000166 1724 31.1481610509891 5748.70782164605
13826.8409607681 3684.52808743466 1724 121.060270929314 5658.08012454399
13926.9806893526 3699.59795172686 1724 61.0377251068285 5728.99536203634
13725.1189546467 3649.08488356712 1724 177.865290651504 5375.30560692446
13357.073855547 3499.1251927596 1724 45.1408745256444 3780.32524466273
14069.3453353211 3744.29042305705 1724 43.8930604461175 4775.99760963157
13967.6186681929 3721.94131536147 1724 67.1681994628077 5838.22239801868
13926.9806893526 3699.59795172686 1724 61.0377251068285 5728.99536203634
13966.4724450891 3717.29694883938 1724 110.563454655029 5734.98765351635
14106.6089580453 3763.70662085386 1724 48.5510132866502 4834.3075939333
14003.6184376355 3706.41187214358 1724 169.912458843267 4900.82681659306
14128.5599308485 3706.99016212207 1724 65.4948136578564 5704.44650715048
13877.1259837884 3716.4869083624 1724 99.3951469924405 5690.56681986129
14089.2680551403 3762.15674751261 1724 90.9499517166132 5058.66282782699
13970.5359078179 3729.28476385366 1724 111.071387496124 5738.6677265893
13009.9388040237 3458.26161681212 1724 67.1154620577254 6701.62016353319
13560.1480184272 3550.82857889423 1724 412.191199446987 7375.01727539188
13281.1185971091 3467.50850964622 1724 27.7999111207725 7013.86133300226
12536.6695560828 3292.78698785386 1724 120.856041249052 6884.40463902703
13814.6039193009 3627.10389422443 1724 77.2063539195292 7624.31677821414
13373.7590533113 3516.07874830915 1724 16.2198540954901 7197.84283365839
13353.6993582952 3482.58443323388 1724 18.7273159725016 7064.53571682065
13611.8713842954 3567.38554912204 1724 13.5441872775202 8191.24529037277
12965.0446304959 3442.884669621 1724 67.3091569474238 7869.10780402143
13036.7767465356 3410.39391594634 1724 58.342642442457 6817.82371529696
13330.7608755586 3474.46162083927 1724 21.5946263145827 7022.11776408005
13452.5065897479 3570.06509032032 1724 31.2200111036691 6261.09021352464
13330.7608755586 3474.46162083927 1724 21.5946263145827 7022.11776408005
13171.2702246856 3469.77519104607 1724 205.291499820223 6623.51016237003
13820.3489068956 3664.35850664479 1724 123.027912869882 7415.72645694322
13685.7673323365 3631.11369848708 1724 106.205216050004 7160.83360706529
13287.3954594859 3508.6943462884 1724 66.3201874637334 7072.10613807377
13274.0509574371 3513.83699867241 1724 113.316744166563 7051.01547576046
13372.0822929803 3511.08866478427 1724 568.034997259084 7099.55976412573
13456.9450818307 3482.66428101981 1724 455.456839894144 7226.58963641872
13564.4134648734 3552.36095013814 1724 167.016364696886 7225.64729202776
13453.6926486576 3545.53548597845 1724 22.2540170471566 7059.15908905018
13225.0068247525 3513.99264601229 1724 78.4285535763886 6529.43167928864
13509.7331094681 3565.97462771288 1724 9.3332202675515 6486.54511783592
13884.6670501397 3705.41593466223 1724 207.048062855175 7777.84800496593
13681.5036892154 3587.90765248462 1724 181.652642739632 7430.56766671716
13798.4185750166 3658.79662137536 1724 196.267003464793 7516.60075303721
13316.1168341122 3512.17433833061 1724 5.05704022898317 7181.66264155139
13453.6926486576 3545.53548597845 1724 22.2540170471566 7059.15908905018
13604.3677207043 3596.9282071526 1724 55.9406206094623 7212.26848304119
13582.8192411118 3587.86856620795 1724 99.5736564981114 7547.72093796804
13820.3489068956 3664.35850664479 1724 123.027912869882 7415.72645694322
13455.0939851208 3527.52920107446 1724 515.810655395424 7989.5745957302
13559.2543129848 3585.18679358522 1724 313.992768544622 7663.43883104837
13559.2543129848 3585.18679358522 1724 313.992768544622 7663.43883104837
13247.8732052109 3456.27432103819 1724 584.488997266063 6886.25314812937
13303.6825635216 3447.89159724296 1724 640.068921095013 6917.14991774688
13769.0461954461 3653.10997793558 1724 335.803955285482 7580.70309074735
13769.0461954461 3653.10997793558 1724 335.803955285482 7580.70309074735
13631.3727233208 3624.85034861431 1724 48.746627559892 7632.11051509396
13262.8594433304 3410.07714049222 1724 579.979427130906 6498.53861081898
13689.5830552297 3651.68999066848 1724 112.919133262845 7483.67844444228
13733.1836643222 3660.82771856729 1724 57.9901219244791 7581.21117095837
13423.4047819998 3567.92698724341 1724 19.2677616341862 6983.46670947929
13821.6860229906 3664.75845981462 1724 177.287654132959 7424.93961917047
13903.089091269 3710.29794329354 1724 79.2283002928282 8067.47467271422
13579.2173850473 3582.67822002798 1724 270.507499219079 7167.4420303372
12738.1656356161 3300.02353892705 1724 102.017593243605 7227.56608293254
13733.1836643222 3660.82771856729 1724 57.9901219244791 7581.21117095837
13747.4415458121 3666.01374105844 1724 59.7723571107231 7441.19796447913
13431.2703704386 3505.64546245752 1724 529.27635277266 6785.31018374426
13094.1782042849 3365.45974749319 1724 757.756420465019 6365.67061659202
13091.3785727927 3363.74694428594 1724 757.40646652849 6638.14654236924
13091.3785727927 3363.74694428594 1724 757.40646652849 6638.14654236924
14034.4818238927 3749.22261302094 1724 169.893954068781 7288.67973567415
14145.4918568741 3760.73399026289 1724 118.898846836635 12013.9541982814
13882.965400225 3633.35586953807 1724 262.899652759284 11281.7032111398
13617.8739818053 3440.39468853329 1724 197.102510112297 9803.93292582897
12826.8148065723 3324.22548721507 1724 191.165997733111 10726.1163489063
13496.8306805368 3560.16574531283 1724 214.677387447646 11193.6583802304
13670.2940401237 3559.99469622351 1724 255.646955826405 10138.8941223432
13453.0631319396 3523.55315344191 1724 172.752932586353 10575.0001920437
13706.9699336052 3543.75312548565 1724 302.292801685346 11439.3544847885
13966.9548458557 3661.55288186268 1724 48.6484928226932 11118.9456182991
14237.3764857694 3802.75021614676 1724 103.499580137072 12630.5533659639
13864.0703590452 3692.59702739238 1724 61.5090536739986 11091.6922211239
13854.2031226064 3649.77082395499 1724 104.96138802041 10824.8262470096
14226.0005604732 3800.96858352541 1724 45.4002344469604 12024.1547034738
13465.7395436921 3546.43403226147 1724 171.168381117294 10057.8902531496
13988.4431208386 3690.60903009098 1724 177.79212284995 11875.5057182846
13750.3595145683 3648.58975178189 1724 14.5182720344869 11196.4354959098
13674.5139817117 3603.04573911449 1724 23.9989636415689 11940.5633773286
13926.0285295267 3710.60924893609 1724 285.217514039634 12764.4707504438
13769.9282109684 3576.83644589799 1724 228.218571337616 11176.5320046606
13635.8767077459 3489.11338129399 1724 120.172739103841 10819.8655180751
14135.8296494767 3752.58784277649 1724 171.631774603145 12364.7882407768
13942.1892204483 3720.47113978629 1724 9.46044120051056 11078.5765363605
13833.7863869176 3598.35195958139 1724 284.897998062825 11646.955734033
14210.3002770104 3797.65926664925 1724 87.9102285478402 12055.9401145345
13769.30030628 3657.58516470739 1724 12.1506730705323 11138.5203591927
13843.2119673098 3600.84174631627 1724 281.363405415759 11896.2915338676
14200.96812352 3799.34064476095 1724 42.5448271527514 12204.4822973858
13833.7670938385 3598.58065670948 1724 284.895586427939 11295.1752355603
13845.0154485404 3675.81006136334 1724 3.05538207565928 11049.6024746453
13833.7863869176 3598.35195958139 1724 284.897998062825 11646.955734033
14153.7967283239 3783.5768656042 1724 80.847284962028 11876.050891038
14182.3624490445 3754.00229369201 1724 42.973859631762 12208.6314313917
13920.0794741538 3644.95409095091 1724 252.53809034923 12685.6574772393
13908.7685660419 3631.35019837062 1724 116.165228821682 11009.6008821002
13806.4161711682 3652.54005684497 1724 6.88261276322373 11291.7140990998
13999.3016518965 3709.92152088977 1724 17.22807232781 11409.3054549044
13999.3016518965 3709.92152088977 1724 17.22807232781 11409.3054549044
14049.8115539468 3696.34782291376 1724 23.5418100840975 11273.7692798033
14133.8173525029 3775.87767507678 1724 78.3498629843928 11659.9238388588
13551.0717389065 3572.52090131261 1724 38.7949971145906 10463.4011747058
14149.3606984129 3804.39386520737 1724 101.338915819362 13059.9692264635
13969.2845275736 3710.41149997024 1724 13.481601468799 11603.6143067543
13883.9625647021 3677.68483186566 1724 2.81635610986746 11536.5063780541
14017.8108261156 3730.76707357384 1724 19.547388786548 11115.4158468217
14149.6899830035 3771.33142309785 1724 176.706063259485 12593.1425176705
14021.0188774141 3719.60332767282 1724 19.9483951988593 11519.9826733326
14205.2574210308 3794.05729026647 1724 87.2798715503866 12190.8179260863
13157.8746707969 3443.00210633688 1724 125.269080886543 11629.6077312984
14145.7016067531 3796.66193240314 1724 120.145476607021 12779.1022216082
14223.6711984858 3804.782016926 1724 89.5815937322566 12151.4830452121
14189.4773137941 3765.35597731538 1724 1.59964028910554 12754.8132752193
14223.6711984858 3804.782016926 1724 89.5815937322566 12151.4830452121
14268.8072848573 3813.4052942048 1724 66.9268836720705 13475.6910810512
14190.1618912603 3767.68210605178 1724 51.0577464503431 12656.8705691265
14233.8978688988 3797.15152145853 1724 56.5247436551604 13021.4896580893
14223.6711984858 3804.782016926 1724 89.5815937322566 12151.4830452121
13322.8248564086 3491.30364723002 1458 160.080503342236 3984.72580205013
13489.6120857764 3531.32201151427 1458 29.8726010884702 4228.41624800904
14288.9881562554 3834.79657690005 1458 1.28138929088391 5049.66080092878
13939.657611666 3549.36027399199 1458 149.035186889007 3967.53292844391
13103.5869508315 3345.28911212351 1458 523.457027270443 4341.1217491273
14288.9881562554 3834.79657690005 1458 1.28138929088391 5049.66080092878
13414.7227310688 3563.0751644859 1458 2.59057427435914 4499.54167965618
13428.2471728534 3481.52432867749 1458 56.3671986864042 4930.05633981484
13228.8928217646 3391.15815728704 1458 16.4413504324207 5104.242364057
13245.1069692733 3493.58410137539 1458 8.03134284783255 5939.22444445701
12813.2937465471 3230.42270073958 1458 813.178488977862 4705.2887928747
13056.1245078676 3410.97794100693 1458 187.774509440344 5462.36185396816
14326.5824323408 3866.25102925674 1458 1.20072035819248 7976.97580215408
14326.5824323408 3866.25102925674 1458 1.20072035819248 7976.97580215408
14326.5824323408 3866.25102925674 1458 1.20072035819248 7976.97580215408
12640.52235612 3282.8164601112 1458 389.623444581512 8865.54178797495
12512.5476499724 3219.71986717448 1458 380.353776582674 6827.34297643016
12627.3906342559 3245.6624827946 1458 365.998403547231 7519.21649313779
12531.863356883 3262.99244660061 1458 292.151763831981 8667.50598649742
12531.863356883 3262.99244660061 1458 292.151763831981 8667.50598649742
12745.2551447444 3272.86058042516 1458 148.524039208861 7006.8807038966
