21631.497155918 3557.29867914179 650 848.204661218465 8547.46935093475
21631.497155918 3557.29867914179 650 848.204661218465 8547.46935093475
21631.497155918 3557.29867914179 650 848.204661218465 8547.46935093475
21631.497155918 3557.29867914179 650 848.204661218465 8547.46935093475
21631.497155918 3557.29867914179 650 848.204661218465 8547.46935093475
21631.497155918 3557.29867914179 650 848.204661218465 8547.46935093475
21631.497155918 3557.29867914179 650 848.204661218465 8547.46935093475
21631.497155918 3557.29867914179 650 848.204661218465 8547.46935093475
21631.497155918 3557.29867914179 650 848.204661218465 8547.46935093475
21631.497155918 3557.29867914179 650 848.204661218465 8547.46935093475
21631.497155918 3557.29867914179 650 848.204661218465 8547.46935093475
21631.497155918 3557.29867914179 650 848.204661218465 8547.46935093475
21631.497155918 3557.29867914179 650 848.204661218465 8547.46935093475
21631.497155918 3557.29867914179 650 848.204661218465 8547.46935093475
21631.497155918 3557.29867914179 650 848.204661218465 8547.46935093475
21631.497155918 3557.29867914179 650 848.204661218465 8547.46935093475
21631.497155918 3557.29867914179 650 848.204661218465 8547.46935093475
21631.497155918 3557.29867914179 650 848.204661218465 8547.46935093475
21631.497155918 3557.29867914179 650 848.204661218465 8547.46935093475
21631.497155918 3557.29867914179 650 848.204661218465 8547.46935093475
21631.497155918 3557.29867914179 650 848.204661218465 8547.46935093475
21631.497155918 3557.29867914179 650 848.204661218465 8547.46935093475
21631.497155918 3557.29867914179 650 848.204661218465 8547.46935093475
21631.497155918 3557.29867914179 650 848.204661218465 8547.46935093475
21631.497155918 3557.29867914179 650 848.204661218465 8547.46935093475
21631.497155918 3557.29867914179 650 848.204661218465 8547.46935093475
21631.497155918 3557.29867914179 650 848.204661218465 8547.46935093475
21631.497155918 3557.29867914179 650 848.204661218465 8547.46935093475
21631.497155918 3557.29867914179 650 848.204661218465 8547.46935093475
21631.497155918 3557.29867914179 650 848.204661218465 8547.46935093475
21631.497155918 3557.29867914179 650 848.204661218465 8547.46935093475
21631.497155918 3557.29867914179 650 848.204661218465 8547.46935093475
21631.497155918 3557.29867914179 650 848.204661218465 8547.46935093475
21631.497155918 3557.29867914179 650 848.204661218465 8547.46935093475
21631.497155918 3557.29867914179 650 848.204661218465 8547.46935093475
21631.497155918 3557.29867914179 650 848.204661218465 8547.46935093475
21631.497155918 3557.29867914179 650 848.204661218465 8547.46935093475
21631.497155918 3557.29867914179 650 848.204661218465 8547.46935093475
21631.497155918 3557.29867914179 650 848.204661218465 8547.46935093475
21631.497155918 3557.29867914179 650 848.204661218465 8547.46935093475
21631.497155918 3557.29867914179 650 848.204661218465 8547.46935093475
21631.497155918 3557.29867914179 650 848.204661218465 8547.46935093475
21631.497155918 3557.29867914179 650 848.204661218465 8547.46935093475
21631.497155918 3557.29867914179 650 848.204661218465 8547.46935093475
21631.497155918 3557.29867914179 650 848.204661218465 8547.46935093475
21631.497155918 3557.29867914179 650 848.204661218465 8547.46935093475
21631.497155918 3557.29867914179 650 848.204661218465 8547.46935093475
21631.497155918 3557.29867914179 650 848.204661218465 8547.46935093475
21631.497155918 3557.29867914179 650 848.204661218465 8547.46935093475
21631.497155918 3557.29867914179 650 848.204661218465 8547.46935093475
21631.497155918 3557.29867914179 650 848.204661218465 8547.46935093475
21631.497155918 3557.29867914179 650 848.204661218465 8547.46935093475
21631.497155918 3557.29867914179 650 848.204661218465 8547.46935093475
21631.497155918 3557.29867914179 650 848.204661218465 8547.46935093475
21631.497155918 3557.29867914179 650 848.204661218465 8547.46935093475
21631.497155918 3557.29867914179 650 848.204661218465 8547.46935093475
21631.497155918 3557.29867914179 650 848.204661218465 8547.46935093475
21631.497155918 3557.29867914179 650 848.204661218465 8547.46935093475
21631.497155918 3557.29867914179 650 848.204661218465 8547.46935093475
21631.497155918 3557.29867914179 650 848.204661218465 8547.46935093475
21631.497155918 3557.29867914179 650 848.204661218465 8547.46935093475
21631.497155918 3557.29867914179 650 848.204661218465 8547.46935093475
21631.497155918 3557.29867914179 650 848.204661218465 8547.46935093475
21631.497155918 3557.29867914179 650 848.204661218465 8547.46935093475
21631.497155918 3557.29867914179 650 848.204661218465 8547.46935093475
21631.497155918 3557.29867914179 650 848.204661218465 8547.46935093475
21631.497155918 3557.29867914179 650 848.204661218465 8547.46935093475
21631.497155918 3557.29867914179 650 848.204661218465 8547.46935093475
21631.497155918 3557.29867914179 650 848.204661218465 8547.46935093475
21631.497155918 3557.29867914179 650 848.204661218465 8547.46935093475
21631.497155918 3557.29867914179 650 848.204661218465 8547.46935093475
21631.497155918 3557.29867914179 650 848.204661218465 8547.46935093475
21631.497155918 3557.29867914179 650 848.204661218465 8547.46935093475
21631.497155918 3557.29867914179 650 848.204661218465 8547.46935093475
21631.497155918 3557.29867914179 650 848.204661218465 8547.46935093475
21631.497155918 3557.29867914179 650 848.204661218465 8547.46935093475
21631.497155918 3557.29867914179 650 848.204661218465 8547.46935093475
21631.497155918 3557.29867914179 650 848.204661218465 8547.46935093475
21631.497155918 3557.29867914179 650 848.204661218465 8547.46935093475
21631.497155918 3557.29867914179 650 848.204661218465 8547.46935093475
9842.65025177551 2986.66048657407 502 152.852954879869 8552.01369845691
9842.65025177551 2986.66048657407 502 152.852954879869 8552.01369845691
9842.65025177551 2986.66048657407 502 152.852954879869 8552.01369845691
9842.65025177551 2986.66048657407 502 152.852954879869 8552.01369845691
9842.65025177551 2986.66048657407 502 152.852954879869 8552.01369845691
9842.65025177551 2986.66048657407 502 152.852954879869 8552.01369845691
9842.65025177551 2986.66048657407 502 152.852954879869 8552.01369845691
9842.65025177551 2986.66048657407 502 152.852954879869 8552.01369845691
9842.65025177551 2986.66048657407 502 152.852954879869 8552.01369845691
9842.65025177551 2986.66048657407 502 152.852954879869 8552.01369845691
9842.65025177551 2986.66048657407 502 152.852954879869 8552.01369845691
9842.65025177551 2986.66048657407 502 152.852954879869 8552.01369845691
9842.65025177551 2986.66048657407 502 152.852954879869 8552.01369845691
9842.65025177551 2986.66048657407 502 152.852954879869 8552.01369845691
9842.65025177551 2986.66048657407 502 152.852954879869 8552.01369845691
9842.65025177551 2986.66048657407 502 152.852954879869 8552.01369845691
9842.65025177551 2986.66048657407 502 152.852954879869 8552.01369845691
9842.65025177551 2986.66048657407 502 152.852954879869 8552.01369845691
9842.65025177551 2986.66048657407 502 152.852954879869 8552.01369845691
9842.65025177551 2986.66048657407 502 152.852954879869 8552.01369845691
