12877.087020794 2342.05726141096 420 1017.96994571056 1488.62679213347
12877.087020794 2342.05726141096 420 1017.96994571056 1488.62679213347
12877.087020794 2342.05726141096 420 1017.96994571056 1488.62679213347
12877.087020794 2342.05726141096 420 1017.96994571056 1488.62679213347
12877.087020794 2342.05726141096 420 1017.96994571056 1488.62679213347
12877.087020794 2342.05726141096 420 1017.96994571056 1488.62679213347
12877.087020794 2342.05726141096 420 1017.96994571056 1488.62679213347
12877.087020794 2342.05726141096 420 1017.96994571056 1488.62679213347
12877.087020794 2342.05726141096 420 1017.96994571056 1488.62679213347
12877.087020794 2342.05726141096 420 1017.96994571056 1488.62679213347
12877.087020794 2342.05726141096 420 1017.96994571056 1488.62679213347
12877.087020794 2342.05726141096 420 1017.96994571056 1488.62679213347
12877.087020794 2342.05726141096 420 1017.96994571056 1488.62679213347
12877.087020794 2342.05726141096 420 1017.96994571056 1488.62679213347
12877.087020794 2342.05726141096 420 1017.96994571056 1488.62679213347
12877.087020794 2342.05726141096 420 1017.96994571056 1488.62679213347
12877.087020794 2342.05726141096 420 1017.96994571056 1488.62679213347
12877.087020794 2342.05726141096 420 1017.96994571056 1488.62679213347
12877.087020794 2342.05726141096 420 1017.96994571056 1488.62679213347
12877.087020794 2342.05726141096 420 1017.96994571056 1488.62679213347
12877.087020794 2342.05726141096 420 1017.96994571056 1488.62679213347
12877.087020794 2342.05726141096 420 1017.96994571056 1488.62679213347
12877.087020794 2342.05726141096 420 1017.96994571056 1488.62679213347
12877.087020794 2342.05726141096 420 1017.96994571056 1488.62679213347
12877.087020794 2342.05726141096 420 1017.96994571056 1488.62679213347
12877.087020794 2342.05726141096 420 1017.96994571056 1488.62679213347
12877.087020794 2342.05726141096 420 1017.96994571056 1488.62679213347
12877.087020794 2342.05726141096 420 1017.96994571056 1488.62679213347
12877.087020794 2342.05726141096 420 1017.96994571056 1488.62679213347
12877.087020794 2342.05726141096 420 1017.96994571056 1488.62679213347
12877.087020794 2342.05726141096 420 1017.96994571056 1488.62679213347
12877.087020794 2342.05726141096 420 1017.96994571056 1488.62679213347
12877.087020794 2342.05726141096 420 1017.96994571056 1488.62679213347
12877.087020794 2342.05726141096 420 1017.96994571056 1488.62679213347
12877.087020794 2342.05726141096 420 1017.96994571056 1488.62679213347
12877.087020794 2342.05726141096 420 1017.96994571056 1488.62679213347
12877.087020794 2342.05726141096 420 1017.96994571056 1488.62679213347
12877.087020794 2342.05726141096 420 1017.96994571056 1488.62679213347
12877.087020794 2342.05726141096 420 1017.96994571056 1488.62679213347
12877.087020794 2342.05726141096 420 1017.96994571056 1488.62679213347
12877.087020794 2342.05726141096 420 1017.96994571056 1488.62679213347
12877.087020794 2342.05726141096 420 1017.96994571056 1488.62679213347
12877.087020794 2342.05726141096 420 1017.96994571056 1488.62679213347
12877.087020794 2342.05726141096 420 1017.96994571056 1488.62679213347
12877.087020794 2342.05726141096 420 1017.96994571056 1488.62679213347
12877.087020794 2342.05726141096 420 1017.96994571056 1488.62679213347
12877.087020794 2342.05726141096 420 1017.96994571056 1488.62679213347
12877.087020794 2342.05726141096 420 1017.96994571056 1488.62679213347
12877.087020794 2342.05726141096 420 1017.96994571056 1488.62679213347
12877.087020794 2342.05726141096 420 1017.96994571056 1488.62679213347
12877.087020794 2342.05726141096 420 1017.96994571056 1488.62679213347
12877.087020794 2342.05726141096 420 1017.96994571056 1488.62679213347
12877.087020794 2342.05726141096 420 1017.96994571056 1488.62679213347
12877.087020794 2342.05726141096 420 1017.96994571056 1488.62679213347
12877.087020794 2342.05726141096 420 1017.96994571056 1488.62679213347
12877.087020794 2342.05726141096 420 1017.96994571056 1488.62679213347
12877.087020794 2342.05726141096 420 1017.96994571056 1488.62679213347
12877.087020794 2342.05726141096 420 1017.96994571056 1488.62679213347
12877.087020794 2342.05726141096 420 1017.96994571056 1488.62679213347
12877.087020794 2342.05726141096 420 1017.96994571056 1488.62679213347
12877.087020794 2342.05726141096 420 1017.96994571056 1488.62679213347
12877.087020794 2342.05726141096 420 1017.96994571056 1488.62679213347
12877.087020794 2342.05726141096 420 1017.96994571056 1488.62679213347
12877.087020794 2342.05726141096 420 1017.96994571056 1488.62679213347
12877.087020794 2342.05726141096 420 1017.96994571056 1488.62679213347
12877.087020794 2342.05726141096 420 1017.96994571056 1488.62679213347
12877.087020794 2342.05726141096 420 1017.96994571056 1488.62679213347
12877.087020794 2342.05726141096 420 1017.96994571056 1488.62679213347
12877.087020794 2342.05726141096 420 1017.96994571056 1488.62679213347
12877.087020794 2342.05726141096 420 1017.96994571056 1488.62679213347
12877.087020794 2342.05726141096 420 1017.96994571056 1488.62679213347
12877.087020794 2342.05726141096 420 1017.96994571056 1488.62679213347
12897.2282472057 2351.57930780798 420 1022.5501757302 5092.22279826164
12897.2282472057 2351.57930780798 420 1022.5501757302 5092.22279826164
12897.2282472057 2351.57930780798 420 1022.5501757302 5092.22279826164
12897.2282472057 2351.57930780798 420 1022.5501757302 5092.22279826164
12897.2282472057 2351.57930780798 420 1022.5501757302 5092.22279826164
12897.2282472057 2351.57930780798 420 1022.5501757302 5092.22279826164
12897.2282472057 2351.57930780798 420 1022.5501757302 5092.22279826164
12897.2282472057 2351.57930780798 420 1022.5501757302 5092.22279826164
12897.2282472057 2351.57930780798 420 1022.5501757302 5092.22279826164
12897.2282472057 2351.57930780798 420 1022.5501757302 5092.22279826164
12897.2282472057 2351.57930780798 420 1022.5501757302 5092.22279826164
12897.2282472057 2351.57930780798 420 1022.5501757302 5092.22279826164
12897.2282472057 2351.57930780798 420 1022.5501757302 5092.22279826164
12897.2282472057 2351.57930780798 420 1022.5501757302 5092.22279826164
12897.2282472057 2351.57930780798 420 1022.5501757302 5092.22279826164
12897.2282472057 2351.57930780798 420 1022.5501757302 5092.22279826164
12897.2282472057 2351.57930780798 420 1022.5501757302 5092.22279826164
12897.2282472057 2351.57930780798 420 1022.5501757302 5092.22279826164
12897.2282472057 2351.57930780798 420 1022.5501757302 5092.22279826164
12897.2282472057 2351.57930780798 420 1022.5501757302 5092.22279826164
12897.2282472057 2351.57930780798 420 1022.5501757302 5092.22279826164
12897.2282472057 2351.57930780798 420 1022.5501757302 5092.22279826164
12897.2282472057 2351.57930780798 420 1022.5501757302 5092.22279826164
12897.2282472057 2351.57930780798 420 1022.5501757302 5092.22279826164
12897.2282472057 2351.57930780798 420 1022.5501757302 5092.22279826164
12897.2282472057 2351.57930780798 420 1022.5501757302 5092.22279826164
12897.2282472057 2351.57930780798 420 1022.5501757302 5092.22279826164
12897.2282472057 2351.57930780798 420 1022.5501757302 5092.22279826164
