29436.8966526069 4818.30120529941 800 46.0921933132549 12431.3274447085
29605.0467938707 4899.68302121673 810 281.065301536404 10692.710704378
29374.7867338478 4782.06029444169 800 53.8559331581409 12140.352470997
28959.7691234748 4751.86950122302 820 91.8862993170665 11097.7751621155
28547.8793401236 4740.94257304299 780 34.5093933932844 10549.9952569016
28577.7385797566 4755.46419292936 780 30.7769884391582 10135.1240752188
28662.0940699247 4827.24705775267 780 84.3035627997383 9830.46388446576
28449.2292346718 4674.69568833519 780 172.186875150363 10742.9032443693
28730.3572896688 4709.63025067928 780 59.0048457100202 9890.96807503839
28450.9039167786 4738.62367754046 780 110.702331942997 8713.53069917846
28347.1531927206 4684.57573802257 750 182.310125799046 9935.33814761381
29381.1265851263 4801.86294587362 830 171.631752424891 10968.2971856944
29938.5249931666 4864.11533319201 820 77.1300714891931 10387.4134113558
29258.5038481835 4722.34048191256 810 99.8935009400666 10712.4381744837
29302.2111088296 4808.05326283163 800 64.5335803848016 10622.2974788833
29327.0375000084 4676.12424425174 790 23.5899374585279 10449.6247344822
28675.630737801 4684.91139944924 800 65.8456646934965 9446.05346863303
29358.4667222863 4782.96897008751 790 71.5655320668952 9422.85723529245
29240.7027415471 4681.6444929379 790 46.6994229679794 9698.73671730954
29048.2511468152 4744.21958530051 770 37.5182474926601 8905.98056470152
30439.3443063679 4755.55371788296 840 328.423148923093 12187.3351045444
30246.7172070059 4789.00417648916 860 184.829254648599 11817.3915676191
30505.6242117978 4872.95427922967 830 246.473202321949 10765.777221989
30583.0028094846 4911.09062036207 830 236.800877611096 10677.1044604199
29953.5859782135 4715.31214620822 820 63.1346402081253 10754.4523996921
29754.5070796688 4752.56314939429 820 113.172407818216 9904.55608149979
30065.7052326724 4854.64932657809 820 8.82045877030396 9752.01986528528
29766.5576143828 4668.50728680332 800 85.683837391769 11271.400911585
29720.4783095823 4736.54897068593 820 108.918811557409 9547.93060849262
29716.4603497206 4735.60566376655 820 108.416566574696 8730.71411629565
30397.1836639968 4755.17810607372 830 159.628744855072 10928.9881161877
30453.2744500365 4777.67116571297 830 152.617396600104 10732.219791607
30191.322386108 4708.02889673354 820 117.780245810118 11311.6680498776
31418.1161598354 4813.34775001602 840 53.2475642585341 11041.9588367628
29327.4073078815 4753.50703630567 820 400.115561122757 12404.551592538
29159.6051203173 4672.05742650862 790 338.829367963312 11750.422826767
28734.3236792486 4710.48762648928 820 252.334993520836 10985.7169669185
28997.8112008995 4814.06598797789 800 356.969750657808 10812.0043735488
28581.8551150287 4706.44873496413 790 244.517795780045 9909.38085527318
28317.1151968417 4637.00657149079 770 252.28151738612 9301.23005716975
28188.9370770612 4654.81421913231 750 201.327422190535 8566.0153757385
29962.0150888379 4902.27773384071 820 460.638278493299 10149.2669931446
29263.0236843099 4727.2401840514 820 377.611329460522 11955.049398723
29836.2466254334 4760.19339168389 820 388.339673312959 11384.959400047
29298.512033563 4756.19733387077 810 351.044101538332 10730.1054776018
29252.6881895145 4744.12824740422 810 172.158594256141 8310.21264334644
28936.699311353 4687.27618455497 800 200.162271239512 10008.9219665537
29058.3893896523 4673.00335452859 810 196.44594423891 8678.15396728972
30703.0511039258 4784.8956904688 870 480.402883033765 13354.0816444186
30446.2752583044 4762.75350010261 830 327.556779931034 12091.0758109974
30434.9535570731 4797.99049951846 820 327.679150323863 10749.6770425162
30901.9346387774 4877.96082082641 840 480.72753238461 10706.7111818213
29959.6999584277 4678.04720553883 820 386.920819752095 11455.6084058481
30260.0629176192 4746.59745071702 820 362.761455395874 10006.6389863128
30847.789682036 4787.11541480798 860 483.599297881494 11142.0407244418
30873.9400146895 4816.68050746765 830 483.641480867721 10664.4407887668
29515.0566032582 4750.33556281165 820 483.010141718319 11301.4531819594
28917.881210477 4772.34891245647 800 420.556779848011 10367.8628194188
28953.8264495026 4671.15044290615 790 399.203958858247 10803.5196732817
28741.3024562773 4671.96374438647 780 305.198188829335 8708.82682477348
30153.7599815352 4695.00049850043 860 549.100591120918 12544.0275330518
29910.971841025 4764.63393729286 820 459.329121922334 11721.5599836535
30017.1336421346 4798.71608042846 820 446.058896783634 10535.9930316685
29956.8263702151 4852.73408302466 820 458.859148665065 10383.6794799326
29821.1342152858 4685.28847478188 810 403.99050915581 11301.2748935277
29881.1578519157 4785.0173585055 820 468.317713452487 10198.8939466303
29784.4800229378 4811.80850825004 830 493.095593736878 9084.83435896225
30277.2762974838 4729.35156466744 820 539.004429983352 11426.8496920519
30218.9447204596 4756.2613405657 850 496.328340604693 11328.580566573
30728.1335261651 4853.06866209667 830 636.263530901531 11202.5692290855
30005.7345871028 4702.14239386102 810 494.60077897213 10828.1794926594
30845.1091526643 4798.80215381564 830 487.830718148753 10331.3306079613
29464.6003794167 4752.08907865815 820 656.497960708899 10619.0455752595
28674.614674114 4671.49255292356 780 569.905621111773 10025.481069567
29714.4833189086 4734.48170657269 830 708.100417293281 11514.6922909931
30360.9103794028 4769.92222956764 830 696.107008121739 10484.0666904381
29387.1280373264 4756.3554767655 850 749.019827491057 11592.9005956602
29702.1943973869 4770.58438221286 810 755.642679953578 9800.02307599732
29763.5684290873 4778.94209967268 820 746.014116779208 9658.97832642674
29446.9939585292 4758.13339546797 790 33.8354977257059 12266.0133866534
29438.2424986443 4803.06949532461 800 45.9239625585878 11894.0917470036
28587.607532597 4733.36174444883 770 78.1616812681191 10951.4544736492
28577.7385797566 4755.46419292936 780 30.7769884391582 10135.1240752188
28831.6422537601 4644.83561633198 780 177.269333618009 10376.140303032
28572.3353280589 4734.31439235013 770 27.6248797752005 10404.8306771313
28507.9286652916 4756.86921643601 780 103.574238378873 9353.78184066582
29421.9583590982 4773.11643206629 820 183.803897375729 11320.7222452878
29954.8163078471 4865.91194422457 820 91.5703040416474 10727.4607376647
29281.9207863545 4731.36353027275 810 95.1305083608777 10620.6953824339
29357.2843150532 4682.9496178314 790 18.8701448730039 10176.2522198628
28712.0344818995 4707.08587036044 800 61.2951966811843 9800.36447058653
29277.8402737631 4695.03136248784 780 42.0572314409701 9758.98183725529
30433.0058812953 4816.07447641056 830 130.694972900006 11308.8236374064
30336.8105565341 4733.81683375529 820 9.94601243993156 10851.4261290941
29896.3168159141 4772.28377504407 820 25.4339018290393 10069.283118738
29815.3189567997 4717.81792376048 800 31.5588527879809 10806.6107312143
29720.4783095823 4736.54897068593 820 108.918811557409 9547.93060849262
30813.2771465395 4766.91877078396 830 128.852440920522 11075.7245575067
30832.8358854261 4788.55586729933 840 183.543996452774 10767.7503022023
28723.0911869391 4669.59791401506 780 189.404866154126 10326.2219562446
