24278.6827870571 3805.12962330543 620 11.943679205865 6136.79483840803
28397.3615108995 4768.92750883397 770 4.69747804867438 9211.33636395454
26995.8694855966 4504.99033072759 750 122.607339243094 7839.60306886976
25799.0140667806 4142.67421236115 720 155.736357429453 6810.52193505438
27166.3307855437 4420.83435195213 690 13.9308041414847 7012.84644095277
26443.1033505006 4510.50723940792 690 100.042434621465 6097.98075998838
26175.5090230134 4213.76072311892 690 83.7976410302199 5977.02023800582
25501.5861755802 4157.96970792384 690 161.103147890935 5385.36062376825
25987.2295763517 4222.46355664159 630 290.960609953118 4940.89962485147
27946.4477955516 4447.20921632172 750 167.9871172909 8538.95665643388
27706.3160162348 4568.60069315593 770 167.714950346376 6972.73625635324
26927.5585841788 4409.81783034167 750 64.7395496735453 6367.44961757935
26936.3952647977 4471.23006489743 740 336.639770540733 6110.75166498153
27071.9617450936 4283.5321863902 700 33.9141498484778 6500.27905161346
27590.3726448503 4537.70990768193 710 45.1200852017182 5198.58995460611
28166.3480558152 4422.90371763326 760 168.28594466505 6934.50788954033
28527.3193130628 4608.81716798555 760 137.32875190287 6553.05784426091
26722.9387997749 4450.66627797532 720 607.954298784683 7849.59333020594
26125.4202758549 4234.27919661514 690 516.806226485758 6585.23531783541
26423.5048572285 4288.52615525521 690 381.963478990403 6209.95538704668
27904.966800664 4545.38961495984 780 670.391431985713 6795.16373420167
28930.7703104452 4814.99729796412 780 594.132550148724 7166.06663047518
29999.9267598878 4670.41827517486 810 674.551287752404 7399.28370737735
24769.2325989166 4182.0512749324 720 810.748410506918 6270.07989884183
23419.1502950762 3829.9047100178 610 667.680737934899 4318.87997710771
26988.5625696652 4376.26372105527 720 816.696900265015 5985.79742413963
26894.846300967 4311.32437424319 720 633.544645563703 5833.53548383538
27462.5005550478 4510.37737687699 780 764.797369926128 6260.77310964407
24958.5411743875 4118.37789961981 680 1026.64377826299 5059.38828972537
25510.3054461827 4035.11708741645 690 1310.34640141871 7684.49529298553
24382.9411310118 4035.14467435615 700 1179.66149078188 6065.71565168669
29068.893375979 4830.12343233139 800 292.641452186503 9754.04618655904
26921.7814265458 4560.9317476814 720 290.531460319553 8793.83556295626
26195.5548601579 4255.35250553178 690 100.660458965033 6145.59215623853
27175.5842365343 4503.75052471708 670 124.6639468265 5091.07065215266
28504.3531025218 4548.56252404392 770 370.260183913073 8062.86888949469
28221.4565696973 4613.75290289594 770 66.6053835267558 7064.52828388477
27578.8092800083 4343.12864026063 740 165.598054928812 7108.8290932521
27680.9402526707 4518.97072073152 730 19.3835093028752 6259.4639163288
27868.5615187993 4500.115714164 710 306.700099581111 6109.7814694851
29468.427058627 4640.6460621551 790 331.368342721039 8391.19895760766
29584.5776784499 4740.22791419194 800 55.6843658916605 6406.94953510968
25987.982986137 4220.30846825438 690 588.297251660699 6516.83018467122
28524.7669692048 4622.76342949051 780 653.707759969064 8012.30807367578
28988.4387733274 4804.56939123562 800 251.328068929779 10151.9542320812
26415.1872361266 4081.30295272251 700 323.596268103744 6551.39001751993
28396.3626652076 4627.09405822452 770 137.75707819033 8702.97160585435
28088.2030724234 4641.05641678612 790 79.786776067559 7704.65467517508
27785.8910960185 4482.62833248792 760 11.38862083493 7227.60560273542
28550.9907078276 4603.99154248727 740 261.473890875127 5938.17332173563
29527.7363092034 4657.99096885922 780 472.532929743315 7669.8713859879
28853.3718598996 4742.49686124398 780 202.050572417084 6741.41679419544
29304.0507488233 4756.92265327814 800 804.905652005627 8496.36098501557
28988.4387733274 4804.56939123562 800 251.328068929779 10151.9542320812
26326.9333640802 4201.19782635143 660 129.722415985686 7474.53801384713
28241.71158136 4673.92389281929 770 22.8111319512955 8912.07796320375
27831.6825261572 4617.41028336311 760 24.7241606530497 7441.77796310478
27675.2681353944 4492.89759011466 730 48.5028393257207 7393.3080915879
28090.1271588136 4624.06544663668 750 313.188107202335 6697.24668824359
29926.4485178114 4719.15298826152 800 301.814034341249 7886.61609164588
28853.3718598996 4742.49686124398 780 202.050572417084 6741.41679419544
28809.4641202133 4577.2694145344 770 521.129796151654 8314.57873234972
27831.6825261572 4617.41028336311 760 24.7241606530497 7441.77796310478
28452.7124374925 4517.08880948847 720 34.9034447768704 6967.30054698062
28831.6688585797 4685.80144989151 730 226.039473114834 5782.15728556672
29738.1301238239 4701.47609198128 800 39.2722484109108 8903.7563308068
28788.015663176 4605.13206780575 760 468.733182640852 6610.92818729117
28906.6468148915 4607.78142892284 780 429.686358820432 8792.04903034466
28336.875177079 4655.58627831928 770 21.7620586871044 7012.50720256686
27743.919762728 4603.4366601554 730 4.52147275873722 7868.87071402814
30453.1945447028 4706.12796875901 820 142.827124729856 8706.39144923992
29383.330323753 4699.65608503115 790 21.7378435819264 7458.98861168717
28690.7031753448 4695.21175557695 800 280.183253583628 9267.86898932999
27866.058267191 4636.27750953872 750 20.4271930238156 7021.64518928039
30120.9468142659 4723.43234860479 810 247.579524952178 8715.52278717369
29564.9804477018 4765.13868763258 790 44.444109075524 7549.09160482415
29321.2653068203 4689.47287035693 790 12.8358537145414 9125.70207557207
28374.0166745889 4541.76077987469 770 311.194678977683 7407.98895324389
30174.1297277022 4751.50231451393 810 240.931660772637 8492.3016179532
30039.286691161 4796.28854558548 810 79.6682558115867 7475.02009440478
29321.2653068203 4689.47287035693 790 12.8358537145414 9125.70207557207
28644.3674105709 4641.73801765561 780 142.452539969884 7440.44456223878
30037.8985379898 4709.28010199487 820 96.0534693802515 9167.84197244505
29927.1457225576 4737.5677948955 790 13.5178716483433 7797.13585202645
28709.0171399176 4665.49678547794 800 420.125980670639 9273.97351282826
28189.5254295495 4663.42867996772 760 82.843917329717 7409.9615412403
30377.340668982 4775.46372787857 820 121.925003039217 8414.95325120678
30058.2931934912 4770.91748358755 810 281.885055680178 7756.59562975365
29550.3967683672 4659.98556481684 770 77.1528452271982 8918.95195162825
28287.3428899575 4655.92592655256 760 321.746771280417 6770.16566671202
30337.5676080327 4760.73238979639 820 118.957447159244 8722.43352058626
29726.6449527387 4850.44451282212 780 9.48693712066688 7770.56789274541
28877.5973448654 4692.18121685325 780 75.083680595028 9888.23324226152
28123.6933110062 4608.53049687962 760 123.11591903933 8024.2883545606
29849.6764195881 4718.17531190741 800 464.462533984531 8770.09871893449
30588.2090793152 4812.5072578067 830 173.791404242277 8142.48381556593
28942.4811196833 4726.70920314849 780 66.9732087427974 9986.6728268779
28384.7422359835 4674.32686532601 770 359.014017318937 6919.47395962711
30111.8548547597 4751.45777895192 820 123.281313239475 9226.71471310644
29875.009873466 4766.29814095941 810 610.251605577708 8010.64694598944
