28697.255691759 4704.13420461853 770 33.3404815712574 8706.99966484902
28699.0746967494 4831.57960236772 770 27.6612303752404 10518.9995887766
28971.5429491309 4804.67113229183 780 73.5420310477261 9871.94135304547
28226.0263650025 4643.84615269598 770 230.776200168595 9109.75069741493
28290.3433683057 4696.52848640929 770 191.646469411642 9875.10339666518
28617.3408411457 4730.03263686591 770 161.970000519268 9774.48367490123
28597.1411900108 4696.79704395148 770 186.411717489661 9483.68352501698
28887.5622137801 4692.64211591125 770 162.370903886233 8298.77353954698
28595.4371396383 4727.35005714798 770 368.152187966821 8993.87041163492
28637.3628791506 4709.60017250032 770 59.5450455644345 9716.98239121037
29243.2183313174 4762.96064832593 790 152.251150139401 8667.35648730837
27821.3590605279 4642.77129613557 740 485.419518158671 8369.02934018609
28723.0381793674 4744.13154928676 770 91.0253667724032 10392.9852855735
28473.0257287723 4695.73770880827 770 282.442610893012 9963.50880049734
28649.6520271499 4698.8170576721 770 291.272926667466 10411.7545580883
29369.8370690079 4792.47236899601 800 303.502843933468 10004.8653459209
30009.4610984455 4789.49912436065 820 605.987246211853 11179.7609442199
28763.4593741964 4748.01985335123 780 590.356002354379 9388.81067527056
28463.3159484779 4757.7539114995 770 298.659054496663 9744.14190508829
29519.5138575219 4727.08624470055 790 436.698972652628 9849.89185387899
28593.9946991747 4774.50132655915 770 344.163263212854 9653.00175825451
29350.3539560173 4716.69678578074 790 289.233283254559 10037.9230576571
29979.1236419586 4784.14333741067 820 321.062247250635 10557.4240512675
29482.1752664208 4837.90081195764 790 53.0967957022403 9671.85681208106
28284.6960440389 4667.28421941549 770 520.461625887496 10045.1818507115
28716.1597605858 4695.57047326148 780 333.324881560653 9140.89464078219
28734.2541908487 4849.3177111635 770 261.81453110392 10178.1963307041
28568.0549195149 4779.06435959879 770 200.375816760168 10445.7568538655
29048.7508971882 4820.24259531693 790 88.9620297945544 10182.1655070352
28499.2493920072 4759.65530273492 770 96.31335134235 10079.3130109396
27944.8619371209 4634.48090030819 760 74.5232930262337 9590.95959679164
28530.6732185338 4795.81805789138 770 289.131136677411 10794.6228273518
28583.0142988888 4768.5170247784 770 240.483503824898 10429.4303603352
28299.7702148211 4657.10050629498 760 377.929419221491 8508.39026497513
28704.1627623473 4801.48448277289 770 109.180450143505 9772.38717761981
29466.5572696284 4881.1533918288 800 528.812190440626 9544.24900882409
29016.9409252561 4752.20341296802 780 38.3526670830456 9717.31340030822
28908.261210185 4785.97999006716 780 9.38543308337921 9223.33138614516
28456.4237817033 4674.94674769324 770 173.104296805707 9916.70966143332
28635.8546452998 4741.54827925186 770 266.346589116741 10331.066671839
29332.9337093091 4804.76907042072 790 82.545921587242 11833.7891448209
28182.0595135001 4741.55500806753 770 375.502075447311 8826.16205934566
28650.5687770959 4745.3891439333 770 12.5497155051016 9591.42948878699
28292.6894951815 4743.21782441272 770 112.805990446025 10021.2239542448
28727.2217424182 4683.33224141328 780 550.399775394872 10324.9125558017
28633.835064448 4721.49173235472 780 39.8724222450755 10843.4014262412
29053.3886450308 4848.01319252587 790 548.362171542074 9483.40650136131
28167.1189229682 4668.58251226086 770 438.201443688616 9878.64412224082
27724.4038998315 4633.54222427055 760 694.635136860404 8090.38790023279
27886.0647654249 4646.40197707574 740 369.903438417871 8458.56104036822
29095.14825982 4755.47088819133 790 495.476250333689 10705.3911690776
29133.9649044884 4733.0262542235 790 512.069197591623 9974.86692122185
28261.7647863106 4696.17854973714 770 133.910134526229 8673.94407675506
29041.4462028004 4792.98029632727 780 180.434608907933 8304.89200186704
28796.0515699923 4646.88976273986 780 563.832819443536 9570.71303781955
28564.0631558473 4753.91733595175 790 471.75542940113 9072.23751436256
28373.2548942728 4770.54302056918 770 316.681040141386 8451.02735497561
29496.4987408142 4803.25563673756 810 42.76442062759 9577.7719384247
28620.2310874181 4773.84045392301 770 171.989031473401 9747.43590433225
28124.4763342026 4667.48612741057 760 103.353087064687 9027.590553422
29310.5753715005 4743.69893986189 790 82.6104111519803 10039.2190565597
28786.884351046 4708.31767575218 770 311.695991302006 9683.51379734198
28390.3792656906 4712.64323664903 780 306.976013210272 10622.7900034789
28454.2671071159 4744.15099801306 780 371.470262109308 8907.45125480777
28768.7731947379 4804.38806844626 780 579.472558958615 10740.6129256778
28630.8770541716 4717.51119743253 780 595.691954700298 9061.96647590807
28265.6504657505 4754.82226305829 770 450.832136964593 8016.34001878366
28866.260734474 4823.18645619526 780 556.505597943237 8979.44155451119
28511.418869775 4697.88271423509 780 457.848787253464 9379.2946477666
27931.9797247239 4653.10750665485 760 442.960956011833 9460.27308468738
28992.655482743 4803.61845491345 790 340.363706384323 10366.4267959236
28791.1815074792 4720.64782670147 780 422.966845009622 9924.8230991698
29215.5129979205 4856.19114406479 780 54.8155560901328 8373.23223432469
28260.7820620315 4689.99837867964 770 631.299047013575 10370.1287057188
28480.1692175043 4712.17880878884 770 600.58718768538 8200.04870846236
29068.3133573521 4797.89848772584 780 18.2538424123527 11533.3932440512
28779.7808986813 4737.49173618912 780 447.342459801004 9620.15350567056
28795.645092381 4749.2797673445 770 145.820219364437 10434.9875097318
30161.181563107 4908.83244454959 840 724.549041687939 11616.4975949502
29369.0649386669 4801.10405466439 800 518.233841003698 10200.1676009702
28650.3570547766 4707.18146525746 780 581.824431238277 10640.3524265225
28195.9058073612 4673.77111325192 760 111.158073177991 7829.55906451473
29438.1186072738 4825.95339876846 790 357.724509890579 9025.7288438981
29081.8562606436 4788.10458012218 780 8.19534880007723 8483.89639430529
28777.1009361587 4784.19785729885 770 138.189653040752 10520.7479371571
29291.9596394024 4814.9102651771 780 21.555782562797 9766.31031714742
28423.9172897828 4763.68681771105 770 288.559872520144 9989.41178604648
28264.7228939736 4741.42317482368 770 326.336790827993 9291.06866995434
29238.5481660054 4796.57949992981 780 36.8026121697681 9472.19632731585
28488.5171011031 4661.01669860891 770 321.532910444248 9702.713699381
28792.8927110742 4762.97274861544 780 582.670833879931 9466.47820547202
28699.0746967494 4831.57960236772 770 27.6612303752404 10518.9995887766
28791.0571084362 4761.61142420767 780 396.038035153239 9017.51519429311
28971.5429491309 4804.67113229183 780 73.5420310477261 9871.94135304547
28756.782907639 4723.23664622737 780 147.455447549985 9373.85933098509
28766.6853022157 4750.3148712142 780 370.274694627884 10504.6279491625
28617.3408411457 4730.03263686591 770 161.970000519268 9774.48367490123
28552.8519262222 4681.0370883844 770 191.947875463231 9301.9740409101
28604.7678748743 4730.09845950292 770 366.985846062315 9007.6124234096
29748.3664613882 4771.36227699549 820 89.1076338805501 8977.66181313503
27986.0058982652 4789.84666511472 760 420.393679953319 8625.14384372813
29521.2108202229 4787.9378892269 790 35.2611231229571 9680.29952666896
28723.0381793674 4744.13154928676 770 91.0253667724032 10392.9852855735
29280.6445098758 4696.68076826817 790 352.042200898767 10092.0638858663
29369.8370690079 4792.47236899601 800 303.502843933468 10004.8653459209
30001.5447548918 4787.83095372678 820 606.976789156065 11306.6124472905
28663.1909693039 4714.26338858653 780 602.88955296594 9125.0478853547
28479.8962606474 4698.04935638899 760 348.421668676405 9801.97578947597
29519.5138575219 4727.08624470055 790 436.698972652628 9849.89185387899
28805.6219456161 4721.66391437342 780 399.682961619196 9328.7904298763
28593.9946991747 4774.50132655915 770 344.163263212854 9653.00175825451
28624.9208085978 4722.94460552731 750 606.679914274089 7109.84906281038
29350.3539560173 4716.69678578074 790 289.233283254559 10037.9230576571
29208.9016626227 4787.10856086481 780 237.071638621418 8946.64947071808
30010.618040896 4794.42568041445 820 317.125447383458 10612.1042348648
28946.1183538796 4783.58528575786 780 120.103909769894 9144.57318121713
28321.9072644612 4676.76378508755 770 515.810223334709 9794.67725228296
28662.6089745386 4804.51568309524 780 620.276372775795 9993.96937414258
28734.0859734833 4700.13817142593 780 340.047211397201 9718.7346690681
28688.4166623054 4826.53441231812 770 244.625457900178 9955.56153178033
29048.7508971882 4820.24259531693 790 88.9620297945544 10182.1655070352
28480.1755996642 4753.68890390747 770 98.697575385223 10564.5207815658
28401.3636397232 4634.07038659926 760 96.6648454496158 10484.4098756026
28368.8899625541 4679.65033160951 760 369.289450754866 9517.40839605066
28652.5606883427 4772.55803421807 770 89.829672391792 10661.3807442573
29466.5572696284 4881.1533918288 800 528.812190440626 9544.24900882409
28861.1861359453 4768.71395786137 780 3.50104880342406 9022.36179697117
28939.5836380454 4726.51621802817 780 8.08064932259003 10033.3886241733
28705.9721773984 4776.39552235568 770 257.581897604412 10180.6810798538
29332.9337093091 4804.76907042072 790 82.545921587242 11833.7891448209
27958.4234726041 4651.69115815389 770 403.456580559311 8755.95839522735
28650.5687770959 4745.3891439333 770 12.5497155051016 9591.42948878699
29025.2700133344 4836.41489242704 780 21.2334256769159 10709.6331576131
28739.1780281606 4728.03831949481 780 562.52782778732 9576.49207834628
29185.9484454607 4837.09754574833 780 33.1979882136725 10503.8874274859
28791.0571084362 4761.61142420767 780 396.038035153239 9017.51519429311
29417.6247422151 4786.53664890218 790 64.8502182279749 10344.4101846285
28779.0767573984 4750.1466493246 780 368.725762730046 10379.8960413434
28570.3522126972 4703.14450817313 770 144.349264851078 9544.66639290077
28552.8519262222 4681.0370883844 770 191.947875463231 9301.9740409101
28487.6806398439 4685.45797215565 770 381.621750441122 8708.93538478367
29748.3664613882 4771.36227699549 820 89.1076338805501 8977.66181313503
27986.0058982652 4789.84666511472 760 420.393679953319 8625.14384372813
29439.6566255793 4746.85374797165 790 65.8439461143139 9940.92486670083
29167.0247672454 4787.31511163074 780 35.5270432876587 10963.9713349046
29256.6085427757 4683.15116753498 790 355.04669678628 9484.76816561635
29378.9429817684 4790.07325765945 800 302.364604838405 9738.91250019035
27857.7441307985 4698.76027140261 740 435.173134312576 8917.64721535506
30001.5447548918 4787.83095372678 820 606.976789156065 11306.6124472905
28663.1909693039 4714.26338858653 780 602.88955296594 9125.0478853547
28479.8962606474 4698.04935638899 760 348.421668676405 9801.97578947597
29391.5548288708 4679.35513931985 790 452.693851234015 9865.77220008295
28593.9946991747 4774.50132655915 770 344.163263212854 9653.00175825451
28533.6960450742 4687.94590844935 750 572.470627952725 7331.57976210332
29257.0296199727 4664.99808611368 790 254.236657237842 9634.54098376127
29208.9016626227 4787.10856086481 780 237.071638621418 8946.64947071808
28759.9689074447 4748.58814358226 780 578.845184926995 9920.24074627129
28739.1780281606 4728.03831949481 780 562.52782778732 9576.49207834628
29119.239143068 4814.06978937101 780 24.8593254145831 10376.4341719496
28791.0571084362 4761.61142420767 780 396.038035153239 9017.51519429311
28964.2846990972 4802.17169290893 780 72.6347497935044 9617.78185870656
28759.9689074447 4748.58814358226 780 578.845184926995 9920.24074627129
28739.1780281606 4728.03831949481 780 562.52782778732 9576.49207834628
29119.239143068 4814.06978937101 780 24.8593254145831 10376.4341719496
28787.5930538173 4749.96718753366 780 394.739014671145 9652.98179216323
28964.2846990972 4802.17169290893 780 72.6347497935044 9617.78185870656
29357.5992260479 4764.91323002443 790 72.3534077488675 10363.9288128775
28795.434692614 4754.75756882219 780 366.681020828095 10433.6220878834
28477.8534756981 4687.27962426862 770 382.85014595934 9088.78396160908
29802.6572991062 4798.95609477665 820 109.466698024803 9457.66901309652
29618.2565967786 4813.04131159774 790 74.0704032209837 10315.8964666782
28759.9689074447 4748.58814358226 780 578.845184926995 9920.24074627129
28706.2461500078 4714.02876816436 780 550.17837348001 9306.70382084793
29082.0228627948 4791.98481164728 780 38.8154305170328 10173.4992595286
28754.3891191286 4735.74618884074 780 382.287539162865 9252.55532445914
29031.6852409598 4840.7274245768 780 81.0598175263281 9811.35962051208
29372.8269826711 4775.59972123782 790 78.0638164825546 10582.5824925195
28696.8898646098 4707.52302048459 780 555.190543863899 9663.06784581263
28706.2461500078 4714.02876816436 780 550.17837348001 9306.70382084793
29013.4352032289 4750.88571989273 780 30.2419730712918 9790.1801060006
28952.3242439086 4804.54983555715 780 71.139692894938 10157.446799581
29372.8269826711 4775.59972123782 790 78.0638164825546 10582.5824925195
28742.1726781879 4745.48913670999 780 373.338772631369 9393.25079695767
29987.0310056088 4762.37121842809 780 61.7971208571316 10338.0995602315
28607.420223493 4725.39680344706 740 155.743736902151 9953.90382956018
28604.678000979 4730.20208341153 770 366.997080299232 8845.16533898657
29146.1188566433 4729.03984925955 800 191.534003332676 9051.8644001105
30010.6301324946 4782.13694283747 810 123.117095185489 10130.4702541166
28632.5912526587 4728.73694684766 770 213.077026244503 9572.26725102931
29818.1310032971 4824.20480245293 790 45.8612362188119 11049.4760430253
29834.4810804003 4759.28650536829 820 283.719900851441 9883.33204976569
29275.2058882925 4770.05610559224 800 304.476760327686 9502.90917924853
28170.3079192347 4656.12068445395 750 331.288995452092 8533.34671362501
29288.9562695509 4713.07156520312 810 361.838969708585 10538.1204737734
28563.4192174131 4682.4194208286 780 613.03379777904 9018.82384043455
30490.6292345765 4772.55239249231 820 484.409295112561 10302.6854998808
28524.2033684053 4653.8493491472 780 576.776355889454 9442.46839730702
28666.4686376418 4691.71360404526 780 555.150562525761 9118.50841658496
29792.30178513 4740.27057543358 810 313.087247205741 10196.6167770406
28885.2162190296 4712.37587110251 780 14.2146000463827 9625.37346679277
