70149.2061840257 12637.5610986945 1810 695.96801076757 35530.1772249425
70090.5950249241 12411.3142842293 1810 754.511001287952 33105.295647401
69675.4888223878 12544.6837700785 1810 1146.11195754374 29349.1679890663
69451.5142404049 12477.7166973888 1810 1166.02545841038 35087.2110560634
69760.2574348048 12694.440823269 1810 642.76313277661 37929.8425722956
69778.977454586 12642.7209503864 1810 57.212289002684 35893.6162767029
70054.1723342412 12726.3162042094 1810 492.379576938691 37747.2548082684
69518.017642658 12515.9779909925 1810 1434.68802799992 35103.2426432122
70623.1552687369 12654.8250847207 1810 722.765504059147 41038.9154150721
69397.2596299683 12599.7252482323 1810 146.961895853161 40629.3719935322
69477.18050574 12751.4622220058 1810 793.038118735876 35279.2599622245
69667.4221185415 12616.6562014068 1810 719.44391707114 37083.8306248629
70106.3311975355 12906.016645266 1810 691.340504299424 35047.9169054892
68830.3837638601 12480.0828449699 1810 1297.52275541271 35206.9304328869
69587.9543258842 12550.0530092821 1810 503.493924054545 40952.7418902322
68405.6228058414 12416.3363877353 1810 1567.42879979061 43910.1872009145
70646.1587751429 12877.6765838885 1810 206.770149492613 44206.3889494343
70222.7934024654 12882.2828252909 1810 705.813338163407 36763.920942594
69855.0311773947 12571.0591908425 1810 814.358215576722 39813.8615415636
69875.3525213297 12663.1085750143 1810 231.433493256198 35951.2203137012
70468.3417932047 12939.7476392852 1810 340.511798503698 37984.2774308942
70131.4663526067 12798.4213191225 1810 389.576543677224 41441.4804147456
70439.8067932615 12508.1558794818 1810 1203.54817024928 43769.6393768951
69533.604328165 12629.9823891449 1810 56.8360904650126 44468.2107964038
70971.0823721072 12916.774360958 1810 930.579913700947 39218.7683395441
70178.9171639393 12530.5368475557 1810 250.728487422395 37729.0261267166
69338.8010622417 12483.1252642224 1810 908.320503827134 37914.6775727182
69909.0399822513 12692.6140014179 1810 624.999681862444 41575.3617914523
69935.7841955575 12659.8244941653 1810 589.968749552147 34713.1134830492
70787.0701274896 12843.4929270561 1810 1171.72740570697 44423.6115054902
68929.7212684319 12358.5804421431 1810 725.871177293438 38150.4279118391
69420.3987353479 12672.2597147053 1810 540.74630442836 38906.157772664
70112.4199289347 12567.889162997 1810 1053.85788863844 30752.0030552059
69340.5760253136 12432.6735488327 1810 1219.30485498479 37145.0277600339
69851.0575409245 12895.4637764913 1810 677.449776790325 41556.9620672754
68956.3515935615 12364.8730805921 1810 221.202341418244 40680.1310142619
69997.5867087146 12734.0719823661 1810 373.820974724033 35899.0935157923
68488.2371596052 12368.6176007401 1810 1703.38835520349 36829.7854154103
70887.8461705177 12824.0444105699 1810 33.7743808644063 41029.3186418349
69314.9455710666 12490.4366076682 1810 926.75459584459 39354.6660511221
70877.348575051 12952.9137861261 1810 1361.84410464459 37288.9325778182
70420.4945649054 12830.6860128083 1810 321.670364319636 40996.3878491642
69601.3924745294 12521.7427549803 1810 36.193234429511 37256.5060237574
69371.1668724427 12542.8790856945 1810 1453.86812912267 37710.151075626
70803.0807099388 12818.9989057351 1810 1322.96595952822 36528.4236836315
69529.8114331473 12617.2129645257 1810 746.486525848009 39394.6173691363
70293.9279033949 12654.8930085702 1810 673.699698526849 42259.0654150128
67961.8721653516 12274.2083668765 1810 1247.16957754367 34848.6619774239
69854.0339564722 12599.1729639764 1810 229.453934285561 37413.8084897018
70163.0851139043 12751.8432586422 1810 1054.32032656349 40137.0397477156
70153.2029576234 12629.7415343696 1810 228.704553976284 31446.2918314298
70097.0322037187 12680.6233152566 1810 771.481317238477 39701.7638875105
67951.4588554059 12261.3858508593 1810 1440.69143391469 40915.0966437025
70019.7290242218 12685.3088715526 1810 675.769874052771 40260.9745937469
70913.2858416197 12939.0200946562 1810 643.072107426928 41389.7200459452
69915.9781901315 12677.1105770989 1810 695.553876131022 35113.9728844333
68728.8700125392 12565.0523339764 1810 621.34966036073 30508.0626358681
69257.9953000149 12625.0755126455 1810 1329.66670830935 38400.5397821817
68954.2073426908 12427.930783514 1810 871.19929868679 36717.7750039431
70711.6611373153 12957.8380821227 1810 127.425317857042 46889.4815462965
70184.4116104025 12872.0413668579 1810 508.330934507527 45913.7403857061
69115.0481593317 12485.5724051186 1810 671.295342513013 41597.4358500996
69636.2708972791 12596.2787739677 1810 336.726626092364 35790.9920119422
69844.4860596878 12661.372796089 1810 312.558003647131 38082.7409458641
70392.5338561175 12684.2898948861 1810 1283.15477019362 39343.9355603869
70404.4751206577 12915.7402273719 1810 291.12883343308 39270.434291296
70819.2990018915 12917.6920821973 1810 799.518597917337 36241.8000781624
71239.4966845418 13148.9144582269 1810 433.916754254544 38004.711091571
70625.3478448704 12771.0097893805 1810 1013.45727108722 33347.0419957004
69787.84678664 12790.4600753319 1810 197.532407532584 38003.2756869219
70168.607281385 12588.0520608713 1810 151.876031610629 35571.0973613156
69806.7999731093 12599.7909444734 1810 893.13653608791 36387.9898360286
67270.6410185274 12083.3580560361 1810 1788.84942664675 36965.7279756894
69282.6757392486 12302.5981465213 1810 1225.42798009865 33284.5736919037
70018.5822627152 12846.6837797457 1810 1596.3357492569 37752.1231625106
70802.3331061761 12836.6515975604 1810 538.897498107503 39895.8788618365
69319.272083462 12608.1899337297 1810 971.400644104706 27991.9075457688
70540.5956951048 12777.9058594598 1810 960.463966743504 41881.5263050706
70625.8283046444 12821.9003920914 1810 745.159155377483 40317.900401625
69844.0160557608 12728.0341209319 1810 1228.04232374949 35378.1673125426
69951.6865257182 12714.3348058048 1810 1119.70931664422 43342.0306606383
71386.8121379071 12643.6777988999 1810 625.083310516822 35184.665255155
70033.0798282853 12729.538112893 1810 1311.70391642324 37857.9299754024
68485.2187082859 12229.8089984452 1810 1217.22255273031 37580.9736583008
69852.3993760968 12580.6318690353 1810 1148.11124887741 46681.6045308416
71002.4367412974 12856.9014221714 1810 1012.2864679541 40426.974151531
70936.799223578 12819.0849601625 1810 835.058621111304 33418.0267775131
70508.8259978917 12836.9122343298 1810 883.570274782991 36728.7442400079
69888.2023069172 12634.5642183374 1810 263.008652773893 44205.4420431433
68839.3331817911 12179.2848771505 1810 528.109245326197 32468.5485425138
70196.9538261047 12795.363741055 1810 267.377266273252 36527.9618815501
70063.2617968877 12705.1747473874 1810 661.450840996284 38109.9270427442
69820.6337683625 12676.031550335 1810 85.9556011407058 32777.1993033936
70802.4617753606 12835.8706141447 1810 486.0091676259 41704.0351794249
71265.8218610731 12914.799245628 1810 1156.55086198415 43106.1463177528
71020.8861367128 12937.9727567699 1810 304.642851136006 36173.7205149146
70288.3829493898 12888.0550368842 1810 573.183423691291 35636.4664729713
70077.7833904155 12654.9969378703 1810 799.099726668916 39517.2735222309
70210.858587739 12564.2504554104 1810 452.499577199353 37113.8800798997
70836.0565760635 12929.1777086587 1810 623.10672425642 44609.79406024
69246.4095863354 12429.6985951518 1810 728.649196520688 28051.7240009926
70983.2499392134 12744.3914871219 1810 506.305630526102 42992.395665156
70039.5819282105 12789.9782350911 1810 344.197463228396 42941.7554463924
69091.1014517315 12410.2328553769 1810 1260.46980167522 37069.597284238
70284.7430666459 12714.417527076 1810 1145.67078451344 36207.7605333116
69400.029245434 12727.8228099671 1810 1329.22462477058 33651.973286439
70131.5156309124 12760.9920492953 1810 1349.2603322887 41066.2390022241
70268.8307410466 12889.9006447198 1810 0.729747755825883 35923.0368130779
69597.1984584557 12536.9178793052 1810 1214.7915784193 37966.057850341
69025.745604385 12329.1175861555 1810 815.557309409559 34950.5215816078
69706.3349645449 12734.8736358602 1810 1178.02831468092 37681.7759024558
69679.5933691676 12750.6973297601 1810 889.715669311743 32512.4382770879
70848.0388971945 13000.0471138938 1810 204.452649354898 44770.3428329127
70950.7764610371 13047.524567755 1810 667.299539717136 37024.4516746603
70426.30520742 12792.5660892035 1810 976.084733495823 42523.569514966
68599.4361521268 12586.2833415543 1810 449.22657664695 36593.0411091882
70071.2346652136 12749.3297596527 1810 226.404173661382 41460.0289847173
69542.2039148021 12520.6629544478 1810 1645.76366092057 41026.2054716615
70478.6249274417 12865.9513491594 1810 1020.76574062087 33431.9945903177
69887.6094801645 12644.0356899956 1810 141.981740688811 33346.7075672774
70621.7176316042 12793.8413024289 1810 10.0122514937793 35054.7295640174
70241.4330632816 12746.1120586483 1810 763.298480586975 40990.0227621552
70648.4733563682 12765.3232316822 1810 1049.54096524257 37388.8858274817
69753.4079407713 12499.0811666976 1810 1397.52614178039 32375.4586074914
70111.9920544888 12729.0605886496 1810 896.14102919093 35896.3387709205
70553.6412919163 12865.7884401563 1810 881.750765816525 29719.4592972821
70521.6190568034 12716.8698528329 1810 789.249904720091 38232.9267146768
70745.315473246 12699.8489572755 1810 892.795640037461 31211.2514904185
69809.2358825409 12561.375497824 1810 741.862795655601 27572.8274855472
70797.7551340354 12756.6986719396 1810 341.933988171197 36564.2614034484
70753.8773092663 12854.9568231392 1810 438.048595332872 38480.483186825
68597.3958252739 12437.2575335499 1810 757.432692720389 38058.5246054578
68325.6905291806 12436.120887028 1810 1101.88739767306 38482.707724474
70379.8916287005 12686.8005963025 1810 202.444483807431 32879.7025622484
69366.899003148 12406.8393751628 1810 759.740028746085 32980.2012298578
68716.7682025572 12503.66901433 1810 480.047034748402 33448.7811511786
69443.7654998085 12513.2481808261 1810 1568.84510663222 39547.6046932923
69168.3090232624 12739.6577580152 1810 585.848661335907 38250.8355430733
69846.6359105499 12746.3142178069 1810 5.48975206617251 36362.4236673875
69817.2769005142 12791.0191954588 1810 34.4646977559951 36095.5899864736
69999.6398639194 12646.915047682 1810 901.857363427563 36239.0651631676
70228.0985072296 12691.0095980974 1810 1460.42243512149 41226.0151560069
70096.3393449054 12729.8584514075 1810 794.372227999665 38644.956965366
70409.3134929105 12723.4935291534 1810 263.973725196491 36699.6811131466
69295.8927574114 12598.9768516715 1810 79.0576170250624 32633.7360499214
70205.4717356321 12689.4200284583 1810 1209.95601063248 32640.4749231327
69703.3015538784 12674.6454666114 1810 763.711119934637 39679.8208588101
70283.6707209572 12695.4484929971 1810 596.474210920616 34729.724098167
69958.0449034433 12700.3430519751 1810 180.812920593715 38901.1248308332
69931.5382392562 12532.7187867139 1810 939.2540612431 40041.8318939131
71321.1912069073 13272.7103340597 1810 595.273977528434 38479.4611912029
69989.4813240042 12579.9630296735 1810 246.257422760526 40768.9692761189
69854.4399626534 12657.4610796041 1810 1262.41094674363 41706.7508382827
69921.5580432595 12702.3819984903 1810 1313.01488985524 33723.4813006544
70569.5313696849 12782.2180226649 1810 386.009901328318 36381.2912011889
70465.7172052701 12865.5922330846 1810 1104.90325014905 35490.7703288433
69597.0802087924 12663.8908633482 1810 1596.88942239577 33071.4781063176
70747.4573817411 12754.4444638655 1810 1262.75546403385 33440.6980519684
70483.1975827132 12961.4861582617 1810 584.296868385634 40215.151933006
69475.0214792388 12637.7853290971 1810 449.108980450987 40779.1709920932
69772.8655715786 12749.9530977228 1810 776.88227627784 32805.2485036689
69224.3260787954 12430.3750686703 1810 943.288516905955 31854.9698903911
69902.0241173094 12715.3538855984 1810 282.493189220822 39826.8888150451
69954.2208562336 12719.59251646 1810 170.242774672468 35537.9126796401
69782.7426447558 12725.871806303 1810 948.609849501157 39634.3325926846
69258.7478022977 12399.1792449339 1810 1309.25534681745 42241.7372226507
69136.8528582973 12397.4970653916 1810 211.892810084717 33879.0990069433
70218.7625147657 12702.5576804528 1810 165.920418573607 36314.0730587813
69271.5692326847 12517.8881221395 1810 1080.53842707802 33903.9842666135
68070.2958605201 12154.7972934088 1810 1782.10659635595 26468.9453585711
70186.3447079845 12734.5150631391 1810 234.528359909969 35980.188813592
68944.2826968846 12283.5738099621 1810 92.6422422632877 37855.5217972371
69731.0544942983 12760.0374830885 1810 62.6578489675831 36459.5015499456
69649.0890937703 12536.6734817842 1810 1210.51353374451 38308.7335614353
70019.8463930527 12690.4954847668 1810 717.007728591726 31321.4877482587
70663.1314749537 12863.1190683218 1810 83.553124177166 45927.7443721891
69774.3260317137 12625.8692695303 1810 1017.51375850385 38148.6012546615
69479.7696038897 12684.1370900632 1810 707.922501045002 32178.6206216206
69413.1910292916 12327.3089548483 1810 1477.30443796174 30873.7016669416
69645.1434996127 12659.875373121 1810 1008.55390219386 39965.3680954005
70083.9724335569 12924.0034336085 1810 1037.46222685826 39987.1772738286
67628.1535429312 12188.9810001171 1810 1036.84525577103 35218.5544016341
70315.5577105248 12810.994746439 1810 455.811543128624 34182.6166637313
69897.8527266033 12700.6035914031 1810 793.057948543898 31036.0530216226
70100.2406693491 12641.7914646646 1810 877.642272047393 38658.3432382758
71332.9342237813 13129.7812346889 1810 229.300187175533 39383.6583371833
70525.2422983297 12685.0383610825 1810 723.933286159558 34403.6832992643
69883.4745854688 12700.9262172548 1810 85.6584173253414 41517.0690946534
69014.1305888759 12501.5720136029 1810 564.218098359222 31383.0995883618
70574.8073232626 12701.2238361949 1810 1028.3181805544 31898.3504014939
69374.6505452224 12626.9478686342 1810 765.816650395811 36570.4097223593
69844.50564619 12756.518822734 1810 1026.17477451757 33557.7558866466
70972.9818147861 12956.1153179685 1810 1047.71599760811 38486.5667147855
69254.8263562891 12590.5071295378 1810 1183.86161381176 35231.2699978497
69203.867619783 12499.0195440484 1810 1236.38063327016 37222.588099879
69793.04957144 12689.2906698611 1810 398.243630697296 37197.8338222594
69891.600069012 12584.451356855 1810 1120.69852686445 31636.8000959404
70062.4840804109 12771.5929444974 1810 0.300681472515862 35552.205879196
70334.6711146018 12583.7338136486 1810 1082.73631427682 40548.8480555377
69360.5979139297 12479.5577416762 1810 1179.98503469015 38672.8272050051
