70012.5627365683 12817.5703111788 1810 798.392652139537 40487.7315791905
70267.7457439213 12874.7394255519 1810 925.069494924564 39115.6796979172
69563.4737582892 12620.0812480347 1810 976.913648468913 37476.3876510694
69827.2080465771 12642.7653474263 1810 427.178410388922 37803.6252305897
68530.7674312883 12315.238289752 1810 875.468636768699 31404.5503533749
70499.3985306712 12780.4379393807 1810 48.7629984661544 32896.2150206739
69690.3876246647 12510.6347537748 1810 1430.00436837799 36812.6240622177
69107.3110081424 12580.7134086699 1810 1044.61243798032 35248.7347477189
69650.3137070376 12388.0611347713 1810 467.304894798655 37695.2639507308
70594.7008046345 12612.71187848 1810 1112.26733229291 42420.1306745361
70737.8939829565 12933.3769495891 1810 740.082950834847 38711.4905952012
69974.0852481093 12545.2491503834 1810 1434.28446119216 41528.7545743234
69270.4617196977 12482.9171776073 1810 1022.42553333939 35818.9989379438
69840.7351970369 12730.3139388689 1810 709.154279227168 39098.7095339723
68947.4411666366 12288.4039183483 1810 1528.22072070327 41488.2240000634
70512.6449017561 12873.6872467636 1810 355.049632857517 40655.9332318159
69975.6079767886 12576.4704238883 1810 418.901495153874 37159.521285144
69020.3818590744 12664.8912904036 1810 830.21158396543 44178.9843691833
69330.7661756034 12587.3890755903 1810 688.850580371104 34310.3059507793
69270.3803800531 12295.8656277862 1810 1945.61682121152 32234.2499871045
70444.8705604402 12829.2745514109 1810 327.819900744853 39315.9600098296
70905.7499070796 12762.2803105908 1810 1015.62073736958 38846.2419945735
68944.4580295757 12344.1157150171 1810 971.329068313147 28607.1802009174
69450.9893042871 12757.5676105007 1810 76.8864342448014 41237.067333851
69332.2433440685 12469.8410286806 1810 326.706516927919 34864.1737962579
69672.2979396373 12540.0414744165 1810 1058.66876295596 35709.988956589
70124.9573490488 12704.7498787607 1810 321.344569827128 39893.0131194227
70449.2373842681 12644.2903064824 1810 834.254210318104 39890.994459399
70039.9566310468 12626.0826517685 1810 148.567084630587 38762.5823517602
70188.2128079175 12554.1008048201 1810 819.083009371332 33777.5426727971
71062.2657973077 12886.8852988127 1810 921.618044282503 38670.2304565623
68351.1862352086 12264.7306452068 1810 1835.54568182212 28523.5515482099
69397.0948950072 12664.5940096239 1810 1245.35608866236 40382.684963115
68863.1741930436 12236.6604773984 1810 1126.92933452627 43285.8429185513
68776.6719927171 12447.1068882545 1810 163.320321525696 32884.5042785518
70463.3398959662 12692.9843126687 1810 1087.27175458171 37083.9408349001
68813.9904389363 12419.701459021 1810 1139.89563335195 33309.9733648994
70747.2987428172 12574.1355325913 1810 1562.55374171136 42364.5530622263
70921.023748525 12716.8151174359 1810 621.567860006857 38294.1249201941
69894.4857740749 12746.0599269878 1810 962.780756272872 38351.6364805296
70391.7959486425 12761.9161642774 1810 338.59942233364 38425.9935814198
69476.2675462215 12545.4951132849 1810 1161.82185431249 40759.8158648012
69304.7367062049 12634.4235657345 1810 469.674608246914 37522.7179369667
70211.3595227243 12809.1852971005 1810 30.7928850924236 44185.419689916
69658.3007142013 12706.1813729454 1810 80.4258611306486 38625.6560260554
69057.7214061573 12426.6668242794 1810 1359.50708666726 42931.7964532212
69650.1397888062 12439.5415822046 1810 1420.62113928194 41246.3729328992
69732.2894528966 12627.105197014 1810 15.5496881598028 34022.6783875011
68823.2149192814 12409.807104102 1810 1136.40409833778 36499.7545433905
70120.5101809763 12783.7258934764 1810 608.782571471873 39381.8546408358
70151.2959860688 12760.6572179554 1810 744.216818939642 42074.1373504266
70416.603690457 12521.9046044708 1810 598.993880725797 39125.2951160521
68806.957882104 12471.2931150101 1810 571.3970195449 40227.6378220952
69421.5872189642 12704.9293098536 1810 13.8778044043429 38365.5089050266
68492.5637606973 12283.3926348696 1810 1629.16111196631 38467.7444569465
69985.544244165 12467.1124926875 1810 647.151198816533 40541.8448364985
70171.5588311139 12741.7677132822 1810 69.7227979175404 40206.5376876186
71062.0213925812 12828.5230587068 1810 966.08876497993 42860.4059440215
69994.5135432029 12672.6935815994 1810 31.3846689870043 42754.6604186601
70568.5289739772 12715.1168336946 1810 885.474763882163 38780.0574063906
70369.3170112022 12735.4054473027 1810 553.056399261373 40720.720151754
70582.496336604 12690.8519334663 1810 692.373967946038 31114.8556454805
68650.9172486641 12326.0208090122 1810 44.0850149797934 37262.2544686787
69469.9504615884 12823.9909419485 1810 229.284671389383 33540.4419816664
69296.5760543028 12428.2100771118 1810 440.446606193469 39352.3227868985
70447.6064936172 12725.5483272978 1810 1691.65526818639 45761.6683138921
70029.8716413082 12716.8005251611 1810 1648.05584973511 43299.6539750021
71151.8831561546 12834.9204997446 1810 1025.88379335819 40924.1564231436
70402.5862593009 12917.1141164229 1810 272.082919246548 45615.4095377334
69866.0824539002 12558.417211659 1810 889.570602341865 43205.7488172074
70249.3454712358 12838.8346197493 1810 1002.03300515907 43131.0123869307
69654.9099026331 12485.8561589412 1810 847.070480594381 33888.2677183501
69332.7199280312 12614.28487139 1810 1245.00949031258 39300.8903376717
70919.2424803211 12752.990609531 1810 1137.8822753105 39708.8375253149
69571.8894701174 12569.7583080512 1810 1327.81154629717 42100.420341175
69659.8575386071 12582.6303152006 1810 532.392001241215 34248.7986591658
68790.9659819017 12431.1785013231 1810 1250.81301287342 34964.2562128866
70105.7894982875 12797.3820898869 1810 874.442051663907 34598.0263677745
69661.4851412412 12683.7456015932 1810 1173.79301303855 43372.6052399096
71537.932041327 13213.9720083107 1810 430.129577661615 43817.396572049
69903.6995641108 12630.9773200873 1810 675.097264719221 34903.0025649029
70575.693060525 12822.5541683528 1810 586.6183345273 40548.1558199449
68648.1222978966 12460.414112505 1810 826.109631542604 40285.4274609147
68856.5308361264 12518.0215729968 1810 1030.36003614878 40195.7839909094
70340.019329054 12758.7986621006 1810 958.468054226907 41922.6417842818
70471.8093627615 12754.1330161967 1810 1043.7209947708 35158.9350845832
68666.9631181209 12499.0157280142 1810 1154.77018760666 37846.5341181589
69195.6058722054 12397.1867106807 1810 958.910715203245 42729.6010281061
69919.4932292367 12693.0894229232 1810 601.12041875718 36909.6421974871
70228.115382529 12747.2384803604 1810 1041.757522819 32528.714240015
70653.5365506071 12823.3722583855 1810 369.228667784924 38046.2337171961
69857.9663398734 12548.8996344166 1810 1241.88380886266 38974.8510113086
69671.7655555795 12719.2476766493 1810 691.825170632623 39442.5909914035
70553.8078224592 12586.3642211395 1810 864.538753951374 39970.8100574297
69458.4822700709 12573.7548943295 1810 714.835392345281 37619.0563182402
69400.0954505494 12398.9399500699 1810 1081.8215794663 38865.0734197317
71153.4430001383 13109.9560620955 1810 608.658476096269 38416.604388427
70178.3820733304 12761.2887664327 1810 901.625360565937 42137.4947378187
69728.7155387534 12627.2525316711 1810 1674.53258513921 39922.8157993437
70129.9499889221 12850.4187380293 1810 327.317211136955 45437.1693899317
69701.024040519 12655.7703883857 1810 618.425081431345 42524.2861708906
70052.1593805901 12762.0896332969 1810 1367.96113632627 45540.9529528126
69565.2127054571 12761.8526208994 1810 865.943563735838 40097.8525525571
69556.0489205068 12649.8689193605 1810 713.058036061644 38621.7760935076
69669.5230807654 12513.7189524507 1810 1537.10434064108 34130.4081957673
69156.7410553596 12492.6675487727 1810 1140.07430774728 37058.0339306633
70294.0406585569 12884.8898766938 1810 984.006831975819 35395.1349709769
71411.3481864059 13004.8062489046 1810 1176.25458785585 41095.4831477866
70661.2967833683 12708.2873500662 1810 1383.69874778393 37989.4019438306
69967.953626508 12315.5935871294 1810 1247.25576133527 34550.7534488879
70530.194978931 12653.2627022715 1810 654.180267406231 37637.3107449482
71036.5066038804 12806.5732375843 1810 117.881336954604 35402.5408451001
69643.2017088621 12637.3746249289 1810 1008.67110461392 39982.122707085
69801.7971411453 12543.3258839133 1810 234.898950618675 37898.3959823862
69969.2115007108 12765.3733494806 1810 850.029806917714 38003.6205823635
71019.2850058319 13051.2394628327 1810 186.075864717313 44284.6858745707
70494.38333441 12445.3225875432 1810 1051.33655703404 38545.2962475891
70118.2086333565 12780.0228365184 1810 1061.55362279633 35353.1121360228
70152.3880602976 12790.36784494 1810 300.569020699168 46661.3352009441
69969.8155050466 12585.2974610447 1810 1644.16672322858 37017.6839623078
68621.209381059 12323.1077306704 1810 90.3416728015764 41916.8016222466
69370.5247244218 12451.0637259988 1810 912.637361063524 37795.8078204491
70610.3633770431 12725.3406040452 1810 958.975289667625 46381.4751412678
69285.8865176271 12468.6861212101 1810 1244.22234475002 33229.2299069444
69907.2094452288 12556.6809379304 1810 1132.38232660237 42086.3542149747
69911.6480963818 12588.5665020569 1810 1042.49181728545 40571.5591129991
70981.1420318154 12951.537550985 1810 826.547580518083 39511.0758702979
70362.0489420897 12581.5187768958 1810 1641.34165227352 36056.6593955657
69906.6112953283 12508.6989341556 1810 1419.1784557527 32481.5123780195
70611.134030576 12600.7353548763 1810 786.050555741076 39836.0628058931
70152.4916339938 12718.2382688034 1810 756.27625754502 37853.114836561
69483.4199067898 12551.8885544008 1810 416.914837509163 37768.2820494691
68383.1920193452 12419.9895423337 1810 413.985315645847 34036.8449029023
69314.0125684577 12506.2481159326 1810 1109.25157508013 37793.6099841291
70449.3728231258 12950.4111450825 1810 724.965567945668 41193.1448360355
70140.8297687468 12713.5636483503 1810 1002.85241505671 33783.4408787933
70549.2567137232 12854.2489203478 1810 680.634638368563 39856.5438471624
69814.5807784387 12499.7839295443 1810 1078.85737979523 39753.6728080673
70295.6797786264 12571.7479780599 1810 1018.56124233353 35514.6104287264
70490.6059807172 12745.7477102681 1810 1310.07211650142 43908.6579567217
70492.4385912623 12830.704812432 1810 356.605536087722 40015.7935881242
68248.0398158072 12251.1329469522 1810 1485.68823075143 36615.9162392887
69807.4571102697 12592.3739629289 1810 390.449261132144 35860.3009534889
70285.9578604 12827.3569511698 1810 509.848743825423 40919.8194013426
70453.2336357373 12840.4927057208 1810 920.448078376325 41270.7383187615
70250.5755689276 12765.6876586686 1810 212.217221694671 42809.5230471019
70439.6232956663 12889.8270764829 1810 12.3869830093226 43428.5881261491
69130.2881580322 12488.3325502769 1810 57.7468233751788 40687.7540039905
70134.817180495 12616.3684872384 1810 420.005925232437 39733.069691456
70036.9124856514 12806.1756052831 1810 1325.47562373741 32710.0767454002
70448.4443271338 12725.6976410844 1810 664.601861531681 34044.411389318
69825.7512794125 12462.6906767158 1810 1132.9347005345 37879.1057902526
69214.252994178 12411.2440011826 1810 98.148237459096 37534.31330947
70016.5086900165 12818.9750877227 1810 1366.46765674123 41724.9927099874
71037.7944464404 13146.7559504439 1810 283.516149749259 33470.2556614558
69524.0189638518 12568.4586757396 1810 1282.23277807961 48741.1494482107
69501.6023143196 12613.9933392421 1810 864.511073498161 34566.0544483654
69232.6697127639 12453.1872669534 1810 787.079283033429 43904.8816616669
70785.4478361806 12791.0416665167 1810 1724.63620375691 36351.6312368999
69770.1028223132 12498.1876843971 1810 1498.37066586306 43371.0461151998
69195.8574044653 12650.8176234936 1810 445.313889156554 34490.7340667834
70099.4863519533 12855.5823807915 1810 1020.14665054228 32358.1738582253
71168.0775850245 12878.299714696 1810 699.683291950823 41087.753392518
70458.6757389751 12540.6178261183 1810 18.9355130334188 36937.5798802902
70614.7910460422 12978.4705178356 1810 110.911579587197 43688.1477338434
69830.7566409164 12500.4095665176 1810 1341.65930444098 40048.4778763034
70166.8948592145 12703.9924903067 1810 381.60317155648 39801.4527688168
69718.3658554185 12856.4140562691 1810 330.773781735374 35161.6737639635
70512.3163574751 12763.9883703633 1810 578.936071688535 44015.9828917439
68859.4424758505 12448.8227617596 1810 914.614799065569 39379.7265292432
69007.7032895527 12207.8190157647 1810 668.418635561126 39269.3897356678
69492.6763898824 12726.0064790397 1810 823.148109615957 38043.8420121811
68829.1813380698 12673.3861613072 1810 1293.30247896073 39920.4716511818
70309.6335259029 12923.5473426833 1810 300.023235732066 45256.9424982088
69955.4489117919 12695.8521329857 1810 205.433734216085 43012.4733800934
69779.0611032458 12707.4049451653 1810 441.526864853215 38288.3446014328
68958.0298036498 12346.9816792254 1810 704.145371077869 38287.5125758731
70055.3805035432 12793.9337565419 1810 1167.69495383757 33488.7200315674
69844.7305503839 12759.1071726677 1810 1311.30636879419 34104.4092358645
70329.6694476202 12629.7973257281 1810 821.332044383678 41815.8533610613
70124.4228401358 12584.2836856909 1810 1244.96239668335 37314.4312715247
70054.11327755 12760.4242390755 1810 668.48855672502 39132.0458887506
69879.7283858277 12640.1603193062 1810 436.499899804987 36755.605679746
70203.9838135991 12790.8487357977 1810 90.9499403588525 40705.8467006146
70472.7855410771 12756.000916833 1810 1045.78609574442 37774.5938585103
70009.7296983629 12771.647761338 1810 108.596850353824 39134.7520573362
69000.8839129221 12444.9519418122 1810 1408.11296270782 36685.1430850094
69477.469743713 12281.6177116979 1810 1302.48387421848 37230.214937517
69933.4086999957 12606.9519662365 1810 1086.3250899895 40550.0614273405
69269.6304431853 12454.0563155403 1810 551.765066616646 37981.1868794999
70005.0291946412 12666.9445500274 1810 1452.09841620238 42005.1985535608
70234.6684078669 12798.5089188426 1810 567.523650298564 37281.9762536937
70108.594339161 12772.8159238654 1810 1321.49795585309 37601.7591029078
69762.2441180752 12382.6095349093 1810 805.547320498064 35955.3766357715
69137.5702330944 12448.1396959941 1810 630.596936267239 38522.3033270943
70218.4527274713 12853.2594070983 1810 228.993532021954 40044.0348253383
69497.9577735879 12486.7306059141 1810 656.995818037951 40985.7783586685
70128.6279679819 12667.7415259142 1810 683.372994420281 43839.5403712631
67599.1020434243 12167.249174446 1810 895.161456405483 35940.8626064145
69376.5959475312 12644.1437979257 1810 390.29460299594 42725.8769457473
