13294.5911912996 3956.06790654652 804 212.939934468693 11177.335462295
13652.7897122122 3972.56525989972 857 112.782896185909 15152.4653760942
13546.2484344562 3954.20530785418 857 80.1348791592293 11909.193425578
13896.1792437163 3955.96646110486 873 67.2262275617213 14400.7056604885
13369.4919380173 3969.0223992466 801 59.3645617145837 11363.1411389108
13131.2408542778 3961.41312818555 755 159.409962332534 11512.2880950423
13598.1902251354 3935.11264218103 840 87.4051564978117 15282.2944688608
13247.5793269946 3965.96585732514 755 90.9800696933485 9563.45369721588
13591.5875027658 3971.90023413703 855 230.17264336827 12081.2869415578
13223.7896503329 3956.82181236225 775 180.83782574784 10666.9433583038
13668.2187064079 3963.24647637262 831 65.5972829690895 13747.393538595
13841.0750768432 3983.71762952248 859 87.4052873922888 13856.1049339114
13301.3456538196 3977.70924334738 796 41.28728054362 11352.0200284979
13417.1501016242 3938.83228595035 818 48.795936598814 15571.2312311527
13558.8823642912 3981.13087176916 815 149.688304976532 11723.1424208382
13444.4488310937 3962.22583578586 786 38.1698250934119 11060.158908568
13346.1379630745 3973.97922146588 830 169.971617009433 10687.6935958713
13405.029570635 3941.08400880066 766 57.4924747795317 10952.6205690373
13175.4144466565 3966.66682591295 755 195.290852576757 11310.7834617465
13170.8258698941 3965.3268618774 749 146.49753500438 12559.8263551485
13653.4388932525 3975.95076143237 842 71.2295467282092 12835.5301788205
13670.781577452 3984.79816012416 861 8.25871384244965 16098.1430796038
13471.7276593083 3972.85275879932 819 183.823524188464 12493.5272652358
12918.7897617359 3962.01902163306 732 178.248248924283 10266.0443504921
13573.0829287068 3978.67745598493 855 242.174810898515 13937.2573493567
13270.1127595643 3964.22825624343 741 20.0107014348 12384.8561091274
13300.6932364175 3973.09827644648 822 190.403448250072 13812.8351195414
13390.1085602327 3944.00283166554 804 138.755066953191 10742.2972336558
13457.5593050944 3984.66080404111 793 58.9150008758556 11552.8912320155
13478.5218389499 3973.3642670519 808 136.192272722895 11582.2911544325
13617.6332389831 3956.15132641382 787 64.5888872085998 11456.474280322
13386.1656883201 3963.49275144987 778 64.9634607508137 11901.0831782655
13492.4771997905 3976.35642410619 852 234.009134430999 13604.6472099498
13586.4597788184 3996.22013753845 839 217.567773668231 11438.2289033529
13676.8173077203 3976.1452115127 857 88.7405172894501 12902.1935526541
13622.6657352606 3953.03832230067 833 139.939790702985 12854.4483078001
13529.0798862488 3956.99081760632 853 122.787331417031 11898.6894117807
13705.5190337792 3971.19119369771 842 31.9362711486965 12657.2801851203
13762.0397547588 3977.84729429451 835 21.8576009210765 13485.9111776466
13603.7599285337 3967.81687174252 821 69.9897611796837 9959.81163742332
13516.8582982961 3971.549866661 788 16.131787536855 12663.4704257146
13072.7353201177 3981.35510019817 737 148.998699923613 11644.7433828228
13179.6906958835 3979.72662673761 736 61.4717869675826 9874.65493516713
13438.9811067621 3975.52079523545 824 275.476443941092 12208.8681394496
13287.5588560807 3943.22469728164 780 121.16114777487 11538.3163911653
13611.1218106697 3962.59239967551 848 150.594103839132 15047.249437998
13294.5373283173 3957.5378699341 804 75.1183272172402 10893.9363298356
13186.0745854405 3958.67089982583 755 226.645180779564 10428.8496214722
13423.4116485376 3971.36168503137 797 213.707893015713 9386.85617096244
13275.145916671 3964.98353226226 812 161.975992700432 11326.3224814106
13437.775712929 3974.0701648677 781 99.1843661027547 11831.7649675827
13885.1714676846 3937.4654419038 884 166.897457551153 14518.267514139
13451.0502772768 3984.08729586358 805 63.2531522052886 11891.2066282233
13382.4264048509 3973.67711189047 830 228.485677202757 12491.1952413259
13559.2069166728 3956.63422608423 804 75.253750632332 12221.8141279726
13187.3578242699 3974.82635772417 713 95.3368077894427 9474.12752381321
13669.3909246854 3964.81573888124 857 102.650906789474 11364.8397895805
13339.3349717665 3945.98799005866 812 40.9331095908387 12721.1127649547
13460.2689988774 3971.71661823674 843 217.457209783131 13798.9664507668
13611.407366393 3990.12509443546 862 237.478235638253 10820.5925160454
13599.4875915553 3963.68365609572 816 126.213789628392 11483.2520293322
13358.5915185132 3955.04103940271 785 11.8148103079934 11981.7321894519
13251.5351225877 3969.44450452891 795 248.393794507011 9115.53015794882
13241.129455902 3984.44148494839 781 156.80958962349 11023.3830053856
13692.3326675489 3947.66235413239 864 267.793131454862 15014.8597647332
13194.5520172105 3973.03574379525 763 221.944858445789 10472.5002225553
13335.9841412246 3991.38504812893 778 140.58742535744 10578.004941043
13066.2783849761 3936.22744600208 720 51.0310673342844 10014.2780044605
13425.1706404783 3974.79216030517 801 61.9024317845942 12175.5427845756
13682.3689188961 3972.9691615115 844 61.2616732747665 13427.5347427529
13415.9037228389 3977.03279948938 781 24.3865222551628 10644.3819106976
13360.609385318 3978.03793270667 778 117.414185566764 10169.1397374232
13226.7940057535 3973.66453691111 765 126.924579340852 12062.8703301474
13396.2521673978 3980.5834597098 808 67.6709127644472 12032.0500840065
13597.5577011113 3976.08928535075 830 51.5227745261468 13127.7750806993
13160.8249648506 3965.39169180581 740 188.570836795958 9278.33177999618
13457.0587904133 3959.1223092048 790 174.9322837014 9597.53508017735
13665.6341555331 3965.10321858239 838 211.352208627745 12546.5310791595
13486.7425399184 3978.98659524113 800 60.6680093111984 11576.7782640601
13235.4535313523 3955.2254278306 794 189.309526408696 10478.4917267856
13299.4965244257 3971.45340955662 796 17.5067825795293 13199.8506100363
13280.8609669266 3980.62014624334 795 33.9270276265806 13619.9691480459
13671.7343001765 3974.23817901536 824 79.5497833942256 12461.6107690052
13450.4555274675 3968.85583110084 793 25.1673736916159 14105.8729283077
13307.7463204057 3966.48739212649 766 182.16912770651 9495.96118076452
13428.8349707825 3967.97576679652 756 0.257083936600566 11545.0373423561
13171.1102104169 3980.66079644352 721 267.737799661501 8640.26647976561
13524.8260922971 3953.72816684611 819 49.3029871605461 12635.7907019235
13738.0459425813 3985.0310658836 846 50.8242483674758 14730.9809357244
13457.684557841 3965.64663669025 809 53.9233983430909 11993.0585148683
13187.1959902703 3975.83894149664 778 185.999703405518 13055.2235912377
13230.3940578239 3977.39094193265 737 66.2662424701996 10943.8573477169
13293.2498498336 3922.50875395537 780 233.346756685013 13159.912333089
13830.6075527187 3981.98713468134 835 64.1736849957344 13428.2366659785
13240.3489100419 3932.24549592086 814 76.1149050608146 11883.1999527099
13464.0178404853 3962.87883472299 844 200.905670152088 12615.4243467436
13410.3857340908 3975.71334251384 783 149.439066819579 12330.8720823995
13684.1735630913 3948.47350723673 835 15.8487308101098 11059.6520197744
13512.31475978 3949.22776897598 832 175.734893205075 11454.3779182542
13086.8743628754 3911.91650478078 804 248.794524634454 10346.5684720735
13231.7708337543 3961.23148371187 760 82.1349843651726 12581.5258290091
13494.6371851638 3960.15713295586 824 139.286924844563 12605.6625635716
13387.836682555 3967.60853883167 791 234.745885314692 10778.0235756863
13287.5847682594 3982.76495494592 770 152.955637899626 9925.88662207814
13260.802363127 3972.65115205178 791 129.882672055435 12401.6002744651
13225.8410175982 3965.83588302561 779 195.167368802007 12431.047066728
13271.7801382332 3951.99786284569 776 16.0236428199778 10163.5366153145
13162.3358906099 3968.33777132251 762 183.444840095895 10893.9114452526
13433.3838541351 3972.0326595804 758 23.0663922021165 10594.0987261009
13827.071197405 3974.58854083992 831 53.9975883066254 11870.5608409806
13822.1321414793 3954.22260382648 829 66.2640755323091 11987.0615868391
13313.5174586393 3981.56730584294 764 101.030237883474 12551.9141903267
13477.6028821342 3965.65950324955 821 157.106465799344 14602.4559385548
13830.1668030515 3984.87453645966 856 9.29112186485577 13006.6766140468
13633.1342026114 3962.86864819523 819 25.3487431445374 10955.3970726648
13174.9171086053 3970.19275424527 752 134.195960882169 11985.0710958569
13432.1051505355 3962.976628608 804 213.29891754905 12202.4132560824
13213.1861198022 3964.62678501113 794 313.487337029528 11778.628847718
13783.2250091294 3966.96746046806 843 98.5881896180974 14173.7624053973
13468.7217922628 3977.28728395458 840 137.89374035008 13554.150930938
13486.1637495366 3977.85123535383 741 103.080494314526 9699.77052750267
13520.9693123335 3967.81029035523 846 260.332321404468 12326.9489788019
13218.5332913958 3975.1060652907 723 57.9974956150804 12914.0079819745
13056.9842983881 3949.78369026714 744 172.270598264278 9285.03243816768
13245.4315851826 3977.41957578278 767 206.416847980224 11019.6999096971
13275.0751517731 3974.51139691121 760 72.5854397969363 12001.4278831502
13968.0567672744 3981.39425944132 855 72.3800237030127 11200.0313592446
13503.0968676456 3971.26176966574 805 310.917538831172 10877.4009698362
14243.9573301639 3989.47112825349 962 125.470190519761 15151.6894957655
13845.4593909253 3987.18824831239 908 117.536248717867 12739.92209765
13930.015880168 3990.41978331966 921 13.9794528295843 14386.4953925373
13724.573417118 3993.94728706543 893 78.6281070598068 14437.3337928198
13925.0493561516 3984.61357086293 917 42.7491141042362 16731.626434511
13730.6346222998 3992.6684237361 887 134.383864169399 11810.2213217643
14221.9072570487 3994.024909881 960 67.5892552157216 14218.6212679836
13494.5560419835 3996.70337805913 814 194.036370980815 11265.3775967596
14416.5937299907 3988.67781217531 988 145.258070604036 15461.0416678855
13641.8850894427 3992.69022393505 864 63.1051691857592 12811.2682309958
14079.9679860954 3996.78160715104 892 1.78217687875758 12749.9111546503
13808.6046927769 3995.96145087032 837 36.5523225190018 12442.8425256371
13511.8094285554 3994.27646277055 899 159.664563319964 11746.066238304
13509.7144374827 3995.29522363413 879 115.498556645764 14794.5146819529
13716.0365972088 3988.9570262982 890 79.0542597227432 14175.1720554858
13875.6973783192 3990.07682060797 918 33.8731889508508 16765.8508398509
13701.8980864461 3990.34175802999 803 58.1670315626645 11875.3313304053
13641.2375045442 3990.93965754042 873 195.31618449771 13445.2673502008
13533.2208684468 3992.83980955402 856 173.487301166199 13883.2862712339
13476.0414869835 3991.24671270477 829 203.605099899729 13727.5545341777
13752.6907028948 3994.98496973235 862 83.9236527368653 11884.0745249117
13541.6208323209 3993.8220135933 804 60.8116589746071 12524.5006289892
13574.9584222852 3984.43831593682 835 110.002930165773 11697.9356026015
13773.6083778886 3994.86260284635 885 79.0741071020109 14062.8443362447
13586.4597788184 3996.22013753845 839 217.567773668231 11438.2289033529
13618.3942157864 3987.7504250086 895 206.76390241887 13118.0141263705
13939.3579491829 3993.84342802321 913 59.6543100120639 13627.6037809274
13710.8826202411 3993.96820546643 917 132.463905591269 14305.9647682929
13351.6483906672 3991.15209823459 818 310.571309757796 13281.7121950909
13372.0661504478 3990.10974453551 791 151.65173238245 11109.8286984804
14378.3420468276 3992.75715068255 919 16.4780071048199 17757.697554975
13768.4837433101 3989.52548354565 911 128.00167625579 13475.5866751902
13802.9257857565 3983.88102893386 897 26.068174135195 13747.5792108762
13843.4792880504 3993.50227453311 899 10.4346139321983 13889.7779099441
13934.9389914547 3995.23119076434 864 89.0000385761259 10475.8976858639
13685.5476214749 3989.13947894956 870 85.6142909256278 12941.3074310785
13179.1325291116 3995.49848142499 756 162.298351047858 11801.1503757506
13837.9747714272 3992.68045006611 913 109.312447776002 12838.7195115521
13860.6474302082 3982.86504042336 936 320.585616930965 14458.6499085745
14020.261371575 3991.66646765454 948 181.180830063011 15496.5878142931
14038.8662671939 3994.80391384419 905 84.0037621490233 12206.278111391
13711.4656874693 3989.26311006487 901 232.777927257598 10729.6072676636
13757.6619017363 3982.63111424224 884 218.359075395092 13207.9885462458
13515.7706388933 3993.89035092313 840 145.590398646122 12170.2323328063
13522.1663918634 3994.30910015962 872 109.414714298571 13842.4765623679
13566.4250088691 3996.33626015473 851 77.6749936543238 12453.7444716869
13507.7179429911 3988.85672824084 890 213.270130078392 15693.0334182019
13364.2974145068 3998.14793574474 751 96.5288109283124 10485.9189838959
13973.7843837386 3989.18007919541 925 81.7758220587943 14756.8619057436
14218.0023602484 3993.50690276326 948 126.985624046333 12215.8963205782
13474.7107027408 3992.23709198839 840 114.423830596854 14939.5617666649
13474.4733211556 3997.28830320495 830 125.692063618787 15290.64106461
13733.9864291746 3984.93049388192 895 242.308597020914 13006.7109944411
13885.9324302399 3972.12624069534 929 131.646342856288 14005.3592306232
13796.6256169349 3989.70040383868 927 111.432026969058 12596.1362026417
13973.9112252914 3991.59548740744 919 19.4663709700112 13324.3894445687
13281.0415152375 3985.98472088401 760 175.236328882479 13087.9781612179
14243.4192447341 3982.38534442098 975 82.5453501770451 16972.0116657164
13751.6072646128 3980.91900767679 874 137.005444458529 12140.0491185468
14702.8138861916 3996.93595761503 1023 127.702583858589 15562.350073679
13920.6900667303 3973.93218273448 892 34.2361117007672 13027.1320558337
14524.903722508 3985.36105385921 960 143.440895422767 14555.6621294728
14676.3954325016 3990.3456318891 996 47.8324321624461 16133.9530182466
14200.7206173462 3981.31371390346 953 42.449594829412 13347.0254537883
14009.9984851174 3993.60896738053 888 34.6946412511991 12242.4767768928
13575.016379696 3992.87653566515 851 54.7465804674316 12069.5434580264
13573.53835937 3992.05089798092 853 189.852679125308 14194.4902231008
14167.3811882482 3987.18562056155 953 23.3065565469842 16062.7055377001
14354.6476823843 3992.25744296967 959 36.117138914869 13334.4459238315
13511.8094285554 3994.27646277055 899 159.664563319964 11746.066238304
13398.7521041943 3971.44811663514 769 124.506325526531 11256.8039166801
13474.9894408092 3995.42996593287 878 111.157932061572 14295.8915281216
