12796.9660129472 3971.01505630408 783 77.7914694558701 10954.2976275976
12798.2729577495 3963.62802234507 770 10.0030273702637 10382.4237325858
12855.0093546806 3969.4429750848 845 165.053402827211 12971.7077806435
12752.2124580831 3981.65496087067 767 128.406183751845 8585.00462249193
12721.1603731909 3957.90336361612 785 110.942636134924 9518.79516821918
12753.1698782219 3979.57000324604 821 139.640973068832 10509.3767653593
12792.3667838429 3980.7248362759 800 164.652687543256 10181.1626021822
12990.3348608921 3952.70731664644 835 87.3690730573719 12062.1782420067
12576.6501018678 3967.78765752083 754 116.497744030977 9364.56215819474
13201.818125091 3964.73006624119 884 157.041307460856 14256.915333667
12959.2408818401 3964.50269344436 805 234.934815148744 10569.191975279
13026.4732830638 3967.7912230316 809 24.9008146312026 11103.161954355
12982.055009132 3971.3312242985 880 251.247479563192 9955.24775103138
13099.8192393993 3972.52159483179 811 5.14475137440013 12177.4667607296
12876.6335440642 3947.75084323722 798 222.153535790648 11907.8470286303
12874.4260779585 3981.38948160922 840 8.11471400954292 11541.0390485857
12825.6113504571 3985.71473710201 811 103.655624230695 10375.0397713763
12821.304771376 3977.62021675424 816 171.612771065549 9657.54966367411
12931.4443182548 3973.71899399323 785 158.225565285155 9128.41037928837
12949.0787530537 3958.9733066685 881 43.8264992947179 12271.6081909322
12850.0965548244 3980.44509834867 806 154.925297278815 9743.10913362982
12950.9233818685 3974.66916317854 821 125.987923567171 10427.3453248339
12868.444939513 3984.38468997311 793 20.8753322860448 10193.867437696
12694.0719806324 3970.53045561529 778 206.745322163062 9079.17270089225
12861.7566974534 3962.00123684411 781 107.354034197324 12317.3009402159
13171.178049812 3986.80557379927 880 132.828106612949 13242.0793621378
13060.6802734851 3985.71239028055 827 105.527693616737 9887.74545757364
13165.5255933673 3978.9812407278 845 91.5871249573383 10215.7514921816
12775.2875372109 3968.69327916359 816 171.837406046045 9038.39917098035
12536.2635684928 3978.16760755286 718 190.162187750786 8925.34268651386
12681.5246651006 3969.34860342232 757 60.2869237864854 10550.0280048302
12749.454530433 3973.04744073172 762 3.8985880618643 9179.06413406803
12671.7120158346 3993.94196750062 801 76.5476006207343 11801.4262793197
13092.3501129222 3971.29828512094 827 122.822623798565 11109.1955253981
12693.7389791966 3981.70628963087 762 113.598234975528 10226.4088321366
12695.5388585451 3978.55282992192 752 108.279177538666 8368.4472567151
12972.1214483242 3976.97270797896 845 40.714032911613 10590.5419695638
12562.1858581779 3962.9273625661 743 175.5018414711 11462.8799644529
12764.1508546085 3977.64520539616 824 305.544513677719 10915.9681333155
12551.0965980775 3988.33721359998 743 223.78807496528 8649.21452607089
13024.1609039575 3960.76352708092 852 144.236612012528 12340.7656739515
12916.8855237546 3966.16353695669 789 101.500091063552 10236.1111041086
12842.147562038 3964.51433799837 815 248.024662684951 9586.15510524335
12859.2053687408 3973.26770971218 883 158.871676177297 12342.5337714556
12937.034460094 3981.53985004666 831 139.069308347534 9595.50204097753
12815.2156069752 3956.8898192915 816 251.51799630749 11192.5762514876
12999.3997134453 3977.87635536793 799 19.8211484137705 10508.6950866851
13024.6888814389 3976.53227557578 856 4.20928625602278 11382.3811416969
12871.8626747121 3987.22129837251 768 59.1399135570912 10982.3704890305
13337.4716310079 3987.88282853147 879 65.0236705878174 10251.7891242302
13188.1238404361 3975.78023978958 841 34.5373100830548 11513.135342273
12610.3042986152 3978.79250769953 762 51.6593443515462 11563.4704702782
12715.8811392932 3989.32341573941 787 93.8084628953584 10152.0819551477
12810.3870984113 3982.60192206194 809 171.014573649866 9242.69263733514
12584.2044080093 3964.81787035203 796 115.695687839295 9983.05859542169
12709.6943099625 3979.73277552785 781 174.930409181261 11557.6347446555
12984.720627398 3970.74351020174 846 235.704700385124 11617.8105043723
12954.6269294983 3972.91792677506 826 254.930696221689 10798.4066774679
12677.4760183397 3980.92668224267 760 207.455090689073 10680.6445803763
12650.9260373984 3971.63542502108 755 198.654388517046 9813.89357249546
13038.424454111 3955.14903503088 864 54.4109907376583 12251.6886102139
12819.6565111069 3982.28360765208 820 230.442370574219 11318.5913976352
12813.7263953362 3985.83212880362 811 138.129387372965 11379.0025277241
13138.9419577376 3984.91357993208 794 170.251745237767 9530.52330191288
12661.8576112985 3970.278068735 813 230.500120001997 11731.0183564394
12833.8618368059 3981.97511915441 850 147.608558271301 10743.7776625569
13033.4343770544 3971.2887190631 835 117.145920672702 12189.9198385963
12742.5184298218 3977.44932331267 790 140.138720107008 10744.1891264059
12994.5885229205 3985.72537401922 851 252.425716922357 11459.5297483417
12932.2818785581 3963.97317775537 834 98.1957323286872 12192.76534602
12873.5952676564 3978.5679674109 784 68.2540427748095 10910.2568313059
12829.1768130695 3963.26104572664 828 118.76391940547 11795.7025752258
13178.633809549 3979.40394224248 817 20.1821104827661 10879.9140571633
13072.5101165245 3974.08878026833 845 130.910933152469 11121.2439695201
12931.2351289483 3961.57343530186 796 88.3420394669483 10410.997518288
12863.1882392382 3993.15472209842 831 135.181158679824 9509.90260043503
13129.7876189297 3970.28270759536 827 94.4144881876123 11491.2893251417
12695.5287793918 3952.87148279191 795 139.187374541691 12391.9486148522
13095.4480571735 3980.759394805 856 191.563202855255 11472.5706539816
12853.3991894824 3968.79185544213 785 88.7348240456436 8990.36587345919
13061.8929902293 3984.61193761401 841 248.338733101988 10370.562955819
13250.8956683278 3978.28459161257 851 24.8825094265696 11980.3902956383
12679.5707817518 3983.41240338117 780 131.033724182939 10954.6825179393
12870.1408942517 3948.3283882595 816 244.670717274301 10663.7273798339
12844.860442513 3971.63271282313 828 86.2705767260006 11851.9282698495
13305.1245066896 3973.85398135691 866 154.473402820604 10716.9810993628
12922.0253977018 3987.94170274133 844 208.324836888153 11789.1061732015
13017.3265691216 3970.35760298319 832 37.7352120947478 11129.1895458754
13159.0461751563 3975.66754133709 860 88.7436109791072 10317.0519081457
13000.2277634446 3970.44138729241 826 59.2293548091793 11649.8611565711
12957.8966653899 3971.27722170791 817 268.593972115478 10641.2450780789
13040.2451707539 3981.06936237011 837 181.450461029791 10523.5909483195
12826.7416319168 3987.53074278376 767 9.60387035235908 10450.2922371897
12762.6837341882 3952.60181119657 798 126.789861094551 9709.91941533529
13079.9873544423 3991.57321315834 852 179.4910020179 10665.5246635979
12625.0669611687 3977.29953185011 785 245.811173611515 9182.78266372594
12646.5149054502 3957.22702140696 810 220.491664450266 12049.9624900183
12672.8044106363 3956.19221773768 754 283.849940114402 10458.592503665
12666.6120338395 3964.50460826588 747 48.1044438948775 8601.34391140444
12814.5503822082 3981.27901286493 787 170.596416825148 10478.7249588568
12963.3674386095 3976.54910144328 822 125.653179891428 11148.9996830112
12830.788505568 3957.14220705187 829 249.68868690021 11004.4456159255
13061.4447925477 3962.6917742145 802 28.9956101270668 9647.25948126562
12861.4994342447 3981.92734453377 802 230.512444385632 9699.34630241261
12661.6421191728 3990.32214478636 759 166.851980374255 10566.6021440335
12814.2609625126 3964.52752514426 792 46.7844909880673 11197.026976739
12942.3563743187 3955.42320609734 814 122.083004004666 12013.6421103593
12725.929232459 3965.85232902776 781 88.4870045741391 9429.70332261353
12773.2653562903 3975.78349779808 799 62.860042224283 11117.9936233178
12918.121948271 3979.87739649848 785 66.46806275569 11522.7622071021
13120.5817074642 3991.83325967215 837 119.145987873401 11058.8403917184
12838.1838717664 3969.52870276732 811 91.4529228728813 10223.9181113151
12782.9544288361 3982.31895113079 766 136.602546509522 9237.67586206129
12716.5446190354 3975.4032432389 785 179.414941805041 12612.1780845723
12723.0973044925 3986.46542612306 782 264.876735319152 10022.444056146
13134.4345954574 3964.73269515401 863 72.9278391623202 12063.7539006392
13263.2835545943 3978.91734005089 823 11.4700486579475 10950.1115345143
12923.2984831369 3963.56463984765 793 136.322820598559 11637.8781703875
12808.485069107 3975.72198804297 776 72.6004845766461 9830.18971785282
12538.1018533817 3982.60804361414 756 207.881178647908 9616.31669589222
13228.243053406 3989.01391480506 848 150.001916609947 10503.3720332063
12739.0592358865 3966.94258612357 799 172.687878057091 10661.8138671995
12834.4024120699 3984.00277045002 792 89.1634052250804 11288.7855612956
12818.0612590407 3983.55850797176 825 281.546198133733 10960.2350514307
12861.4417442729 3970.03275805069 819 82.5637086056445 10780.0757080879
12766.6575501183 3989.16587476191 785 206.481534877506 10687.1923767239
12904.0531116448 3994.25715921061 791 110.008120267929 11082.3124308643
13654.480505052 3997.18832040086 929 14.1270557218943 13328.4137158569
13150.6950548995 3989.20220501606 917 192.472468962466 14523.7642536856
13205.5337853307 3985.31099457328 867 171.070777812147 15164.2972689928
12830.050787755 3995.2346039452 805 125.795558115897 9610.98531057643
13296.209180306 3989.52513294175 877 170.343193293617 11553.1380267514
13079.0558132286 3993.323041127 898 180.376714944664 12082.568957935
13132.5452315989 3989.1618018584 862 86.9712676868412 9790.71340661703
13852.7951621904 3994.13695482195 965 0.550796570542843 15615.9235143851
13262.7321258911 3993.70320697962 877 272.871220655114 11571.9929201178
13382.7632482538 3996.64337277777 956 267.125539720921 11704.6743537811
13381.6973495417 3968.41939809003 850 11.3091804326464 11964.0532391377
13686.5773976174 3993.97301144247 909 18.7820561304547 13976.5301981778
12943.7378616196 3990.65852921988 853 0.549258948093211 11630.6943400539
13078.0735512347 3996.49700828982 829 30.4538818161807 11452.3845825
13039.3744261844 3993.39662039333 847 198.8714779166 10292.2941215865
12960.2880088708 3990.60842152311 815 310.330681043557 10229.3318219373
13010.5877141767 3995.89750195603 882 230.209662066434 14582.4410234932
13037.7529738084 3989.40396714835 842 134.124938237534 11698.2658010262
13531.965418868 3994.38459472244 922 97.8478193446319 13577.1991315886
13008.347881508 3997.20748936911 838 59.3318885341662 11323.1220945197
13208.0959716911 3997.07011415755 943 42.1987367382603 13362.4703348657
13092.4022909918 4010.91589752235 833 12.8717602658126 10718.9745977777
13148.8798442209 3992.55268117074 847 100.949022259876 10490.5223058543
13365.3665091125 3992.13317768509 902 209.202096030941 12681.1424935553
13402.5956009177 3991.59668155181 914 161.755300501154 13860.4495555368
13096.5606811543 3995.01482000367 842 115.778664610973 10151.906366661
13425.9777613921 3994.30943620751 907 62.2814618200723 11398.7986798605
13605.7439318875 3994.70308744379 932 275.644455380627 10877.4348470738
12996.488918617 3996.91574186735 825 60.580970456652 11638.6651537523
13226.6747461377 3997.16771806019 897 0.68749878335484 10317.4366643904
13363.2304608549 3991.8960224719 904 41.8327768667834 13060.171570131
12718.3949357344 3971.67617398243 852 82.3829656082064 11846.4221560315
13282.4017129432 3996.06352862247 905 189.993677053847 14324.6025629405
13225.4611316652 3996.10736690267 845 1.31181972123113 14252.7758148851
13389.9709760027 3990.16879916217 872 38.4174071806742 11526.850117153
12902.2612018463 3992.81259409727 838 130.187068681498 11968.2601151637
12942.7122749013 3991.46562905903 836 139.175854583193 9679.4456163217
12900.8298694242 3987.4827504717 825 210.285412604664 12279.9161767737
13279.0079220284 3991.68360262254 872 252.359850347569 12307.315780443
13539.991199031 3992.67480029093 917 38.7123791117185 14498.6462976835
13268.5025556827 3996.46330989095 918 77.7616713314162 12625.3882165236
13070.2926679368 3988.1332141748 871 309.71068750706 13008.4339136728
13100.7815424572 3994.84354403127 859 81.3676550585069 14098.0788092155
12765.9712708874 3995.77195345051 820 241.244665305404 11137.1290665348
13047.2914750924 3992.35351889262 839 204.703200553075 10600.1191108852
13401.9122547117 3983.0057105285 885 94.5509120351128 12397.0329875995
13209.6780869143 3995.07399400632 865 252.743665243723 10464.2561432334
12990.4263372749 3977.4257758998 840 288.572981916016 11733.7444221268
13136.2867560916 3995.74360929501 884 294.38389273343 10787.2593081523
13344.7708098563 3996.91315303244 956 68.6657228594368 14243.8016209737
13239.8119085759 3995.82487293433 878 160.365765680475 11627.7775220979
13599.7013118311 3973.69486844323 929 124.305399237227 13578.1405951349
13381.2915107209 3993.43660007927 847 86.2770602842029 11670.2697964382
12812.4255312008 3977.38393045051 851 229.101913033655 11967.7945485316
13139.2787695615 3997.01439713487 903 10.1144497593059 12358.4569124181
13602.0717993753 3992.40747466852 921 98.0986916337433 11694.7406315881
12898.238400409 3994.65773274438 811 72.6433674406971 12461.9204284335
12735.7704314134 3990.74796382687 790 96.2946244103823 10162.0537917599
13168.3585193853 3992.58101727724 876 137.853064509015 10816.1808330787
12992.8852909752 3992.51064100183 854 260.369900731547 11796.0357077977
13021.6163494746 3995.97027966967 880 138.093122559365 12681.8339061937
13346.7792366998 3993.93206745718 915 234.515749870775 12572.4953027607
13291.9309420535 3993.14719730794 909 253.275971354798 12314.4215337477
13358.5440488202 3995.3474864879 903 57.3712951511427 14124.3363970974
13535.1840588934 3993.7250450852 912 54.9329463912447 12870.7682517289
13043.2199994674 3991.66003051933 851 166.816087889375 11745.4875551841
13305.8738841512 3988.99794426066 844 178.297506487773 9662.87825500363
12867.1255625169 3993.0075237993 849 219.894395067567 12484.3577202907
12963.8773523703 3995.6223149982 870 130.261707390494 10844.7317890314
12956.1820494716 3992.66959446904 838 266.917010621399 11331.2900325783
12918.5144980386 3996.32839549645 837 112.713386807312 11883.7316754225
13362.5644843924 3991.27016922122 922 1.99231636235618 15987.9655670473
13085.7065020512 3995.09150232804 861 54.5341110275335 14891.7810995468
