3384.41430198799 897.468201126848 342 43.929256989335 715.260619148333
3596.89120866642 907.830596072402 407 1.26278715106685 909.402087772086
3457.91293745124 894.787725422681 344 0.626514685074653 922.822473700621
3539.90523231527 893.279252726424 365 0.641804720448363 778.621975325116
3356.4244779309 901.884976366669 330 5.98931070847914 757.239303777294
3625.01551475635 890.383128271884 439 19.5005000991625 1206.26371416059
3386.30710797592 896.980271767489 364 9.54381231185687 880.270368331849
3425.65370078709 899.657893495932 346 15.3514116430829 664.083105460827
3323.87972380666 900.912130868977 323 1.18098071975589 666.618360764444
3542.31791560001 894.160126492287 386 2.87350464561399 843.955880631801
3539.01555067009 898.076654294983 376 7.66010308961745 706.180547320528
3526.28828162314 911.154239239895 422 7.08734294942849 954.656561588012
3517.24519551626 901.857263259883 404 15.0571774616359 1121.05399940502
3605.17942222515 908.647906739858 392 0.400825769816038 821.138563068379
3520.26104648197 890.692014736556 383 5.87068768047811 746.216565780332
3559.34240547657 896.558797242871 394 3.978732077475 881.292940643155
3532.31723826756 907.187098387585 377 22.7850738692568 663.522502138714
3606.10146051549 907.391642094833 390 9.06311925240595 746.323928586959
3442.31662273916 893.544617465911 368 3.59153273893855 833.183615371114
3599.94783456485 882.228605590956 388 11.6643765223634 823.818389794783
3487.70898202469 909.396862669126 403 16.0931196976424 921.907645137818
3515.81021097806 905.178349712703 390 11.3122980424349 1133.95926286431
3435.93690846594 895.792819778024 332 17.3384469725205 515.279907453695
3386.2439463594 897.309790053356 381 42.8595442609064 1117.45253866363
3497.49852639251 886.504187983883 368 0.538080963727964 976.443978696816
3489.6383583787 889.28737814914 379 11.3014229146265 925.967694407934
3606.12355129735 902.427014088708 360 2.03119457342103 646.736092889473
3555.82149031824 896.49912955607 389 2.64786346546583 942.227506983034
3569.67411646665 908.973324608083 389 8.42022708259685 899.210264170214
3553.01469508608 896.442909664648 416 1.65812918594372 1068.45513531176
3444.51570968549 894.941838158148 335 18.4948184886221 582.22158204941
3591.25994410106 911.292191169933 410 5.34549351031086 1001.65048036417
3496.20311511722 894.93294264687 404 27.8712856533385 586.216777980886
3425.39243171348 897.267187211463 352 2.21371137421949 716.087553211855
3426.04940188077 903.009900063823 367 6.09348701143938 1067.60299704224
3533.86516383696 905.334778480254 350 21.9162809455614 627.011395707334
3476.50374456194 899.908297587255 348 0.250372221452267 739.557022760939
3508.09388911793 906.797269815078 386 8.34375042635969 911.395512436663
3613.45138576629 904.029577755459 428 2.37875819445583 999.033277888655
3384.41430198799 897.468201126848 342 43.929256989335 715.260619148333
3457.91293745124 894.787725422681 344 0.626514685074653 922.822473700621
3539.90523231527 893.279252726424 365 0.641804720448363 778.621975325116
3356.4244779309 901.884976366669 330 5.98931070847914 757.239303777294
3456.40425029576 879.09122975261 374 48.3862875980917 641.91077016258
3692.74401122648 890.106207172918 469 11.0344380403968 1220.83660821023
3386.30710797592 896.980271767489 364 9.54381231185687 880.270368331849
3406.27001655372 892.477868337348 346 22.6202932305976 583.483928091116
3359.49679694972 874.735198948662 358 27.116571491771 884.7749331608
3361.11741610723 899.075269042749 326 5.83569225732799 664.781498938215
3542.31791560001 894.160126492287 386 2.87350464561399 843.955880631801
3526.28828162314 911.154239239895 422 7.08734294942849 954.656561588012
3604.95556589594 908.237483643474 392 0.372843728664236 797.037084394875
3507.43338852485 899.349421330431 381 5.1102408423593 852.898250532588
3520.26104648197 890.692014736556 383 5.87068768047811 746.216565780332
3385.30585968586 870.26118110543 349 16.9634814461066 621.683859321875
3556.63497415031 902.713651937169 367 2.1811241077794 800.563393880315
3642.51810947461 901.029995649709 400 6.41823092227935 843.594837099777
3606.10146051549 907.391642094833 390 9.06311925240595 746.323928586959
3425.25577839254 879.35183973645 382 12.1663427120091 822.900185412422
3396.84099630438 877.528073842593 368 9.27598604328625 849.936015491619
3690.98216473961 892.856931648023 404 0.285085250517625 973.338385915555
3346.55766302796 881.81697419339 302 4.64331258886625 770.158579572482
3627.84113492278 908.285339390936 419 1.4233994146183 911.360899545362
3654.87879185224 891.364918052398 397 2.97449519179798 848.038131628245
3469.6584420122 885.546938553607 381 10.9697489936653 1005.11548889835
3393.28203079895 883.031709369555 332 12.006587264147 536.693295326872
3386.2439463594 897.309790053356 381 42.8595442609064 1117.45253866363
3489.6383583787 889.28737814914 379 11.3014229146265 925.967694407934
3544.55885192133 893.900821275672 388 24.8403823462465 683.395720656336
3495.54422786192 864.969555500906 389 19.9561099556551 838.555387135095
3553.01469508608 896.442909664648 416 1.65812918594372 1068.45513531176
3444.51570968549 894.941838158148 335 18.4948184886221 582.22158204941
3591.25994410106 911.292191169933 410 5.34549351031086 1001.65048036417
3638.63746881969 897.978470972204 389 43.9935796052391 531.256039393835
3690.18939214311 905.259335953758 443 7.67964328846494 806.207050844422
3454.78947861071 889.287189719037 355 1.46091948793372 651.435416777448
3404.90976748401 892.749327691008 367 1.83387588734797 1003.83056119478
3533.86516383696 905.334778480254 350 21.9162809455614 627.011395707334
3476.50374456194 899.908297587255 348 0.250372221452267 739.557022760939
3649.17638343663 909.244275328107 426 7.21128821181321 1002.20153356967
3384.41430198799 897.468201126848 342 43.929256989335 715.260619148333
3457.91293745124 894.787725422681 344 0.626514685074653 922.822473700621
3356.4244779309 901.884976366669 330 5.98931070847914 757.239303777294
3651.90044554299 888.131481384778 427 27.0457149124276 812.928055404015
3779.85397276379 892.831793577434 480 2.77812109498018 1264.76997075288
3386.30710797592 896.980271767489 364 9.54381231185687 880.270368331849
3406.27001655372 892.477868337348 346 22.6202932305976 583.483928091116
3380.80902992981 891.276202560528 322 16.9708821711495 594.670070465951
3526.28828162314 911.154239239895 422 7.08734294942849 954.656561588012
3416.58100651689 904.274508211536 332 45.6870496005691 612.152749987409
3689.44133325661 891.662930204795 438 10.9335646487477 937.736281215085
3507.43338852485 899.349421330431 381 5.1102408423593 852.898250532588
3589.08505814431 893.411287458645 400 31.6796920538569 857.419291024055
3385.30585968586 870.26118110543 349 16.9634814461066 621.683859321875
3405.46239734718 885.441287098318 364 16.1333145773439 883.698806318341
3636.89496071466 865.4828856819 416 8.52691170725944 719.393575053712
3374.37446403398 853.334784557521 351 83.3083811634549 719.258495440022
3384.41430198799 897.468201126848 342 43.929256989335 715.260619148333
3616.26543407947 874.210978778695 390 3.81146421296904 866.730358178199
3332.33325517275 890.228694131095 330 2.97790786371081 683.63672708719
3601.90592342551 894.454968303921 394 0.994051455396914 796.3269480851
3456.60704765927 864.317078893251 381 50.104698814623 706.678428424302
3818.99308037721 904.114305479454 449 1.1111771216373 915.950901649113
3846.71549410641 895.499882973688 494 11.1358112628079 1274.98981887723
3381.17599021538 894.875978064451 364 8.90242259178933 904.763423056776
3661.20445433111 899.814860747319 426 0.341655636002599 858.953324556103
3355.57414524034 875.197815153327 332 20.6738389566231 692.103085907738
3507.15417169597 881.231427624378 370 4.28791402567657 682.470475112226
3270.22956219927 885.898022538347 323 53.1739448215593 784.950798208541
3593.15718916761 909.18078260908 425 32.163183278608 842.211539802393
3384.41430198799 897.468201126848 342 43.929256989335 715.260619148333
3740.01888215068 907.811451594809 438 0.0556732455304427 1017.52905892179
3616.26543407947 874.210978778695 390 3.81146421296904 866.730358178199
3336.68119102344 892.692689753624 330 3.52139984504686 688.564718332248
3601.90592342551 894.454968303921 394 0.994051455396914 796.3269480851
3456.60704765927 864.317078893251 381 50.104698814623 706.678428424302
3938.68662393845 904.05937937518 517 23.3533624242082 1330.69155241072
3364.03063819731 881.712969674373 364 6.75925358953123 783.886712999799
3460.50539416397 888.696492816936 387 39.7426461435526 933.93273045389
3598.86652955998 888.087780926094 387 2.47177585370042 1099.84980629086
3661.20445433111 899.814860747319 426 0.341655636002599 858.953324556103
3589.7896450671 888.034728571729 413 8.80747082900035 996.786237668701
3507.15417169597 881.231427624378 370 4.28791402567657 682.470475112226
3406.87286555381 874.693206655675 311 28.6786969860867 515.768874255513
3691.52648049806 897.270413014363 448 19.8670218623021 760.011765805172
3791.45526595519 895.210035929573 472 23.6853062360714 1175.85213431945
3315.18458543636 863.720252664415 373 33.5027018127231 761.506525993321
3731.4643717047 903.422093006337 438 1.0136405602168 1035.94038219357
3773.39634602109 905.275084294713 438 3.91572866833587 920.517641485268
3301.94960418569 884.972671027036 330 0.820048509671665 715.518008945559
3601.90592342551 894.454968303921 394 0.994051455396914 796.3269480851
3305.40137828763 861.712309501917 337 7.35158153485349 770.984588116117
3688.8007499324 902.7185702195 452 79.1289115987642 853.996274532674
3721.37642345649 871.886924298855 428 11.0909049934527 630.766958494498
3938.68662393845 904.05937937518 517 23.3533624242082 1330.69155241072
3631.29089357283 901.175339426737 406 36.5167727224421 737.113484472213
3598.36860900063 904.617864957761 396 36.0514999399453 862.645992900027
3440.76363278072 883.201815055051 387 37.2749259706471 866.668167394706
3598.86652955998 888.087780926094 387 2.47177585370042 1099.84980629086
3642.9357412029 889.378694500458 438 25.9518445021797 995.305761067893
3584.19903891831 905.319621446053 393 12.1239675776353 939.360011841873
3661.20445433111 899.814860747319 426 0.341655636002599 858.953324556103
3452.14761177449 872.425766270499 371 25.8882049017337 553.872248831324
3508.12983336301 879.612487663366 378 3.92204090054008 762.323798229105
3390.61559359676 890.972288267487 350 16.7385638724983 813.527725043979
3691.52648049806 897.270413014363 448 19.8670218623021 760.011765805172
3692.96754061151 882.224151038278 428 80.2353663623969 790.111295318185
3580.70934110198 906.001008714951 407 7.12415926342152 1067.60295757687
3791.45526595519 895.210035929573 472 23.6853062360714 1175.85213431945
3654.49876055134 896.9704796703 440 13.272930660951 972.06217146842
3629.72747139238 893.167146452884 434 39.9087078735482 992.987988304289
3629.74677478213 862.478699824194 443 30.2958639503406 1077.72645194627
3423.34797989931 871.236989875969 377 9.16391657322532 664.545822143996
3581.4460246945 896.195788100917 390 12.1450487300295 716.450073840457
3727.93444463413 895.402927212871 444 6.15411430502809 1009.11609572895
3478.76366290032 892.639240532437 378 19.4241306631828 831.365342006578
3315.18458543636 863.720252664415 373 33.5027018127231 761.506525993321
3770.33309934334 902.02414899933 461 3.84495039461308 1003.07301520374
3716.236627245 882.043004700472 438 11.0606935153477 842.642277385619
3487.80739598633 896.529207534852 353 4.8697022459329 679.184948194885
3353.68711397874 886.834249171429 323 5.64714021445991 717.379587089952
3723.95967685764 904.545668102526 411 2.44075142982001 1032.64609854541
3584.92125745967 891.731236110462 394 5.37519828179313 852.749589853147
3667.16505734925 894.888475879783 452 76.4244500258707 822.675897173806
3720.00437567334 870.776298602803 428 11.2624109663455 627.76605020886
3938.68662393845 904.05937937518 517 23.3533624242082 1330.69155241072
3847.62179648243 897.535643329367 475 25.7063083300442 1089.8009966408
3566.20172676846 895.468485252866 396 32.030639660925 853.496613195133
3440.76363278072 883.201815055051 387 37.2749259706471 866.668167394706
3598.86652955998 888.087780926094 387 2.47177585370042 1099.84980629086
3644.15475675607 888.445523499374 438 25.4947136697431 929.274880747476
3679.01893342981 895.497210447954 409 1.00160935264933 1111.65645091199
3603.02097152462 865.907445629733 426 6.93127971480988 772.053670411835
3698.50466941276 905.340539169094 413 3.78770558988629 1079.67252390557
3452.14761177449 872.425766270499 371 25.8882049017337 553.872248831324
3508.12983336301 879.612487663366 378 3.92204090054008 762.323798229105
3719.08165539581 899.551544587496 464 16.4226250000829 694.853755959977
3692.96754061151 882.224151038278 428 80.2353663623969 790.111295318185
3580.70934110198 906.001008714951 407 7.12415926342152 1067.60295757687
3816.94930636957 894.939750662939 472 26.8720612878678 1114.78925671218
3315.18458543636 863.720252664415 373 33.5027018127231 761.506525993321
3770.33309934334 902.02414899933 461 3.84495039461308 1003.07301520374
3716.236627245 882.043004700472 438 11.0606935153477 842.642277385619
3487.80739598633 896.529207534852 353 4.8697022459329 679.184948194885
3418.18705947839 886.650054911824 329 18.5403393479072 615.990013478842
3723.95967685764 904.545668102526 411 2.44075142982001 1032.64609854541
3315.18458543636 863.720252664415 373 33.5027018127231 761.506525993321
3770.33309934334 902.02414899933 461 3.84495039461308 1003.07301520374
3716.236627245 882.043004700472 438 11.0606935153477 842.642277385619
3487.80739598633 896.529207534852 353 4.8697022459329 679.184948194885
3418.18705947839 886.650054911824 329 18.5403393479072 615.990013478842
3590.35761132314 873.56002950705 402 14.2595067619934 996.690961974131
3731.03180240833 887.528934167192 422 2.37613364477102 1138.56129009868
3834.02571916242 899.080805257986 461 6.71282014693475 1182.30814201715
3822.45756492921 882.635492393134 462 9.23039553777517 957.577648191062
3924.9521117014 905.765877518578 450 0.358013717960205 1193.63026333564
3656.73377954801 889.021148747652 452 75.120540300716 852.984183224358
3697.81372649479 867.901214593955 455 47.567633172548 630.579945098287
3927.30230384608 895.58906216838 517 19.0842423895681 1307.65583711952
3972.60283150638 910.792509088408 516 10.08367895205 1161.93672082627
