3546.32995615348 899.270361616291 401 30.8001966369731 231.370372875745
3446.83375918794 896.064435844731 350 1.02841795537972 347.939255844575
3390.19176688233 890.564230540167 361 8.72345070708212 482.701994794759
3528.75185874711 884.092064893026 396 0.244172529006221 554.962965941672
3645.21704721613 892.605317202046 426 11.0836514507489 538.424329227863
3565.79059303348 903.038908263321 368 0.00303258948736129 418.786599321134
3403.91469936545 883.088117466107 332 5.645999279043 261.439434090179
3506.49073769469 888.327662052263 391 6.41826432366184 543.770568283605
3353.51961710765 891.305363600863 350 25.8111223080381 264.95805007193
3418.0591909508 893.25449280894 348 2.95765386911921 409.363643421847
3559.68113497428 887.174239979152 395 41.0894227607319 404.107355753762
3482.76301180368 890.121166662291 376 25.3173537538576 219.742748729904
3444.19129447635 893.979361449343 377 51.2488611545099 391.818326229455
3545.44424860595 894.689716508522 403 37.4284372396089 318.849998594438
3321.20589939855 890.851569407311 326 7.47461499400612 212.374158393399
3300.22142365717 890.909009114046 288 3.99698499856646 210.540670282844
3560.97873801006 907.848847860617 416 21.688196599879 397.130156350895
3475.80706961477 880.322250318126 356 0.136097971345009 285.90061701805
3473.04586967439 887.619042093369 401 75.2204108877768 428.810514046282
3511.74202177549 904.883078281146 394 5.09785181359661 751.965833886654
3433.31405302663 898.606026618746 386 29.5525035041794 507.175902023901
3347.58336490068 897.57547106068 314 12.4256594495815 153.215420388365
3274.98481681043 881.333279483837 350 5.53486801386003 323.154799935333
3572.21363072205 893.071437346336 391 0.329075485087515 390.870061120417
3406.77076796398 898.932498295461 357 14.7611939676014 253.362813870459
3449.66171431082 901.784044883502 411 30.0693818833593 671.512406465783
3519.8584884694 889.543838699431 386 0.577434139503509 644.658792559057
3625.63116272692 898.141147617138 417 2.12386716154623 401.376582086673
3523.62171216443 891.190622273482 401 27.9616661383424 284.290633532936
3476.35958850009 874.431566258065 381 20.9701353870714 270.538155197234
3317.63533091192 881.065807844139 317 6.73499635415271 297.344117657699
3446.83375918794 896.064435844731 350 1.02841795537972 347.939255844575
3409.25577539751 890.108628197581 364 11.1064517714792 524.301875478116
3470.60617580215 889.911276914332 375 1.88563826504264 244.933954756201
3797.50044676077 904.285152821364 456 14.8631681602462 561.784000466499
3565.79059303348 903.038908263321 368 0.00303258948736129 418.786599321134
3506.49073769469 888.327662052263 391 6.41826432366184 543.770568283605
3406.82819669132 905.753981129557 354 12.2004572175698 290.272990651739
3471.6702419381 892.29809128773 361 2.76914063487698 694.156571947724
3459.82016722658 895.106573660956 378 22.1911347189001 421.343025776742
3522.2878867214 861.773299311185 394 46.8282439599287 615.752169845406
3353.51961710765 891.305363600863 350 25.8111223080381 264.95805007193
3575.32938241804 900.121166662291 392 36.8881500806525 238.065224241134
3653.34035035064 909.2610542254 441 44.2324289027713 361.611315771469
3643.7570162431 909.720355821155 378 26.5473550092724 165.809550296483
3449.05903843792 894.89329755178 377 51.8573291497063 347.332323215218
3544.73034744009 902.01860146132 416 19.6571477786332 403.380837288687
3484.41345837391 887.512623451195 374 6.30904043367809 283.497837772618
3691.10653938111 909.216523443955 435 14.2030200967803 513.492432098609
3693.49689690696 898.709549501794 419 4.25931100511531 529.971174303569
3626.38557396284 895.965563628371 444 17.7180217796095 437.157035581283
3548.55573137239 895.81749893298 397 9.69956551320934 724.769095842155
3426.61991835861 895.615367226679 386 28.7157366706769 501.194583239767
3458.70498928956 876.424588966179 383 62.8013801570915 357.41810596072
3347.58336490068 897.57547106068 314 12.4256594495815 153.215420388365
3427.23353950742 901.923873429747 382 13.4962223232627 408.514245272968
3443.4189799551 869.738347377777 372 43.1358354027448 461.868543528097
3563.49146033782 887.212735528501 373 28.2377758554109 301.871388596223
3449.66171431082 901.784044883502 411 30.0693818833593 671.512406465783
3519.8584884694 889.543838699431 386 0.577434139503509 644.658792559057
3625.63116272692 898.141147617138 417 2.12386716154623 401.376582086673
3665.73704638249 902.043543609268 433 45.7260829155994 291.770933712498
3408.34461556282 893.875361175445 353 49.5794628524454 266.756242567439
3419.67257148194 886.593840537056 350 4.42356641862966 368.053430668927
3409.25577539751 890.108628197581 364 11.1064517714792 524.301875478116
3280.8996090444 896.434422851571 323 29.3685293480024 511.675462453658
3300.5271915581 845.688524807382 349 23.145511295549 163.097057001596
3498.95613516798 888.953156367959 386 0.195559763400468 565.549159888559
3555.54045498341 901.570134818681 396 6.82423402715085 658.411544002755
3358.08587632912 867.953943216186 346 9.09675521460611 245.614569850668
3497.78461621388 885.070642533214 391 3.15346876835702 564.355659293792
3406.82819669132 905.753981129557 354 12.2004572175698 290.272990651739
3471.6702419381 892.29809128773 361 2.76914063487698 694.156571947724
3528.12291002032 883.108307248991 390 29.0483313342548 364.595911432671
3706.14733753097 885.571013727706 438 43.6690236783526 352.047590972189
3653.34035035064 909.2610542254 441 44.2324289027713 361.611315771469
3693.15942414905 908.938046455087 403 20.3720540210282 209.011047682689
3444.05020361439 870.862746976062 336 4.98731346314764 277.161357894087
3747.1269959968 910.151137067382 438 15.1288028338561 379.680937885389
3665.73704638249 902.043543609268 433 45.7260829155994 291.770933712498
3489.73316686388 879.556112760707 380 12.2934132958849 365.663967992013
3409.25577539751 890.108628197581 364 11.1064517714792 524.301875478116
3724.29641293981 889.59311857051 460 32.2352720883443 272.654620033184
3380.68394217553 847.226265647029 386 14.5884643606564 523.822269167629
3690.10003653278 904.105565061263 447 20.2590209912402 606.793043732793
3555.54045498341 901.570134818681 396 6.82423402715085 658.411544002755
3512.45754699255 891.677622416222 391 1.31935242102247 584.176598942815
3401.20867297437 903.444978699732 354 12.902897682188 287.963988221914
3472.96106419654 891.437020066331 361 2.60778785257151 693.295500726325
3828.96103394783 895.119198953104 472 59.0207357304606 483.378253355889
3747.1269959968 910.151137067382 438 15.1288028338561 379.680937885389
3665.73704638249 902.043543609268 433 45.7260829155994 291.770933712498
3463.8790702046 901.477379262071 364 2.59812704865465 323.584945102403
3738.53048020217 902.370169183554 431 15.694063098893 343.05486426293
3748.04071727023 898.660633470087 438 11.4455209692055 395.758596661068
3724.29641293981 889.59311857051 460 32.2352720883443 272.654620033184
3646.58760455388 886.388252128902 389 2.84848514124906 243.264735774224
3643.21167204355 886.253256924933 417 11.1074540319756 544.658116501133
3735.05191990668 904.68499303662 438 16.6381873451212 368.748649823865
3665.73704638249 902.043543609268 433 45.7260829155994 291.770933712498
3462.84274038377 880.595684215575 388 9.85301520265091 305.901172908677
3748.04071727023 898.660633470087 438 11.4455209692055 395.758596661068
3536.25783034476 896.226369571369 396 0.186284333851177 651.011522708127
3724.29641293981 889.59311857051 460 32.2352720883443 272.654620033184
3705.46105736144 900.94981508978 419 45.4987674063879 350.438121807529
3646.58760455388 886.388252128902 389 2.84848514124906 243.264735774224
3643.21167204355 886.253256924933 417 11.1074540319756 544.658116501133
3564.08191818606 883.750812899732 389 0.24343546457834 490.371163936233
3491.94117504887 876.569245571296 385 0.898289083548661 395.930439170584
3432.8260237188 865.81225387684 386 8.07070416774741 542.408257397439
3677.8276505436 899.720983253659 447 21.7930692398876 606.328809032239
3558.68251414809 884.047292198575 414 4.45876847341947 565.248484747903
3758.82865107062 882.089460512122 440 7.2757733709459 421.303344719341
3355.94898345634 876.700878057442 354 18.5603588719425 277.74309664858
3760.03673830981 893.929787043917 478 58.0375598704409 605.174110383479
3716.37020431718 897.99329821944 448 50.0158630120549 689.648455448084
3962.71951679663 898.567389434815 484 8.86130466216116 482.857699650211
3864.49204314786 896.531108444311 461 3.47173500482859 559.216538176532
3495.51824026402 855.40352003544 402 62.0630992024085 529.336409913549
3834.97481410662 904.930193304853 477 0.616822071946615 355.202165683444
3766.47438795294 897.709038909021 436 3.60817915718303 477.742896727628
3693.15942414905 908.938046455087 403 20.3720540210282 209.011047682689
3366.90686226253 846.005286574663 336 4.65560420583461 267.336451600886
3624.43606741606 898.398308341961 403 14.1644725293302 271.307411297558
3498.76399005183 891.437504988339 396 62.4736825589012 420.49764682872
3735.05191990668 904.68499303662 438 16.6381873451212 368.748649823865
3665.27108337768 901.880676566231 433 45.6678375399983 291.282332583386
3428.28117641393 900.287871754047 342 10.6536472876837 422.722391382735
3689.22642115729 880.851912281688 438 13.7727775002215 592.525447466808
3524.52541023731 897.603514709775 367 4.98266545543459 315.837215997811
4003.39386708317 908.375379380575 544 14.5962509453075 426.804383446835
3698.88902480826 904.194133186325 417 13.5782390403986 269.756450021928
3748.04071727023 898.660633470087 438 11.4455209692055 395.758596661068
3536.25783034476 896.226369571369 396 0.186284333851177 651.011522708127
3719.24336576936 889.866175478115 438 52.2437466758304 338.883197986076
3545.96272008062 892.385858574106 371 7.66487184027147 325.124809545232
3724.29641293981 889.59311857051 460 32.2352720883443 272.654620033184
3693.89432660647 891.741718824961 419 44.0529260620166 341.23002554271
3655.9956709889 889.906806428265 389 1.67247683687128 234.960821661727
3688.23897270468 885.142361064146 438 27.9926917798963 499.385107526041
3564.08191818606 883.750812899732 389 0.24343546457834 490.371163936233
3491.94117504887 876.569245571296 385 0.898289083548661 395.930439170584
3583.77927198409 884.50334144009 430 7.59586320291885 629.991456097434
3779.93679909131 898.606893401008 440 9.91429187353174 437.820777608227
3725.14887478857 884.751916464439 439 32.6181958300814 458.406792258528
3355.94898345634 876.700878057442 354 18.5603588719425 277.74309664858
3777.26599520561 895.941155193621 428 18.9100181782057 312.347670450634
3760.03673830981 893.929787043917 478 58.0375598704409 605.174110383479
3962.71951679663 898.567389434815 484 8.86130466216116 482.857699650211
3907.11215957344 895.695200700145 478 8.79924955802693 619.921023650362
3503.57850668242 874.491821090789 385 14.0724088515611 597.61739263422
3495.51824026402 855.40352003544 402 62.0630992024085 529.336409913549
3879.10062584493 906.908942396211 485 23.4886453629375 327.320673283438
3693.69736195401 905.396416070198 403 20.3048117954083 205.827191866899
3432.18787542316 874.066989168178 337 3.5045224392436 284.792516515134
3735.05191990668 904.68499303662 438 16.6381873451212 368.748649823865
3665.27108337768 901.880676566231 433 45.6678375399983 291.282332583386
3751.28838384838 901.875137944942 461 27.2633792845076 358.989131612888
3425.7992444539 897.178802323558 342 10.3434057926796 419.613321952246
3689.22642115729 880.851912281688 438 13.7727775002215 592.525447466808
4003.39386708317 908.375379380575 544 14.5962509453075 426.804383446835
3627.05364027858 897.7249910437 411 13.3600301582316 244.748485371145
3865.22219722255 897.180055964612 498 41.2929083668114 451.382330071288
3536.25783034476 896.226369571369 396 0.186284333851177 651.011522708127
3724.29641293981 889.59311857051 460 32.2352720883443 272.654620033184
3735.05191990668 904.68499303662 438 16.6381873451212 368.748649823865
3665.27108337768 901.880676566231 433 45.6678375399983 291.282332583386
3751.28838384838 901.875137944942 461 27.2633792845076 358.989131612888
3948.87497319472 902.169910790684 486 0.253547670756234 618.956366263497
3688.45312686639 873.743881178122 412 47.6755478619083 502.271588061802
3726.08325596516 894.628776861054 438 7.84375489373451 501.108556117324
3689.22642115729 880.851912281688 438 13.7727775002215 592.525447466808
4003.39386708317 908.375379380575 544 14.5962509453075 426.804383446835
3751.20772953137 903.170657222201 459 17.9290873735463 416.611131457972
3920.86790176345 901.533257975393 528 34.3371952991998 591.866113047156
3536.25783034476 896.226369571369 396 0.186284333851177 651.011522708127
3795.39548270362 900.307883482566 465 40.2855098481611 290.448089962811
3693.89432660647 891.741718824961 419 44.0529260620166 341.23002554271
3655.9956709889 889.906806428265 389 1.67247683687128 234.960821661727
3688.23897270468 885.142361064146 438 27.9926917798963 499.385107526041
3564.18318105693 883.801444312817 402 0.230777605719084 490.421795349318
3850.45866396468 905.374024473351 483 8.24339100975749 591.839657896587
3491.94117504887 876.569245571296 385 0.898289083548661 395.930439170584
3744.65135146324 900.986440073772 457 42.0858595281077 658.109814700973
3836.14693521403 894.23099838399 462 18.7220495783029 333.066805119495
3583.77927198409 884.50334144009 430 7.59586320291885 629.991456097434
3779.93679909131 898.606893401008 440 9.91429187353174 437.820777608227
3844.19219973447 903.364371812624 462 44.7184997165695 525.213855893133
3412.37316536991 873.027477586606 370 11.5073361327458 124.112193605895
4017.16349154482 890.381366658471 493 11.0771688641953 434.602374574533
3650.16454740389 889.929815945949 438 23.5984134870066 755.929202009103
3751.22640538553 879.031155563275 444 66.6479454054113 559.482758109906
3761.697207344 892.223522914357 478 58.2451184997151 600.055317994797
3962.71951679663 898.567389434815 484 8.86130466216116 482.857699650211
3556.31732828508 889.152654217353 393 27.7952299882904 385.914131524315
3628.57367907474 872.14176091594 396 57.9536954488204 348.901138304239
3984.12998562413 900.344109637382 501 18.4264778143623 619.218841524837
3495.88206277166 890.685432573601 374 42.0151353343005 464.295674152686
3503.57850668242 874.491821090789 385 14.0724088515611 597.61739263422
3809.12403263402 896.332482094195 461 22.8623751561578 600.192271177501
