14328.2838567516 3863.58274414049 1458 100.985725316231 3141.80197283891
14512.5219831282 3956.70499644722 1458 33.0540080537189 3146.07379861057
14668.3280017588 3982.36850007699 1458 8.90446164239529 5398.17237295482
14204.3017522049 3850.28810832477 1458 190.308171194719 2688.59997819333
14325.5745855153 3908.64001703523 1458 160.184528150331 2326.32602808345
14365.8729359073 3902.70548362573 1458 29.2061340008652 3038.92405628466
14582.5341110789 3935.72629617514 1458 0.666787198420934 4159.86001141155
14449.5655580937 3953.52856464854 1458 141.667390079522 5356.00982235455
14533.8932284528 3955.69651041728 1458 218.554649392384 3560.09778830782
14449.9280479043 3973.46970291834 1458 128.628175099254 4974.69934134558
14455.9427315168 3966.86561227043 1458 114.712519804918 2910.87169303477
14208.5903083744 3824.14926927845 1458 118.714168202918 2476.61619926282
14555.9032466023 3958.82382215077 1458 60.0876659501396 3779.57970733894
14659.2130157891 3980.94797052352 1458 221.715844102182 3995.44799387281
14500.7452635675 3973.45311793972 1458 139.415707960909 3547.25149846306
14281.2464912128 3864.86159654883 1458 89.9299710804944 3536.60591061224
14210.6072835491 3915.27122002781 1458 127.277718844564 3194.45457785263
14534.8729938964 3966.46320900615 1458 145.721983865585 3139.1269313271
14431.396538104 3972.15608244402 1422 10.1278048425336 2693.34226035286
14340.7985327929 3848.87412753183 1458 18.1891080171283 4731.0291310404
14246.1845719049 3883.52746294865 1458 120.958901535338 2530.19092450327
14207.4560985834 3847.01994067835 1458 128.523974837512 3208.95929217481
14446.0265273709 3920.93109264991 1458 181.608502868696 2858.11671359639
14521.9289180588 3959.24319843301 1458 132.561786209037 2199.05032228333
14473.1516278819 3939.82175459939 1458 19.9351087104535 3420.86868059451
14294.5316845946 3891.89333579821 1458 51.2687322055365 3431.95530045935
14508.2395692935 3982.72775634202 1422 14.696311529234 1433.62573341322
14228.6082047402 3866.42831671946 1458 67.9317514709464 2987.76220666498
14593.0849625818 3969.60873595793 1458 18.7943497658623 3288.80134546178
14336.7396787645 3857.98881339009 1458 220.7599355655 2191.27949275341
14289.6598478562 3842.11025599115 1458 182.615947285623 3429.68412490873
14567.1403957089 3933.05162262273 1458 2.02013817263355 3531.3240912457
14276.1568214514 3894.48163736908 1458 41.2228960273787 3008.49494092859
14281.82150721 3879.84330516439 1458 92.7209001976194 2760.48116470365
14470.2965949665 3958.69103840926 1458 174.771607446815 3677.74336406756
14592.5129031178 3961.76580930264 1458 6.65838851665467 4215.26664436424
14236.5449895611 3861.76807000403 1458 247.2298039497 3796.45845738528
14209.3282119045 3849.85106890567 1458 8.98244470350755 3401.82199015129
14488.7890199584 3964.05458455506 1458 121.893221560691 3988.98340776432
14615.0629299088 3979.98547955229 1458 158.22404151989 2902.17218611132
14350.3535416983 3918.94433640421 1458 117.541017907729 3793.63060666803
14244.9207646255 3860.93308726264 1458 88.4480950139446 2843.31515201688
14483.3629424995 3921.98014744283 1458 81.9325695515315 4057.84201984989
13734.4000850995 3709.94202426539 1458 137.154214094224 3227.9083074714
14520.2039685398 3966.02769989421 1458 153.985246953682 3509.75295994705
14464.7149533114 3967.30703082508 1458 144.248516560192 2748.73794984475
14124.7981281409 3788.80877504857 1458 7.84385654031166 2928.95865961458
14326.4201658378 3879.40653760923 1458 127.995367160667 2088.04713218746
14400.9112744105 3949.46321316482 1458 128.636381727579 3456.31595481436
14594.4776950561 3985.96118700044 1458 150.123392095125 3839.28350033234
13882.1620733942 3739.97461749871 1458 76.3162597060373 3107.66599893993
14353.473730907 3868.14981895735 1458 48.2612454988707 5258.00860191402
14599.2896332103 3928.62193400855 1458 41.586409475758 2822.51201504933
14299.0836929816 3816.66054357257 1458 6.98642172862992 3885.15821424308
13860.4473468479 3738.1562622908 1458 147.326370525097 2473.32345000988
14255.7418949326 3790.56905767641 1458 164.709471574271 2251.61967052155
14299.0260966403 3870.19587577321 1458 27.2978802395517 4195.32872360228
14325.5745855153 3908.64001703523 1458 160.184528150331 2326.32602808345
14365.8729359073 3902.70548362573 1458 29.2061340008652 3038.92405628466
14582.5341110789 3935.72629617514 1458 0.666787198420934 4159.86001141155
14269.5426465962 3890.01048814655 1458 218.061228681654 5008.82954196162
14489.6262107117 3965.70681051054 1458 173.591640478866 4047.43713194874
14375.4469926547 3911.81384543271 1458 169.855550042067 3416.1329447877
14536.2176504882 3984.31884027662 1458 150.1299317344 3904.53915794499
14088.7895524991 3772.11114942696 1458 279.873500388697 5070.57215691991
14355.3769571964 3917.85052619134 1458 152.424685175065 2898.70082346688
14208.5903083744 3824.14926927845 1458 118.714168202918 2476.61619926282
14672.1559842429 3978.34151281644 1458 37.1941188397632 4489.98227471512
14325.576993708 3831.91709042025 1458 57.1671563035279 3026.31461863899
14478.893048791 3987.46672122447 1458 135.02772459239 4651.17779995503
14571.6302028423 3967.65548623258 1458 94.1769737153088 4034.52740837347
14659.2130157891 3980.94797052352 1458 221.715844102182 3995.44799387281
14544.0650603197 3957.79834720824 1458 41.9158223310687 3584.1390340929
14640.9234706489 3991.28549052041 1458 134.173663405916 3336.19071340459
14422.4146710654 3916.93124587396 1458 16.263146320895 3253.10515752591
14659.5527517493 3985.4463244353 1458 17.8489621424767 3754.79729045065
14083.7757924375 3794.10802326928 1458 38.0143389415473 1824.87939585012
14529.1788159729 3987.9820147905 1458 127.780534264364 4015.46151997693
14208.2335503235 3863.82642564666 1458 102.851743805413 3316.52970316424
14595.9425970329 3940.11455013532 1458 15.1859943607549 3164.33907575495
13992.5104656282 3648.0117046989 1458 64.039975293965 2970.90861608549
14531.5533458228 3958.99381245373 1458 135.873999614375 3569.15222569013
14106.9932620957 3886.23724858737 1458 114.325966162886 3225.71694569652
14593.124117689 3976.88322253068 1458 214.503246733059 4746.08152480116
14495.4823029651 3955.8373785322 1458 140.798147499165 3225.6329275032
13849.7669880675 3748.93303979869 1458 0.0456916723578615 2713.62034379171
14222.2143067589 3858.31313150828 1458 78.9563719605626 3820.5127548394
14286.8149171275 3782.48783981369 1458 64.6795474699575 2855.91099351262
14014.3574457359 3728.07606127146 1458 109.275130683301 4219.71467736824
14541.0769207621 3981.78062952839 1458 139.378608675638 3770.70218435505
14671.5406222756 3977.02761166856 1458 176.236049137335 4162.50886544077
14447.1021780122 3904.32723605533 1458 95.7773663070152 3945.10756756791
14055.8112863211 3788.49920096562 1458 311.058217537367 2959.76223132653
14664.7486683788 3972.93853458047 1458 92.4249266328461 3552.52064645724
14594.3996551995 3967.17374489939 1458 43.2209213675455 3465.73376185364
14583.6611811278 3909.44406029938 1458 36.9198920567947 4478.70534702832
14024.5260181782 3731.28106443139 1458 58.3135108556876 3371.38776867796
14638.4662167075 3992.75510416183 1458 206.298319237113 3719.73409715369
14301.4109873258 3828.91093364699 1458 88.5831508239817 2921.3032317256
14463.5498389803 3938.170431594 1458 125.264401324218 2513.06908505991
14564.7370105161 3971.79465281808 1458 91.2505023419342 2824.81784297257
14082.0322529663 3753.87787176537 1458 307.7915208501 2605.76944723759
14508.2953548541 3945.09225473982 1458 15.5421428389297 3293.79371942929
14294.5316845946 3891.89333579821 1458 51.2687322055365 3431.95530045935
14230.1898150972 3880.25707645974 1458 11.1542746801106 2206.93586627211
14591.1538097246 3945.33707714331 1458 25.0605915831175 1751.47910682649
14471.7215633756 3970.23637055106 1458 127.394487433837 2606.68030399039
14228.6082047402 3866.42831671946 1458 67.9317514709464 2987.76220666498
14450.6488179374 3974.94213173793 1458 129.264108288685 3933.25804525301
14464.4695726437 3971.41332778011 1458 202.079900053178 3679.62796146996
14387.7845500077 3930.20363784094 1458 92.4409303382263 3033.79303221306
14259.7510406051 3845.49394685616 1458 195.766459255742 3713.09912682225
14417.8376865928 3908.98502361825 1458 27.1688947556338 4207.71972080377
14452.1210335081 3961.77716147271 1458 149.406648257808 3968.87817277534
14351.0213493384 3895.18554298816 1458 56.7037542736307 3555.45492172858
14470.3386786511 3916.11805330367 1458 119.558795782247 2876.31005754009
14210.2520004213 3780.15980115526 1458 230.773504838536 2359.59595967928
14475.8697025963 3962.02728540661 1458 196.364797535369 4510.11352081406
14089.9646844308 3804.01692452309 1458 129.74778879424 2545.90982826581
14212.0465051698 3771.69611221423 1458 115.175119743238 2269.44253032249
14623.0148309226 3977.98982531474 1458 3.63940495440283 4083.01732308968
14617.3207598456 3977.16265636312 1458 96.385348144926 4350.47651572705
14591.3288968575 3930.95737583111 1458 6.04720148080924 4286.65896490054
14251.8783729979 3793.03362269148 1458 148.638527021232 3176.55246372698
14471.5244316687 3922.52392753339 1458 54.7697756962925 4860.65497391829
14479.8796024833 3907.81150429706 1458 60.6696132938744 4042.62148381132
14535.0997118476 3965.46335705771 1458 1.74546112548842 3858.14741553168
14158.3718622183 3991.35432605302 1335 11.5310301223249 1332.97986159745
14577.8492498855 3946.78438516894 1458 102.89100434491 4332.11569540891
14219.375109873 3816.69015502006 1458 142.911579153056 3456.59034164828
14395.068228758 3871.76348430603 1458 23.5291590414924 3210.69334440766
14532.9827306983 3962.08099406168 1458 207.885704506473 3953.14393168772
14235.4536309187 3858.91556522412 1458 36.1349972107919 2741.09804924294
14073.4612476338 3807.8724383448 1458 28.8268930162335 3302.79576720292
13902.6422363731 3754.5406307575 1458 45.323491343011 2788.36790270867
14284.4972065178 3899.07140022655 1458 151.54668389073 3673.49259227627
14337.9038345121 3890.70939023637 1458 91.2742049144224 3712.84818484836
13788.0254969419 3720.29398178671 1458 18.1305546942281 3511.68919153038
14191.4205710305 3858.77046593291 1458 58.7600166164316 3419.66078420577
14629.0978438979 3944.29522462086 1458 30.8065248083217 1810.69356493444
14378.7947875165 3891.28954934313 1458 136.964043032711 4858.23081226012
14413.7433919944 3936.39306555944 1458 112.512518065198 3829.07523427354
14681.6307452253 3987.39951979837 1458 59.6403724879813 3669.75728037789
14573.6579658037 3964.3681510371 1458 153.048421006751 2886.55485759612
14387.6894167976 3938.50036843458 1458 143.051293345831 3343.4939906794
14527.9004042325 3969.09867687787 1458 73.268423000995 2520.89844947116
14289.5134208001 3881.04065352788 1458 109.199854116689 2398.90307070463
14386.4522635869 3927.79050724916 1458 186.328127794155 4293.72561686939
14274.5041535308 3818.55560380864 1458 8.33685233989718 3756.67903808463
14343.4903726378 3914.69800665912 1458 120.114706305399 3820.88265443387
14140.5251443463 3779.6361330968 1458 21.4669591196111 2499.91296640963
14238.3486886057 3865.37406997737 1458 48.7465870141004 4848.72672386749
14525.1072658691 3973.18238029058 1458 47.2168603926468 3196.53808646445
14704.8215399765 3994.05613328884 1458 14.8160362974002 4175.23977492871
14539.6308595097 3921.37675180554 1458 5.7069131924236 3900.33012815519
14669.2123525509 3974.0932398541 1458 43.5716792475707 3171.71484420548
14588.9132603903 3947.72263841176 1458 20.0136653263312 4759.93754345147
14195.4221558271 3785.37159093057 1458 195.710085127612 3769.06713124947
14211.1942465594 3765.03603706419 1458 236.814778880669 3815.26941176785
14565.0639193052 3985.19529038324 1441 11.3401487518499 2240.23986629022
14564.6723706739 3940.98971035195 1458 132.815813303863 3466.87015807173
14358.860690717 3918.81660527252 1458 97.009818826871 1591.38272929454
13680.1158616625 3637.35450120485 1458 130.368686164603 3066.0203561222
14422.9810348337 3897.16405596251 1458 141.832380240418 3442.87323088447
14438.5681008675 3950.64901005406 1458 195.912734745958 2109.45302330716
14023.2214387731 3648.91473587203 1458 155.999037115805 2528.41147685168
14250.2376289592 3851.93668607484 1458 118.47255005084 2214.71142808108
14089.688098212 3785.53272809999 1458 325.461057060141 3392.74466201669
14522.528939155 3944.06883813339 1458 177.104175558042 3833.83454517271
13882.1620733942 3739.97461749871 1458 76.3162597060373 3107.66599893993
14391.1044039933 3885.55021645455 1458 43.5574113630882 5177.59228732128
14107.8524232652 3740.2367465865 1458 310.613869969968 3727.91745444515
14073.510150585 3752.30674147922 1458 198.411300675023 2428.31620878623
14427.6581921188 3886.30076243644 1458 35.2691254829756 2971.94251725999
14272.31141178 3795.52227432985 1458 10.3329568788231 3935.56925156713
13912.6267027532 3752.4119903749 1458 153.848790013254 2399.1029478076
14495.133468561 3947.51617751582 1458 97.6120638315772 4666.35129652026
13950.5996512958 3674.78480034573 1458 48.3081898433709 1978.53042217079
14299.0260966403 3870.19587577321 1458 27.2978802395517 4195.32872360228
13687.0833498449 3689.35729037037 1458 80.373123691533 2255.00835588735
14178.4568405582 3836.31367344598 1458 38.553421648518 3190.40383376865
14545.3165981576 3922.2855860328 1458 3.98540191673919 4170.27949237288
14269.5426465962 3890.01048814655 1458 218.061228681654 5008.82954196162
14341.399415034 3795.33435562611 1458 99.8541431034857 3660.32163655019
14525.0144941944 3982.53876355022 1458 148.729537197677 3813.5121802675
13974.1037264713 3670.36997911003 1458 116.014861366529 4435.83083679519
14304.2270863622 3903.32934445058 1458 181.520117530403 4277.97338937519
14245.8944437779 3834.15430478153 1458 31.7068927749833 2457.28956402531
14720.147301965 3992.5051774391 1458 40.208375653267 4050.1684580214
14177.4651384881 3803.44763640799 1458 275.054451204397 2594.26571005766
14628.8887791648 3956.1886466852 1458 31.7857182049929 4276.64982456914
14135.0113943338 3748.70537236631 1458 268.140567958522 3103.19614547913
14067.1579565103 3856.77641551186 1458 83.5608380572965 5073.83570314533
14367.7725951879 3897.62698106909 1458 68.6947727585073 3940.54535462961
14659.2130157891 3980.94797052352 1458 221.715844102182 3995.44799387281
14383.5681546654 3860.03507953049 1458 87.5470180356801 2969.00862153606
14440.5314148098 3922.90770048737 1458 28.9741166423355 3698.91106122627
14496.5370671157 3934.69857169876 1458 155.82880101232 3276.03546472545
14165.9407920705 3819.93007285808 1458 90.2232861264667 4598.87154703275
14203.3489317359 3758.09822996664 1458 298.264115498301 2990.16838293358
