14481.7623183042 3906.68942234713 1458 186.373527996206 12139.3616286544
14500.4093938625 3921.8124589771 1458 9.06836708218225 14436.1180425708
14436.2800632867 3918.98266343183 1458 28.1734981820323 12412.8688174284
14620.9488161793 3978.41147258923 1458 103.371452278296 13255.0623910811
14569.1592744902 3961.48414120638 1458 32.5012971242033 12344.5401110112
14370.6645546195 3910.01606144704 1458 132.51487310175 12390.5860167714
14430.4411432002 3878.30251971893 1458 195.803577450424 12060.014222358
14277.7476913326 3861.01599365471 1458 90.4515674933068 11749.1622824232
14398.1755804373 3890.87336979381 1458 153.789977390505 11437.635679308
14292.026264994 3882.13065036193 1458 221.00878310213 11802.5128106037
14426.5418650371 3933.93249176058 1458 76.6527674202753 12199.0748084153
14154.2144393871 3877.33604352348 1458 137.605177689384 11964.4227450009
14583.945503947 3945.57915088543 1458 9.31529362527431 12040.7813214906
14522.16524868 3940.71552628947 1458 114.690948496681 10574.8184581594
14391.6390786871 3977.43284373642 1458 168.303448662241 11824.7542865546
14536.2748141018 3969.55056571425 1458 150.029188258162 13870.4786776872
14114.0203843751 3774.877635071 1458 211.479532131703 11360.6645402023
14360.3620564984 3914.64313968384 1458 202.978015199472 12248.9890476743
14312.1093503298 3896.36742304308 1458 79.7731170698589 11746.2396008371
14517.0928294614 3941.30348643539 1458 178.03793252953 13822.8680787257
14433.6373229924 3922.86823646207 1458 177.580520215075 12442.4782877134
14564.3631404295 3959.92717757221 1458 227.534505774227 13893.1514159439
14665.7082171924 3981.519523125 1458 13.7932260984521 12837.6709150281
14374.6273350497 3903.44533551747 1458 90.3877935374285 13085.0857198288
14401.5711438208 3937.51790616528 1458 81.7232172423978 11032.5208710897
14580.6771226631 3970.48253024207 1458 135.280508038768 10467.1832566579
14262.2438284359 3892.67737885772 1458 147.915247240907 11071.2584164642
14285.1152824382 3897.59548730078 1458 144.894502116983 12202.9903653398
14205.7045617435 3821.30579538393 1458 121.806775576987 11050.4999569407
14638.7690263094 3944.75326179541 1458 9.12083205141926 10734.0180082019
14125.6140294025 3761.079599024 1458 183.014820828922 12145.8541015827
14529.5271041968 3957.96917103241 1458 61.1974832825968 13488.3773801934
14230.088475267 3972.01022511565 1379 221.403771129289 8216.60321047217
14561.3694252066 3972.44355573972 1458 100.283367462774 11659.037209211
14617.5052024816 3970.64806888105 1458 146.460882396316 15214.6129664648
14408.3460265471 3921.29028937734 1458 138.960993043183 11400.6362878365
14540.0374901061 3957.76700265276 1458 16.8219718281237 12167.4871834105
14610.7653265162 3953.91056100821 1458 14.1873015621443 13551.7280796984
14538.1099816229 3957.50531452366 1458 8.88974093346428 12821.1084114021
14469.6311399084 3950.56302326343 1458 23.2150257511421 10733.5322996106
14510.797096003 3916.78690674196 1458 28.9943103703763 12008.3588984924
14441.8464740073 3935.21577619325 1458 46.1849060266713 10924.8632356455
14353.2167253693 3941.56289659607 1458 147.344174749363 12239.8893207776
14441.1170770642 3949.71300496351 1458 157.228465277281 10185.220108907
14494.6072501437 3963.07170874868 1458 120.49247372883 12749.338859663
14416.6233318704 3944.90121645394 1458 106.293945114761 11724.3095694862
14492.2047406719 3956.5529244212 1458 161.077659960892 12376.371555509
14471.6302279122 3939.08981799851 1458 160.08531168218 14094.4069591698
14448.6492957582 3953.55508848812 1458 205.801219879542 13557.0295125114
14471.6354129874 3927.1142066184 1458 47.506859171724 11834.2868418809
14566.437071496 3975.13366252396 1458 78.4602594476639 12604.5351640567
14449.8022609351 3945.50220692456 1458 100.581158275535 12769.0406547454
14415.5089294782 3895.20412489405 1458 132.718746507549 11248.9152941184
14276.2743306417 3863.09989205583 1458 49.0407171267784 13946.6883035997
14385.0677210021 3885.47519839088 1458 98.4111743703402 12325.3341085868
14050.0299446652 3778.92401502778 1458 65.7527795248232 11300.2469713616
14548.9344028101 3952.33143726224 1458 112.373253949447 12994.2620378111
14515.8380478822 3973.7781749486 1458 314.763714236246 12838.8134720237
14494.5563440812 3935.68379731511 1458 23.1759308230771 12264.5159596855
14282.1934340765 3783.08351042301 1458 121.455983033873 12274.9865742341
14430.4411432002 3878.30251971893 1458 195.803577450424 12060.014222358
14173.2891065743 3751.68131690534 1458 101.63095742619 11949.9098160716
14565.2638702653 3921.61777517643 1458 30.2553259322751 11534.8621485786
14112.8915967299 3681.49735878054 1458 157.770873568601 11406.8240613021
14601.073725992 3975.155497607 1458 165.76292559452 11372.0789454529
14175.2535248737 3841.48055927547 1458 92.4708691099979 9450.93301991754
14051.1127224911 3784.81933719647 1458 62.1221963881171 11292.1502191856
14445.9812870748 3938.51844848455 1458 130.703356802756 12057.5229180397
14205.7726817438 3823.8051963924 1458 129.739615053821 11056.9701708618
14420.5046341066 3851.60061873983 1458 77.7282719825564 11161.1642867221
14068.9401776611 3788.85850624139 1458 41.0602664304415 11219.5870744337
14499.5595266367 3978.64569761221 1458 159.974297464191 11431.066461324
13956.0392265965 3771.19357871272 1458 17.8399376151988 11871.150529774
14257.9297717748 3893.88604270168 1458 150.569594237848 11443.6028754431
14610.1981562339 3961.90375413608 1458 1.17758611197746 11733.0097189813
14484.5006157952 3966.9531295114 1458 108.426511104935 14133.4027944015
14436.1250218498 3927.96604428287 1458 147.919637339442 12375.9547140419
13918.7914977138 3721.58947825275 1458 215.893151912589 10502.6937403693
14547.1803635305 3955.62133349697 1458 143.721979564049 10224.3412901427
14562.8181959731 3968.90647710419 1458 168.474882733377 12715.630060357
14275.1168995829 3848.96498799716 1458 39.2206442917263 9957.30049571569
14340.6227565144 3832.29921610698 1458 52.6663812539452 10026.2075026231
14207.2960359295 3913.33786150973 1458 145.260568317532 11765.2607250507
14278.543003996 3828.7754230514 1458 41.9871535432551 10726.8912952922
14411.2045367809 3962.05048544011 1458 143.174687658674 11076.5849872302
14205.8914495888 3871.26556295494 1458 215.353120789227 12237.6378588548
14531.672839096 3968.06540224827 1458 149.453941382436 13726.6391393694
13764.9542769913 3549.37715134912 1458 20.944430592579 9935.77783436899
14428.5299288604 3932.52125655399 1458 198.697338736398 10155.2646519012
14303.5997821517 3897.44649553329 1458 195.882730906131 12258.7608651062
14289.2258955201 3833.88800612018 1458 343.383798214596 11348.7311947564
13685.3210462035 3689.6779218106 1458 1.424579054069 9906.52599811098
14266.7255285417 3879.21528930162 1458 109.674425687049 10295.7089428962
14510.5681678623 3935.88466682947 1458 63.9679795667034 13149.4274155706
14498.8214130976 3990.11817279522 1458 158.555333122702 12576.5979199386
14529.4113487728 3938.61622433553 1458 122.970974054925 10694.5669531716
14424.9235529423 3947.03757894581 1458 48.7949769796496 10891.1919293788
14434.8959801723 3910.01620021627 1458 37.6101314685045 10638.7934914582
14417.7989097814 3910.4196987404 1458 165.626192569522 13662.8807467011
14525.7519034728 3915.26249130351 1458 16.5948459825825 10209.5459149561
14183.2733252295 3870.96627498972 1458 8.74727210613923 10518.5366454281
14682.7838539544 3971.98098362982 1458 170.913260283241 11415.2861556566
14667.1266581301 3981.8176065484 1458 75.9671134065236 13629.4892669905
14519.8094161097 3882.23774027259 1458 75.6521560611641 11078.6996232083
14316.7738636397 3852.92551018061 1458 0.0434221514528872 11470.7756578346
14553.3607122067 3956.00746712842 1458 224.040337268663 13411.7735303173
14369.191554942 3891.5972469345 1458 47.8845165554374 10346.6762911242
14249.1553161204 3897.10281917353 1458 108.679940737336 10978.5782435999
14303.0285403294 3883.08610989172 1458 130.199951874093 12082.8410230191
14457.1909958664 3908.49170879546 1458 11.0767047413538 13347.1614989092
14203.6888189702 3872.48319839812 1458 94.281361836609 12480.3410807775
14498.1999954419 3919.18671369325 1458 4.40831430269395 12112.4839586838
14433.6373229924 3922.86823646207 1458 177.580520215075 12442.4782877134
14140.2621461825 3719.41843637311 1458 126.182728050454 12529.2823664739
14360.3495642171 3846.04629761916 1458 241.310781576701 10412.0173531715
14666.7848642787 3989.6918691946 1458 18.141503820209 12411.9260016236
14336.5349004416 3808.76922292247 1458 137.233219879996 10756.4827571909
13433.2769110837 3589.57960092645 1448 149.045460282546 11181.9510103559
13802.7786866011 3723.18286282587 1458 6.87416008992909 10517.3385013263
14580.6771226631 3970.48253024207 1458 135.280508038768 10467.1832566579
14560.2069481562 3982.22452355423 1458 8.97248810681867 13494.229096572
14577.9632497427 3992.21811126961 1458 6.76800603227503 13559.33210358
14264.3279732091 3895.32036079364 1458 32.1571491950854 10675.0293840653
14482.7157561053 3960.64494651303 1458 52.7343921093423 13144.9845753026
13993.8405734238 3786.58440154331 1458 165.833741730627 12058.2079229951
14285.1152824382 3897.59548730078 1458 144.894502116983 12202.9903653398
13752.1778120657 3696.38514579756 1458 174.323362306885 10874.2213083925
13742.1497854332 3714.39760717003 1458 4.79075672956151 11413.4428148621
14443.9309810427 3917.58888414111 1458 33.2729787678302 12368.42460352
14772.1934976143 3977.7273776997 1458 127.915916303163 13275.9593654223
14130.8396038125 3803.15149682304 1458 92.2354822177754 10469.4285859181
13841.2799365257 3767.34564103506 1458 224.050513388838 11436.3943963038
14467.242863963 3941.61173541134 1458 87.6172931600026 11685.5848065117
14164.4950668275 3727.18622066356 1458 98.8105795728507 12577.7982688384
14230.480692889 3754.98851504471 1458 166.148968212242 11122.0058660079
14362.4834181574 3848.28346715645 1458 91.987727693685 10740.8893451829
14458.0747082087 3935.671390777 1458 194.049099522505 11572.186234049
14538.6022285277 3956.75378523887 1458 6.92822931931232 13212.8094396498
14577.9441608297 3962.95490384825 1458 112.347703573713 11490.7106275537
14459.6974436481 3901.20310894811 1458 87.5743697679593 11487.5731372832
14290.3513014172 3851.9580656628 1458 105.566644763267 13700.0406654838
13868.7745855167 3716.40448224798 1458 22.8506312695063 10512.692035633
14433.8775045139 3873.73205235952 1448 3.55197362909962 11137.3017925958
14338.3349919996 3817.50794236914 1458 150.710761886393 11428.4990798756
14531.7648243126 3939.76170868191 1458 9.58615034314562 12288.4591733188
14209.4871233272 3873.54587189161 1458 164.022519901377 11392.8020360544
14342.7746340849 3920.94006146007 1458 69.9419392744242 10474.0879518526
14356.0642859447 3907.07381191909 1458 9.01916900567403 10410.4486537105
14423.7935902237 3911.15069699935 1458 110.958424282061 10368.2390568892
14685.4101666566 3974.72599536297 1458 48.132215814865 11667.4123255419
14629.2526672574 3964.18706209488 1458 2.04330917040102 12309.2199914027
13837.8047916144 3704.39425259515 1458 46.1847232221264 9512.93956732885
14342.1296641727 3921.96612715963 1458 99.2574921860214 12814.6255415504
14326.2339436124 3821.11771607571 1458 67.7239763211144 11164.5842432295
14441.8464740073 3935.21577619325 1458 46.1849060266713 10924.8632356455
14533.3415569569 3969.37151686387 1458 144.712408724878 10555.194002173
14040.3587610577 3771.16869067184 1458 108.236929210408 10840.0002037587
14426.9549306823 3949.82522390308 1458 26.1873832942244 11128.0044836515
14305.8716058778 3921.33889572091 1458 161.011503087147 10672.61958538
14269.5680965356 3907.82433807975 1458 17.5133417196764 10054.0070172754
14517.5025453316 3953.81876634595 1458 120.002351755973 13154.9566202408
14460.9722045961 3949.49302985808 1458 16.6458414246219 11429.8219747326
14354.9993582953 3927.90777706643 1458 136.262973558918 12960.3678247469
14112.6789022449 3741.04633721844 1458 314.037779680571 10320.9685139547
14449.2538544037 3872.88758664019 1458 150.700711528155 11427.5813035735
14183.5565114778 3898.8952384475 1458 120.962772158387 12575.0614215628
14625.8123448648 3955.25814692805 1458 30.9838847404442 14044.0597046511
14682.3170827866 3983.10478164812 1458 19.0709023919687 12923.4686413279
14228.0623390852 3873.4757538358 1458 26.032818580713 10929.0092439067
13884.557521628 3615.95475837886 1458 42.3649155727687 8402.39809566041
14401.9032757213 3958.53576569391 1458 167.027026846379 11859.5942146884
14401.30626688 3866.22081389521 1458 210.232746171173 10762.0149838097
14555.6761254388 3939.63146347958 1458 45.647827174296 11913.1560280776
14069.1833846988 3796.0475440056 1448 67.3144905482263 11211.1878798772
14392.4360912774 3928.42639557524 1458 128.401838340621 11894.7708091989
14366.5118720739 3911.98858119931 1458 100.030012640194 11525.0843641541
14432.4560502645 3885.31718583267 1458 32.5036297548527 10922.4050927945
14495.6138888182 3953.20543100871 1458 161.503803479178 12001.3411510717
14483.144440507 3977.20978076404 1458 41.864612085097 12331.177033648
14271.3398442652 3878.41039079638 1458 44.2282069122871 13843.8351986856
14448.6492957582 3953.55508848812 1458 205.801219879542 13557.0295125114
13980.6535260564 3806.05667692567 1448 97.5275209253971 11068.854205816
14086.4892388208 3776.49275815476 1458 20.5169446346147 10662.1033262871
14566.437071496 3975.13366252396 1458 78.4602594476639 12604.5351640567
14385.9350010907 3898.56588707408 1458 235.460319293547 12333.7109968211
14245.0003475025 3783.63130822589 1448 3.15465766322723 11081.7007348055
14259.7206329099 3955.38639197417 1416 19.115657831821 11147.8011168263
14314.435813566 3966.31362086485 1389 89.2361391908505 11923.525350639
14526.44533474 3971.22035939523 1449 156.434376688017 11260.480248307
14238.1074221191 3944.39882209548 1399 168.159757002489 9679.0769057807
13930.8901985315 3969.12855580437 1302 141.403824144116 10714.5872089833
14363.766704484 3973.14088217711 1410 47.8400780962434 11500.1637749376
14242.9173113017 3954.23960628191 1349 91.1698589705204 11240.0464987493
13812.7189190937 3987.31596678734 1229 142.797101206218 10371.3090475116
14461.3945005191 3953.15432029607 1449 209.33690949176 12495.44375185
14230.1296582684 3967.23662954877 1379 82.7988817356695 9599.35217075241
14164.5579558728 3948.65360375112 1352 75.9181052366775 11635.976844776
14391.7212578954 3955.75185738118 1419 27.839871805824 11959.3241325397
14124.6191279133 3944.24326065656 1391 205.65117057032 10426.587009755
14130.6864277287 3967.65492019206 1327 54.6431910327203 12167.4495551824
