13852.6467281408 3958.37679847822 1300 126.471614061465 4293.10669004195
14208.871869462 3807.93016055788 1458 155.543043411805 5260.27855545914
14308.4967827781 3901.18046486241 1458 86.7913863151823 6741.7179688949
14466.0118002259 3941.74814517856 1458 102.07294817331 5181.46055052867
14382.8615983227 3941.03856520887 1441 53.076901357221 3087.8967263792
14175.1485070619 3865.76375601528 1458 197.490011523468 6018.5147463592
14394.0635857583 3909.14235462311 1458 209.260231267978 6148.74546184804
14214.5846525872 3853.03306403371 1458 128.852549950498 4673.05925645249
14532.1033428133 3954.49871526341 1458 178.589978994979 4390.83595513868
14490.8858839346 3962.90579929858 1458 215.401784255708 4709.98554288064
14533.0989310099 3966.49410342763 1458 121.765755674384 5381.30436646013
14055.6869832865 3971.85795133247 1323 3.0148546209914 3595.35433889786
13890.6118303703 3937.66824830985 1284 124.630852310542 3675.66601481158
14446.3394026274 3965.44487948295 1432 26.081393494617 3850.77102416938
14132.3594117009 3954.96445651847 1358 122.674957031656 3949.21318665624
13962.8219247964 3988.06977655952 1265 113.04130426984 4485.22606157784
14418.4229315743 3857.99153931784 1458 37.8837231065563 6453.62061800759
14313.977254871 3835.28549419345 1458 194.717633465322 4848.59468933108
14117.0162773477 3945.23903062282 1363 83.4717386323048 4448.05239290331
14366.9332002617 3922.10233704885 1458 155.117838796711 5227.12433103428
14426.8797159864 3936.03403174398 1458 118.007869590218 4102.13737627739
14514.5116189801 3962.7558766921 1458 69.0814484202301 5300.00148646269
14535.051255789 3961.82223941573 1458 64.1264736319451 5346.83932329459
14089.8028382297 3966.96917760578 1327 97.9597909565696 4442.78221782095
14317.7211843571 3894.11579792232 1458 80.5544876827344 5945.4446952858
14358.8622083435 3946.62560986974 1432 86.0365152283703 4089.12505614658
14254.6126551005 3893.17937059606 1458 8.08726254278872 5112.41980991749
14257.9965802813 3880.30198830441 1458 266.154234986356 5701.66170885446
14090.2017162678 3956.45761072753 1347 26.7068533709294 4447.88247315444
14502.3328698962 3942.2340909757 1458 212.525588029636 5319.93228250638
14493.2428085155 3946.00952281358 1458 46.933132918394 5564.69952738676
14027.6217049666 3985.78768363639 1323 94.8306325650967 3869.25749405126
13871.6442283756 3948.82177873277 1315 66.1945245583679 5141.85616320407
14174.895472115 3941.90671214811 1379 12.9573894542764 3939.51214431818
14616.7588986464 3946.86762664059 1458 19.3155248675923 6368.10671255718
14415.5747045839 3948.32480870606 1458 157.616685486892 5253.34706508665
14197.4593291903 3783.2734577693 1458 271.447484164196 5454.86462028124
14060.1905890826 3971.690395243 1327 105.376252317469 3668.90169543097
14282.3648275921 3961.1072129236 1399 88.6089745128443 4098.60478316678
14118.6603493316 3963.64783591399 1339 69.5751727848178 4198.44578939348
14241.3579797115 3875.27003061574 1458 114.765366097806 4459.81228888662
14103.3112459006 3846.07753178851 1458 45.0489496432933 5750.51069123025
14272.5745863501 3970.14288398624 1410 120.986722357599 3962.1287854811
13958.4784663105 3956.36087624228 1301 46.796926486144 5237.44605315175
14490.3183941095 3979.80258004349 1458 270.485835350338 5203.91352079317
13721.6458687948 3973.52439603685 1198 68.9960053323096 5097.76255011362
14247.8163244731 3954.44798731053 1364 3.19103194359491 6562.07604247433
14437.3132739629 3920.36499056315 1458 79.0279071818038 7236.57029211355
14104.1275721217 3967.26748458751 1329 12.0239245696264 4167.18070375809
14265.5754371111 3879.76270497942 1458 133.917372076437 4599.48004890316
14210.5514798029 3889.14607329715 1458 101.494028004769 5658.5562052427
14322.4544147797 3856.10136242592 1458 198.052244417926 4262.75529368748
14528.9200081719 3945.72170971522 1458 70.1685547884804 5390.00084637497
14274.7615647906 3957.39198237717 1422 102.356496449641 3884.80029370863
14504.8223629795 3951.50000199071 1458 146.407492710144 6251.16948922781
14147.926738707 3990.22516776749 1365 132.025258942026 4045.2583902003
14193.6051953229 3869.08065284619 1458 114.382000765693 6663.30927587495
14640.8620688009 3979.7779924902 1458 2.61905326626538 5076.58608033251
14555.3698833327 3939.76552335668 1458 75.0524487272385 5495.36807563014
13959.6025538315 3960.65187847576 1328 181.12070264 2875.23612685518
13743.1488810512 3682.5895998007 1458 184.622410961501 4842.08021670819
14605.5078312617 3956.85607131527 1458 16.0115541342998 5739.64309406942
14391.6329277514 3948.72089443908 1458 173.471712871653 5140.87792699342
13927.2218883182 3700.62298737855 1458 39.1320245076922 6068.73978804548
14386.3797937696 3896.7437460764 1458 92.5259829537958 5019.42000006153
14404.0574375618 3907.22149398309 1458 71.9073166187029 5053.98657951394
14416.9513591822 3894.32495833682 1458 95.9403930428541 4891.89996567328
14380.4396009928 3930.37462380238 1458 118.455534657095 3067.89689371832
14611.7293492924 3987.44055849462 1458 78.5447522172503 6261.52032910289
14287.846785995 3866.75043973378 1458 211.57729639011 5950.54210333623
14607.6308915702 3981.25892291556 1458 64.8802492449013 5929.76699144254
14767.6190414658 3993.34424812863 1458 75.2300426965492 6788.86191645375
13979.5932649413 3830.59450678789 1458 122.240646340219 4155.47229705716
14289.8410312531 3856.73437052368 1458 7.72628278573393 5400.76782699351
14560.8096329128 3952.81939337187 1458 10.1026564752779 4112.72764356098
14187.3455506184 3756.32349306155 1458 52.8924154379242 5375.82015217361
14061.1626423515 3799.26492342337 1458 109.674798671037 4460.22697688234
14511.3264452373 3918.74413656603 1458 53.0589451844771 6256.42875094472
14308.4625097875 3871.55568913242 1458 150.634874866748 4245.26066918952
14195.165246878 3853.79370080614 1458 178.436704623626 4135.26326013563
14508.8911388978 3983.15331528001 1458 218.619731758477 5297.09259889988
14322.6042152882 3854.60148962779 1458 139.457028333848 4324.29325828024
14502.8702469258 3974.39760343726 1458 130.965285933612 5608.3588932931
13867.1765969036 3748.46535179483 1458 205.006047437669 5233.70364415811
14344.660838681 3920.25015185037 1458 65.2799432644065 5834.6466177109
14563.9382783998 3862.81256239354 1458 121.078119056191 4462.64301912532
14112.2312986562 3977.21173967279 1332 4.05318480021811 3743.5391914133
14403.1795247357 3984.37026817499 1410 34.269110644645 3684.50701912853
14590.0653404085 3986.56948810011 1458 1.46389366016274 3935.26945863801
14432.2022966275 3944.72028946694 1458 137.781591988979 5210.24374563812
14615.4992443333 3974.7125691745 1458 65.188166246862 6460.4310023835
14393.9138750498 3986.77987333673 1390 65.7659648595479 4134.57579694594
14548.9972460103 3971.90214271698 1458 75.1686429929441 6470.00794686388
14418.4229315743 3857.99153931784 1458 37.8837231065563 6453.62061800759
14512.0304927196 3961.70388420238 1458 170.379332408942 5186.01115435487
14309.6306654693 3830.4764012428 1458 196.347604490954 4861.45180839531
14532.7295113644 3972.62724987642 1458 135.43589288439 5007.45711920186
14573.3837554743 3937.16205045407 1458 41.6035185103633 5034.79406420935
14360.4534552937 3920.0768249757 1458 154.307870675706 5264.42716943124
14243.5618883882 3873.84683008955 1458 95.0931411404356 4002.21235558313
14498.5318785577 3926.0098398488 1458 68.2536839704394 7037.93633768315
14499.66059372 3962.70113831409 1458 207.156860020204 5201.645802982
14547.8813329182 3966.96819652874 1458 28.9825334976315 4648.0142338367
14514.5116189801 3962.7558766921 1458 69.0814484202301 5300.00148646269
14555.8951531485 3985.1987901482 1458 126.716382235952 5134.21698067753
14169.8333973675 3789.44531480575 1458 336.417538617216 6012.49854382472
14275.2917561047 3847.34186493052 1458 79.4008732019397 5827.43275133707
14452.660367448 3916.33374605286 1458 53.8276125893269 5127.25355615186
14587.8947135725 3936.78363147604 1458 50.8447356406 6025.96599992431
14632.2831911173 3970.06130569868 1458 113.215939719719 6129.22592764082
14595.992848855 3980.653621807 1458 161.310498550262 5306.44826081705
14291.5645085324 3921.46422231439 1458 121.549203222397 5097.83078510158
13882.4754257579 3608.10844525291 1458 104.233986070641 5468.01656458328
14499.9553118871 3974.73905441735 1458 60.3130280005928 5244.68679873595
14356.8598089419 3904.60571141275 1458 8.9106684773194 4935.37985477981
14550.938097822 3901.40509616845 1458 35.3921948236455 4925.41110739014
14429.972958494 3985.54772853067 1432 0.75539489418361 6764.13968537695
14638.8254555417 3977.60884201765 1458 32.9741038782074 6598.73431120591
14183.8309562678 3845.81363685689 1458 49.1764492901316 4422.63096491577
14226.4302376185 3883.52525076957 1458 4.56446035754357 5172.38614266406
14597.5982898945 3968.30697579792 1458 22.7406369233463 5420.27009577764
13574.8609709552 3547.10042491512 1458 559.721280388013 5983.36405811708
14457.9309304715 3980.43963439197 1458 96.8915440296496 6282.7784583229
14366.3471253588 3873.55669533415 1458 263.520242231166 4971.19790525602
14432.7880125525 3938.98505747539 1458 60.2598425585325 5549.23913518582
14514.3780912048 3979.0169622598 1458 155.675180844875 5931.38453958368
14498.6662345538 3976.61483588321 1458 0.343915951176314 5824.50125243973
14300.9927412445 3856.91382522982 1458 275.762238425547 4134.9135647871
14605.9989944753 3971.9575673551 1458 90.7685006642182 5396.70802372341
14334.2451911638 3837.75117361266 1458 143.451947602273 5012.20172914058
14541.9653247933 3939.00764408776 1458 91.0592426399598 5800.56978933146
14447.5053201216 3889.60841276463 1458 165.115359960151 4743.78352307322
14245.331680434 3893.51975965844 1458 92.1792475133161 5695.98062231275
14630.4329596666 3950.42764188479 1458 24.443297750166 6238.1873922752
14279.9898993803 3884.73864891365 1458 118.873268996451 4804.11663540936
13962.9270896231 3729.9882450512 1458 9.7443169432338 4450.67123230431
14297.2253664459 3982.24928273893 1410 135.005599487887 3971.0614179492
14544.1690474592 3966.78849390364 1458 121.334501996236 4380.38271322266
14418.5418600565 3900.95944812364 1458 271.98714173353 4397.80930195179
14554.0857597063 3933.69434472696 1458 8.52352686374184 4626.23683089173
14449.5029442516 3905.69559151508 1458 15.2515993765926 5495.67705897332
14284.8455389864 3880.63872213868 1458 125.231716828552 5837.91336763986
14008.3917868723 3697.35793683864 1448 85.6445919929085 4463.62465572444
13945.8994583363 3786.51491656628 1458 64.7254230888327 5784.21165850332
14656.6812736077 3955.62012117486 1458 114.117203998351 5104.57831568606
14557.793460812 3968.72070275632 1458 87.860977377208 6340.6532517502
14145.5395199226 3853.4884566749 1458 130.551895678494 6600.7741176323
14378.3248048827 3900.01610384711 1458 165.738128579565 5679.69880807008
14084.9672644042 3819.29764819228 1458 117.553017629136 5166.04663090074
14359.9452381774 3901.98433211017 1458 131.908053836014 3798.01571040515
14035.4899683574 3737.43674365979 1458 213.632282131326 4627.54926607725
14397.4155962828 3931.86233088498 1458 151.019330935011 5549.40638852555
14149.9823696996 3758.19697359136 1448 66.3039364607152 6050.9519373846
14402.0618323363 3883.37075114373 1458 85.999093349647 5385.79470764243
14342.8015360518 3950.41792762302 1458 170.667076147133 4342.1211042653
14605.6222075855 3964.0761391013 1458 81.2966705765434 5213.52490368825
13912.9571501222 3988.11941336141 1300 92.9099154982314 4924.12652791372
14627.1281085904 3986.98307264544 1458 69.7467180121414 6710.00863917958
14715.472574721 3985.30912067634 1458 82.632340335522 3870.68610886763
14133.7490501535 3882.20730398095 1458 138.777816219494 6376.7702706883
14456.5335170865 3905.83159816271 1458 210.828823940315 6528.54812148499
14395.1621250972 3903.1297687285 1458 94.8345880064139 7263.14095372019
14382.8596290102 3852.24733303954 1458 179.763617762657 5196.15178422713
14263.4265512242 3864.17064171916 1458 111.704710579574 4745.77990546185
14510.4009978748 3965.5748429003 1458 62.8081027887595 4625.91061930882
14444.6731224937 3941.79366259021 1458 168.991120053961 6265.96234981275
14188.4303410404 3793.57134269999 1458 158.587562035546 5058.55857138018
14198.1639022089 3774.65918523883 1458 20.7369796677722 4279.55549073961
14072.5515873016 3816.19669993219 1458 194.877020425381 5277.07904188613
14447.7404376087 3920.81245243666 1458 116.422015652009 5202.96316577209
14364.5888165147 3888.29254394658 1458 114.428937645296 4486.19496983898
14565.5330793136 3977.99878161065 1458 155.708118357675 5457.61119786785
14470.0218459112 3972.6002280444 1458 148.793205566508 5805.87372325747
14220.3955796104 3842.18512533734 1458 19.3847630863286 4823.81968353963
14528.9200081719 3945.72170971522 1458 70.1685547884804 5390.00084637497
14356.850795262 3875.11295557142 1458 235.557380864035 6044.57129547651
14151.3194689698 3836.45185921607 1458 35.0589163123468 4656.06930800934
14273.8059817232 3793.72732107125 1448 84.8205428109572 4231.64239555435
14478.1187678927 3965.55402272711 1458 156.038262847551 6211.27700975327
14071.5766894725 3720.3868688 1448 426.410984429004 5129.55911718633
14193.6051953229 3869.08065284619 1458 114.382000765693 6663.30927587495
14500.0788591123 3958.8714499123 1458 25.0642406953616 5860.97843601963
14519.2382747576 3899.25832336862 1458 12.5839209891465 5207.96348481689
14298.3774997375 3993.36460077415 1410 102.806085407222 4514.15191748413
14397.6064654341 3839.12127381399 1458 1.34581457320473 4590.12260302164
14405.5906689278 3968.10089655181 1432 38.5524038856786 3016.89070568162
14173.819792026 3966.55966034456 1376 184.563568316687 4718.43485208907
14240.8056602742 3976.60476564586 1411 154.618304437006 5696.87142591929
14419.0712362217 3973.66486093688 1410 54.8151659349876 6344.01871345937
14111.0858321674 3975.67938789724 1349 76.2437110588398 4792.7535505784
14071.2639208237 3946.25786001439 1348 72.9999214459428 5325.76572163879
14354.1670720053 3983.53095648095 1379 98.2729297383835 4463.95479630848
14457.0936591479 3963.16172884135 1432 47.2327764316503 6037.89570050434
14080.3634983996 3963.73183262958 1325 12.1240208556396 5073.68259550127
14077.6890259518 3965.80443787222 1336 43.1127145933654 5655.83343638837
14278.3389147738 3966.0925270208 1411 159.583852569282 4355.63245622958
14251.6320018718 3955.86355679304 1364 38.4709518947564 5525.97494659726
14318.8250876817 3981.93979049096 1388 30.857890672751 5448.72729417936
14473.5848191316 3973.2259330875 1432 21.0057581979231 4378.50397643329
13977.4009793076 3980.28206748576 1324 152.183461809709 5343.57273686914
