3692.56400576308 941.904215761182 610 5.43340317694634 765.787790476705
3744.58975682005 924.844641859877 657 12.6596358423557 657.704879712297
3632.26385911806 929.77111023456 580 1.07005371809828 636.800961936694
3538.88038776187 935.231083668917 520 16.6153474768713 383.607470461091
3793.37985256333 943.808378582822 667 6.63059085529716 561.135987297489
3592.87823559136 928.656547416117 590 10.3597283170632 723.483624551463
3649.71052740982 943.631461366586 585 43.381056429562 333.842524764597
3783.22166827985 943.573727562361 585 0.00901741309701265 941.309192480847
3783.43562219034 937.103477952715 623 35.2876616546822 367.065390874723
3657.0370721925 921.456743823894 600 4.26715351736584 483.215289254422
3619.06194208359 929.04256214462 590 4.54757803142047 720.700722735706
3940.27916460887 918.707482576177 731 35.1179018141067 880.783258537115
3871.72977122769 937.774058878956 626 31.4016230602696 517.675523277813
3752.00023370168 919.800455203697 620 6.41449146744753 545.886624177879
3639.83754603536 937.416871343759 613 0.47621283474291 983.955327462162
4350.82818707902 930.615897219469 820 27.4138335567767 1107.64687582965
4005.68974901978 946.805291642159 674 5.58030170116785 1263.7439472115
3744.58975682005 924.844641859877 657 12.6596358423557 657.704879712297
3900.75428626409 926.352273565526 690 16.482817824745 1016.75113452467
3560.05793068932 890.680618190852 570 7.45552930237926 545.661623598591
3734.63098736252 916.028007432615 647 27.3047815496515 580.160849702871
3538.88038776187 935.231083668917 520 16.6153474768713 383.607470461091
3791.22886640351 938.676503360148 667 5.82397104536403 550.872236852141
4120.48676505596 939.328786654226 760 106.339784892218 1191.70546593634
3649.71052740982 943.631461366586 585 43.381056429562 333.842524764597
3783.22166827985 943.573727562361 585 0.00901741309701265 941.309192480847
3517.2857580267 924.148481366835 530 58.693049531114 412.869758203444
3515.31212712441 897.240567657536 607 24.3204705509352 600.653007848459
3372.47599280842 872.820124003058 550 0.076168450938269 460.831265994789
3873.50456955098 940.13556124339 633 24.0290432346029 481.493629906838
3686.50141044593 934.99353831744 610 4.3684671611486 569.455767804161
3563.00442083257 908.548295198643 607 10.8227052163245 554.951836556173
3565.51226316355 880.041347121899 580 98.450176024458 476.474334824008
3953.77465862787 937.256511181239 710 49.2512685574774 778.50717028577
4038.24265336897 941.309100662281 771 47.3633379091184 974.81478917521
3811.97806226347 862.861636273607 675 137.469669552086 899.110362695494
3871.72977122769 937.774058878956 626 31.4016230602696 517.675523277813
3752.00023370168 919.800455203697 620 6.41449146744753 545.886624177879
3497.63242351828 872.984989556376 580 2.91776648332871 649.07471678138
3372.33800201665 873.241965328936 540 78.9027780550419 518.075120036711
3424.85845826842 857.492521809263 613 27.3485988056099 734.178388223274
3889.16719650751 896.440888680242 676 26.2043711083955 807.956180690405
4350.82818707902 930.615897219469 820 27.4138335567767 1107.64687582965
3711.73537598428 944.132487875753 670 65.0116544339583 852.448338922701
3418.24515029409 867.648116945996 560 61.151235593939 532.659202357164
3946.24433545436 905.702773997825 730 67.3885553687522 1099.27726564331
3654.871228067 872.426538571977 640 2.94966600279508 956.46542085738
3556.3842315277 860.111751333032 657 10.8660548191876 584.237372648493
3963.41577835497 932.655593528444 695 27.3867288289529 799.728464641221
3900.75428626409 926.352273565526 690 16.482817824745 1016.75113452467
3538.75250843302 883.072472359984 570 10.1187070844173 546.561922879279
3529.70419072325 842.629078822228 647 47.2861284581924 553.418520099059
3940.81813695435 947.847369369823 707 16.4032197941925 873.937649436314
4121.49653029994 932.68177389586 760 106.21356423672 1193.72777627087
3649.71052740982 943.631461366586 585 43.381056429562 333.842524764597
3372.47599280842 872.820124003058 550 0.076168450938269 460.831265994789
3873.50456955098 940.13556124339 633 24.0290432346029 481.493629906838
3479.76290854751 897.05652312259 560 31.1363295596122 457.388639470499
3700.65840746815 934.252491085834 633 26.2098801826681 548.147818346765
3768.50506821457 907.696089385536 700 96.0198883073311 856.405563211298
3686.50141044593 934.99353831744 610 4.3684671611486 569.455767804161
3808.5187528716 886.315459981044 660 15.9691004861687 789.109702648717
3566.43048846982 906.331856092238 607 11.2509636709798 552.735397449768
3565.51226316355 880.041347121899 580 98.450176024458 476.474334824008
3920.65146153965 919.570852940693 710 45.1108689214506 685.75572657991
4051.3363206478 932.093847154244 741 49.0000463189726 952.956814432557
3811.97806226347 862.861636273607 675 137.469669552086 899.110362695494
3372.33800201665 873.241965328936 540 78.9027780550419 518.075120036711
3424.85845826842 857.492521809263 613 27.3485988056099 734.178388223274
4173.04371480394 896.237254460289 770 75.307263930253 945.020592237272
3711.73537598428 944.132487875753 670 65.0116544339583 852.448338922701
3811.9720928436 899.836899594998 664 21.5064298231708 1133.61404364541
4012.76351003955 900.369187152841 730 75.7034521919013 1013.68060787997
3654.871228067 872.426538571977 640 2.94966600279508 956.46542085738
3556.3842315277 860.111751333032 657 10.8660548191876 584.237372648493
3963.41577835497 932.655593528444 695 27.3867288289529 799.728464641221
3413.99730139198 861.793166357533 545 14.3559350090393 488.628711324655
3783.83971127181 924.548873915361 660 1.86849595070981 977.194399728988
3967.65575938891 917.46932211753 710 6.52694029531028 873.420381463993
3538.75250843302 883.072472359984 570 10.1187070844173 546.561922879279
3835.99194978507 938.053461446461 657 9.00015857546532 664.623192234808
3940.81813695435 947.847369369823 707 16.4032197941925 873.937649436314
4123.77595159226 929.584404107305 760 105.92863657518 1188.59692600021
3799.31449434564 943.799483885254 680 62.8281888143159 654.507095673946
3640.71529859674 931.915732614048 565 46.7542672344692 322.126796012059
3551.644105886 892.433544547177 640 36.3918633348749 829.730845375606
3867.0601486761 902.90891607336 660 25.8757957684529 698.63155834931
3703.62890576862 891.41626092172 660 39.697053297191 830.44497464023
3668.33610802171 919.816614269713 590 3.78766541379025 467.92761354421
4119.86571584967 939.676116570873 750 99.6597864947856 1248.55837283046
3873.50456955098 940.13556124339 633 24.0290432346029 481.493629906838
3652.01701238223 890.632993601962 629 45.6726259621358 438.807900603713
3822.76575350625 937.893102214826 620 16.448931646853 517.637364115615
3952.37332233997 881.766091606276 720 148.979357061856 914.378272835198
3828.57169921991 921.167048096267 700 74.737428393663 536.84231191153
3372.33800201665 873.241965328936 540 78.9027780550419 518.075120036711
3469.15475341367 876.625233356457 630 18.9180101449675 756.175232727955
4210.56402853726 892.193762977479 810 79.997303146917 1045.98831292625
3649.9637047238 898.16294789091 660 4.1207198617401 830.394641330157
3943.6484255563 905.733158770599 678 67.8848994395839 721.145065264927
3369.00797057045 852.153422703584 595 61.0912983527818 565.757312833612
3711.73537598428 944.132487875753 670 65.0116544339583 852.448338922701
3811.9720928436 899.836899594998 664 21.5064298231708 1133.61404364541
3476.03724594128 871.569837505007 555 9.8673754239133 583.519926317979
4012.76351003955 900.369187152841 730 75.7034521919013 1013.68060787997
3654.871228067 872.426538571977 640 2.94966600279508 956.46542085738
3556.3842315277 860.111751333032 657 10.8660548191876 584.237372648493
3889.97122562378 922.074371430606 685 18.2061597375541 740.37770765527
3844.79126555422 895.592520271581 690 9.48744023601176 864.684968916179
3972.69205692594 921.537568988729 710 7.15647748743845 881.55687520639
3560.05793068932 890.680618190852 570 7.45552930237926 545.661623598591
3835.99194978507 938.053461446461 657 9.00015857546532 664.623192234808
3859.59107778367 919.408379658663 687 14.05692739481 838.607115316085
3663.94400610438 875.369205398516 641 15.4133799735408 567.155536875653
4046.91630995082 928.958102746545 750 77.1062709596417 1162.93607762467
4016.1588225904 933.550249178884 647 1.28539480260758 694.201814258806
3866.98815100527 906.867304264326 700 29.7619676262061 1085.9069743705
3444.50494248201 861.139249680258 601 17.7523691206977 488.393835454308
3503.77979000486 889.129220097556 570 26.427407868709 714.501264113456
3532.65673793253 919.631811835004 557 1.40367775972879 404.23557576657
3551.644105886 892.433544547177 640 36.3918633348749 829.730845375606
3870.18050981087 898.665868986178 660 27.0459311939949 701.764400687605
3703.62890576862 891.41626092172 660 39.697053297191 830.44497464023
3822.70746683184 929.384753273077 660 11.399092727224 829.960572793682
3668.33610802171 919.816614269713 590 3.78766541379025 467.92761354421
3913.28863299093 945.226591549476 707 5.98183321446123 1084.74298175867
4127.16639282531 932.000821453028 750 98.7472018728305 1277.77537538674
3873.50456955098 940.13556124339 633 24.0290432346029 481.493629906838
3498.53820324361 868.140664665052 560 111.204182814125 824.591321045774
3486.29102911288 886.018904576353 590 27.2624996087064 448.003595022054
3652.01701238223 890.632993601962 629 45.6726259621358 438.807900603713
3761.22872380625 922.808319310828 620 8.75680293435283 435.7764331853
3957.68808876933 886.706513083628 720 150.972394472864 934.139958744606
3753.85064126193 912.167048096267 680 65.3972961489155 509.84231191153
3830.2108301151 940.719787859319 653 10.0158273517984 712.122964721582
3794.07179350309 915.670150939448 650 18.3844990619871 555.485499514582
3524.75232603006 915.032761980632 590 55.5809203970197 645.34153066666
4133.29213814198 925.105559421221 720 6.13803791869998 1157.17414087063
3705.12034530567 908.285392815612 646 42.5113108041267 557.936012433362
3957.09643255154 933.090820687995 720 119.593808849453 882.30121207715
3627.59607324376 921.341723922147 590 10.298205366962 642.020433140184
3724.80943261619 874.016613998397 673 44.7074996894602 640.170733346525
3669.32198826104 920.958795164119 610 2.22103938803713 535.907426591607
3525.94725852756 870.830738986705 610 63.6641163712361 511.56057214748
3372.33800201665 873.241965328936 540 78.9027780550419 518.075120036711
3478.34536818711 886.625233356457 630 17.7691832982867 742.34428083311
3986.88775881179 936.59721486974 686 13.9893008203607 886.879179611605
3461.07990353368 893.698621560845 580 2.27360604276032 687.500257915628
4352.91475355177 926.681874001864 820 19.1976063188896 1126.5887437353
3649.85743553523 901.33945984432 660 4.10743621316885 825.487951188923
3943.49414726639 907.214659993752 678 67.9041842258225 722.626566488081
4006.34781743043 933.257743153108 680 18.0064764251889 948.77508232138
3811.9720928436 899.836899594998 664 21.5064298231708 1133.61404364541
4033.39441332899 901.155077315265 720 8.86665671082699 898.942141313642
4242.23843581841 934.382545571733 787 104.387817914259 1243.33302232968
3654.871228067 872.426538571977 640 2.94966600279508 956.46542085738
3558.06917611622 859.459797373023 657 10.6554367456226 583.585418688484
3946.70540848991 937.880615743084 740 40.1744126115483 947.942380412411
3835.99194978507 938.053461446461 657 9.00015857546532 664.623192234808
3845.39303738631 908.536329644543 687 25.074022145053 847.735065301965
3685.45370830822 886.673103041789 641 12.724667198062 568.158482125058
4050.00912041162 928.403889834256 750 78.2660748824391 1211.77953944534
4012.57539773428 933.280875609563 647 0.0583895184403787 785.294128097829
3858.22199778273 902.725168640595 700 28.6661984733895 1021.44236323554
3514.37611705904 878.322846777946 560 50.6411880371392 836.362165793748
3856.08626553792 935.581207958647 681 69.2000345026868 661.97314549072
3372.33800201665 873.241965328936 540 78.9027780550419 518.075120036711
3585.41108092502 896.449878191698 610 4.38596920604789 746.449108648942
3875.88973324767 886.926243656617 645 23.9049670859504 546.392003893055
3986.58106340613 935.873107601241 686 14.0276377460683 877.936528191839
3461.07990353368 893.698621560845 580 2.27360604276032 687.500257915628
3424.24975612925 895.153267078467 560 0.879835382673093 521.879074492303
4413.14848882602 925.836585834328 840 3.39004440895758 1062.76864033415
3612.63342819491 883.720693580538 660 0.545564704371031 777.084597982797
3943.49414726639 907.214659993752 678 67.9041842258225 722.626566488081
4006.34781743043 933.257743153108 680 18.0064764251889 948.77508232138
4557.20937714132 951.328031433585 884 82.5866054714554 1126.77686033498
3818.32029898158 942.065976662773 689 17.1489695272551 852.933079301921
3816.55640096689 934.921836490282 630 6.81708842562477 951.709852188973
4031.19460896918 900.938960613285 720 8.04173007589918 909.623541707342
4242.23843581841 934.382545571733 787 104.387817914259 1243.33302232968
3654.871228067 872.426538571977 640 2.94966600279508 956.46542085738
3807.34884347071 926.278543529673 620 4.39664423296887 851.423353580418
3558.06917611622 859.459797373023 657 10.6554367456226 583.585418688484
3548.02685639589 904.486317702806 590 30.3436034792661 668.954660525939
3946.70540848991 937.880615743084 740 40.1744126115483 947.942380412411
3726.37918288105 932.088686787498 647 59.3336250983676 769.762724757151
3687.65272364978 923.558380014308 610 8.49381981767806 644.57298202114
3837.42757392028 934.759982179167 657 8.82070555856444 670.501289154543
3686.59261112834 929.150984663353 610 16.2319883703235 445.783880144183
3872.41295797384 942.772176568103 601 3.41109908012538 576.412581035143
3762.90337329236 898.292218914904 677 35.3852301567965 836.418688574304
3638.2696793574 919.308912336223 610 34.8505494229535 805.629396442489
3760.15181104748 908.33068488417 650 75.5694546615289 815.551967694765
3685.45370830822 886.673103041789 641 12.724667198062 568.158482125058
4050.00912041162 928.403889834256 750 78.2660748824391 1211.77953944534
3597.81264618167 938.69076113088 610 31.0386187816721 856.559572579022
4012.57539773428 933.280875609563 647 0.0583895184403787 785.294128097829
3862.85843854957 903.725428931207 700 29.2457535692441 996.280503359558
3514.37611705904 878.322846777946 560 50.6411880371392 836.362165793748
