3669.15671493079 933.464885915252 580 1.39987512619058 570.151222964115
3806.0142045212 932.965796723244 687 61.9221761339508 438.109052710966
3752.5535789997 933.229584660247 600 12.5131876300543 321.118650801527
3856.70606292757 948.136945953785 679 0.939918503101808 464.148011902526
4057.2909513818 930.659771651464 726 28.6190806271961 749.092496529726
3698.33906857234 942.482942124993 660 40.6957157669287 477.836704312037
3694.59287858617 927.036012508927 627 22.3168709525378 393.496269367076
4011.23305224787 926.753563063541 740 44.3974444780782 582.009823387191
3830.79135554259 924.199421585794 660 2.01062984209523 611.175058093638
3770.9185521365 943.417186350363 647 9.74778484149385 476.16335352589
3946.06740613548 946.827812515173 710 7.75688340159434 742.189735462472
3721.93929086878 893.438907597277 630 0.637835066420223 678.281038398692
3423.43022936616 924.70977781923 540 13.1172845842075 602.703500835422
3854.49387243107 947.404537403321 700 88.3697296765464 745.048722223317
3446.4505868807 925.249988688161 470 10.420485466107 617.189021629928
3754.46179877133 920.101272230021 670 6.59045969112719 525.853641662471
3805.05957722732 935.111877338151 680 16.3185879472767 658.634324011345
3909.312657811 939.481520793894 680 3.62848592147793 578.729025540762
3852.75085596447 930.916834620434 677 44.3959318427233 466.993931710389
3752.5535789997 933.229584660247 600 12.5131876300543 321.118650801527
3759.12486759138 932.715166542127 640 2.54428659483369 484.859607922197
3856.70606292757 948.136945953785 679 0.939918503101808 464.148011902526
3771.69620088256 900.301403142984 660 24.1161964029042 444.984109955997
4107.35403534404 932.008963298007 748 100.112581439455 672.106055750459
3494.08620985567 874.954870872864 626 19.8362027420895 404.51078774648
3464.62744863972 865.927664782626 610 139.560400030114 505.111798179065
4040.393775515 906.228526378322 726 26.506933643846 608.989452296326
3732.29405074705 940.165975964838 660 27.9625974514098 405.101817914945
3552.72199938735 864.405131083495 570 29.0132430375152 247.430923117865
3923.47902433652 944.151734415172 660 0.206666397946151 952.17782252176
3487.04886049652 887.661544887268 580 9.39014287674934 388.294849384122
4011.23305224787 926.753563063541 740 44.3974444780782 582.009823387191
3816.32228283435 915.565999290537 660 3.81926393062588 609.478017052312
3917.53955525821 934.502677606904 680 6.55938102147184 589.549585894554
3630.29960856242 886.86334752132 630 79.2165927732215 380.372691673231
3454.97693558982 889.584359541046 540 28.3437103676212 359.80071161791
3392.270876261 901.528948466941 560 36.8310525024461 335.98082601314
3432.22306241283 877.644415176376 610 41.1146255820915 675.885560615674
3385.02379587064 858.501356674605 590 31.0559253943317 423.546449944068
3813.11568800859 941.143444079859 677 15.0224268255049 458.443038821311
3617.13364940345 869.296141367954 630 13.7385402495866 712.394641897032
3532.64781991406 921.022730890556 560 10.8738893133778 295.15022637317
4004.07751198862 940.880132224714 700 86.3635804615741 556.291528236116
3740.71800396159 879.043696555032 647 86.7451722247188 424.132178164973
3417.92824874371 846.854844148817 570 78.4200923899288 387.083830526994
3478.16451983711 883.260899688713 560 80.9019524360009 261.097421076504
3854.49387243107 947.404537403321 700 88.3697296765464 745.048722223317
3709.78931789419 894.505920683861 636 1.44576148215509 372.090025999986
3815.69055534055 931.175143040604 680 16.3703240223292 586.71803401799
3809.93144992838 933.717428613615 680 18.1455402101722 653.239875286809
3886.02089748262 925.502703018501 680 6.53995596252514 551.677616548237
3749.55769675439 942.330390919789 610 0.145510399642035 544.490127303316
3436.58520064196 929.292433850313 490 90.8267342735238 371.793962314508
3778.73113395298 935.090147752537 630 3.83742045216212 464.052632235551
3820.04743871082 941.727210543034 657 4.12620618682581 726.45807969329
3749.86509705657 946.719089656054 630 10.5665548711303 474.498154412598
3795.9020394824 923.164116016737 630 2.54063420072328 516.276362436238
3811.72672632012 931.390787582761 650 4.0309457462597 470.272708756875
3926.02240023974 947.364468005698 689 7.72462366091929 557.640430761785
3759.77501344326 895.879056064372 660 22.6260479729922 449.156706830431
4147.38630411428 930.91899081193 798 95.1085478431752 667.746165806151
3590.55339914272 887.276920985238 636 31.8946014029707 477.617955999154
3448.12099230522 865.159003949437 590 4.24268374480306 636.191740370825
3876.38692605014 908.166467887249 700 27.103284953683 737.235980705266
4040.393775515 906.228526378322 726 26.506933643846 608.989452296326
3732.29405074705 940.165975964838 660 27.9625974514098 405.101817914945
3552.72199938735 864.405131083495 570 29.0132430375152 247.430923117865
3923.47902433652 944.151734415172 660 0.206666397946151 952.17782252176
3487.04886049652 887.661544887268 580 9.39014287674934 388.294849384122
3521.77054268248 842.762508470208 600 12.5548209857575 443.748182399001
3496.37605598665 892.694922869173 580 5.1321982153658 471.600777950121
4108.43718106742 933.747059432064 760 56.5479605805214 629.402513000793
3957.66701154617 926.912993690459 710 13.8488271583514 617.404967860087
3923.66199573685 922.93800429107 690 38.657409881064 594.959329629724
3834.68681462472 942.239562288962 690 21.1692695671495 632.280965290025
3917.53955525821 934.502677606904 680 6.55938102147184 589.549585894554
3902.99579935944 931.346424743209 710 45.1295689235944 730.473366161979
3432.77239486461 877.644415176376 610 41.1832921385649 685.511309055776
3385.02379587064 858.501356674605 590 31.0559253943317 423.546449944068
3536.40980136858 915.644761070176 600 11.0239240145467 524.880660092115
3617.13364940345 869.296141367954 630 13.7385402495866 712.394641897032
3685.16689620232 930.193668884913 610 0.658100717413959 360.225604825482
3984.34884788836 932.236178867533 700 83.8974974490421 523.74710813716
3580.73392805888 881.245313414759 649 1.71315002696178 545.759964240626
3478.16451983711 883.260899688713 560 80.9019524360009 261.097421076504
3849.53517502211 945.019372596186 700 87.7498925004269 736.278392609048
3733.12714873564 928.014065441787 670 22.6039872704247 537.535721752942
3615.90963221753 903.283696106984 580 9.68658086891128 343.043077482683
3815.69055534055 931.175143040604 680 16.3703240223292 586.71803401799
3809.93144992838 933.717428613615 680 18.1455402101722 653.239875286809
3575.38142800487 856.242619708438 627 12.5694708158138 585.231001884352
3957.75358735652 924.515512191186 710 15.2255212914043 843.864585494768
4078.42225587415 945.647684414144 730 17.510213836416 673.576832354626
3870.65722851973 935.450964538484 670 11.3972585212103 529.232405382401
3926.02240023974 947.364468005698 689 7.72462366091929 557.640430761785
3508.70531783054 883.551400689619 599 49.9174102499716 501.686996524534
3978.06463791972 922.685586606303 730 101.687704065978 524.687392464702
4147.38630411428 930.91899081193 798 95.1085478431752 667.746165806151
3590.55339914272 887.276920985238 636 31.8946014029707 477.617955999154
3922.91759048044 904.97146956163 700 57.7250897625598 631.6841418164
3448.12099230522 865.159003949437 590 4.24268374480306 636.191740370825
3626.26441273883 890.231425821002 630 36.3983792279572 346.654212313326
3737.618292712 915.126104583931 630 0.858397488906974 481.140001577242
3876.38692605014 908.166467887249 700 27.103284953683 737.235980705266
3642.97007741264 884.307240806251 647 74.9902982811339 657.116233153009
3729.93233934662 940.387573245618 660 27.6673835263552 473.200700740219
3797.1566781566 926.910209529146 640 3.85563331415472 908.941213971128
3552.72199938735 864.405131083495 570 29.0132430375152 247.430923117865
3923.47902433652 944.151734415172 660 0.206666397946151 952.17782252176
3486.99256795728 888.657464379822 580 9.39717944415384 389.290768876676
4103.51699346102 934.017276996065 760 58.3930309329187 629.942948128795
3957.66701154617 926.912993690459 710 13.8488271583514 617.404967860087
3965.02416274184 903.397894415123 740 37.5271484860831 633.303766369541
3456.53459923351 892.624945254943 550 16.6781663385911 555.475785998157
3870.65722851973 935.450964538484 670 11.3972585212103 529.232405382401
3899.54158789916 933.661619834296 669 4.41452211834587 530.23473441898
3508.70531783054 883.551400689619 599 49.9174102499716 501.686996524534
4068.62811250828 940.359216641955 760 90.3672697424081 632.410585078749
4147.38630411428 930.91899081193 798 95.1085478431752 667.746165806151
3810.41777795267 909.458763032929 686 4.28188772991558 590.0801856615
3922.08172752362 905.181144088725 700 57.8295726321617 632.10349087059
3448.12099230522 865.159003949437 590 4.24268374480306 636.191740370825
3643.37720971591 894.126370903148 630 38.537478850092 372.837314641079
3951.95230714218 939.169766640292 710 87.0746835137454 782.449073512177
3737.618292712 915.126104583931 630 0.858397488906974 481.140001577242
4319.16680560774 943.496341516724 826 61.3535624054389 678.025232949025
3673.06914435241 884.210116476902 667 78.7526816486054 752.216351643011
3622.42256669264 887.348000478254 660 14.2286619446081 397.454886797196
3801.04508430962 926.747236788858 640 2.39748100676979 908.289323009978
3843.04398338364 914.194576076181 620 9.46562947262424 415.420104197063
3487.04886049652 887.661544887268 580 9.39014287674934 388.294849384122
3860.29526029725 924.002709841747 680 29.7607687160892 586.578203485121
4189.22908136496 936.49363440659 777 69.1070419209111 695.466401922892
3968.38408572493 917.404659352116 710 15.1884614306964 598.050527650722
3923.66199573685 922.93800429107 690 38.657409881064 594.959329629724
3911.03582864041 932.761554317796 680 7.37234684869719 533.726052953323
3432.22452265481 878.394735363755 540 29.0394388129809 473.295952103329
3905.6243209528 930.50659565088 710 44.8010037244243 724.66406199374
3674.83003207305 857.881618763742 666 4.33648147895036 723.505983014123
3332.35356188391 869.142237805705 553 59.6882238457593 408.545026573094
3585.0713556718 884.340148061096 630 60.2206622394638 853.789688805342
3880.18664799794 870.718600790874 684 15.3897636158692 631.38418386178
4273.85948904965 914.581891317269 830 1.0772673023929 812.711636211962
3921.85242361546 936.639851494891 687 37.3144367391517 449.791943403765
3515.20334855656 865.318127475257 593 3.08574902091732 518.420875543351
3463.11234654209 895.761520856021 550 15.855947925019 562.885512801389
3609.29577394686 897.157498323825 630 17.7537085138981 491.771152421199
3803.89775504878 901.54090448593 650 3.05232433734204 445.547049494969
3899.54158789916 933.661619834296 669 4.41452211834587 530.23473441898
3508.70531783054 883.551400689619 599 49.9174102499716 501.686996524534
4068.62811250828 940.359216641955 760 90.3672697424081 632.410585078749
4146.51331522875 931.645442614382 798 94.7811770111007 679.155191599238
3810.41777795267 909.458763032929 686 4.28188772991558 590.0801856615
4025.50753129206 923.425571494203 710 44.9013471611068 724.234333181018
3976.46311208736 882.684503423023 690 31.7398435818659 702.802595070348
3516.08582391811 851.52088971112 627 15.0041956117933 275.247029610244
3448.12099230522 865.159003949437 590 4.24268374480306 636.191740370825
3590.21850414505 871.649741816508 610 73.5215927608152 290.60408280434
3643.37720971591 894.126370903148 630 38.537478850092 372.837314641079
3951.95230714218 939.169766640292 710 87.0746835137454 782.449073512177
3737.618292712 915.126104583931 630 0.858397488906974 481.140001577242
3801.52630335447 936.42580514274 660 17.745707116724 775.329396953848
4026.66242818077 973.224764471487 700 104.854644814004 583.089456018355
4220.20669758031 931.872100012873 816 48.9835489020106 666.801405485601
3673.06914435241 884.210116476902 667 78.7526816486054 752.216351643011
3680.92054566565 880.679952213855 670 21.5409093162345 482.768412352964
3801.04508430962 926.747236788858 640 2.39748100676979 908.289323009978
4134.31842242974 917.650250746106 725 66.1914033333552 881.069672376113
3525.70359422404 880.455616933961 570 46.7046386115438 307.164297601238
3689.27204864072 888.95326073222 670 111.654826269161 536.646372336057
3767.61327235407 919.626319159422 616 26.7982774339971 389.157510962862
3860.29526029725 924.002709841747 680 29.7607687160892 586.578203485121
3475.4828421759 870.283573136503 576 14.0522047716029 528.576556713695
4089.65098757238 931.567143719251 710 60.0639087928431 659.017825503956
3522.35413359653 883.385752034661 620 60.4826760838981 700.010907627975
4189.22908136496 936.49363440659 777 69.1070419209111 695.466401922892
3968.38408572493 917.404659352116 710 15.1884614306964 598.050527650722
3775.38789883295 902.712897909354 630 3.31149047595045 480.013812335361
3923.66199573685 922.93800429107 690 38.657409881064 594.959329629724
3913.1085643769 932.301963908247 680 8.14962274988295 537.549595104818
4023.10349673239 941.821956345168 690 4.15428982869219 638.33732195431
3432.22452265481 878.394735363755 540 29.0394388129809 473.295952103329
4038.61162770186 931.911601409795 736 88.3944321715541 889.682171165036
4171.55377006941 945.491190621158 709 2.80187764028938 738.407001057729
3585.0713556718 884.340148061096 630 60.2206622394638 853.789688805342
3880.18664799794 870.718600790874 684 15.3897636158692 631.38418386178
4273.85948904965 914.581891317269 830 1.0772673023929 812.711636211962
3921.85242361546 936.639851494891 687 37.3144367391517 449.791943403765
3515.20334855656 865.318127475257 593 3.08574902091732 518.420875543351
3609.29577394686 897.157498323825 630 17.7537085138981 491.771152421199
3811.74689841742 907.079507459024 657 0.108895574102348 480.390059679779
3899.54158789916 933.661619834296 669 4.41452211834587 530.23473441898
3508.70531783054 883.551400689619 599 49.9174102499716 501.686996524534
4052.62991641224 932.094790790098 760 92.3670442544124 611.280476509839
4145.59781623689 932.54511778714 798 94.4378648891542 714.392616361472
3810.41777795267 909.458763032929 686 4.28188772991558 590.0801856615
3790.97386343983 931.24510698753 670 54.9470592241124 644.710551245866
4025.50753129206 923.425571494203 710 44.9013471611068 724.234333181018
3697.48615598708 859.960979244281 626 136.176676173897 665.239761573517
3644.69797832398 879.986290838202 657 27.7824478073761 280.056717127157
