3800.6201565072 924.947376488368 670 100.727542703807 625.656631052934
3697.82733157413 938.362785886953 640 39.4289336661951 547.427456392313
3743.40084190851 937.076151750344 660 16.7869355173042 845.840623763618
4005.22415282468 915.399162453633 730 52.6920602977863 883.832427964949
3632.34174112137 913.194308177983 620 16.4998699558145 655.156993083917
3890.78097275963 918.763435698034 690 43.2480188336135 657.922789224374
3667.28960871697 929.678894432676 610 0.381794166567886 687.295137833018
3675.31879719986 932.087783614555 630 16.5124686390079 688.785947535248
3712.93395722345 941.402422281411 640 1.91657202573396 801.412973954905
3878.56367840745 941.867802828988 696 5.22643609558224 735.745202928732
3695.79530285836 935.790466148258 610 0.447291060030693 598.877832921958
3729.70510413622 931.625694799923 660 14.1750189916398 831.094835471327
3619.21457387772 931.650120815281 577 11.7706526434947 626.252709433929
3829.33219396231 939.962135023781 657 23.2508160012773 539.382288203593
3612.77849745009 920.043742549494 600 3.97667960218888 709.393777767513
3602.07870439441 940.02459014229 580 22.7762263229071 531.401339459863
3635.70340480114 946.113926952454 590 2.66652218744468 666.194060484702
3550.30022058423 922.552857576831 560 27.1975052856487 529.840318123552
3633.20680816276 935.610394192776 590 0.0824606091503028 858.599355454749
3947.03756081311 951.012029780845 670 0.380537273688617 735.227550574361
3831.50253630807 933.35322092054 710 38.6357774888487 1077.65038753882
3810.18902624593 942.512139336383 630 0.989603754237351 651.674683332629
4001.10204109008 945.982132558778 726 39.6001284670775 1193.66420524768
3592.53565144473 930.113313536836 600 21.8975494131652 704.678529628393
4002.25279176738 933.299397287636 720 24.5772479738459 976.622697954514
3747.94540570353 883.828845256488 660 10.0167728866666 707.190920331393
3636.02440256799 927.964076205915 580 2.34914140835224 715.011221969435
3570.50209236525 875.585620732968 590 32.5744357650452 625.088482067773
3800.6201565072 924.947376488368 670 100.727542703807 625.656631052934
3678.1734522965 878.826339313645 620 113.764496741163 611.383458529462
3595.9198071801 901.895297558926 630 0.310358603091231 809.927496192239
3599.32975472801 881.520167907952 573 7.6425275508783 471.177543965091
3703.7001290723 937.967457164197 640 40.1630333534665 550.81745534896
3544.98935003143 884.719359621897 587 15.840040645966 674.488128136796
3335.88920714844 858.932401291377 550 28.7903169213786 566.76731128666
3744.97007022692 936.461316557478 660 16.9830890571046 839.670592486043
4135.94927213113 938.86005567143 750 31.0207178444308 947.743988923695
3488.03099056357 874.62022947143 560 51.5921632784251 529.183480210687
3684.62291598907 876.434319371222 660 2.0957971806738 750.294671042936
3667.28960871697 929.678894432676 610 0.381794166567886 687.295137833018
4011.84474923988 938.063467998529 707 1.59350909711748 1171.92766347433
3350.36035102352 859.43211373031 563 0.981400850542855 637.448095527764
3712.93395722345 941.402422281411 640 1.91657202573396 801.412973954905
3877.33944691943 942.687723232101 696 5.07340715958026 739.002386742578
3516.68960301007 878.869939875204 640 12.4519186491285 749.412868650198
4213.25037911816 936.582297778582 780 94.0180672025701 1095.70533824572
3621.03282143604 902.137747567929 607 111.16728547374 539.193789868056
3537.3474257495 865.591009488812 616 41.23404680672 617.411389784057
3713.24148057891 860.348210540915 646 42.060777694025 691.412343149914
3637.06849420007 898.54416989055 630 1.05136489153773 553.748423725037
3513.9131394357 903.372217352542 600 70.749025377461 574.673751567175
3619.21457387772 931.650120815281 577 11.7706526434947 626.252709433929
3952.02305079694 941.339557540796 687 38.5871731056051 561.133400937279
3635.70340480114 946.113926952454 590 2.66652218744468 666.194060484702
3630.27006768563 928.308862379557 590 2.79118737737656 560.167997655595
3635.02026147171 932.388172215514 590 0.762505600008126 871.138556130784
3947.03756081311 951.012029780845 670 0.380537273688617 735.227550574361
3831.50253630807 933.35322092054 710 38.6357774888487 1077.65038753882
3563.88617169036 877.169987702136 630 6.48825939718211 811.942121448113
3810.18902624593 942.512139336383 630 0.989603754237351 651.674683332629
3968.64376928485 922.645307731504 726 35.5428444914231 1108.11629385583
3996.84690884894 931.497436314821 720 23.9015126090405 957.018776008885
3619.71401971545 948.532883350776 600 2.66391796382703 845.646812388783
3636.02440256799 927.964076205915 580 2.34914140835224 715.011221969435
3727.4497733314 887.018711667423 644 4.3126400054914 635.153871619192
3657.26063641171 848.569388511798 670 201.051236716722 619.605927798164
3673.4569602554 879.046328717749 620 115.533181256577 611.383458529462
3571.29938157149 896.848596307848 579 27.8297082008853 533.391378238835
3542.64140018995 902.720231863857 610 29.2894637193781 712.528097501091
3703.7001290723 937.967457164197 640 40.1630333534665 550.81745534896
3537.75575605412 883.782103989325 630 53.3197904673383 683.610553150587
3335.88920714844 858.932401291377 550 28.7903169213786 566.76731128666
3829.25998678468 880.207973987249 650 15.5405795717933 633.138966146561
3588.83892226601 942.865489835494 580 8.8878491515469 850.38206619977
4282.5065633902 936.317233033538 780 12.7010564370466 985.34285729563
3792.97188711569 881.447292353263 666 1.47828143012089 1020.32941589028
3518.84881046321 889.768505815813 570 5.80935165222792 560.543019369723
3488.03099056357 874.62022947143 560 51.5921632784251 529.183480210687
3684.62291598907 876.434319371222 660 2.0957971806738 750.294671042936
3667.28960871697 929.678894432676 610 0.381794166567886 687.295137833018
3716.0345326618 894.903510045829 677 63.0057744507747 727.893646482964
3925.61884550976 908.256854411473 697 12.3717470633821 1085.15646962673
3350.36035102352 859.43211373031 563 0.981400850542855 637.448095527764
3579.50933163811 906.49160393228 580 28.503756360445 585.445284926447
3618.00789911227 895.884717115794 595 21.0600351196114 527.12755724765
3457.53371100818 867.287274420538 575 73.9060860693776 525.828437894705
3622.06234923418 888.940442959602 610 39.8080039874654 561.133717039295
3711.07704718298 889.465798860508 620 0.959557325183084 648.493759627409
3877.33944691943 942.687723232101 696 5.07340715958026 739.002386742578
3513.33610129615 872.122415115461 640 12.8711063633689 731.94062398524
4213.94125609745 922.339237694613 800 93.9317075801587 1018.06440387603
3660.83907376558 926.367176804333 630 23.8077072463961 644.661567578294
3621.50681528562 898.137747567929 607 111.226534704937 541.043707103434
3619.49949351524 877.117988773577 630 26.229184830313 833.026555041548
3779.79843042116 871.658597901785 650 50.3803964243066 740.419347602816
3637.06849420007 898.54416989055 630 1.05136489153773 553.748423725037
3513.9131394357 903.372217352542 600 70.749025377461 574.673751567175
3619.21457387772 931.650120815281 577 11.7706526434947 626.252709433929
3943.05058655426 937.634544219703 687 41.9518471966085 557.428387616186
3588.54770097337 865.269805563616 610 30.6408808051366 570.146224170537
3631.49069146171 942.402478376834 590 1.0867546851602 662.482611909082
3631.57373126318 927.777667002119 590 2.6282294301825 585.833400514809
3635.02026147171 932.388172215514 590 0.762505600008126 871.138556130784
3413.15966041659 877.569767605043 540 55.0541400551676 480.605751614339
3947.03756081311 951.012029780845 670 0.380537273688617 735.227550574361
3650.43737746936 871.1661945385 700 106.535212053363 853.558344977679
3626.9402506343 913.030481009982 600 3.23373984409261 741.082518328032
3808.44404380419 937.723642377342 630 1.20772655945541 659.081652398439
4009.07780795644 943.303898534593 710 42.6583231682804 845.07408033663
3636.02440256799 927.964076205915 580 2.34914140835224 715.011221969435
3729.28419246375 886.787938835141 644 4.0833376139467 634.692325954628
3644.41312992181 843.470368998205 670 199.445298405484 614.121743477436
3714.4525526557 865.636144532115 650 30.6537987209001 710.429835269911
3634.60504603726 902.805865558172 642 24.833155662879 570.848558868774
3838.84942323898 915.606765779387 660 10.6487695493752 848.740824068905
3557.47809546103 875.028920591585 620 48.6638748446272 603.536540767949
3689.49481710845 923.654606679457 630 25.2410295188106 735.581929770362
3565.57457041347 898.186521223638 610 53.3649588139735 617.98157448193
3703.7001290723 937.967457164197 640 40.1630333534665 550.81745534896
3838.97900233094 905.19568313734 710 15.6668846827355 704.974298615344
3492.99663834073 892.361974759134 590 19.9389319004073 587.123055581704
4090.16447498472 943.163098045168 700 18.52235554328 648.399892519108
3419.67325837518 877.714782329945 580 30.379168890064 609.299382899867
3588.83892226601 942.865489835494 580 8.8878491515469 850.38206619977
4290.66455565367 938.573865130493 780 11.6813074041129 1044.3189461799
3718.04986835366 921.542552008097 630 25.0663605347182 677.051919223549
3496.52798778477 916.234824751156 570 73.1523559132577 514.664689687054
4275.97901480729 950.856953540728 790 20.2491965489638 988.105425531417
3684.62291598907 876.434319371222 660 2.0957971806738 750.294671042936
3690.78425688581 895.155012775486 663 37.1114009769536 750.650872531216
3667.28960871697 929.678894432676 610 0.381794166567886 687.295137833018
3744.95987217972 906.215488903158 660 25.1275370712585 796.671608356181
3925.61884550976 908.256854411473 697 12.3717470633821 1085.15646962673
3346.23222026713 855.16567789156 563 1.49741719509052 637.448095527764
3575.35783001359 900.868192343367 580 27.9848186573795 563.622418106346
3580.51704979117 883.820966736701 595 25.7463912847485 487.687571102634
3462.31490427791 865.273581325582 575 73.3084369106609 592.58502713129
3711.07704718298 889.465798860508 620 0.959557325183084 648.493759627409
3782.7739439443 934.68271711837 660 1.06434793903969 786.659275914304
3877.33944691943 942.687723232101 696 5.07340715958026 739.002386742578
4368.58122977367 939.567135447762 820 74.601710870631 1113.48500582991
3629.55056876656 893.641348470029 617 10.1497000420443 537.56624931788
3623.38469398585 922.701966888659 570 34.5851420445388 430.659426580487
3814.2359348396 929.117988773577 680 1.88712966476874 1011.35983389923
4009.07780795644 943.303898534593 710 42.6583231682804 845.07408033663
3596.22835332814 914.210188588453 580 2.62536474662954 679.033232280168
3722.55759560616 889.527972213729 644 4.92416222114639 645.652459468982
3854.08331491913 920.714827857117 700 104.336022633664 637.113652826026
3711.96220565126 918.235206793702 623 12.7803519050768 653.276022655098
3796.3523559096 867.965829880834 670 20.4163233141635 732.293711135615
4129.5595110221 934.778962512987 720 22.529986566032 872.72796279302
3856.16487411 954.865307034825 692 52.5281341719716 701.412517561882
3755.20158658853 863.646576516603 650 14.7164999143606 475.027049906709
3608.44262607759 921.427990362406 585 17.3038258266422 476.858653493986
3875.17448794007 920.926106443704 710 6.10813646173858 920.122007512982
3741.0899857771 894.948109909569 690 25.7123885551187 682.793674532892
3689.49481710845 923.654606679457 630 25.2410295188106 735.581929770362
3779.39223970223 945.933153327984 610 1.03244335828276 950.735229172394
3831.36358365542 892.25344440355 690 71.4131917973982 821.298522222532
3954.84637038182 947.776792944194 640 0.251323757329146 773.261359196477
3703.7001290723 937.967457164197 640 40.1630333534665 550.81745534896
3838.97900233094 905.19568313734 710 15.6668846827355 704.974298615344
3427.06501697275 881.396633021113 560 40.187293149417 624.926183669502
4090.16447498472 943.163098045168 700 18.52235554328 648.399892519108
3765.1165029333 944.998558042583 620 2.63087287617117 646.059204564842
4290.66455565367 938.573865130493 780 11.6813074041129 1044.3189461799
3718.04986835366 921.542552008097 630 25.0663605347182 677.051919223549
3562.85998527986 915.804559845898 610 48.2778568525989 513.804159876538
3681.78361683477 914.819974032029 625 11.8896656519909 664.19139713708
4275.97901480729 950.856953540728 790 20.2491965489638 988.105425531417
3684.34321610298 879.039771529836 660 2.1307596664351 762.11102751878
3976.53898029947 938.969255866049 723 1.39206055024528 854.846430847916
3667.28960871697 929.678894432676 610 0.381794166567886 687.295137833018
3891.74572223892 905.251499785172 720 65.7030489717773 923.153352002751
4135.36765122558 917.305395537805 735 55.5718869503959 904.118547105522
4009.07780795644 943.303898534593 710 42.6583231682804 845.07408033663
3596.22835332814 914.210188588453 580 2.62536474662954 679.033232280168
3684.99775156451 910.974586996484 650 8.39284227842194 822.92532528451
3728.76478658579 884.715241998349 644 4.14826334869269 597.275971772989
3965.27870986308 921.223224425194 730 62.637749529686 758.015981920988
3882.11191781681 935.184125926579 660 1.65073870208147 976.437424979973
3711.96220565126 918.235206793702 623 12.7803519050768 653.276022655098
3799.09903058498 869.493892013378 670 20.0729889797411 752.531727820917
3755.20158658853 863.646576516603 650 14.7164999143606 475.027049906709
3678.78471171197 930.769797887801 600 27.5938277618254 483.542268544776
3875.17448794007 920.926106443704 710 6.10813646173858 920.122007512982
3723.48522927256 885.104285034147 690 27.9129831181861 663.664231354866
3666.00509421226 915.766135786629 630 19.7688572251842 731.62501417216
3779.39223970223 945.933153327984 610 1.03244335828276 950.735229172394
3831.36358365542 892.25344440355 690 71.4131917973982 821.298522222532
3725.82144122817 929.949138148841 660 42.8184904560608 738.470703958202
3954.84637038182 947.776792944194 640 0.251323757329146 773.261359196477
3710.67789118467 911.360399384665 650 99.318784860978 771.476556101906
3703.7001290723 937.967457164197 640 40.1630333534665 550.81745534896
3838.97900233094 905.19568313734 710 15.6668846827355 704.974298615344
4277.44660606655 937.687065380425 789 22.7290821662539 1052.38330648101
3545.10058800981 886.317861104676 590 54.9417395290505 657.253039976468
4009.07780795644 943.303898534593 710 42.6583231682804 845.07408033663
3684.99775156451 910.974586996484 650 8.39284227842194 822.92532528451
3727.83885922211 883.029839658583 644 4.26400426915211 572.463017085194
