3631.46200122655 918.718232789706 610 33.8651772916332 326.309234053053
3867.13596954487 919.204215012789 670 4.34710224440039 637.76794626315
4144.11254674264 948.826899048855 745 65.5621682443214 661.296374356869
3687.06393123325 939.94768614485 640 3.18860728545638 582.691058445257
3811.46706166969 921.0328801178 650 8.205776058845 508.225444043773
3831.71069044464 942.023197327959 670 72.0635506886618 616.3391497955
3873.29079005569 930.631712113585 710 32.3593079808915 637.491131929334
3658.86080868374 923.257403288704 630 5.42887894214948 353.194564024511
3968.80529387987 951.630810162877 716 13.553834607289 745.932608991443
3854.95214837683 940.062877943828 660 10.6411438891859 588.753824319938
3598.25880799592 936.299813007308 630 21.369595713814 479.991637761517
3749.80905061547 937.769070309423 670 40.6377305661777 646.022246868173
4057.91389423342 945.547135670159 727 70.0088733201662 602.518258976519
3645.18573296142 927.191240935212 597 3.79821346711037 415.197595398731
3677.923739009 937.15496984164 620 40.8913149688754 321.984329084055
3768.77736371696 931.075575418247 660 50.7729417832983 548.792598014393
3980.78458523331 937.304923840691 698 48.3360181433792 610.368599270449
3830.76904307988 947.789098384911 680 86.2006040852835 644.576401285129
3716.21334445439 946.204735623391 600 2.08697359176176 350.673171247396
3578.7259061184 931.511666420148 600 50.235343335309 345.074703423092
3820.51375875915 932.234128900708 670 52.2226406048124 553.710982663172
3936.30714683774 949.852300715105 690 0.178742714681505 741.076999098227
3849.08489470049 946.851985191495 622 1.05146894664801 473.886135723004
3821.66685972513 951.182136044162 629 10.5324207889732 412.030133658896
4073.16830387488 895.63055197388 730 1.94443667594874 631.233301286963
3566.14918481783 904.574936717768 600 67.8687812935572 465.969372410982
4144.47827412622 948.832449991108 745 65.6078841672687 661.400620801807
3468.78512043256 885.126251238285 570 3.11853108432956 402.795327061471
3417.00076493776 870.063023938681 560 49.7403567066233 304.911138581066
3770.45505523954 865.323134051834 625 143.206673258409 502.054855026939
3687.06393123325 939.94768614485 640 3.18860728545638 582.691058445257
3803.4015175744 924.564137572977 650 7.19758304693408 524.945844947152
3815.76865927097 934.061504449144 670 84.0604249730856 645.815103259084
3804.32766196972 930.692266876467 660 2.5168328816531 451.612508504483
3772.89445352208 938.004372439335 615 0.249545172997557 497.289605556033
3884.75811313176 930.848872573493 710 28.0590618273645 644.527778116193
3824.39598072996 939.533635836348 660 26.1207754479271 443.403428955188
3411.0752209428 877.010705111625 560 19.9017058335958 334.749008062751
3968.80529387987 951.630810162877 716 13.553834607289 745.932608991443
3854.95214837683 940.062877943828 660 10.6411438891859 588.753824319938
3551.10012626907 860.220527672732 570 83.2774080038782 508.328067954454
3416.88836551012 860.890320894274 570 23.6301585739441 352.833136707938
3409.65554079021 876.687608960239 630 2.2058126869 466.197206438071
3896.60862108931 944.751494241535 680 16.5484729527715 690.309233664879
3749.80905061547 937.769070309423 670 40.6377305661777 646.022246868173
3924.11582287437 936.175320733121 720 39.1440907941139 1008.35991597809
4057.91389423342 945.547135670159 727 70.0088733201662 602.518258976519
3645.18573296142 927.191240935212 597 3.79821346711037 415.197595398731
3677.923739009 937.15496984164 620 40.8913149688754 321.984329084055
3768.77736371696 931.075575418247 660 50.7729417832983 548.792598014393
3980.78458523331 937.304923840691 698 48.3360181433792 610.368599270449
3830.76904307988 947.789098384911 680 86.2006040852835 644.576401285129
3716.21334445439 946.204735623391 600 2.08697359176176 350.673171247396
3578.7259061184 931.511666420148 600 50.235343335309 345.074703423092
3820.51375875915 932.234128900708 670 52.2226406048124 553.710982663172
3939.90917890215 953.887055553899 693 29.0632667596176 825.370219307375
3936.30714683774 949.852300715105 690 0.178742714681505 741.076999098227
3849.08489470049 946.851985191495 622 1.05146894664801 473.886135723004
3821.66685972513 951.182136044162 629 10.5324207889732 412.030133658896
3845.42520974273 943.891311682895 640 25.9868387018705 448.996866974011
4073.16830387488 895.63055197388 730 1.94443667594874 631.233301286963
3558.57240223415 869.410040545848 610 72.4655996078931 563.132408933456
3566.14918481783 904.574936717768 600 67.8687812935572 465.969372410982
3583.6931268786 936.7195963962 617 28.8301274909929 559.615559063478
4307.12489898573 941.918797786613 795 4.61539984495312 787.647028788101
3818.70574319999 937.743421025563 650 35.6208847968379 529.763730184025
3566.54084732975 895.298497372336 600 9.10093477781965 423.139819329575
3569.33428541066 884.775015523947 610 39.2906771013309 360.927261304868
3898.94130185904 920.204623460585 660 41.2277143235854 493.303723591656
3770.45505523954 865.323134051834 625 143.206673258409 502.054855026939
3692.58625935955 925.119179199767 589 1.75684004215748 316.311217179343
3772.74302365251 937.607471851524 670 98.3203200474029 694.109187121535
3644.20893740762 912.277808198102 670 2.1682669427467 635.519907881078
3471.75670355307 883.004076343988 620 72.8436338748983 647.958813492058
3835.27281660892 926.698125505647 670 14.1212658713531 472.009875376557
3936.57764823069 925.150281466128 720 34.5365037147303 641.87231130301
3824.39598072996 939.533635836348 660 26.1207754479271 443.403428955188
3968.80529387987 951.630810162877 716 13.553834607289 745.932608991443
3854.95214837683 940.062877943828 660 10.6411438891859 588.753824319938
3493.16506870259 866.661534099152 590 14.0955706748858 343.601519396763
3619.47924312833 869.01662001168 660 15.3076975476598 579.170098721047
3872.13824684928 948.150861567952 680 55.6045255704838 615.321156466056
3891.91817410008 934.13696532759 680 15.9621670791171 679.649977504298
3924.11582287437 936.175320733121 720 39.1440907941139 1008.35991597809
3809.33752465596 944.152311742347 670 80.0410769880176 632.579442947628
3434.24425280787 863.746335031288 590 20.046701277255 497.155444046286
3461.34935504579 865.011373709249 580 112.666136915102 352.046515141369
4051.83930516611 942.332861319351 727 69.2495496867521 589.661161573287
3760.62811763331 941.279840062041 647 10.6320846168765 463.006738330438
3678.39551137439 936.873851490896 620 40.7144003318533 321.703210733311
4077.287487017 942.856699290106 710 29.3781871812715 1006.27370484563
3602.53592210072 872.055476829109 640 32.6181226723045 425.918492327873
3585.51660390308 882.872981071307 590 21.1864500451522 343.93384934132
3418.108072852 864.029985637366 580 36.0584235983272 375.013059862737
4172.56873543305 938.09253628853 790 101.24686324781 1083.4888029199
3594.30956624784 918.629109322902 610 43.4523391171002 497.929955944008
3658.60996645714 924.433939898096 633 29.1912922565219 462.961787842309
3892.10830670979 868.241825188165 720 58.6012817353731 589.621533194753
3699.4436210958 920.831282046935 600 24.2552810054785 358.991209420104
3887.59557502589 940.231856999388 653 21.9857005394472 493.592911533807
4077.780425051 951.296785167832 708 11.962578211744 754.506300726806
3846.21981225197 945.379221573944 680 88.1319502317956 641.205661549712
3697.28074862103 947.534755837547 610 29.8328451384594 323.080471384988
4083.95918571762 940.107440493228 733 37.4975526818247 1008.29547056954
3722.35406015559 878.85765354198 640 41.3707324002629 393.304869641684
4086.46274144012 919.662704034328 720 42.165650643394 712.265198197343
4200.16858268615 928.037636795068 760 98.939740008844 710.911639367089
3558.57240223415 869.410040545848 610 72.4655996078931 563.132408933456
3676.63715927929 948.774007276126 647 4.01305118356788 623.657679903404
4133.91414416134 946.561223004606 760 21.5936329712929 956.57373949523
4307.12489898573 941.918797786613 795 4.61539984495312 787.647028788101
3904.5879435269 933.859347421328 650 1.02135524886779 644.712867250642
3822.29340719795 934.016446094361 650 34.2755107976039 516.517734248905
3566.54084732975 895.298497372336 600 9.10093477781965 423.139819329575
3569.33428541066 884.775015523947 610 39.2906771013309 360.927261304868
3898.94130185904 920.204623460585 660 41.2277143235854 493.303723591656
3602.06715273848 885.574558467803 630 16.1378454649814 362.837881583386
3692.58625935955 925.119179199767 589 1.75684004215748 316.311217179343
3761.91266146497 929.889261235164 670 96.9665247739608 678.162068088445
3644.20893740762 912.277808198102 670 2.1682669427467 635.519907881078
4029.65774925674 943.085802501732 667 2.44717589470321 649.521526421134
3548.5337967955 884.1541319861 630 44.052223908989 657.892868638731
4061.68829493491 942.851257637683 690 10.1027704455341 686.040991812069
3478.69591997425 892.792321790993 550 100.875885114266 337.481972911237
3534.34282046745 884.999046446634 560 0.52199774449474 312.980949326954
3925.11032515461 924.93312100622 720 38.8367498682572 634.835665116151
3853.55710178029 931.470309237217 640 29.7659155792185 446.789380790686
3786.52447862679 933.428871678111 687 36.3389365139237 697.329382547543
3841.69174468645 939.305145425553 660 12.2986943504841 593.722894246838
3619.47924312833 869.01662001168 660 15.3076975476598 579.170098721047
4103.29502075961 925.764223160749 770 95.024257511044 836.225681627
3716.0830850188 877.786585730115 640 39.0191167239683 396.402849934973
3934.28202042407 908.372802089759 660 65.5644921996245 548.66021040143
4131.36363452827 916.519042272509 740 47.778262279412 651.210118426527
4203.55776059229 926.410041307197 760 98.5160927705765 733.672802805002
3740.2372779914 905.553134679295 627 24.1294796707175 441.541405155541
3676.63715927929 948.774007276126 647 4.01305118356788 623.657679903404
4133.91414416134 946.561223004606 760 21.5936329712929 956.57373949523
4286.92695406604 926.706908188354 795 2.09065672999122 733.902864597573
3824.94977074599 935.63906117579 650 34.6075562411084 554.145936567684
3542.51563708206 889.298497372336 600 6.09778349685746 401.158258521962
3898.94130185904 920.204623460585 660 41.2277143235854 493.303723591656
3958.20084741993 906.278750219611 685 10.103675333015 503.953750912808
3749.92978556098 911.700930132931 660 34.6206745677941 530.657667093215
3692.58625935955 925.119179199767 589 1.75684004215748 316.311217179343
3760.22532589645 911.92309285201 670 12.3337816183574 741.928684289818
4029.65774925674 943.085802501732 667 2.44717589470321 649.521526421134
3548.5337967955 884.1541319861 630 44.052223908989 657.892868638731
4085.18299730356 951.402296842959 690 13.0396082416152 720.245148633172
3478.69591997425 892.792321790993 550 100.875885114266 337.481972911237
3534.34282046745 884.999046446634 560 0.52199774449474 312.980949326954
4181.39194234475 940.389274093937 760 29.1436248456248 727.023053815466
3826.08168987051 931.656179495014 700 107.043110500702 566.772977275525
4011.75092699675 949.03530920995 660 4.87738457155035 515.193157432652
3667.92646482545 924.631584868683 620 52.0081113189274 370.190720554847
3777.49171411403 938.753233944659 660 37.8633606584312 597.299123777296
3795.3711372199 908.541482045152 656 1.54225874726018 566.17141618655
3841.69174468645 939.305145425553 660 12.2986943504841 593.722894246838
4072.51313425201 941.366135896626 730 70.196034859222 533.413978552716
3928.17725512776 911.104734471011 660 63.2752052135071 558.124075163935
3960.0469086138 916.480622756608 680 10.3136475897938 621.729379358447
4131.36363452827 916.519042272509 740 47.778262279412 651.210118426527
3740.2372779914 905.553134679295 627 24.1294796707175 441.541405155541
3666.52795801619 939.556111059358 647 5.27670134145558 605.221887469867
4133.91414416134 946.561223004606 760 21.5936329712929 956.57373949523
4319.53554856489 930.554289629325 825 10.1375662070776 745.445008920487
3817.38998153101 932.261129959074 650 33.6625825892365 544.012142917536
3766.57528682349 920.658797492417 640 44.832911251264 485.856569155794
3667.71832939452 904.433081833833 617 1.30007503248044 472.757527296473
3469.16437088491 896.151263465637 570 78.8845799065033 405.8828752129
3898.94130185904 920.204623460585 660 41.2277143235854 493.303723591656
3833.1303547187 939.68476835937 639 19.3248519620514 392.676601766613
3837.28298909629 912.611281270191 670 61.5955868268644 595.319926703223
4020.55244131746 936.674497839223 667 1.30901240229252 634.73184284394
3548.5337967955 884.1541319861 630 44.052223908989 657.892868638731
4085.18299730356 951.402296842959 690 13.0396082416152 720.245148633172
3534.34282046745 884.999046446634 560 0.52199774449474 312.980949326954
4108.57237643029 930.861542115465 750 20.0411791063177 718.364672881687
3976.78216332767 884.763359535492 690 88.4495779789896 621.200845656927
3826.08168987051 931.656179495014 700 107.043110500702 566.772977275525
4011.75092699675 949.03530920995 660 4.87738457155035 515.193157432652
3938.58645619057 935.998339896799 670 20.0560398451103 671.109968855614
3667.92646482545 924.631584868683 620 52.0081113189274 370.190720554847
3810.44485653672 925.39522590441 717 33.1407610236155 648.638430147514
3877.5992331263 913.694158410766 666 8.73625324103972 595.884143759053
4077.56883770046 943.414248251379 730 72.0919236523931 559.823588431637
3928.17725512776 911.104734471011 660 63.2752052135071 558.124075163935
3845.0871154441 906.590249214212 680 24.6836217360061 652.500975009988
4131.36363452827 916.519042272509 740 47.778262279412 651.210118426527
3742.18474984472 905.1921001067 630 49.5140561565724 600.485680412922
3672.52910814517 903.643041674681 600 22.7381024983829 596.48725603644
3838.99448463043 922.59782464465 640 24.129142002743 524.526687195761
3819.70319429055 917.194366197379 637 14.1962401333245 490.4973271298
3962.83750047783 904.105041751244 750 42.9782134317322 869.484652209902
4318.94747936731 930.789643388583 835 10.211074856775 693.170201313011
3776.2102182896 919.241224261654 650 28.5151121840601 553.236406994469
3892.10820679094 919.882518584087 650 2.24193373653077 484.304011339136
3652.0770290423 895.917080372874 620 49.6335200552859 399.487910934788
3662.04614998222 904.275687803684 600 0.591052605942537 455.919692907185
3775.00737523519 888.063857525062 635 12.7955086900782 472.445008595519
