13071.2471716295 3798.43051095353 1389 91.0976792788124 8085.50525826129
13108.1270378833 3819.72694445278 1362 75.8275762789613 4999.93799187383
13006.7627771454 3810.98775520536 1323 109.013010603401 5174.28025904167
12918.0845782463 3813.87950720115 1363 162.187425853127 6054.88306679765
13316.270570324 3818.61817925185 1419 12.8693675200088 4803.24322527882
13040.6917139949 3811.59302425633 1348 64.0323616655685 4553.5022249747
12719.3985121576 3818.16324891176 1274 118.986782625849 5138.56530918552
13089.4881376834 3799.11462896735 1382 191.552018799845 5402.73328889036
12979.2573015912 3808.59111683921 1331 135.067780984759 6862.93353514627
12987.5773040389 3822.54400891918 1371 37.4378297696496 6687.47367455294
13151.8805959674 3814.66119804286 1378 157.912634526321 5812.337544442
13028.4491694689 3817.85928938626 1371 163.457420780945 6475.53852034276
12902.8603534373 3807.71334624727 1320 136.570180906701 4778.07562738292
13018.9693778297 3769.60679158907 1342 199.861391972768 4348.48190110815
12518.5623912748 3812.33148956311 1183 158.881850203768 4150.44677608749
12871.4611160593 3822.03854770727 1309 165.829758611936 4354.95413838428
12522.6224786617 3807.32490862277 1184 150.100115419805 4195.06327097764
12803.4060631854 3812.62587748069 1288 75.576845983142 4839.44074477575
13132.1023065522 3815.87324831319 1384 170.030740049853 5555.06027549705
12656.4779158875 3815.45773768848 1227 148.917298147482 5198.5867906348
13040.4787833162 3806.07833952096 1388 61.8059709668748 6696.30038061446
12828.2107248541 3791.57270893013 1296 146.91224687268 5181.59842017336
13351.321642621 3812.60957000634 1444 188.792792106178 4902.79481206136
12808.1371206071 3820.56913425854 1306 229.11439027495 5814.75415439616
12888.4213814894 3807.83923419669 1309 19.2817355752832 6958.37630727646
12976.8465418687 3819.89290970797 1341 79.4891096322501 7036.49728358967
12945.4369873932 3823.43843945231 1291 9.45286197493465 5879.10453111327
13134.2789640823 3826.20407277964 1420 217.783144402194 6633.93587366219
13078.8842759409 3805.10011990711 1373 136.125543447583 4154.28328729238
13208.5739307298 3822.16428981351 1395 55.497277179204 5665.39792360295
12867.8101139229 3814.67129267532 1323 21.3652634477999 8382.53971522192
12711.238283735 3801.47334365367 1246 238.448986104598 6961.72969803718
12954.6925280768 3805.46612829556 1356 166.010387045196 5051.00716938212
13105.5484367873 3809.2865988726 1381 197.594297932789 5070.69403709174
12668.6314848656 3815.77111627216 1208 133.439412211029 4821.72242227847
12864.3751704 3816.47178728277 1266 38.9220324432488 6291.98788639815
12820.3021586139 3823.16414645318 1255 49.1587479895707 6118.84768773194
12974.4701966351 3798.14246981262 1316 145.899260559898 5782.57580194375
12927.1087221758 3827.87821822703 1304 126.137217274149 5007.4064512725
13257.3629257922 3814.11896676578 1406 131.720722983448 4444.77143428084
12867.7899437064 3816.64318281495 1323 125.833385123049 5766.90503560588
13121.7641042169 3829.15160645026 1377 114.847816938952 5986.82477844541
12678.1354643522 3810.70296658316 1218 133.751023078156 5865.92301638223
12642.5578953921 3813.21429791995 1222 151.95002156093 5198.48821455076
13014.5811917399 3800.38113981993 1332 202.939677171334 6661.19463219786
13077.8964534213 3812.65687766156 1367 131.564132860891 4868.85100075634
12890.1695837727 3815.91879694525 1314 81.5279900055643 5759.00764255579
12775.2958672491 3833.93386827821 1239 150.2030557133 4458.21743243859
12952.8749077319 3818.3705016957 1311 180.870976033752 4668.01008089465
12937.7852810548 3821.7455515363 1309 48.1037002949226 4939.45107640696
13296.0255594852 3819.87323707374 1436 96.542007065344 5834.92113736265
12850.1974045046 3801.0790528852 1301 171.784821057689 5346.05464601472
12972.632210838 3827.5822679339 1327 125.318589441423 5262.09137361149
13063.5429342635 3803.81367319728 1392 47.7524386921391 6009.78366801658
12881.6459188132 3820.58460106029 1327 98.6125791423892 6351.59337371661
13089.7209549945 3809.91657065532 1378 137.551336773101 4910.30758953974
13090.4126183416 3817.86905031142 1309 8.22052233863224 4818.35669373572
13122.5784188478 3819.45018123424 1363 77.7925872643923 5825.4030454064
13160.310866009 3828.74630089645 1358 26.0638548648963 5114.50850935124
12929.9682062646 3823.61676393304 1319 138.573193757703 4885.93903428357
12945.5740279845 3798.74142980259 1323 163.362225165303 6295.76250650421
12932.3110135234 3803.80240491623 1345 164.174567195489 7743.40904103781
13116.8278718061 3805.00663331558 1390 102.946311128278 6021.81488122711
12974.3233183526 3819.84216551522 1336 216.178792863204 3298.36511088861
13015.431976039 3822.6548327624 1361 73.7770699763362 6855.2266822088
12744.7667633424 3812.72464671247 1274 82.5115839321354 6986.90476132331
12834.9121764089 3812.82384144919 1265 56.564292843429 5313.43946638556
13127.1555480161 3825.95720668882 1359 47.6795595996 6145.65471759228
13016.1830490457 3829.41808052652 1309 161.074732729265 4412.10749331293
13021.8818584112 3786.30230592902 1363 105.695817875209 3912.63877899408
13016.5285238286 3814.83402231797 1334 187.155508835022 4796.61544987818
13028.0230476956 3819.46811648706 1340 107.495924290629 6896.67073944927
12775.3081479537 3806.579026098 1302 91.3422910812446 5373.822949479
12841.8881828994 3793.188242851 1326 48.3567288372358 7679.72855846386
12849.2994252936 3809.66908288166 1297 142.181817659287 6460.33255646295
12921.2475358202 3819.67699899639 1330 167.916517922012 5836.47207127332
13141.9412307512 3806.60442185169 1334 166.251254731904 3630.18184156922
12559.6079542163 3819.62221625531 1242 196.629959245008 4993.7890009038
13230.4247633922 3819.09090948447 1408 141.081192946325 6162.61516399001
13029.0304727645 3829.98202753754 1353 52.0872587296403 6997.26509269443
12950.64461902 3809.42599366257 1322 35.8600193133702 5227.53482345687
13050.6278392943 3821.29452563706 1351 153.517341436925 4045.20064567251
12866.2233469616 3813.70857897145 1310 58.652805070159 6428.6652773014
12724.0768235434 3805.20523396156 1300 205.519539898119 4781.90405600883
13192.4143791269 3817.22362553381 1419 2.11776275477587 6248.69643666415
12881.0003838851 3816.23984099847 1331 194.045888576591 4081.68219754722
13215.0996176365 3831.94155575332 1448 147.032599000951 6803.03457572421
12823.1366766349 3813.82991817797 1274 58.958402031737 6358.63723319037
13005.9869920642 3827.32518860446 1313 56.3779329451438 7134.23708994916
12978.90406765 3815.1115000446 1327 118.27235638674 6567.55592746915
13286.7873717595 3804.52065997438 1441 81.7416082278278 6006.45513255049
12861.5200393916 3810.85334503336 1309 146.259227181713 4395.80063166946
12867.5588115646 3806.81052127154 1306 20.426627435686 6275.50400132883
12970.6119366156 3814.85989445501 1370 239.574257284366 6209.78459525156
12925.5206578231 3812.72599972396 1306 51.7877869353754 6706.6402037737
13025.3816360934 3802.53182271797 1332 75.6012878524834 4624.40432372349
12807.0276686361 3808.8649464948 1284 59.0981434775372 7113.12064883357
12797.4683323712 3821.15508888322 1288 59.9304495353776 5219.94038214224
12714.1382328724 3811.13350109557 1244 121.396726907431 5112.50544829232
13009.126826456 3810.33935697792 1337 158.674129509419 6916.89857873564
12935.878916341 3802.66392389815 1347 199.540074713237 6102.85404512711
12607.8438902692 3831.72013639598 1185 108.790495905502 4856.95764578581
13080.1041458861 3800.45107135175 1420 103.349762134153 6647.5656739599
13044.6177647616 3807.93177899119 1355 135.417316976113 4647.99268696784
13206.0164236345 3807.76314864354 1384 103.511481669609 5482.52855328609
12753.6852228941 3827.87780690834 1226 167.605242033501 5668.42661453247
12653.0887940351 3806.81681215482 1231 70.8160173167826 6451.86591990981
12703.4099159996 3810.64119533097 1274 88.9201408350343 7874.01431244408
13078.7476971046 3822.64928495783 1396 179.880361426177 6338.06442231328
12984.6261773117 3810.72803571418 1338 167.772394678689 4902.54958186768
12813.0059777036 3818.69561599653 1329 206.741652152363 7284.47992750712
12820.614731139 3826.70656313988 1261 37.8659589706381 6492.29222502578
12504.843802986 3817.09670297198 1170 52.0072889656976 4836.96203596477
13098.671860857 3808.71511994621 1331 99.476030605284 4371.76707094339
13149.1906904436 3795.3027573443 1387 129.032688781417 6366.49316766727
12908.4798847441 3805.32753113392 1328 222.613920882544 5597.62351063573
13169.8480624617 3821.39898882587 1402 97.9795525479112 6525.99074659043
13210.4366480017 3806.17193677703 1379 127.008332262356 4362.68891271978
13001.7952787595 3821.27639196375 1349 77.882355935084 6449.76399209862
12819.4800246721 3805.29673124831 1304 170.50576926962 6373.74756151582
12786.173163984 3812.77803369723 1289 107.119403046948 6754.17246163337
12834.265847799 3831.72982300778 1275 195.114610641663 5042.50264428761
13148.2246155452 3820.94390057993 1378 74.9580929867545 6045.2513396002
13024.6800467215 3836.63713326889 1365 119.413338459578 6623.62216402735
13032.1381846221 3816.08872896907 1337 134.755957652855 5558.14549514016
13023.3021468023 3804.24208019383 1332 118.121705662878 5037.49190320631
12817.4293716906 3819.53093402212 1287 135.732447825474 6539.64110151908
13012.712816451 3825.06114858907 1365 208.206911586605 5537.78687760928
12884.7233971098 3813.72892233927 1298 10.572126392334 4264.57563344396
12898.7647551123 3809.57430604855 1327 163.509299245211 4820.1168849602
13226.6150100565 3801.60824854212 1410 100.701512324189 6368.58347625088
13462.2260062265 3825.79388562437 1514 178.459193365123 6819.96257593764
13084.9580192788 3815.52410214899 1356 51.6342939599797 5093.61421779682
13108.1270378833 3819.72694445278 1362 75.8275762789613 4999.93799187383
13371.2189209268 3814.4174303526 1447 27.658043314625 5739.21086132901
13202.7087097884 3803.96220915165 1433 88.7247409535557 6373.5500493234
12979.3174408015 3813.73571424427 1371 169.841533672527 6009.59948604206
13410.5478367239 3832.52181118036 1446 1.08470922002402 4858.85775299284
13133.0400443692 3824.50213728766 1364 71.8089143589214 4913.24860903029
13011.3123171903 3824.72163065962 1325 155.476008254945 5501.64308611707
13499.5275798995 3826.18321630457 1497 135.002252461856 5672.13773356697
13670.7097379871 3819.67718549422 1552 264.204718837803 6219.65690668639
13107.983244416 3827.91676152501 1395 52.4885723167808 7018.36798638005
13295.5066134095 3818.82008901386 1446 175.865886706579 6199.55856299425
13004.4342641093 3804.39084934594 1329 160.455557610994 6306.26119561459
12886.6640776422 3808.98320712769 1301 93.2451020617304 6465.23160484104
13101.8453809752 3791.57827065953 1355 61.9507955799704 4775.21811903388
13102.1224136189 3806.93898810277 1374 61.2418886365911 6992.32575789381
13625.357567954 3808.67047915034 1546 231.324606490832 5245.48154553575
12932.4839120965 3829.08070426339 1317 153.25475123071 5958.35466709351
12699.961400254 3832.4876353691 1216 137.124000924048 4300.76134708122
13027.4054259213 3816.84669071845 1338 185.322797344683 4327.94624408821
13108.3896030925 3814.90238997374 1289 28.3060047869899 5197.70190341505
12974.1958486848 3797.8776352257 1309 52.9147895532965 5194.95291138389
13428.863590151 3817.07117242837 1476 207.12590049971 6255.64262579752
12940.6126964674 3819.70439937633 1309 184.434145719967 5139.85747469223
13101.0594510974 3816.82431022404 1395 39.0882205489097 6722.21035987777
13800.8725435005 3816.16976104713 1568 16.4911812293278 5501.92854045577
13787.8392204117 3821.50813501342 1546 103.033844088911 6127.17785161325
12964.3022980822 3818.56484354393 1323 109.481008048261 6652.94783116049
13547.3059923298 3810.16670861018 1514 212.668670027621 6161.44799827314
13370.7772199411 3816.66423583969 1416 43.7146670935538 5557.44021749161
13536.5834336493 3827.57071957483 1514 101.68177183844 6243.11580462126
13324.1923299066 3822.62872515349 1441 89.9488142312796 4159.05240503643
12979.4595119523 3818.17655844077 1327 168.848334740775 6213.71920557646
12866.9564255501 3815.83212604759 1323 21.2585524012027 8392.75833955531
12895.8538649992 3813.42687887991 1317 187.238426936475 7330.13387264984
13182.0868488824 3809.04761990529 1400 127.483342562433 5266.21764069834
13475.9403547016 3816.55331361488 1514 243.89328767207 5078.72838658652
13213.7544553973 3822.71612705381 1399 201.579783527498 4928.61488679943
12984.2567669955 3812.59293150446 1309 95.2457659014622 8088.36156647511
12937.8367872905 3825.88986299281 1305 5.08326223585414 6081.60705536955
13079.3155419344 3811.59525699436 1374 131.204305100336 5940.3177960173
13001.1402191887 3814.38487302068 1315 73.8698312722604 6402.03203202643
13334.3001945812 3827.8752121799 1436 141.337881582074 4856.54258368812
13018.8935520804 3818.74659832904 1383 144.721336169799 5398.00130959719
13151.1279787705 3803.29008451138 1390 118.518301258153 6454.97066054276
13973.4167219454 3823.12477126196 1607 104.267239556159 7878.26748745322
13518.7788728338 3819.38195209889 1514 137.221995171351 6508.14469325718
13755.4085282545 3817.12704180407 1630 215.107008618624 6956.25695341111
13414.3717944701 3820.19302775791 1443 71.895871736765 5130.49196067046
13272.7997847711 3828.74953613939 1376 34.836598842769 6363.44000430719
13048.8233973554 3798.72814072674 1362 68.4146212129792 4790.69789092437
13483.2917758944 3814.60164311351 1466 69.685363927445 5293.71602573012
13390.6545502182 3816.86427984011 1465 112.217971007287 6508.46685732113
12996.3306523084 3819.50895341699 1387 171.968185110891 6465.38295037279
13487.0262260014 3824.61582660821 1489 8.47508943966864 4913.68696503402
13277.5067700863 3821.70001488448 1429 17.6338922150271 4792.48008968351
13011.3123171903 3824.72163065962 1325 155.476008254945 5501.64308611707
13499.5275798995 3826.18321630457 1497 135.002252461856 5672.13773356697
13619.5682631821 3810.86105930088 1552 257.81203448718 6379.28946571956
13075.908969025 3810.71328439732 1336 193.284753356866 5795.47242245194
13190.9743432368 3823.10753472837 1433 62.862459669391 6958.4424418414
13295.5066134095 3818.82008901386 1446 175.865886706579 6199.55856299425
13003.5603215599 3810.2875255524 1329 160.34631479231 6007.18660622294
13279.1906360301 3812.5054257258 1443 142.310921860216 6688.1991490324
13258.2478478206 3815.52118410069 1402 40.3382250368579 5222.43234316128
13437.2499288306 3813.05028212971 1484 103.132828038049 6783.19875558181
13625.357567954 3808.67047915034 1546 231.324606490832 5245.48154553575
13003.8361321886 3832.99712873132 1325 175.108342415872 4789.20987222245
