29257.6793684428 4697.23339879226 810 235.415043572783 11040.6361107304
28780.0089376519 4668.58594090604 790 281.954690253142 10263.5136757087
28803.7033607169 4679.13015917444 800 283.659363068237 10890.6740555504
29257.6793684428 4697.23339879226 810 235.415043572783 11040.6361107304
28803.7033607169 4679.13015917444 800 283.659363068237 10890.6740555504
28806.3472519889 4677.90749175941 790 291.831558129521 10661.7794755425
29957.7559883102 4782.96202901246 820 467.074480601816 11046.9405114832
29963.4761555994 4790.47350472707 820 466.359459690662 11970.9341884956
28820.7087236575 4684.17140185391 800 290.036374170956 11157.4661326988
29259.2923434591 4695.38533058795 810 235.213421695752 10980.9225714031
29976.0155147755 4789.81291467793 820 464.792039793652 11572.6615647218
28771.3470506179 4664.99425710984 790 296.2065833009 10224.5476936778
29987.7893141185 4794.42254629992 820 463.320314875771 11754.2719763887
28795.8781224875 4674.96906093528 800 293.140199317195 11135.0240422594
28791.0810627302 4669.81274205924 790 293.739831786867 11223.8243986756
29257.6793684428 4697.23339879226 810 235.415043572783 11040.6361107304
28756.4662556453 4653.98091417078 800 298.066682672473 10887.6416504583
28756.4662556453 4653.98091417078 800 298.066682672473 10887.6416504583
28795.7458631178 4668.36847211441 800 293.156731738411 11198.9074964152
29927.2071116329 4780.15840094008 820 470.893090186479 11574.6358531614
29457.7718008221 4725.81517597778 810 541.416458377508 11486.1410157321
28795.7458631178 4668.36847211441 800 293.156731738411 11198.9074964152
29929.3405611246 4773.96696378894 820 481.008755514216 11487.9218227562
29565.169331234 4775.25368421684 800 526.530159250539 10954.8283058609
30010.9898491207 4799.6588634569 820 472.020515501589 11596.7456074205
30008.554007147 4800.37144579639 820 471.107074761423 11691.1238008235
30062.9682719618 4822.71455607926 820 464.305291659569 11907.0168581005
29539.1252945067 4746.89535650692 810 529.785663841461 11253.2011553786
28780.6009721693 4663.19482375524 800 295.049843106981 11259.0014536608
30062.9682719618 4822.71455607926 820 464.305291659569 11907.0168581005
30098.7051205862 4831.65711109892 820 459.838185581513 11952.6141887182
28780.6009721693 4663.19482375524 800 295.049843106981 11259.0014536608
30128.9103943698 4847.27230515019 820 456.062526358571 12361.4374352013
30098.7051205862 4831.65711109892 820 459.838185581513 11952.6141887182
29285.3522067475 4717.86520923977 810 199.906399611647 10684.2922895386
29914.4535172602 4772.62296040702 820 472.487289483069 11638.920416095
29914.4535172602 4772.62296040702 820 472.487289483069 11638.920416095
28721.3654280117 4639.94414449503 800 272.836514047885 10925.0309810323
29967.4226880149 4785.35195399743 820 476.248489652929 11761.2961161525
28780.6009721693 4663.19482375524 800 295.049843106981 11259.0014536608
28788.9748002344 4663.96087823457 800 294.003114598844 11432.946543918
29300.9183530298 4734.57457164927 810 230.010170499413 11760.3833195018
29987.7893141185 4794.42254629992 820 463.320314875771 11754.2719763887
29498.3090610316 4742.1794214764 810 536.423889458416 10697.7875304618
30029.2794544326 4811.31707317255 820 468.516393850721 11430.9507725917
29264.0516169652 4714.47437802052 810 197.69907367994 10604.306249433
29926.4193748625 4776.22507417821 820 481.373903796981 11016.9462285108
29933.3088698321 4793.93519178804 820 150.961355899132 11300.7984490658
30008.554007147 4800.37144579639 820 471.107074761423 11691.1238008235
29505.0264524651 4742.94129005939 810 532.883367713014 11194.1948155935
29306.89745164 4734.26644656666 810 229.262783173135 11207.7754453445
29484.3678109471 4729.41425807399 810 535.465697902769 11291.9280143664
30008.554007147 4800.37144579639 820 471.107074761423 11691.1238008235
29275.8281966692 4713.07992929599 810 196.227001216942 10906.7301882346
29314.34420916 4736.17673659122 810 210.778400516318 10639.6670611755
29275.6124074385 4712.4233964795 810 196.25397487077 10868.3182503606
28854.5796804764 4683.64476442737 780 264.469839290475 10289.4368154468
29229.8490323861 4707.50821539689 810 238.893835579871 11362.2758363042
29293.9653003917 4716.33768234101 810 203.13630972822 10593.8170091976
28820.6039644923 4671.72075251778 800 290.049469066598 10703.1328892257
28817.1202802674 4672.71696256585 790 269.152264316594 10303.0504342241
29300.332688664 4739.87563486028 810 230.083378545141 10805.3929488095
29306.89745164 4734.26644656666 810 229.262783173135 11207.7754453445
29349.4512850936 4743.98064596645 810 223.943553991433 11148.6023275154
29242.4105037595 4712.95227507465 810 221.086560486899 10966.6718372017
29270.6988859015 4708.29083776497 810 194.411404294398 10903.4577730171
29277.2936763773 4722.05159556323 810 216.72616390967 11066.4367772681
29268.8595173327 4708.30026231417 810 194.641325365507 10910.0626756037
29316.977102751 4734.79569521521 810 211.765735612956 10810.1662743419
29270.6988859015 4708.29083776497 810 194.411404294398 10903.4577730171
29363.2599113848 4756.29610296677 780 200.884810426917 10263.3581591469
29316.977102751 4734.79569521521 810 211.765735612956 10810.1662743419
28817.1202802674 4672.71696256585 790 269.152264316594 10303.0504342241
29363.2599113848 4756.29610296677 780 200.884810426917 10263.3581591469
29277.2936763773 4722.05159556323 810 216.72616390967 11066.4367772681
29345.2905114618 4744.86152790232 780 203.1309854173 10576.9562504224
29366.5870599639 4753.46865150996 810 205.564490961347 11640.928128675
29997.1706348916 4802.90280869967 820 456.861008095388 11396.0106718918
29355.4816596754 4751.18013122852 810 206.95266599741 11271.507696358
29959.255264754 4773.28049790171 820 433.36776790188 11043.9892820019
29909.4761517518 4775.22987267164 820 467.822818487872 11755.4032493275
30015.7205876754 4807.33866416253 820 454.542263997415 11619.8822804656
29956.9498825653 4775.47043191094 820 432.503249581122 11011.4993807345
30025.1287209574 4804.59950054539 820 458.070313978153 12070.0862189821
30015.7205876754 4807.33866416253 820 454.542263997415 11619.8822804656
29406.7222394599 4765.88861450685 810 197.311962678767 11460.5895815521
28906.7382885434 4707.54307326958 760 268.842425732307 10210.5692715758
30050.5918253053 4824.632587622 820 467.618978108607 11798.9074075448
30050.5918253053 4824.632587622 820 467.618978108607 11798.9074075448
30050.5918253053 4824.632587622 820 467.618978108607 11798.9074075448
30102.9870039921 4845.95502668559 820 458.411249378323 11700.6627424779
29505.7523135535 4743.58902767766 810 527.667048052646 11014.8727086647
29486.247512414 4731.96405645329 810 520.352747625356 11117.3027672111
29982.4856760915 4792.13041684303 820 458.322977165664 11537.0938453043
29504.6917653969 4746.08944656375 810 518.047216002497 11253.9081465501
29505.8632770851 4741.34430601317 810 517.900777041464 11178.3541922257
30059.8313703184 4830.12241319038 820 466.464034981964 11803.2936231292
29979.7883897025 4790.12021514746 820 458.6601379643 11501.6987991518
30050.5918253053 4824.632587622 820 467.618978108607 11798.9074075448
30014.9732861159 4804.3762422574 820 454.262025912614 11673.6168609941
30014.9732861159 4804.3762422574 820 454.262025912614 11673.6168609941
30050.5918253053 4824.632587622 820 467.618978108607 11798.9074075448
30187.475156758 4793.10734966741 810 305.750559006801 10681.1581743016
30215.929805383 4810.08075357794 810 312.501106568009 11238.3008319642
30208.0899140367 4804.18458605175 810 313.481092986298 11201.0303409276
29432.2550195252 4731.960246617 810 545.031697548756 11573.3387670335
29431.7438703942 4731.78986357332 810 545.095591190133 11544.4898883577
29399.0455480908 4706.20482728955 810 516.908475045946 11383.5441480859
29587.9713104347 4781.58279715576 810 525.446542467427 11345.6024371567
28931.3965119817 4729.41821804831 790 242.95522254347 11561.2072254167
28843.7507498265 4687.80778311691 790 253.910942812865 10695.6618914514
28843.7507498265 4687.80778311691 790 253.910942812865 10695.6618914514
28843.7507498265 4687.80778311691 790 253.910942812865 10695.6618914514
29947.4018449701 4760.91664983744 820 449.184460952273 11929.4468625842
29408.8249330589 4711.49217437047 810 520.57574440897 11597.2528275965
29399.0455480908 4706.20482728955 810 516.908475045946 11383.5441480859
29502.5631337815 4742.51932257836 800 514.8040455988 10565.5161159285
28847.5636484375 4687.70778989921 790 253.434330486486 10789.2835026587
29400.6865941233 4703.70390415241 810 517.523867308127 11461.1374003268
29558.0774770151 4760.73104220417 810 497.850006946653 11586.455741517
28819.9649987258 4694.62819810677 800 262.532911317144 10494.5158314909
29534.72985788 4779.98936277303 810 530.569733499946 10544.0589530819
29433.6913133159 4731.64293498736 810 543.199551570459 10514.9718666721
29534.72985788 4779.98936277303 810 530.569733499946 10544.0589530819
29433.6913133159 4731.64293498736 810 543.199551570459 10514.9718666721
29437.9235752729 4729.15773733309 810 544.786649804329 10595.8463577606
29433.6913133159 4731.64293498736 810 543.199551570459 10514.9718666721
29468.9131445594 4741.90675795429 810 538.796822665021 10809.5491619329
28898.428107612 4701.00338002527 790 255.997017792562 10600.2150244369
30105.7672790409 4836.93945304215 820 430.884809149759 12315.2445043177
29470.961456414 4738.00711086746 810 538.540783683198 10788.4854789907
30098.5691278313 4791.89414279544 820 460.089824756026 11022.5477290792
30159.7819110596 4812.85501560743 820 452.438226852493 11222.3258489546
29470.961456414 4738.00711086746 810 538.540783683198 10788.4854789907
29468.5294953595 4733.30354787483 810 537.628798287784 10730.2588015244
30159.3493340918 4870.19784390942 820 452.492298973469 11697.4198655027
29557.8657132217 4786.17418522508 810 527.67775158223 11086.9724347419
29501.5636545673 4744.80976437295 810 534.715508914037 10879.8417821191
29470.961456414 4738.00711086746 810 538.540783683198 10788.4854789907
30039.2399371223 4816.35836992287 820 443.060890167334 12278.6189818808
30039.2399371223 4816.35836992287 820 443.060890167334 12278.6189818808
29479.7686141649 4740.1350577933 810 512.329389439713 10680.9296250324
30025.0121852597 4810.80526112105 820 444.173943052861 12078.5961846205
29470.961456414 4738.00711086746 810 538.540783683198 10788.4854789907
29563.3561538291 4769.73468294419 810 501.880946981692 11321.4524789699
29482.6886978961 4723.95520576402 810 511.964378973312 11453.9254115879
30037.9091049277 4810.84855378489 820 442.561828094361 12172.9250699409
29482.6886978961 4723.95520576402 810 511.964378973312 11453.9254115879
29567.3916077634 4764.24170957469 810 501.376515239904 11544.0635634699
29567.3916077634 4764.24170957469 810 501.376515239904 11544.0635634699
30058.9427700355 4808.24592477783 820 439.932619955881 12509.6270723375
29482.6886978961 4723.95520576402 810 511.964378973312 11453.9254115879
30041.7766502845 4804.78351593525 820 442.078384924757 12485.496544901
29461.8164388355 4737.44225222638 810 539.683910880506 10576.664990192
29609.7872429366 4783.5830935324 810 521.187560367872 11461.0794790749
29571.8890965794 4777.20905925017 810 525.924828662512 11207.0109169117
29584.6766633604 4778.53711254873 810 524.326382814892 10435.8939210561
29581.935114788 4779.65108574745 810 524.66907638644 10994.6827520765
29581.5110815382 4778.89850355922 810 524.722080542669 11030.4054376681
29490.6500867273 4742.56480760868 810 536.079704894031 10669.8283860648
29587.3113428095 4780.04318317713 810 523.997047883752 11147.042587872
29571.8890965794 4777.20905925017 810 525.924828662512 11207.0109169117
29581.5110815382 4778.89850355922 810 524.722080542669 11030.4054376681
29555.2061307667 4759.85777002672 810 498.885684070778 11429.2064799045
29567.7693070103 4770.26271471487 810 497.315287040329 11529.9039406678
28931.8382479683 4728.44826275247 800 258.841139899575 10967.1029840898
29567.7693070103 4770.26271471487 810 497.315287040329 11529.9039406678
29581.5110815382 4778.89850355922 810 524.722080542669 11030.4054376681
29626.0183376469 4805.5586946403 810 519.158673529075 11240.4567470655
29626.0183376469 4805.5586946403 810 519.158673529075 11240.4567470655
29538.737773857 4762.22244187761 810 530.068744002816 10847.7198304213
29515.6986610143 4748.92085994144 800 532.94863310815 10539.7481315996
30133.6335998029 4860.28605012403 820 455.706765759587 12143.0887043464
29578.4131927712 4773.39270210315 810 525.109316638538 11424.0890459935
28957.1186618944 4728.92229550016 790 253.119963541346 10715.8688959922
29578.4131927712 4773.39270210315 810 525.109316638538 11424.0890459935
28904.2329023748 4702.83061665631 790 258.173815828634 10757.3984967573
28835.8483140921 4692.2275486608 790 262.887065156106 10325.0960858747
28877.5416515773 4711.22533564109 790 257.67539797046 10784.4210294459
28888.9463822548 4712.07754738053 790 251.71128707248 10753.1523527341
28868.4646124507 4702.90930596661 790 254.271508297987 10718.8351807773
28884.4610314784 4713.6387101969 790 256.810475482827 10666.5318250765
29520.0227697538 4755.36834504732 810 530.495991363083 11283.7791518229
29357.4826588639 4715.56021381052 790 197.682772059642 10648.0669309127
28957.7773705545 4741.06585643388 790 247.645933098314 10688.9721878153
28877.5416515773 4711.22533564109 790 257.67539797046 10784.4210294459
29524.7618836131 4751.70422781269 800 531.815730283304 10439.8621392528
28864.7091550863 4706.88071635171 790 259.279460031835 10727.3796469686
28877.5416515773 4711.22533564109 790 257.67539797046 10784.4210294459
29335.9887047102 4756.76178917251 810 200.369516328851 11288.7971370737
30029.9224221254 4825.36936363011 820 468.670662969266 11301.9111321969
29607.212964329 4777.62848191627 800 510.594259312952 10188.2848337973
30046.0744273448 4832.91575193585 820 466.65166231684 11384.3238692032
29445.6055358599 4724.21069291744 800 530.795187871583 9778.73974720425
29595.9649964727 4773.26981394033 800 512.000255294991 10417.5960076823
29517.097343933 4754.22989664701 810 532.773797743323 11339.7155266969
28940.0809663158 4721.42617776576 790 248.572743343719 10492.9570251883
28939.558053376 4718.59460441129 790 248.376650991274 10363.9443505652
28859.3279175807 4691.48933813763 760 268.472476261478 10150.1759064406
30080.1426893566 4836.85299953011 820 462.39312956537 11882.8269639744
