30322.2973073665 4773.23796085594 830 701.055329568099 9792.3304684524
29713.5087958601 4741.59203209021 810 426.223764217217 9535.81548658491
29149.3146718197 4705.67453470361 790 496.748029722274 7969.57196845989
29300.9100576304 4762.86677204883 790 477.798606495934 9354.09194997892
30371.5572390576 4816.19666487203 820 343.967708817534 9888.83616045904
29294.3773893689 4756.50346796182 810 478.615190028617 9145.16341454876
29917.5782809208 4811.48523626942 820 400.715078584629 9292.91106610225
30414.6295879529 4799.84978533462 830 689.513794494811 9981.22554459699
29906.8115675093 4815.84365900574 820 402.060917761068 9195.62716696943
29914.5064670842 4816.18009267154 820 401.099055314206 9265.39738998056
30322.2973073665 4773.23796085594 830 701.055329568099 9792.3304684524
30313.7955672516 4800.56021955225 820 351.18791779328 10173.4868933001
29925.9466833902 4815.58423317094 820 399.66902827596 9103.67066501686
29848.4848982588 4792.15948992226 820 409.351751417385 10517.4617633358
29834.0874310356 4785.70615144426 820 411.151434820278 9449.04974594525
29631.689913746 4703.2502130055 820 442.077556960383 9634.62892808536
30807.4107844048 4825.41010715085 840 640.41614493832 10690.5429573098
29621.5702242049 4698.23398855051 820 438.282673382489 9601.20041253965
30807.4107844048 4825.41010715085 840 640.41614493832 10690.5429573098
30340.4243212963 4781.53237866403 830 698.789452826883 9715.25877425903
29621.5702242049 4698.23398855051 820 438.282673382489 9601.20041253965
29834.0874310356 4785.70615144426 820 411.151434820278 9449.04974594525
29835.2206064524 4784.0917580263 820 411.576375601557 9496.10605556108
30374.6732399113 4798.86390511764 830 694.508338000005 9805.99345048002
29731.1153732646 4735.05308046438 820 424.58952975003 9985.9107851874
29731.1153732646 4735.05308046438 820 424.58952975003 9985.9107851874
29731.1153732646 4735.05308046438 820 424.58952975003 9985.9107851874
29699.7819906924 4724.50930242304 820 428.50620257156 9463.63951278817
28971.0296665608 4631.99445230315 790 519.600243088009 9091.55185694861
30319.2413307559 4775.75481575551 830 701.437326644426 9897.84367513841
29731.1153732646 4735.05308046438 820 424.58952975003 9985.9107851874
30427.3001723378 4823.97272452504 830 676.972342709887 10905.917084244
29637.5404145202 4703.06494044536 820 436.286399593085 9635.01707580357
29621.5702242049 4698.23398855051 820 438.282673382489 9601.20041253965
30294.2954098201 4758.2208349189 830 690.554617988183 9667.99777954951
30376.0142202137 4794.91759131269 830 683.383086725396 10135.810470645
30311.6430468481 4765.86483833345 830 697.059981873688 10341.2053948894
29723.652971921 4732.54526365275 800 764.928242761986 9450.6470629537
30359.5979022177 4793.45763758115 830 685.43512647489 10126.829677355
30376.0142202137 4794.91759131269 830 683.383086725396 10135.810470645
30300.3820498929 4761.12140564548 830 692.837108015492 9856.61674103423
30290.2444288153 4755.85715686708 830 689.03550011139 10287.722985008
30300.3820498929 4761.12140564548 830 692.837108015492 9856.61674103423
29689.541012215 4734.05245715184 820 463.771718886283 10192.0812105688
30293.5373517662 4759.26473969103 830 690.270346217955 10302.2448904792
30327.9479301842 4771.71711350365 830 684.322562440275 10453.1067322558
30293.5373517662 4759.26473969103 830 690.270346217955 10302.2448904792
30291.7050282598 4752.59807712913 830 690.499386656248 10299.2889163184
30290.2444288153 4755.85715686708 830 689.03550011139 10287.722985008
30293.5373517662 4759.26473969103 830 690.270346217955 10302.2448904792
29618.9588345822 4695.7604996025 820 437.303402273958 9427.8010959734
30416.8389897468 4804.59033661949 830 689.237619270569 10336.4459622547
30290.2444288153 4755.85715686708 830 689.03550011139 10287.722985008
30783.2732805393 4818.80094472563 840 631.289789594879 10390.3211876918
29128.9734969207 4660.75521331747 810 488.792956495686 8871.32516731321
29568.3641801544 4738.62951534717 810 446.272387216029 10310.8928954521
30154.4493140419 4780.68205262603 830 373.011745480096 10465.7502231598
30298.0102207133 4757.47199205995 830 691.947672073128 9508.20675335126
29851.829195677 4745.15514042013 820 759.863843529292 9108.34819859807
30200.2193116161 4796.77621795121 830 390.175494570413 10838.7342926918
30802.6507748599 4827.12489918603 840 641.011146131434 10366.0251686037
30802.6507748599 4827.12489918603 840 641.011146131434 10366.0251686037
30802.6507748599 4827.12489918603 840 641.011146131434 10366.0251686037
30298.0102207133 4757.47199205995 830 691.947672073128 9508.20675335126
30326.2659422713 4775.08496968891 830 702.543567657366 9705.95074422924
30298.0102207133 4757.47199205995 830 691.947672073128 9508.20675335126
30322.2973073665 4773.23796085594 830 701.055329568099 9792.3304684524
29809.1690187167 4768.00789284692 820 413.873576902453 9860.34512682831
30322.2973073665 4773.23796085594 830 701.055329568099 9792.3304684524
29657.5301901214 4716.32812948547 820 420.367107038321 9208.36374459492
29682.4528369985 4726.29727844561 820 429.713099617229 9867.42906649041
29802.4949618475 4725.58416670813 820 766.030622757976 9012.42279946497
29681.9560995454 4726.40240339031 820 440.268327351958 10714.3445334661
30322.2973073665 4773.23796085594 830 701.055329568099 9792.3304684524
30357.6130086134 4787.51964984211 830 682.898163972834 10722.6186461434
30318.8429533892 4771.55205785121 830 699.759946826604 10587.5416010933
30391.4200037751 4799.65588806771 830 695.575787158448 10708.9844175508
29682.4528369985 4726.29727844561 820 429.713099617229 9867.42906649041
30357.6130086134 4787.51964984211 830 682.898163972834 10722.6186461434
30368.180132578 4791.51926259501 830 695.319976416662 9861.31947880173
30170.8391741615 4783.86988324551 830 379.157943024946 10953.6674411289
30322.2973073665 4773.23796085594 830 701.055329568099 9792.3304684524
30294.8119014877 4764.41739929795 830 690.748302363545 10677.440833072
30447.3243956667 4816.85198353215 830 683.699766541919 10716.1556686166
29777.7243390051 4748.35283514002 820 769.126950613284 9893.00557742376
29640.638000979 4709.30079390559 820 445.433089672761 9926.01195564089
30315.2873783557 4766.6410906755 830 698.426606189042 9620.08906691871
30300.1457449392 4761.13325782227 820 689.62584696825 9684.05222484175
30351.5265907663 4782.75492871793 830 695.674492154471 10538.1984021468
30318.8429533892 4771.55205785121 830 699.759946826604 10587.5416010933
29726.0197512686 4726.84806567546 820 775.590024080348 9578.1394796493
30322.2973073665 4773.23796085594 830 701.055329568099 9792.3304684524
30337.4247378944 4780.40992222748 830 706.728116016049 10816.9436517154
30406.7905432499 4803.44814489358 820 690.493675082686 9719.75178554952
30459.0961862252 4810.63771349537 820 680.450505205354 9647.77688123348
30322.2973073665 4773.23796085594 830 701.055329568099 9792.3304684524
30811.3033617681 4824.35443673738 840 639.929572767899 10614.5620039518
29885.7212897651 4793.34715941972 810 410.362729701515 9941.82588686142
29765.6303183318 4760.60031649122 820 425.374101130673 9303.43709693775
29889.1445237869 4799.76983637672 810 409.934825448792 9675.82723973188
29845.4083250921 4781.93806398659 810 415.401850285636 9544.60524569006
30391.004657741 4800.90051983563 820 692.466910771292 9346.77507342002
29844.6376780308 4782.03618436502 820 415.4981811683 9501.66443798302
28987.8570674429 4640.81905236842 780 522.595757491792 8631.69368703904
29845.4083250921 4781.93806398659 810 415.401850285636 9544.60524569006
29847.8482566039 4781.73669081822 810 415.096858846661 9506.519577612
29843.1417043003 4774.98608624342 810 415.685177884616 9667.5197265556
29843.1417043003 4774.98608624342 810 415.685177884616 9667.5197265556
30165.140816208 4781.39854251669 830 375.435288896146 10350.4450264331
30520.7689995525 4840.85516446169 830 685.288346693102 11085.3300039003
30452.4241529225 4808.47137028722 830 693.83145252185 10726.0680198737
30509.4170474987 4835.34007217917 830 686.707340699827 11218.3106485897
29034.1548878022 4664.44507412795 800 522.669034020829 9662.15405989383
30452.4241529225 4808.47137028722 830 693.83145252185 10726.0680198737
29126.0529646995 4685.83548292923 790 500.496840892148 9193.0132915593
30347.4253969306 4774.56503660983 830 706.956297020835 10340.1615100268
30448.9398751505 4817.5543468227 820 685.2250085951 9774.16533690259
29779.6430398942 4756.18282905977 810 418.017625888051 9832.10170839407
29781.2039511037 4753.22103332354 810 418.602967591619 9814.33093397667
29807.1405021773 4756.01167300458 810 765.449930216755 8890.80427851496
29795.5153508491 4756.17162592463 810 416.814042623448 10147.699084133
30452.1499390489 4814.30268030101 830 670.567466238543 11018.7231469186
29109.374193612 4689.99136165552 800 521.598178359573 9360.56890201661
29780.4844447687 4751.81095756423 810 418.692905883493 10118.6041868762
30480.6625077874 4831.23803581838 830 681.259679515493 10438.7924143365
29842.9770622912 4773.66905611765 820 422.197814847423 9986.59279108451
30520.5221530014 4834.79498686738 830 676.277223863742 10516.1614239095
30517.1797812575 4834.36965166776 830 676.695020331729 10506.7431924566
29620.2383915424 4695.25009180807 810 434.261170000249 9888.03160620283
30189.6722658009 4778.82634564913 830 380.555609498721 10529.4789478911
30189.6722658009 4778.82634564913 830 380.555609498721 10529.4789478911
30517.1797812575 4834.36965166776 830 676.695020331729 10506.7431924566
30863.8279663311 4838.30210090575 840 633.363997197535 10507.6684761328
30954.4436941002 4857.66671489593 840 627.769210043608 10980.4231105591
30890.3448337351 4844.94977754161 840 630.049388772026 10342.0883654574
30850.7303018577 4832.11693247014 840 628.45237302002 10392.9187926508
30942.9793364657 4854.20893822016 840 623.470075930699 10702.3968912791
30942.9793364657 4854.20893822016 840 623.470075930699 10702.3968912791
30945.5177933826 4849.03463659912 840 623.15276881609 10731.9480292712
30819.9044186679 4811.9906525414 840 638.854440655427 10683.4395043964
30863.8279663311 4838.30210090575 840 633.363997197535 10507.6684761328
30868.3510134295 4848.60739330492 840 632.79861631023 10559.6599753437
30829.7102731564 4825.81022092349 840 637.628708844364 10766.3569146889
30829.7102731564 4825.81022092349 840 637.628708844364 10766.3569146889
30863.8279663311 4838.30210090575 840 633.363997197535 10507.6684761328
30268.651180952 4820.2994221651 830 427.231549267696 11257.0442665077
30829.7102731564 4825.81022092349 840 637.628708844364 10766.3569146889
30160.3376687162 4699.08214532195 830 315.947840311181 10039.6999388193
30863.8279663311 4838.30210090575 840 633.363997197535 10507.6684761328
30834.9353247483 4816.3513209018 840 636.975577395382 10712.5344016532
30829.7102731564 4825.81022092349 840 637.628708844364 10766.3569146889
29611.3696832632 4673.88725768371 820 384.568838492803 9420.61438652799
30222.1494300189 4726.75405353406 830 308.221370148346 10315.3413160996
30810.9239514111 4810.37581734854 840 635.486765434119 10584.7536013917
30824.8302060245 4809.72943231775 840 638.238717235854 10679.4249587329
30829.7102731564 4825.81022092349 840 637.628708844364 10766.3569146889
30220.1067805533 4721.0074297801 830 308.47670133154 10353.683545509
30159.7799526757 4699.19132589823 830 316.017554816247 10104.9605735525
30256.2612695595 4739.64781990702 830 303.957390205771 10195.3428329197
30256.2612695595 4739.64781990702 830 303.957390205771 10195.3428329197
30695.9617616009 4778.09052986755 840 248.994828700596 10886.7043111402
30658.7158074161 4761.21332807911 840 253.650572973695 10687.4405877717
30207.3541519561 4735.29712651239 820 310.070779906195 10240.9438980296
30658.7158074161 4761.21332807911 840 253.650572973695 10687.4405877717
30173.9350598578 4702.8061610911 830 314.248166418482 10110.5754087453
30646.8033944574 4755.54921604656 840 255.139624593533 10538.1379668986
30903.8163539207 4841.91654258636 840 628.365448748836 10674.3152612265
30646.8033944574 4755.54921604656 840 255.139624593533 10538.1379668986
30234.9990286453 4742.83092192536 830 344.224708304857 10179.9667208652
30646.8033944574 4755.54921604656 840 255.139624593533 10538.1379668986
30728.6976886113 4798.69994511024 840 285.849984901256 10649.8709242476
30646.7997170553 4757.11599718868 840 255.140084268788 10545.2015429949
30159.7799526757 4699.19132589823 830 316.017554816247 10104.9605735525
30646.8033944574 4755.54921604656 840 255.139624593533 10538.1379668986
30646.8033944574 4755.54921604656 840 255.139624593533 10538.1379668986
30638.3152826521 4747.11565924747 840 256.200638569194 10553.4215897199
30745.065926025 4772.79780054899 840 610.790005914342 10378.1464701649
30678.2213273354 4773.17354068591 840 251.212382983783 10276.0091078664
30245.9074505518 4732.41761345685 830 305.251617581729 9942.93598656716
30150.3772861547 4716.1909716835 820 317.192888131362 10882.3790680766
30627.184346939 4740.4461977142 840 257.592005533332 10542.0706752173
30645.4619436704 4757.32882957823 840 255.307305941911 10539.9175804303
30817.9866196232 4813.10618866424 840 638.135266013665 10589.1481160531
30625.703827583 4742.2599663265 840 257.777070452829 10455.2875078189
30627.184346939 4740.4461977142 840 257.592005533332 10542.0706752173
30607.3693349023 4727.4463640665 840 513.387811591383 9490.78733165366
30819.9044186679 4811.9906525414 840 638.854440655427 10683.4395043964
30114.9214289299 4700.68454037657 830 321.624870284463 10349.4390060796
30546.3159148722 4706.74246169831 840 521.019489095144 9654.91570700059
30570.772829351 4752.9885480206 840 483.14137055833 11025.0089905594
31404.102365672 4841.14006870096 840 402.079477310794 2331.40934089011
31399.4365752721 4834.58094984002 840 400.329805910836 2513.88095002888
31404.102365672 4841.14006870096 840 402.079477310794 2331.40934089011
31432.5240635366 4856.96354204788 840 398.526765077719 2546.84719936292
31432.5240635366 4856.96354204788 840 398.526765077719 2546.84719936292
31404.102365672 4841.14006870096 840 402.079477310794 2331.40934089011
30895.4201816753 4792.93511503281 820 465.664750310372 2039.76094417741
31432.5240635366 4856.96354204788 840 398.526765077719 2546.84719936292
30967.7655531798 4813.88470519762 820 456.621578872311 2390.85992759044
31440.033256804 4866.42851273296 840 397.588115919284 2475.30839818825
