29629.7733193473 4744.99328835783 820 454.941260798672 5669.71122559482
29219.7876908681 4722.94548175764 810 512.910646978022 5470.75603637143
29159.3167035484 4700.62285436661 780 513.748337773534 5095.30822862638
29837.8081714775 4766.3267175017 820 768.182638246946 5601.55539718428
29219.7876908681 4722.94548175764 810 512.910646978022 5470.75603637143
30467.7901634834 4814.10519502853 830 689.434889246208 6825.09282348384
29201.096445738 4716.4066743621 810 515.247052619293 5721.33441754533
30467.7901634834 4814.10519502853 830 689.434889246208 6825.09282348384
29837.8081714775 4766.3267175017 820 768.182638246946 5601.55539718428
29837.8081714775 4766.3267175017 820 768.182638246946 5601.55539718428
29866.1455484282 4770.58228049223 820 764.640466128117 6099.4610542922
29866.1426805482 4770.51425272557 820 764.640824613118 5989.23033015285
29162.5700824387 4699.96185393846 810 503.268652736304 6109.48991883992
30369.0691006536 4832.09451348066 830 701.77502209994 6396.49876728565
29866.1426805482 4770.51425272557 820 764.640824613118 5989.23033015285
29167.5080551472 4698.76050178402 780 502.651406147749 5738.76021164668
29298.4348638465 4755.83340737422 810 467.098421833975 6641.52356054857
29452.0497008439 4782.307350073 810 812.127259543423 6659.87576257313
29941.1318492351 4819.68395469555 820 386.76129866039 7230.33316149687
29946.1975837303 4820.50894089425 820 386.128081848493 7235.28307868907
29298.4348638465 4755.83340737422 810 467.098421833975 6641.52356054857
29946.1975837303 4820.50894089425 820 386.128081848493 7235.28307868907
30649.3882741129 4900.012617936 830 666.735125417523 6921.46241190811
29328.7067014559 4769.24019738222 810 463.314442132798 6751.74340300323
29791.8968933763 4749.36432066954 820 773.921548009598 6138.060164479
30675.7716901171 4906.11854330616 830 663.437198416996 7218.47323929732
29791.8968933763 4749.36432066954 820 773.921548009598 6138.060164479
29358.0829366189 4775.45697145221 810 474.330530318946 6094.57522707431
29856.4366981131 4765.08862976392 820 760.999647259974 5890.50650599787
30065.7184611896 4857.50778346147 820 739.69385203294 6648.00653412711
29190.9064446946 4708.45392297129 810 511.425802228036 5786.6379587266
29898.2872335579 4781.15947717116 820 760.622755486906 5583.78196621055
29866.1098920695 4782.3005237446 820 764.644923172952 6344.12769800735
29985.6119920344 4828.93973573199 820 749.707160677337 6048.17272817825
29866.1455484282 4770.58228049223 820 764.640466128117 6099.4610542922
29919.4688091473 4787.25585581948 820 757.975058538226 5880.67557705225
29866.1455484282 4770.58228049223 820 764.640466128117 6099.4610542922
29856.4366981131 4765.08862976392 820 760.999647259974 5890.50650599787
29975.9102862342 4833.19552572587 820 750.919873902365 6161.58043680751
29906.1773289554 4800.60072283583 820 759.636493562212 5908.18443697778
29791.8968933763 4749.36432066954 820 773.921548009598 6138.060164479
29953.2837984355 4805.41763575173 820 753.748184877199 6050.1417284798
29791.8968933763 4749.36432066954 820 773.921548009598 6138.060164479
29836.5844760539 4762.98093089684 820 768.335600174899 6213.80837394287
29825.7578290045 4752.37030907891 820 749.495071344244 6348.4724462296
29681.3358375533 4758.99853798141 820 431.425000191379 5848.23611658854
29866.1455484282 4770.58228049223 820 764.640466128117 6099.4610542922
29350.0752812601 4776.09851639828 810 472.832569728037 5957.56260374315
28705.3430224423 4682.58054348014 790 553.424102080261 5101.96768706491
29779.6600450446 4742.81636207627 820 775.451154051063 5866.45848618921
29265.2013107687 4743.79914499041 810 483.441816039457 5549.53870305301
29866.1455484282 4770.58228049223 820 764.640466128117 6099.4610542922
29203.609452512 4676.87205777016 800 491.140798321546 5446.82335902333
29153.512188836 4686.9352331073 800 497.402956281047 5891.11730110199
30181.7681036129 4704.18116678095 820 368.870966933936 6063.55431093204
30325.8613561522 4808.88423630433 830 697.364539029743 6615.67712360165
29681.3358375533 4758.99853798141 820 431.425000191379 5848.23611658854
29593.0363000246 4718.56594596011 820 442.462442382472 6128.51605473681
30325.8613561522 4808.88423630433 830 697.364539029743 6615.67712360165
30298.3265936016 4797.49261031661 830 700.80638434857 6218.99544692413
29592.5820535066 4714.90503211913 820 442.51922319722 6107.26977495736
29592.5820535066 4714.90503211913 820 442.51922319722 6107.26977495736
30285.5925108331 4788.26165482879 830 702.398144694639 6471.31905327293
29721.9094108276 4734.73325377164 820 426.353303532097 5678.63736453081
29141.4814413589 4672.98996037842 800 498.906799715679 5578.28186370186
29592.5820535066 4714.90503211913 820 442.51922319722 6107.26977495736
29649.9557213665 4708.47392772362 820 443.46602674062 5559.76911477128
29646.1619394874 4702.5747428924 820 435.821737449614 5832.2825350747
29694.616812072 4733.95224941076 820 460.213935755169 6073.63743996644
29273.4093259151 4732.72980865788 800 495.793094510325 6626.66318053269
29246.6547651868 4714.82698179505 800 485.760134237195 6433.82003517646
29671.0921113643 4721.13228155846 820 451.392172989797 5684.43774371161
28961.9472222696 4642.38634260172 800 521.34857710184 5530.11010534408
29592.5820535066 4714.90503211913 820 442.51922319722 6107.26977495736
29267.309967638 4723.14848231288 800 483.178233930792 6199.66843419113
28947.8372722562 4631.95950963985 810 523.112320853514 5553.52851298364
29593.0363000246 4718.56594596011 820 442.462442382472 6128.51605473681
30315.8667298075 4796.54302642734 830 713.75097681005 5991.12600365312
29267.309967638 4723.14848231288 800 483.178233930792 6199.66843419113
29592.5820535066 4714.90503211913 820 442.51922319722 6107.26977495736
29782.2534082356 4799.23774493033 820 460.960778769401 6989.91980733596
29592.5820535066 4714.90503211913 820 442.51922319722 6107.26977495736
29652.3055841404 4726.94370225656 820 435.053781868 6370.05053024591
29236.3491554433 4707.82237063845 800 487.048335455135 5871.01438934091
29187.3335064166 4679.85093387271 800 493.175291583475 6047.11689950878
29697.952458409 4752.18882565858 820 429.347922584423 6408.61891772061
29652.3055841404 4726.94370225656 820 435.053781868 6370.05053024591
30237.737148128 4722.60903589143 820 361.874836369547 6377.43220537977
29682.9554862839 4759.82298406007 820 431.222544100063 6585.45238266047
29697.952458409 4752.18882565858 820 429.347922584423 6408.61891772061
29705.6004935842 4762.12637653709 820 428.391918187521 6517.54245364516
29698.0160916464 4749.94618497146 820 429.339968429745 6400.37627703349
29633.7186973148 4702.38436657244 820 437.377142721201 5739.46767815545
30287.2062276359 4736.96797315098 820 355.691201431055 6343.86152194899
29652.3055841404 4726.94370225656 820 435.053781868 6370.05053024591
29693.346620865 4745.36493036147 820 429.923652277415 6426.79409718449
29697.952458409 4752.18882565858 820 429.347922584423 6408.61891772061
29637.0358800826 4701.13391698327 820 436.962494875222 5733.21543020955
29696.6861123513 4752.46786652757 820 429.506215841638 6507.62159483701
30202.054350606 4703.53467256151 820 366.335186059797 6158.06739220551
29697.952458409 4752.18882565858 820 429.347922584423 6408.61891772061
29694.3532565753 4745.47422555942 820 429.797822813638 6191.3311557502
29652.3055841404 4726.94370225656 820 435.053781868 6370.05053024591
29732.5535588345 4754.41253603564 820 425.022785031229 6566.17958489795
29658.0000190405 4710.07285390032 810 434.341977505489 6697.97887526099
30308.5619875481 4811.81495243833 830 393.068022691737 7114.69959431669
29658.0000190405 4710.07285390032 810 434.341977505489 6697.97887526099
30228.9716063857 4776.32608282787 830 362.970529087334 7149.20363351362
29633.7186973148 4702.38436657244 820 437.377142721201 5739.46767815545
29652.3055841404 4726.94370225656 820 435.053781868 6370.05053024591
29292.2517793671 4725.77516981931 790 480.06050746466 5978.59610801272
29633.7186973148 4702.38436657244 820 437.377142721201 5739.46767815545
29959.0560496039 4780.84011376528 810 723.254682444491 5325.75591212935
29305.966632085 4727.77567191634 790 478.346150874915 5433.12266094127
29619.7239327951 4696.07835603993 810 439.126488286162 5880.40801052321
30450.9678239145 4826.69433626954 830 689.584273583739 6025.71959614511
30219.4499486414 4765.31760524879 830 364.160736305375 6862.18610961655
30228.4694050487 4771.54618497073 830 363.033304254456 7123.48141766959
30227.4823454322 4771.12722279823 830 363.15668670652 6983.01703690383
29492.4378995083 4684.00424691573 820 455.037242447007 6606.89870217892
30228.4694050487 4771.54618497073 830 363.033304254456 7123.48141766959
30219.4499486414 4765.31760524879 830 364.160736305375 6862.18610961655
30225.947592102 4767.72524610155 830 363.348530872793 6874.22431388032
30364.4635463759 4802.54943849246 830 699.167757218333 6082.40461738472
30417.5637086939 4817.5482476327 830 692.530236928576 6241.91487144229
30225.947592102 4767.72524610155 830 363.348530872793 6874.22431388032
30417.5637086939 4817.5482476327 830 692.530236928576 6241.91487144229
30503.0880142287 4849.33290767229 830 681.839698736726 6272.65529671095
30503.0880142287 4849.33290767229 830 681.839698736726 6272.65529671095
30308.2600936421 4810.97268122068 830 353.059468180287 6986.63936691496
30448.508721799 4828.44331266167 830 688.662110290437 6028.64353807785
30225.947592102 4767.72524610155 830 363.348530872793 6874.22431388032
30440.8376998881 4830.45348770843 830 689.620988029302 6038.69441331164
29700.403340742 4725.28894271377 820 419.729448552698 5425.96425918409
29697.9442386266 4727.0379191059 820 418.807285259396 5425.96425918409
30448.508721799 4828.44331266167 830 688.662110290437 6028.64353807785
29773.9002740087 4765.86360165436 820 447.290798527688 5585.07598185035
30416.8889512476 4812.32592120654 830 688.411552492301 6210.40361457817
30225.0012820533 4768.75748025057 830 362.993664604523 6861.72887247171
30448.508721799 4828.44331266167 830 688.662110290437 6028.64353807785
30280.3788558322 4765.76720309666 820 694.440701191743 6801.09479205312
30824.8716366854 4815.66670774662 840 626.379103585095 6590.44454078674
30303.4345914149 4767.06225243717 820 691.558734243903 6395.12711065759
29273.3202601286 4707.28138456432 810 473.72534357737 5312.80350616284
30801.8931920407 4810.19147492038 840 629.251409165679 6675.84546429554
30225.947592102 4767.72524610155 830 363.348530872793 6874.22431388032
29986.1745759496 4793.21265538036 820 741.045712010255 5303.51091250222
29613.9635131053 4697.4189126707 820 429.304875949548 5214.04374322509
30906.2369667078 4838.27034901872 840 616.208437332288 7044.21415476822
30901.7397486725 4829.91840819365 840 616.770589586711 7084.53736555708
30906.2369667078 4838.27034901872 840 616.208437332288 7044.21415476822
29697.9442386266 4727.0379191059 820 418.807285259396 5425.96425918409
29697.9442386266 4727.0379191059 820 418.807285259396 5425.96425918409
29728.9625538583 4744.85507484473 820 430.439153471302 5523.16930659949
29847.6477731009 4805.1647522949 800 56.6654539886658 7555.55029708101
29362.3172892917 4771.76131608963 780 117.331764464807 7387.45580704164
29398.6210570644 4778.07670831735 780 112.793793493229 7278.91874814096
30824.8716366854 4815.66670774662 840 626.379103585095 6590.44454078674
30386.3497402528 4833.07805407349 830 704.57842080151 5869.35143577804
30871.6397970101 4839.12527828449 840 643.91716370685 6636.93178607707
30309.739819038 4755.66813145141 830 307.61457161219 6104.95992216942
30871.6397970101 4839.12527828449 840 643.91716370685 6636.93178607707
30306.2685306128 4760.57537954556 830 306.312838452727 6120.77441835772
29336.3144635354 4740.19664997007 790 120.582117684348 6667.82373786783
30824.8716366854 4815.66670774662 840 626.379103585095 6590.44454078674
30824.8716366854 4815.66670774662 840 626.379103585095 6590.44454078674
30824.8716366854 4815.66670774662 840 626.379103585095 6590.44454078674
30824.8716366854 4815.66670774662 840 626.379103585095 6590.44454078674
30824.8716366854 4815.66670774662 840 626.379103585095 6590.44454078674
30309.739819038 4755.66813145141 830 307.61457161219 6104.95992216942
29847.6477731009 4805.1647522949 800 56.6654539886658 7555.55029708101
30363.044676137 4815.06162386347 830 7.75915889084899 6996.16943344058
29194.739422913 4670.26958385414 790 138.278997762148 5928.98756845616
29692.3185723067 4734.61895503186 810 76.081604087939 6185.27112322003
30862.1532869043 4836.71785595687 840 640.359722417199 6927.4304717466
30929.7163447409 4851.23569393413 840 613.273515078162 6862.04671630786
29692.3185723067 4734.61895503186 810 76.081604087939 6185.27112322003
29726.1873942426 4742.64838187384 810 80.4253478356768 6499.61574909885
30906.5466776687 4851.03757444194 840 616.169723462182 6828.73916940739
29330.5556460295 4738.69029335229 780 129.879316362314 5714.65480332306
30353.7280496818 4780.2538388071 830 324.110158103615 6164.33375385949
30824.8716366854 4815.66670774662 840 626.379103585095 6590.44454078674
29098.5614374177 4661.00583493158 780 158.87859243879 5744.11191714995
29898.9603798079 4804.76118076634 810 58.8287246400114 6456.0966373362
29709.4732652861 4740.48658907581 810 82.514613955238 6255.28092187254
30824.8716366854 4815.66670774662 840 626.379103585095 6590.44454078674
30387.5172898708 4801.72199266482 830 336.781123174495 6376.02236141314
30845.5529873509 4825.41306650206 840 623.793934751905 6710.61030187999
30309.739819038 4755.66813145141 830 307.61457161219 6104.95992216942
30837.5862144292 4801.49811955686 840 329.196345843844 7057.99224479426
30318.6046195744 4787.88370967697 830 394.069045200687 7005.17124030403
30923.8770010262 4852.26048299189 840 614.003433042491 6849.06607240933
30852.7437235675 4806.64243125538 840 327.301657201549 7213.80514482883
30923.8770010262 4852.26048299189 840 614.003433042491 6849.06607240933
30837.5862144292 4801.49811955686 840 329.196345843844 7057.99224479426
29819.9161288824 4773.94910371278 810 56.7086133536945 9000.4505638087
30275.0330273304 4759.9911053668 830 0.180998952309437 9390.4967139227
29819.9161288824 4773.94910371278 810 56.7086133536945 9000.4505638087
30275.0330273304 4759.9911053668 830 0.180998952309437 9390.4967139227
30342.8382439225 4795.89079590802 830 8.65665102631192 9533.61502921528
