67026.9824636788 11401.6256531235 1810 2279.60502708031 42284.6389708561
67337.8095549259 11519.839863912 1810 1524.18992324541 44439.2069826521
67191.541545301 11455.8990351965 1810 2245.29531654207 42111.9689316022
66675.1192264427 11380.7384318158 1810 1404.80935715704 40873.2229944069
67326.9463018801 11119.8017435314 1810 2328.47676503192 39253.9842106856
67134.0354460739 11315.6395318552 1810 2252.48357894546 41026.5518609108
65331.9873938857 11066.2112250085 1810 1929.63938151955 38268.7658555602
65113.076147513 11076.9176078917 1810 560.307864056045 37586.9881467205
66451.5849355835 10907.4631601643 1810 1177.46627154187 37266.0922081075
65417.3570796921 11036.0549594896 1810 1918.96817079375 36227.5390849502
66523.6844263711 10906.4086280853 1810 2330.15341345122 36703.0790942788
65411.9544903766 11179.2334970788 1810 2701.20888788388 42317.3567762749
66721.3950001019 11358.9304276719 1810 2423.47523057199 39679.968871469
67157.0677788299 11230.5919435711 1810 1416.50547959487 38547.6850527188
66815.3654774987 11191.031670452 1810 1094.01946627939 34297.5213852062
66730.8942270873 11329.6667803751 1810 1469.7771735627 37594.2657095657
67196.8394256744 11166.4791201798 1810 1411.53402373931 35651.8805403324
66806.4872321558 11150.0300770032 1810 1460.32804792913 37630.0551754449
66806.4872321558 11150.0300770032 1810 1460.32804792913 37630.0551754449
65615.0287877338 11049.0421344472 1810 883.29386029063 36528.250943815
65459.1501515959 11247.0110731579 1810 2388.41202394415 40932.0085091572
66836.9840091889 11264.038011472 1810 323.294206345869 35212.1718393063
66656.8696636795 11201.1338733657 1810 345.808499534551 35087.240972041
66739.9059767794 10888.5710677814 1810 1964.85733122789 38306.3453039681
65882.2824648603 10730.0164915067 1810 1951.92872078108 34719.2098519989
65750.0065222057 10907.8676696951 1810 1219.78123238214 36496.890012863
67721.6005153668 11275.2413202007 1810 1022.54096507274 43322.1589581223
66861.2336433591 11269.432124487 1810 1794.01595250304 39410.0528447169
65986.5523249405 10836.6599955705 1810 779.520574665015 34983.2070626713
68565.2823389756 11451.5984461631 1810 2134.6662056262 46917.7686111617
66572.0117100272 11209.4566091353 1810 401.463252223981 36439.0018518996
66809.8795207144 11113.1840900922 1810 1094.70521087742 35054.2221416362
67119.7939012449 11084.7474109846 1810 1428.11418864688 36529.8290289997
66597.0274595297 11100.6390082882 1810 1121.31171852551 34191.6634136354
66809.8795207144 11113.1840900922 1810 1094.70521087742 35054.2221416362
65920.4832287185 11363.2156047958 1810 1191.18535528416 43029.6456196168
65339.954833828 10832.1169356818 1810 860.34526105408 34200.3362245728
66314.416381248 11507.6827377664 1810 2483.78663973272 45903.9341526646
66556.2883141721 11083.4093605443 1810 1126.40411169521 34899.122354523
66137.9627185537 11191.4073889142 1810 2150.77586984156 42754.2211829188
66499.8463900999 10975.2591599219 1810 2346.84223743693 36154.3140929437
65698.1954228158 10808.7708814151 1810 815.565187430606 33995.74552171
65812.7172084796 10773.1249187446 1810 801.249964222625 34281.2429495222
65243.8556657606 11364.6507963533 1810 4077.32782652544 47491.9621981672
65812.7172084796 10773.1249187446 1810 801.249964222625 34281.2429495222
66350.3268418853 11021.2263023243 1810 2392.25866358524 38574.1459529218
65646.0871148613 10782.0628527961 1810 822.078725924912 34118.8133538421
65747.9078374449 11191.7677172769 1810 2123.89347193759 39332.6888002058
65676.8747405721 10758.2212137727 1810 818.230272711062 33744.787220351
66594.3559541205 11617.2549331654 1810 174.761463430827 45300.4927047183
64811.7677114706 11191.3310461004 1810 2706.20988757702 44223.2931196231
66760.0806883273 10928.7108146744 1810 1501.81393963286 34961.8285349987
65646.0871148613 10782.0628527961 1810 822.078725924912 34118.8133538421
65063.3873431012 11335.1567123356 1810 2737.66234153085 45193.1471320328
65690.1402147059 10800.2331709198 1810 469.204248432599 33407.2349940045
67184.4529992751 11579.2064380783 1810 950.614837154766 48407.6672654637
66390.3937146726 11487.4885324531 1810 200.256743361819 44990.7676217734
66998.3435127599 11455.1224759615 1810 1344.34851024233 41733.7469891011
65996.8588261856 11305.9816840907 1810 1707.16442850005 42556.9870118715
66330.8823797301 10998.4315690459 1810 987.468336994905 35776.9800940341
66115.487201028 10865.0754995723 1810 1132.09893445491 37758.1968706981
64811.7677114706 11191.3310461004 1810 2706.20988757702 44223.2931196231
65950.372684882 10876.91102988 1810 784.043029672332 36933.3388662381
65245.975362746 11101.5951105453 1810 3796.24051731135 42592.8921520249
65996.8588261856 11305.9816840907 1810 1707.16442850005 42556.9870118715
65007.6923832451 11374.386029372 1810 3193.09280556604 45875.8652354771
65007.6923832451 11374.386029372 1810 3193.09280556604 45875.8652354771
68133.5285802714 11658.7660024641 1810 1034.20827219539 45711.0026649696
63178.6801038765 11050.9895700021 1810 4739.89796541184 48312.3677778049
65478.5418112424 11311.4122250152 1810 782.441831473658 45436.2705753632
64472.7160098371 11294.2002934588 1810 380.264311680462 47750.3671457004
65050.860047399 11111.9354162812 1810 3155.6278513916 41620.2432153885
65478.5418112424 11311.4122250152 1810 782.441831473658 45436.2705753632
65509.9297786643 11136.4854859184 1810 3443.33180066858 42180.3638261684
64576.5855414811 10689.6298930951 1810 353.128010356812 36909.1764526655
65296.1888072146 10729.6437522688 1810 1096.64923149292 37560.8441676802
65910.448800215 10840.5674706201 1810 1898.61938357475 35917.5109863936
65005.5182032694 10733.8829315256 1810 1088.47929745514 36338.2131104963
67650.3245157047 11082.1059794189 1810 2207.21974451304 47653.2560404627
66100.7537545758 11138.4327666819 1810 1779.00173705586 40042.4015331526
67222.3405807912 11058.079748683 1810 2224.02068874847 37976.3093100298
65296.6621597573 11196.1043838736 1810 2706.51734989827 40692.3036390096
67833.0666209911 11216.3064756437 1810 2158.05994435623 44210.341154155
65222.9652413096 11102.3539101172 1810 3177.14100063043 41067.4444937819
66188.4160234205 10828.9792876306 1810 1749.7250454409 36520.5432693922
65334.6893511426 10801.3066764046 1810 624.717611914106 38311.6512967379
65984.9621081732 10869.3718312689 1810 779.719351760923 35256.2571466622
64933.1548670568 10971.4795471781 1810 3427.25837112745 40665.9114247971
63956.3384966213 10773.2333406115 1810 1054.1221223831 38944.0025545012
66622.6621415946 10996.8086944145 1810 2626.68513859503 44116.9497104304
65534.5306255613 11183.3939936308 1810 3216.08667366188 42202.5002291835
65055.0900660422 10838.4453726103 1810 754.661931207595 37321.1779577987
64894.8237933262 10865.368052048 1810 1189.28549760738 35450.2932697182
65222.9652413096 11102.3539101172 1810 3177.14100063043 41067.4444937819
66354.8336337865 11021.6833241019 1810 2058.58128040183 35980.0078115408
64576.5855414811 10689.6298930951 1810 353.128010356812 36909.1764526655
65917.0824792855 10915.8275420576 1810 785.558674483535 33885.7919827009
65636.4336782627 10862.620074226 1810 456.649186962271 33085.3441177997
65456.5796244544 10857.8073791131 1810 1776.29858097978 38204.6905153476
66642.4117956728 11029.1291159777 1810 330.90192228601 35261.3201933675
66967.5503627544 11214.3597413996 1810 521.604430103305 39859.0530728355
65599.2840665626 10847.7486361125 1810 461.29288842479 33350.2537042151
65376.9809520518 10861.8389775051 1810 289.692102858533 34768.9370055757
64829.5913296546 10651.5337273169 1810 2485.2502931022 36930.6436031459
64623.4338792041 10940.4819543173 1810 2933.65453213064 42443.1611263552
67189.858887777 11084.4349329864 1810 1833.43666268955 37953.6917281573
64829.5913296546 10651.5337273169 1810 2485.2502931022 36930.6436031459
64937.8382473641 10604.3704316319 1810 2096.60931055535 35565.6326931611
66960.42103232 10837.5660443324 1810 3180.25134438158 45893.4815668577
66266.2073109443 10950.5110734002 1810 2377.4567249603 38252.0043453143
66020.1566305086 10883.6139507783 1810 1173.39663307534 35696.0576107915
63796.9740484579 10621.5248132066 1810 910.257113771656 36765.0449625467
64576.5855414811 10689.6298930951 1810 353.128010356812 36909.1764526655
65296.1888072146 10729.6437522688 1810 1096.64923149292 37560.8441676802
65910.448800215 10840.5674706201 1810 1898.61938357475 35917.5109863936
65005.5182032694 10733.8829315256 1810 1088.47929745514 36338.2131104963
67650.3245157047 11082.1059794189 1810 2207.21974451304 47653.2560404627
66100.7537545758 11138.4327666819 1810 1779.00173705586 40042.4015331526
67222.3405807912 11058.079748683 1810 2224.02068874847 37976.3093100298
65296.6621597573 11196.1043838736 1810 2706.51734989827 40692.3036390096
67833.0666209911 11216.3064756437 1810 2158.05994435623 44210.341154155
65222.9652413096 11102.3539101172 1810 3177.14100063043 41067.4444937819
66188.4160234205 10828.9792876306 1810 1749.7250454409 36520.5432693922
65334.6893511426 10801.3066764046 1810 624.717611914106 38311.6512967379
65984.9621081732 10869.3718312689 1810 779.719351760923 35256.2571466622
64933.1548670568 10971.4795471781 1810 3427.25837112745 40665.9114247971
63956.3384966213 10773.2333406115 1810 1054.1221223831 38944.0025545012
66622.6621415946 10996.8086944145 1810 2626.68513859503 44116.9497104304
65534.5306255613 11183.3939936308 1810 3216.08667366188 42202.5002291835
65055.0900660422 10838.4453726103 1810 754.661931207595 37321.1779577987
64894.8237933262 10865.368052048 1810 1189.28549760738 35450.2932697182
65222.9652413096 11102.3539101172 1810 3177.14100063043 41067.4444937819
66354.8336337865 11021.6833241019 1810 2058.58128040183 35980.0078115408
64576.5855414811 10689.6298930951 1810 353.128010356812 36909.1764526655
65917.0824792855 10915.8275420576 1810 785.558674483535 33885.7919827009
65636.4336782627 10862.620074226 1810 456.649186962271 33085.3441177997
65456.5796244544 10857.8073791131 1810 1776.29858097978 38204.6905153476
66642.4117956728 11029.1291159777 1810 330.90192228601 35261.3201933675
66967.5503627544 11214.3597413996 1810 521.604430103305 39859.0530728355
65599.2840665626 10847.7486361125 1810 461.29288842479 33350.2537042151
65376.9809520518 10861.8389775051 1810 289.692102858533 34768.9370055757
64829.5913296546 10651.5337273169 1810 2485.2502931022 36930.6436031459
64623.4338792041 10940.4819543173 1810 2933.65453213064 42443.1611263552
67189.858887777 11084.4349329864 1810 1833.43666268955 37953.6917281573
64829.5913296546 10651.5337273169 1810 2485.2502931022 36930.6436031459
64937.8382473641 10604.3704316319 1810 2096.60931055535 35565.6326931611
66960.42103232 10837.5660443324 1810 3180.25134438158 45893.4815668577
66266.2073109443 10950.5110734002 1810 2377.4567249603 38252.0043453143
66020.1566305086 10883.6139507783 1810 1173.39663307534 35696.0576107915
63796.9740484579 10621.5248132066 1810 910.257113771656 36765.0449625467
64576.5855414811 10689.6298930951 1810 353.128010356812 36909.1764526655
65296.1888072146 10729.6437522688 1810 1096.64923149292 37560.8441676802
65910.448800215 10840.5674706201 1810 1898.61938357475 35917.5109863936
65005.5182032694 10733.8829315256 1810 1088.47929745514 36338.2131104963
67650.3245157047 11082.1059794189 1810 2207.21974451304 47653.2560404627
66100.7537545758 11138.4327666819 1810 1779.00173705586 40042.4015331526
67222.3405807912 11058.079748683 1810 2224.02068874847 37976.3093100298
65296.6621597573 11196.1043838736 1810 2706.51734989827 40692.3036390096
67833.0666209911 11216.3064756437 1810 2158.05994435623 44210.341154155
65222.9652413096 11102.3539101172 1810 3177.14100063043 41067.4444937819
66188.4160234205 10828.9792876306 1810 1749.7250454409 36520.5432693922
65334.6893511426 10801.3066764046 1810 624.717611914106 38311.6512967379
65984.9621081732 10869.3718312689 1810 779.719351760923 35256.2571466622
64933.1548670568 10971.4795471781 1810 3427.25837112745 40665.9114247971
63956.3384966213 10773.2333406115 1810 1054.1221223831 38944.0025545012
66622.6621415946 10996.8086944145 1810 2626.68513859503 44116.9497104304
65534.5306255613 11183.3939936308 1810 3216.08667366188 42202.5002291835
65055.0900660422 10838.4453726103 1810 754.661931207595 37321.1779577987
64894.8237933262 10865.368052048 1810 1189.28549760738 35450.2932697182
65222.9652413096 11102.3539101172 1810 3177.14100063043 41067.4444937819
66354.8336337865 11021.6833241019 1810 2058.58128040183 35980.0078115408
64576.5855414811 10689.6298930951 1810 353.128010356812 36909.1764526655
65917.0824792855 10915.8275420576 1810 785.558674483535 33885.7919827009
65636.4336782627 10862.620074226 1810 456.649186962271 33085.3441177997
65456.5796244544 10857.8073791131 1810 1776.29858097978 38204.6905153476
66642.4117956728 11029.1291159777 1810 330.90192228601 35261.3201933675
66967.5503627544 11214.3597413996 1810 521.604430103305 39859.0530728355
65599.2840665626 10847.7486361125 1810 461.29288842479 33350.2537042151
65376.9809520518 10861.8389775051 1810 289.692102858533 34768.9370055757
64829.5913296546 10651.5337273169 1810 2485.2502931022 36930.6436031459
64623.4338792041 10940.4819543173 1810 2933.65453213064 42443.1611263552
67189.858887777 11084.4349329864 1810 1833.43666268955 37953.6917281573
64829.5913296546 10651.5337273169 1810 2485.2502931022 36930.6436031459
64937.8382473641 10604.3704316319 1810 2096.60931055535 35565.6326931611
66960.42103232 10837.5660443324 1810 3180.25134438158 45893.4815668577
66266.2073109443 10950.5110734002 1810 2377.4567249603 38252.0043453143
66020.1566305086 10883.6139507783 1810 1173.39663307534 35696.0576107915
63796.9740484579 10621.5248132066 1810 910.257113771656 36765.0449625467
66960.42103232 10837.5660443324 1810 3180.25134438158 45893.4815668577
66266.2073109443 10950.5110734002 1810 2377.4567249603 38252.0043453143
66020.1566305086 10883.6139507783 1810 1173.39663307534 35696.0576107915
63796.9740484579 10621.5248132066 1810 910.257113771656 36765.0449625467
66960.42103232 10837.5660443324 1810 3180.25134438158 45893.4815668577
66266.2073109443 10950.5110734002 1810 2377.4567249603 38252.0043453143
66020.1566305086 10883.6139507783 1810 1173.39663307534 35696.0576107915
63796.9740484579 10621.5248132066 1810 910.257113771656 36765.0449625467
66960.42103232 10837.5660443324 1810 3180.25134438158 45893.4815668577
66266.2073109443 10950.5110734002 1810 2377.4567249603 38252.0043453143
66020.1566305086 10883.6139507783 1810 1173.39663307534 35696.0576107915
63796.9740484579 10621.5248132066 1810 910.257113771656 36765.0449625467
