68253.175967948 11310.5089261381 1810 1392.62511296494 24324.9156679142
66892.6112229206 11216.6348773476 1810 683.9201805147 27271.8811013268
66979.0763150045 11663.6907244019 1810 1877.81749782345 31508.4375079062
66368.1146172626 11247.6119390452 1810 66.1650068097551 23705.6975182598
66852.7203013406 11274.233305476 1810 260.918874448249 25347.2956586831
66355.4032472465 11108.6518368494 1810 1629.84670305263 27709.3155127489
66616.4233298092 11197.2354460361 1810 97.2035958780798 24899.37253835
66698.1911872694 11304.4581034742 1810 107.424578060603 22726.4887925411
66368.1146172626 11247.6119390452 1810 66.1650068097551 23705.6975182598
66209.7337583744 11256.7439952015 1810 46.367399448729 24117.3232006248
66069.7135389199 11210.8266237906 1810 2269.61998441161 26254.6199934858
65883.3307676767 11406.3377730681 1810 2833.26149550047 34222.4999601987
66368.1146172626 11247.6119390452 1810 66.1650068097551 23705.6975182598
66580.0830762778 11257.8831152328 1810 92.66106418665 24512.2962675922
66044.2839162961 11397.8017594397 1810 2483.72142064735 34179.9882855663
65351.8889157859 11430.5982781647 1810 3983.78920230751 37026.9814407645
66786.122737299 11286.7800436471 1810 865.531626977179 25394.4720431176
65199.9626853765 11340.5029057489 1810 4261.6303037374 37799.3015405746
66022.0362963703 11480.6871527333 1810 2850.71839186698 34973.5849176808
67083.9272269021 11573.0995917246 1810 175.231684954986 29283.6340487287
66761.8262240604 11293.6051782036 1810 115.378957659479 24211.746354507
65207.0346328698 11338.9372144486 1810 4262.51429717406 37780.0056805572
66271.2659993196 11423.499577244 1810 2359.63377475847 28766.1131029681
65918.1248458259 11473.0033916163 1810 2411.23587009015 32324.6303694976
66747.2354341434 11260.4605385127 1810 238.688700541377 24727.9260300072
65367.8504237629 11421.7422112699 1810 4202.20837558913 37780.0056805572
67818.1172909673 11200.358502965 1810 414.847725889043 28025.2876461673
65259.901442202 11202.1241012421 1810 3806.82329806084 28484.0046493744
67233.0543365209 11645.537504633 1810 258.263055440555 29836.995337737
65896.2752796966 11357.989718081 1810 4117.45155588454 37017.7337540588
63524.8241570487 10888.9088873029 1810 5415.78508661043 33517.4229641836
65803.9243688674 11409.523990554 1810 3894.16348950835 36605.7978727785
68024.0415683982 10958.1156739819 1810 2170.70848848001 29147.3800291539
65825.4254072496 11353.7763011054 1810 3695.27511076155 35299.1779538678
65993.3707193672 11320.6588259256 1810 3773.6983218797 35668.5043889453
66800.3295583798 10766.769203887 1810 515.22515444413 23380.4898002176
66580.0830762778 11257.8831152328 1810 92.66106418665 24512.2962675922
65710.5653130427 11290.8385413624 1810 3738.34764608914 35299.1779538678
66392.9090878048 10783.3378988202 1810 936.727101782491 22743.3037380242
66072.4706812231 10994.0949040599 1810 3386.50574219794 30628.143031168
66575.7963912377 11264.2512449777 1810 565.037279952281 26699.1060550949
65480.4955101956 10976.590947818 1810 2652.66882726585 28125.6553710547
65291.7775909121 10816.7013110366 1810 3288.91910590907 28460.4804098553
68720.9036201239 11311.949727958 1810 1424.1312845537 34194.8255101339
66847.5751939338 11279.2293327702 1810 480.355383486877 25966.9447094074
67803.6342760881 11290.4740928574 1810 1106.37620273089 24168.8224795269
66847.5751939338 11279.2293327702 1810 480.355383486877 25966.9447094074
67166.231145681 11106.5019859778 1810 880.316030544926 28871.385092569
65908.7284278907 11187.6955395876 1810 4657.64103889673 36187.1148940003
67142.9840908157 11232.5820390606 1810 515.131262823652 23872.1391447367
67105.6880531393 10758.4423115242 1810 496.293261968714 24436.2647594183
66003.9420012388 10753.937430654 1810 1154.28415457712 25345.0004723824
66534.8681042785 10696.2556431306 1810 136.96591590119 24275.8177842694
67516.9801546376 11105.7128203141 1810 1505.45434437007 26491.5835408078
66467.5576912191 11269.4456823062 1810 1144.56455369766 25994.9958187434
66061.8568252211 11178.2296545662 1810 3666.87414164091 31139.9136622697
66763.8772645555 11204.0194236446 1810 177.363893181453 23771.6199284525
68656.7979926176 11221.9202961107 1810 371.886821133983 29176.2272660757
65692.1838121883 10828.1637673561 1810 2221.92864791364 27713.0954013144
63524.5696893369 10807.8369066656 1810 5539.76506341015 35429.1363868946
67505.5146228073 11063.8903879448 1810 609.034366741601 26394.6352218148
65808.7620842531 11097.6740835947 1810 4645.14524594204 34142.1749091338
65997.0226287999 10951.7461209641 1810 1205.21143823495 26941.7402871799
66768.7299602085 10857.1534963888 1810 1301.67485466103 27985.9625614127
66101.4803657478 11307.0766129258 1810 4573.77240136255 36085.3236269132
66645.2640572898 10815.3933984877 1810 1286.24161679618 26712.495053987
67571.5057363764 11064.2261663206 1810 2269.83090366731 30560.1316822609
68565.7241992686 11150.6133452633 1810 2095.48796667322 35475.5012496056
66534.8681042785 10696.2556431306 1810 136.96591590119 24275.8177842694
66447.3932450979 10838.3836541726 1810 147.90027329877 27713.9740721974
66684.5512450478 10854.8309968396 1810 867.958281527666 28363.7894140069
67045.6625574764 10775.8702198164 1810 1588.73535205409 24077.5855354711
66475.0742574697 10698.0232082057 1810 1636.58486882551 23915.8845018359
66534.8681042785 10696.2556431306 1810 136.96591590119 24275.8177842694
67217.069696183 11287.7250553151 1810 858.470566969178 30227.3513059195
66480.887530845 10795.3259509804 1810 575.795492467765 26192.7864694976
64603.4478959666 11196.250323921 1810 4385.51325076354 39840.5122129802
66484.5197331486 10677.5296604358 1810 143.259462292433 23132.2175850532
67111.4577386231 10981.4154311453 1810 442.073238355377 27925.697090043
67847.0779376591 11014.1613789828 1810 749.624802601238 32812.7194294807
66340.40866982 11080.7198846924 1810 937.958461081116 33536.6285171451
68788.102678847 11108.1256687738 1810 1824.67077579116 35302.617360279
65118.9653654692 11179.0293995563 1810 340.146325371968 38884.3468646344
65525.2237254482 11326.6790357564 1810 1482.5581405332 38299.1961931363
64742.6562740483 11116.2605813578 1810 707.55035006408 38239.2987576603
66758.5407687821 10833.8130488408 1810 885.691948710861 28337.0378934732
64742.6562740483 11116.2605813578 1810 707.55035006408 38239.2987576603
66818.6270399071 10700.7935248414 1810 1408.42698085605 28380.2413233534
66694.112639768 10839.2659139962 1810 901.899538195197 23645.0765852506
67425.684899542 10757.8512462131 1810 283.952406705961 26723.2214000819
66818.6270399071 10700.7935248414 1810 1408.42698085605 28380.2413233534
67331.7844189194 10781.577756913 1810 837.784956327851 24399.9178987619
65175.240745004 11357.1491181084 1810 2571.94807715696 45230.0060251728
66246.4560095449 10641.7976208136 1810 260.916639962343 23387.1178874738
66564.9444519165 10708.0334771194 1810 133.206372446452 24275.8559948933
67497.9278919188 10864.2488908565 1810 382.100953860794 24983.4970582034
67209.4749093806 10738.5829525641 1810 52.6400652634347 26436.7141801089
63821.0106749102 10954.9105618668 1810 800.253456940169 32720.4261239983
63851.5536660878 10962.2118102894 1810 433.238234768656 32262.5456751308
65872.8907195119 11185.5647244649 1810 1251.62200145812 31868.3739886867
64232.0747668468 11038.6336793732 1810 1661.68453415334 33153.8725720637
68392.5884448066 11489.3234925139 1810 2699.43668866798 39697.8414486614
67947.5072418151 11232.0877729944 1810 2755.07183904192 39971.2941679455
66534.8681042785 10696.2556431306 1810 136.96591590119 24275.8177842694
64042.5998409699 10933.8159315483 1810 457.775325895332 31258.6071199756
66740.3801332184 11280.697653977 1810 1773.129905355 31001.1290149635
63595.4966480628 10893.8896632053 1810 1028.7610841442 30819.1064309005
63625.323954723 10885.4396369784 1810 88.9736078140222 30833.69831204
65885.1920563039 11210.6813941751 1810 2014.2738058852 31738.4279881616
66534.8681042785 10696.2556431306 1810 136.96591590119 24275.8177842694
66771.9877715817 10909.860704485 1810 900.72439023394 23446.4526284759
64155.8468482445 11052.8544407833 1810 2782.69981407364 36686.2436997432
64752.4253418454 10907.475886756 1810 2257.48609013168 30336.5212562039
66073.2171995745 11125.1123537863 1810 1990.77066297638 29871.7783089133
66534.8681042785 10696.2556431306 1810 136.96591590119 24275.8177842694
63582.7624839966 10904.0754324249 1810 94.2937916548253 32127.7301076705
63582.7624839966 10904.0754324249 1810 94.2937916548253 32127.7301076705
66814.1220300861 10768.2950106433 1810 571.957383549659 25285.1582077137
67050.4711957025 10989.5273063122 1810 2334.99557665383 25838.1346844187
66554.5081011161 10753.8556417607 1810 570.885788660027 24191.4717426084
64770.2889229031 10755.1052919288 1810 271.725089379461 25331.9721019009
65933.6596062323 10721.5060159818 1810 694.372284116047 24451.8003875442
66409.7084736898 10945.0056240581 1810 953.363822374871 24384.3109679859
64072.9089943875 10925.9790425575 1810 835.281233254953 28805.3513035526
67026.9824636788 11401.6256531235 1810 2279.60502708031 42284.6389708561
67337.8095549259 11519.839863912 1810 1524.18992324541 44439.2069826521
67191.541545301 11455.8990351965 1810 2245.29531654207 42111.9689316022
66675.1192264427 11380.7384318158 1810 1404.80935715704 40873.2229944069
67326.9463018801 11119.8017435314 1810 2328.47676503192 39253.9842106856
67134.0354460739 11315.6395318552 1810 2252.48357894546 41026.5518609108
65331.9873938857 11066.2112250085 1810 1929.63938151955 38268.7658555602
65113.076147513 11076.9176078917 1810 560.307864056045 37586.9881467205
66451.5849355835 10907.4631601643 1810 1177.46627154187 37266.0922081075
65417.3570796921 11036.0549594896 1810 1918.96817079375 36227.5390849502
66523.6844263711 10906.4086280853 1810 2330.15341345122 36703.0790942788
65411.9544903766 11179.2334970788 1810 2701.20888788388 42317.3567762749
66721.3950001019 11358.9304276719 1810 2423.47523057199 39679.968871469
67157.0677788299 11230.5919435711 1810 1416.50547959487 38547.6850527188
66815.3654774987 11191.031670452 1810 1094.01946627939 34297.5213852062
66730.8942270873 11329.6667803751 1810 1469.7771735627 37594.2657095657
67196.8394256744 11166.4791201798 1810 1411.53402373931 35651.8805403324
66806.4872321558 11150.0300770032 1810 1460.32804792913 37630.0551754449
66806.4872321558 11150.0300770032 1810 1460.32804792913 37630.0551754449
65615.0287877338 11049.0421344472 1810 883.29386029063 36528.250943815
65459.1501515959 11247.0110731579 1810 2388.41202394415 40932.0085091572
66836.9840091889 11264.038011472 1810 323.294206345869 35212.1718393063
66656.8696636795 11201.1338733657 1810 345.808499534551 35087.240972041
66739.9059767794 10888.5710677814 1810 1964.85733122789 38306.3453039681
65882.2824648603 10730.0164915067 1810 1951.92872078108 34719.2098519989
65750.0065222057 10907.8676696951 1810 1219.78123238214 36496.890012863
67721.6005153668 11275.2413202007 1810 1022.54096507274 43322.1589581223
66861.2336433591 11269.432124487 1810 1794.01595250304 39410.0528447169
65986.5523249405 10836.6599955705 1810 779.520574665015 34983.2070626713
68565.2823389756 11451.5984461631 1810 2134.6662056262 46917.7686111617
66572.0117100272 11209.4566091353 1810 401.463252223981 36439.0018518996
66809.8795207144 11113.1840900922 1810 1094.70521087742 35054.2221416362
67119.7939012449 11084.7474109846 1810 1428.11418864688 36529.8290289997
66597.0274595297 11100.6390082882 1810 1121.31171852551 34191.6634136354
66809.8795207144 11113.1840900922 1810 1094.70521087742 35054.2221416362
65920.4832287185 11363.2156047958 1810 1191.18535528416 43029.6456196168
65339.954833828 10832.1169356818 1810 860.34526105408 34200.3362245728
66314.416381248 11507.6827377664 1810 2483.78663973272 45903.9341526646
66556.2883141721 11083.4093605443 1810 1126.40411169521 34899.122354523
66137.9627185537 11191.4073889142 1810 2150.77586984156 42754.2211829188
66499.8463900999 10975.2591599219 1810 2346.84223743693 36154.3140929437
65698.1954228158 10808.7708814151 1810 815.565187430606 33995.74552171
65812.7172084796 10773.1249187446 1810 801.249964222625 34281.2429495222
65243.8556657606 11364.6507963533 1810 4077.32782652544 47491.9621981672
65812.7172084796 10773.1249187446 1810 801.249964222625 34281.2429495222
66350.3268418853 11021.2263023243 1810 2392.25866358524 38574.1459529218
65646.0871148613 10782.0628527961 1810 822.078725924912 34118.8133538421
65747.9078374449 11191.7677172769 1810 2123.89347193759 39332.6888002058
65676.8747405721 10758.2212137727 1810 818.230272711062 33744.787220351
66594.3559541205 11617.2549331654 1810 174.761463430827 45300.4927047183
64811.7677114706 11191.3310461004 1810 2706.20988757702 44223.2931196231
66760.0806883273 10928.7108146744 1810 1501.81393963286 34961.8285349987
65646.0871148613 10782.0628527961 1810 822.078725924912 34118.8133538421
65063.3873431012 11335.1567123356 1810 2737.66234153085 45193.1471320328
65690.1402147059 10800.2331709198 1810 469.204248432599 33407.2349940045
67184.4529992751 11579.2064380783 1810 950.614837154766 48407.6672654637
66390.3937146726 11487.4885324531 1810 200.256743361819 44990.7676217734
66998.3435127599 11455.1224759615 1810 1344.34851024233 41733.7469891011
65996.8588261856 11305.9816840907 1810 1707.16442850005 42556.9870118715
66330.8823797301 10998.4315690459 1810 987.468336994905 35776.9800940341
66115.487201028 10865.0754995723 1810 1132.09893445491 37758.1968706981
64811.7677114706 11191.3310461004 1810 2706.20988757702 44223.2931196231
65950.372684882 10876.91102988 1810 784.043029672332 36933.3388662381
65245.975362746 11101.5951105453 1810 3796.24051731135 42592.8921520249
65996.8588261856 11305.9816840907 1810 1707.16442850005 42556.9870118715
65007.6923832451 11374.386029372 1810 3193.09280556604 45875.8652354771
65007.6923832451 11374.386029372 1810 3193.09280556604 45875.8652354771
68133.5285802714 11658.7660024641 1810 1034.20827219539 45711.0026649696
63178.6801038765 11050.9895700021 1810 4739.89796541184 48312.3677778049
65478.5418112424 11311.4122250152 1810 782.441831473658 45436.2705753632
64472.7160098371 11294.2002934588 1810 380.264311680462 47750.3671457004
65050.860047399 11111.9354162812 1810 3155.6278513916 41620.2432153885
65478.5418112424 11311.4122250152 1810 782.441831473658 45436.2705753632
65509.9297786643 11136.4854859184 1810 3443.33180066858 42180.3638261684
64576.5855414811 10689.6298930951 1810 353.128010356812 36909.1764526655
65296.1888072146 10729.6437522688 1810 1096.64923149292 37560.8441676802
