66378.2779603745 11146.9829410638 1810 2153.86406389437 31526.6827381985
65951.7457054967 11190.2902319831 1810 524.925225543924 32836.0384289207
65980.9555429385 11182.0922234407 1810 134.381173803529 31615.4541113249
65844.4092250495 11119.223541489 1810 1263.90510421817 30985.9036242205
68284.6705085692 11408.3642777952 1810 1599.54307346403 39224.9888775743
65844.4092250495 11119.223541489 1810 1263.90510421817 30985.9036242205
65712.9382324959 11103.514322987 1810 1247.47123014897 30890.2198375614
67664.6847387145 11148.9621900366 1810 1236.3584139696 34840.4610405581
66589.6089254797 10728.1600277105 1810 1160.33612031937 27655.5156387547
66964.8961827781 10878.4168292064 1810 933.270904541056 26935.7490864068
67622.4516780387 11132.0951851174 1810 1241.63754655408 34634.1547227657
66721.3738514704 10887.27571954 1810 620.500065435275 31037.9352534332
65368.8947296393 11126.2383728285 1810 2184.4357836378 34130.1391187868
67321.4103163307 10801.6171679534 1810 1889.78175988626 28687.4209727403
67604.0720990746 11075.3109872207 1810 1033.52822362002 32498.9799980786
68601.3660368925 10928.2601845599 1810 2118.89553913431 32967.2692196235
65844.4092250495 11119.223541489 1810 1263.90510421817 30985.9036242205
65844.4092250495 11119.223541489 1810 1263.90510421817 30985.9036242205
66505.0887504935 10993.9482332344 1810 1737.92678967359 30312.4775768935
67155.023654067 10817.5457543182 1810 404.530942714062 28755.9630710952
67240.1041777048 10911.8014087796 1810 920.503352180029 30834.2281719621
67155.023654067 10817.5457543182 1810 404.530942714062 28755.9630710952
67193.7141569393 10845.111266423 1810 1448.12429772015 29243.3253692095
68180.6524200554 11138.0526020254 1810 1931.31429839532 36489.5702588235
66231.9861344704 10873.6602170852 1810 1278.56577217744 29280.5381264111
66724.2720168515 10891.9723738809 1810 620.137794762635 30860.2301956949
66724.2720168515 10891.9723738809 1810 620.137794762635 30860.2301956949
66991.8595826183 10935.6521404878 1810 1011.84485348553 31231.0423427451
67167.727040839 10744.0851768089 1810 1453.65577646636 27946.093808967
66687.2152510189 10830.6509994628 1810 1148.13532962698 28105.8962536356
66644.0041634407 10746.5833731496 1810 1153.53671557425 27766.0994180528
65462.6816770686 11050.3054453566 1810 1149.25818071772 33212.8408193827
66724.2720168515 10891.9723738809 1810 620.137794762635 30860.2301956949
66602.2844979462 10737.670452513 1810 1530.98222891103 28543.3240219918
67489.9830374012 10765.3989653608 1810 2202.93906443043 29827.4639587366
66889.3101324711 10724.2280224824 1810 1122.87346944545 27352.6375470484
66801.8775452091 11072.0602710965 1810 2424.47032005689 35210.9164273761
66619.0681415538 10864.0470288849 1810 1981.59894978408 28326.2291116121
68678.1905322202 10962.2328412991 1810 2050.20688200538 36535.9309248322
66858.1358936891 10806.2269224549 1810 2253.77431178385 25766.0373130722
66445.0434985435 11258.4332669977 1810 2634.03618490955 38781.9039803469
66792.6443637013 10800.8396410596 1810 901.946803286783 29596.1210029439
66445.0434985435 11258.4332669977 1810 2634.03618490955 38781.9039803469
65768.6923065289 10984.7614676431 1810 2473.6861721129 28860.5952146483
67550.3807874638 11229.6605785522 1810 2495.86902379452 31124.3157721942
66460.8710096532 10717.4229682843 1810 1548.65891494766 28321.4912535841
66441.1909783172 11256.416596574 1810 2634.51774993784 39209.5192089465
67439.0907847819 10838.4915680517 1810 1054.1508879066 31107.2581519767
67719.2669774376 11047.8993461476 1810 1348.62659319987 34624.5495815447
67423.5118797882 11272.8594786133 1810 2511.72763725397 30967.5506766448
67654.5148343536 11072.9034730632 1810 1027.22288171014 34588.2683670112
67982.5591619166 11214.9952350783 1810 2441.84672698791 34427.7688795943
67550.3807874638 11229.6605785522 1810 2495.86902379452 31124.3157721942
68251.9541286357 10984.5441403645 1810 1276.84953221285 34224.6113113331
67936.103882147 11322.0025758563 1810 2164.83014429522 30337.2330571005
65144.648652397 11247.7098520535 1810 2018.37690057208 33848.8627850149
67296.3743571466 11165.9897525916 1810 2527.61982758417 30260.9201356442
67989.1657615018 11231.8556416126 1810 150.606528930235 39593.4985876762
66651.1176901988 11187.6250638059 1810 2206.68553029731 34463.6143649989
67142.7746545936 10774.6522734227 1810 1091.19040418014 29144.30588046
66589.4281963655 10965.6636233862 1810 777.874144493773 31453.6156211747
67933.1086655246 11551.6979399742 1810 2448.02803903692 35521.3349937207
67933.1086655246 11551.6979399742 1810 2448.02803903692 35521.3349937207
67176.2464324327 11013.1394366757 1810 615.13724561804 31300.4180479544
66924.9065831689 10867.8838372114 1810 270.538763550841 31036.5338734906
67575.200974932 11231.091414288 1810 2492.766500361 31041.5372951555
67074.8926192538 10835.7523804373 1810 850.749616191142 28883.083619041
67512.0061063042 11212.3642547365 1810 2500.66585893946 31055.6380974343
65763.8585937534 11055.5720205773 1810 2160.21372677462 31688.8071745022
66666.5797603957 10724.1010178582 1810 1150.71476595488 27960.4716973105
66612.1474387728 10839.078010349 1810 578.677111907149 29276.0192627213
66761.7057509639 11247.5561011683 1810 2594.453403357 35004.6051853309
67542.0006104476 11199.9901657536 1810 2496.91654592154 33468.4795709581
67742.3684418765 11373.6753830976 1810 2471.87056699293 34184.8798379003
66666.5797603957 10724.1010178582 1810 1150.71476595488 27960.4716973105
69292.7757894208 11272.8899138477 1810 2278.0696485499 37958.2228685528
69289.4019909846 11371.7835090528 1810 2278.49137335442 36602.8545725048
68105.9470024171 11440.0276626275 1810 2426.42324692535 32480.5652128716
68111.3857600819 11516.2222221464 1810 2425.74340221726 35707.2885007764
67512.0061063042 11212.3642547365 1810 2500.66585893946 31055.6380974343
67638.7104302928 11356.04795075 1810 2484.82781844089 35310.9042227102
67512.0061063042 11212.3642547365 1810 2500.66585893946 31055.6380974343
67889.9862808438 11151.6036218587 1810 2453.41833712202 32846.1347071543
68658.2283674617 11180.7630223406 1810 2357.38807629478 33790.1685126704
65271.221150951 11097.1529640595 1810 2151.10771508356 33826.451635817
65038.8591419792 10935.5458529077 1810 2620.00190956807 31564.1655356884
64728.9901544361 11021.7945865966 1810 1807.03333407202 32380.7600761851
65618.1219413542 10881.8915455559 1810 2400.81029874073 28555.6966492537
67914.2705789053 11159.8205199601 1810 2450.38279986433 31966.5731821283
65643.0323569454 11054.0643893338 1810 1738.14893026068 32117.7300204766
65629.7752015526 10959.7477741178 1810 1274.81759059476 28716.5245326001
66821.3581472856 10897.0285226063 1810 510.865064811176 29541.3974461918
65637.2478038211 11077.4437791932 1810 2516.45129797201 30902.2281874897
65618.1219413542 10881.8915455559 1810 2400.81029874073 28555.6966492537
65577.3937089473 11007.616102867 1810 2742.49240860908 34046.6786958076
64542.9939252014 11137.4570673789 1810 2931.64249186138 37185.2442503467
67244.2277457701 10728.3385485655 1810 1456.05595084757 29042.1315747739
66666.5797603957 10724.1010178582 1810 1150.71476595488 27960.4716973105
66666.5797603957 10724.1010178582 1810 1150.71476595488 27960.4716973105
65577.3937089473 11007.616102867 1810 2742.49240860908 34046.6786958076
64423.2937046333 11075.9424674451 1810 2886.75490914833 37019.6518116751
64423.2937046333 11075.9424674451 1810 2886.75490914833 37019.6518116751
65273.5265646156 10909.7853907281 1810 2780.47580165054 34379.1160851549
65860.6758151099 11089.4412198485 1810 2158.54879905796 32983.0058487857
65577.3937089473 11007.616102867 1810 2742.49240860908 34046.6786958076
65654.0862491915 10973.1929945633 1810 2483.77004961898 32914.2342495083
65172.195491435 10958.4047676612 1810 1797.95061685643 30902.5182405672
65629.353225348 10951.7873084059 1810 1590.3565997952 27837.6207155338
65644.9059242619 10969.66566435 1810 2189.82930799347 30392.2258867763
65341.2150070759 10899.2401943402 1810 2772.01474634301 33556.8133260639
65065.3807899764 10828.2390223381 1810 1059.37605511352 29819.3048475186
68775.0707739897 11073.7669535841 1810 1741.96691073114 34211.7007332867
65477.6093295794 10855.2267961926 1810 235.270376398731 28914.3909851999
68223.3765094614 11228.848816996 1810 2123.64935571169 34732.8489289273
67893.1691383115 10854.5636553045 1810 1410.32259820869 30268.8506726753
66045.2270206141 10943.3392234018 1810 745.24717608924 28348.3138531213
65071.4740083244 11008.0745134124 1810 2119.53554575752 35297.3660259564
67894.3569230989 11252.482170115 1810 1471.45118144597 46272.8888438029
67839.4487562134 11225.0843803322 1810 1478.31470230667 46035.2381240971
67820.6260851856 11051.6370363915 1810 1182.80231751381 37785.6489866921
65194.7228029787 10994.8269203917 1810 2436.62810999925 41471.7502310091
67462.504192055 11077.4193614231 1810 1624.53127063612 47735.0216801016
68027.0618228212 11038.0857971847 1810 850.701574932735 38252.98658617
65487.2926059374 11227.9173971204 1810 1944.96406491041 37665.2810643559
65396.0532041313 10874.2068423729 1810 789.858413908041 31967.895140608
64143.5860018557 11087.3315325601 1810 667.821544318473 34483.2114362163
64525.4575214384 10793.1565152105 1810 1975.91317324753 36944.6582713884
64652.0182745078 10773.0649738332 1810 1620.22308388998 38205.5158286018
65093.4720885313 10742.1283340169 1810 2046.91499413415 34478.8177309414
64474.483725634 11062.6448800868 1810 3568.59716577829 41141.3148114056
65559.0971618731 10825.7350739576 1810 1674.21862706017 35429.6099164669
63991.806168828 10786.5262843551 1810 1528.85006746265 37148.7273067052
63248.2247416366 10926.7344561689 1810 779.741701845861 36889.546508866
65327.6802364554 11005.9686300634 1810 1462.37957956791 34273.6324565316
64582.9995064204 10730.0213644504 1810 1602.5477526163 35336.8981247065
64971.0497193011 10764.5532365872 1810 2265.76927866733 36208.2459791653
63248.2247416366 10926.7344561689 1810 779.741701845861 36889.546508866
67674.5908647974 11024.860631908 1810 1602.11988228494 40713.7419450498
64553.4449863414 10711.302149157 1810 1979.41160636041 35753.1011586014
63638.1094775207 10709.161010513 1810 1469.97984625084 34986.132036716
66906.4238722195 10874.337392618 1810 39.7910634171931 40186.1359080763
66775.6777673868 11009.3797363417 1810 1108.23515140982 35325.3683972638
66537.2654578503 10950.9134894401 1810 1078.43361271776 36594.5618923656
64959.0743654424 10866.1941594061 1810 1017.28884638093 33593.6514567146
66019.7795404295 10877.7523329947 1810 1072.30366014779 39658.0265568075
65866.2106950948 10945.9940941589 1810 2039.94074605317 39967.1035651774
65840.6489425856 10882.1690866621 1810 1446.47793596164 39300.5637184688
65577.8529858498 11172.8366818214 1810 2263.19838077213 38956.7252265928
65350.9973526214 10727.1895715519 1810 2714.16765828394 36739.3229908182
64553.4449863414 10711.302149157 1810 1979.41160636041 35753.1011586014
64985.9353251857 10891.705841207 1810 1041.48301338092 35582.6047491456
64632.5806734363 10749.6847187183 1810 1989.30356724727 35822.6331863485
64619.7479609492 10859.0322315676 1810 995.709592851361 36041.3081267309
63897.3738406113 11074.2627293509 1810 4601.08493325287 46058.4066999218
65332.4474113674 10949.7487153611 1810 1014.62438415674 35506.1446365704
63830.2424108796 11039.8238861134 1810 855.216079796552 41691.9449656297
65270.5473875475 10704.3385372374 1810 2311.71618947723 36204.3300748498
63197.4976585206 10943.5736835086 1810 4905.33283978381 45402.198566368
64405.5458057798 11144.074545679 1810 700.730822816227 42981.1113488483
65743.9962667263 11005.5479333526 1810 1085.95923136672 40397.4316591397
65262.4033028408 11126.0569025679 1810 593.623635683591 41828.9214878343
65351.2387369535 11110.8134394165 1810 649.208164791839 41481.6891624874
65351.2387369535 11110.8134394165 1810 649.208164791839 41481.6891624874
67721.3204170703 11226.2048369721 1810 201.322436907716 42434.2420016395
64382.6010455065 11069.795051145 1810 186.61768810591 40591.4945859008
66527.4634559228 10998.6481922443 1810 1784.15311182528 41532.7269100298
64342.7128852958 11025.3116058416 1810 4721.06703126127 47871.7069589842
68734.0034491386 11332.1916467093 1810 2131.61304745543 49239.0871910279
66582.469672622 11118.0383324683 1810 2043.30444492877 41025.8002955828
65743.9962667263 11005.5479333526 1810 1085.95923136672 40397.4316591397
67004.1410717391 11215.6774311726 1810 1013.90112556314 39383.9633148099
67050.4746224342 11288.2290030298 1810 963.560744878467 38765.5401485613
66313.1148257314 10932.6494486534 1810 1528.34017177973 41690.5518139077
67293.7291186812 10929.4479425381 1810 110.796315495154 41070.6092960739
65590.8392156655 10740.1728849112 1810 2109.08588502593 37324.8815863795
68616.8794578127 11274.5865029756 1810 2421.71346223597 50397.9899115583
65934.2181956134 10769.8374701676 1810 1510.12450826155 36442.580135395
66524.4464428976 11202.5676412366 1810 1318.50426001255 39589.4320257033
67995.5186796716 11202.8717524185 1810 2499.38355950361 46569.2727633515
65100.417405989 10851.4586760661 1810 2047.78315881636 37922.9145233911
64559.8268009604 11070.5950451154 1810 2928.84504434251 41336.7834534875
66710.8982494317 11208.9055547791 1810 1341.8107358293 38872.0662117068
64255.3199188255 11054.1009869006 1810 2966.90840460937 40210.1587746408
67141.2976638017 10940.6256060777 1810 1444.95207852418 36192.3105289458
66041.1272980092 10820.6669255181 1810 435.459885496271 37432.6359919133
65185.0517175395 10804.2229094143 1810 1969.12856335355 35814.3775494242
65971.1042213439 10774.1661355523 1810 1568.16431599877 38324.5003611198
65545.961778469 10761.9563624893 1810 1693.63447656097 35812.2720856149
65185.0517175395 10804.2229094143 1810 1969.12856335355 35814.3775494242
65238.4552274288 10812.2579292134 1810 1420.57634950293 33470.1484686601
65238.4552274288 10812.2579292134 1810 1420.57634950293 33470.1484686601
66524.4464428976 11202.5676412366 1810 1318.50426001255 39589.4320257033
67761.5704170432 10973.2382010611 1810 2356.8489768829 48899.629416132
67111.7379116323 11322.6901590464 1810 203.16205972287 38165.7998848267
66981.2901841948 11205.545995367 1810 1006.27278678714 39970.9085874624
64857.3787098855 10777.6245092061 1810 3399.39467257204 37902.9581992247
63892.5217299393 11163.8414215019 1810 2399.50350067946 41417.9010312007
66524.4464428976 11202.5676412366 1810 1318.50426001255 39589.4320257033
67854.2218529408 10998.9948926766 1810 2391.54939817558 47274.707050695
67812.3783908933 10974.0064509064 1810 2396.77983093153 47829.4199463682
