9700.1947314917 2923.6777179679 657 68.8072443214348 3712.3770855264
9061.56971035211 2766.02670437864 657 198.515533563559 4453.75144726585
9439.97045743231 2880.00151525442 657 207.977310305118 3638.02943589749
9668.24991386592 2901.0707784113 657 56.8279377117669 3494.11612693593
8835.71408197664 2614.9184742367 657 41.2831263617616 4470.54215576173
9700.1947314917 2923.6777179679 657 68.8072443214348 3712.3770855264
9700.1947314917 2923.6777179679 657 68.8072443214348 3712.3770855264
9641.13434700479 2930.70420544779 657 244.644655942729 3741.83598410549
9700.1947314917 2923.6777179679 657 68.8072443214348 3712.3770855264
9927.48987923016 3034.66040908724 657 124.162779347741 4462.88623930382
9583.70619134376 2895.44757283227 657 133.248473439603 3413.392202821
9255.8600526001 2672.23043995572 657 529.88806211597 5704.20927427058
8835.71408197664 2614.9184742367 657 41.2831263617616 4470.54215576173
8835.71408197664 2614.9184742367 657 41.2831263617616 4470.54215576173
8835.71408197664 2614.9184742367 657 41.2831263617616 4470.54215576173
9543.17345433618 2750.03472755093 657 703.217208903297 3434.42287034141
8703.60844359537 2449.70015249268 657 498.558316958895 5671.89393306778
8835.71408197664 2614.9184742367 657 41.2831263617616 4470.54215576173
8849.45025641154 2638.34477388633 657 84.1564710651235 4512.59727992361
9197.57366542673 2731.42680989851 657 123.040425788917 5176.44105525055
8499.02571650792 2524.26581904911 657 320.806809470352 4725.9843434815
8499.02571650792 2524.26581904911 657 320.806809470352 4725.9843434815
8499.02571650792 2524.26581904911 657 320.806809470352 4725.9843434815
9197.57366542673 2731.42680989851 657 123.040425788917 5176.44105525055
9744.16490602875 2960.24365719042 657 159.665569807615 4235.85880538197
9197.57366542673 2731.42680989851 657 123.040425788917 5176.44105525055
9822.39646856472 2987.18692907522 657 149.886624490619 4184.96452434019
9824.05925381729 2983.15158628002 657 103.204340630412 3860.89025451586
9445.3933499101 2825.79208685352 657 154.017886349338 5008.89715276716
9197.57366542673 2731.42680989851 657 123.040425788917 5176.44105525055
9824.05925381729 2983.15158628002 657 103.204340630412 3860.89025451586
9677.49550100388 2949.45351455039 657 205.999808861038 3939.93929590688
9153.86930364445 2825.77795668966 657 328.238221561961 5156.95684586791
9197.57366542673 2731.42680989851 657 123.040425788917 5176.44105525055
9307.25197696345 2773.37366231662 657 136.750214731007 4741.31206248968
9813.82546655992 2945.31153632231 657 36.2636263263594 3066.68693354776
9898.16274219032 3001.78797802993 657 161.200953534837 3785.66010206805
9316.37080371124 2784.24445071775 657 60.0344207473968 5233.12397280597
9316.37080371124 2784.24445071775 657 60.0344207473968 5233.12397280597
9184.55283595077 2763.89344135206 657 73.0613166515764 6046.1659455414
9824.05925381729 2983.15158628002 657 103.204340630412 3860.89025451586
9326.84579476977 2781.39207404809 657 139.199441956797 4870.3914038597
9440.7041126959 2833.12976857814 657 75.5760843704791 4918.63695645451
9714.59748876764 2918.24355410748 657 201.07001844771 5833.63768933435
9714.59748876764 2918.24355410748 657 201.07001844771 5833.63768933435
9868.23734154408 2960.92869171736 657 220.275000044765 5406.85527084445
9714.59748876764 2918.24355410748 657 201.07001844771 5833.63768933435
9747.89428213014 2695.03913935462 657 218.478660219173 4620.94299980681
9784.39109690184 2786.31145847526 657 177.757312412512 3798.95262475407
9868.23734154408 2960.92869171736 657 220.275000044765 5406.85527084445
9714.59748876764 2918.24355410748 657 201.07001844771 5833.63768933435
9564.625785016 2863.83480005441 657 135.633524230572 3417.00667038781
9155.90553740573 2790.72921241603 657 246.076260705517 4622.98098154671
9714.59748876764 2918.24355410748 657 201.07001844771 5833.63768933435
9338.97690166732 2803.54085000102 657 91.8209081334483 6754.04339472993
8704.5609484047 2549.98498737666 657 376.16509089611 3075.49625502074
9377.26774229615 2817.04495775341 657 72.6284203472746 2567.43473232211
9799.95505469105 2977.53506632002 657 106.217365521192 3980.42625957174
9120.76246079231 2779.16713304485 657 43.1290389841704 3687.06928518524
9617.33388239737 2828.97815756164 657 399.134280862517 5310.46062622438
9868.23734154408 2960.92869171736 657 220.275000044765 5406.85527084445
9757.67028663178 2939.75043841471 657 55.3499514401756 5804.40504578129
9758.59372341138 2785.03411648419 657 222.885971391891 4172.32315821139
9760.43481804546 2943.17653156601 657 55.6955178668859 5738.40768352929
9828.22291389911 2937.66385189956 657 235.28041041163 5443.01677999492
9760.43481804546 2943.17653156601 657 55.6955178668859 5738.40768352929
9384.66971668931 2760.44324221538 657 114.532426030195 2584.70263344198
9462.6463585335 2782.82373236385 657 148.380952540885 3037.49590110828
8863.10681932031 2533.48812511902 657 546.495699549078 5591.6276034039
9462.6463585335 2782.82373236385 657 148.380952540885 3037.49590110828
9106.7075160577 2739.87743309068 657 353.635526276313 4900.75568201934
9835.52035905064 2933.70137640579 657 351.25057442899 5651.46559141539
9503.12871899378 2778.80855740078 657 24.4112482054327 2599.55548664839
9181.10578251881 2747.06782957045 657 344.335742968673 4890.61648664739
9503.12871899378 2778.80855740078 657 24.4112482054327 2599.55548664839
8884.02956027605 2690.44211971595 657 145.017078297827 3799.82523862199
9203.5672359455 2784.45485686559 657 42.0090048185925 3847.44646854849
9546.02215026869 2811.02178687425 657 137.958978573987 3001.20815904142
9230.49177769341 2791.41853882172 657 18.6986723216141 3868.63121445961
9040.54706424919 2777.60155146614 657 443.060804113627 5689.80602459405
9868.23734154408 2960.92869171736 657 220.275000044765 5406.85527084445
9462.5690120707 2875.35521819825 657 313.736571006436 5450.18064770666
9922.70534993962 3017.85013171531 657 65.3700105907387 4106.17881247733
8825.54129523742 2713.03908746566 657 184.73945050388 4223.43713975976
8834.97145420413 2719.80871262408 657 183.560680633041 4223.43713975976
9408.51606118782 2906.30388572491 657 223.330597775574 4878.87590781707
9559.88953639348 2874.54248684257 657 387.222682682734 3977.26872911483
9729.72243772837 2935.36886699047 657 97.5782891264903 3501.1970247321
9519.72714024171 2899.14738797952 657 24.878527649978 4243.57155088079
9703.75757893784 2926.80097674805 657 1.67558019652597 3781.18864923899
9568.61202492562 2707.47879070781 657 777.119905570006 3634.9601039336
9608.09606205819 2844.07862528166 657 302.091547379809 2925.07849290126
9198.56424291729 2653.70635165841 657 837.093771371479 4428.38713833694
9415.75164978936 2763.72876384142 657 758.012358677974 4546.30926451508
9542.6665434335 2815.65270448978 657 529.393801042102 4004.01620086754
9150.99421244215 2681.68719159525 657 327.12623857026 2709.69852790545
9559.88953639348 2874.54248684257 657 387.222682682734 3977.26872911483
8659.64682775041 2473.15604775717 657 265.249928416743 5985.35257378483
9882.7765835644 2944.99769210618 657 428.572374135635 3609.19720236953
8795.19657965925 2509.30352381491 657 282.193647405348 5553.69990356697
8752.75748489425 2482.1233000543 657 298.108307942225 5553.69990356697
9147.66884297074 2632.25825883759 657 282.127140396389 2692.04393290204
9480.27404648507 2751.48106059797 657 294.955926372191 3648.64551392208
9471.10358914774 2911.6925569045 657 249.563925155162 5017.27853743568
9480.9743601656 2884.61927691058 657 222.896753871532 3804.89396180793
9491.29480760634 2894.45846703904 657 144.79989640678 3640.31488990249
9668.05651182387 2941.25351662317 657 224.944809820645 4588.08639259344
8588.29727232735 2447.21439526883 657 256.331233988861 5920.19703259508
8795.19657965925 2509.30352381491 657 282.193647405348 5553.69990356697
9195.31765694125 2779.72868515687 657 12.8421126955629 4290.09078234846
8796.05920749813 2509.82343682234 657 282.301475885209 5553.69990356697
9676.43258314153 2963.07005402207 657 121.657674464882 4534.33630219589
8949.33309366867 2681.56384534653 657 18.8565160719168 3686.89682354468
9799.95505469105 2977.53506632002 657 106.217365521192 3980.42625957174
8791.68297448502 2640.72597436951 657 113.94691416862 3570.55173875153
8898.57091320944 2485.1838561991 657 558.980724708286 5337.74855945465
9146.90346583456 2750.54401632012 657 50.7652587192763 3916.05598615785
8925.86229954197 2526.50867240805 657 562.392147999853 5251.9565760326
9085.67114223099 2694.081914389 657 1.81426000162674 4228.32027388137
9630.17177381294 2929.70176056467 657 257.110278666173 4101.93775150433
9358.62859136109 2836.31840626119 657 193.322969196527 4461.38196182285
8925.86229954197 2526.50867240805 657 562.392147999853 5251.9565760326
9358.62859136109 2836.31840626119 657 193.322969196527 4461.38196182285
9244.37168176166 2794.1555627717 657 18.023307439707 3924.69744001744
9145.85032287581 2751.30694648457 657 5.70813757897622 4032.24333120534
9142.49765009144 2751.71077389699 657 116.020572488841 3779.66777811383
9615.08669349065 2873.91340042226 657 216.604143010378 3435.11040395502
9568.39783762743 2824.69500735435 657 368.92923314687 3235.99450708286
8993.76504409552 2627.21979412087 657 213.801566563891 3270.28776169812
9030.42560980241 2717.83056876908 657 130.02957752497 4305.43881022814
9590.29194533468 2843.47248615307 657 371.665996610276 3394.57596724814
9245.8598983686 2756.86678024633 657 176.264804240424 4831.03517159026
8933.39192076233 2761.88422402801 657 321.000199259056 5092.69237278733
9283.85202654051 2798.48623187503 657 131.403223276798 4937.79238917489
9288.36743596079 2810.62054044661 657 170.9513620414 5250.9975784328
9285.90080825699 2788.61346374056 657 164.305356386184 5281.48836296519
9145.85032287581 2751.30694648457 657 5.70813757897622 4032.24333120534
9772.58438503838 2916.53486573208 657 258.829367396772 3300.11884511042
9791.92335957215 2930.9116959019 657 155.724832640363 3990.81639688078
9745.61640306548 2909.82917453635 657 113.009696974388 3851.12489975425
9799.95505469105 2977.53506632002 657 106.217365521192 3980.42625957174
9789.52800577337 2927.89792222492 657 107.520746635902 3861.81266753638
9886.41579836197 3002.67537010496 657 117.36216220963 3691.77350141929
9759.43710960407 2984.62184691146 657 111.282108657064 4343.83079151975
9900.98533865436 3003.68120586308 657 115.540969673081 3797.09847371637
9655.48080889638 2927.74976078173 657 140.227621757721 3530.04115639466
9900.98533865436 3003.68120586308 657 115.540969673081 3797.09847371637
9333.54627291328 2721.06369728399 657 212.21223380565 2881.93644055624
9518.29903702803 2888.43902602505 657 274.451459337128 3946.89408828743
9673.41728559639 2930.47135723733 657 142.469681345222 3214.99908936888
9837.16297123416 2990.76915915719 657 123.518765600606 3952.9420985557
9033.49644235398 2777.04500024601 657 403.65052397825 6134.24667353278
9761.8789079837 2954.39846142395 657 132.929273506914 3791.53978566385
9069.51056040484 2799.85245652109 657 441.514269245384 6456.47830858687
9757.3448078467 3006.2068198022 657 352.253895321583 5297.96042563439
9799.95505469105 2977.53506632002 657 106.217365521192 3980.42625957174
9326.12694038409 2822.07759569398 657 192.172411475868 3956.33206776728
9359.33298109074 2845.37693145465 657 165.465272898979 4308.33349760842
9435.52787331787 2874.82842622576 657 205.514481528757 3980.77758229926
8786.74213847296 2629.55019406305 657 627.653953224549 5334.94157025142
9886.41579836197 3002.67537010496 657 117.36216220963 3691.77350141929
9227.63798379144 2751.25413049748 657 425.232509120617 4477.7624488006
9747.65027782073 2938.07940345832 657 440.572428057319 4416.84529431914
9690.01995060805 2971.99464139377 657 228.644146492728 4404.68364413318
9799.95505469105 2977.53506632002 657 106.217365521192 3980.42625957174
9649.39268233949 2891.45961243187 657 177.732655817785 3326.26437274709
10048.2812058996 3092.58099235836 657 402.993562047464 4905.49116575621
9249.70860956206 2815.92434129638 657 255.348818144332 5146.91615032834
8968.52092135892 2715.47736984384 657 321.040407949812 5257.4196804178
9163.45369545888 2799.59086996578 657 232.254471128849 4735.72905379698
9659.17391698144 2963.67842700683 657 370.54434367758 4530.64221107741
8887.98922647489 2473.34218579358 657 362.635919555031 4516.48535326879
9935.45989047464 3030.44757291953 657 135.753696751879 3959.05176880546
9899.11219483199 3014.38640502482 657 93.8227230035745 4205.82638715121
8900.43858775658 2477.20700567993 657 340.193823167067 4319.11546596189
9997.82380850551 3060.5584520628 657 81.4837712943838 4479.12720651636
9873.91173992616 3007.19716513567 657 96.9727798668032 4515.93644652197
9897.44940957942 3018.42174782001 657 140.505006863782 4539.80578698419
8900.43858775658 2477.20700567993 657 340.193823167067 4319.11546596189
9405.35230085494 2888.01640800826 657 199.647720408145 5050.2666578287
9910.48541732912 3037.70696391805 657 350.657781674127 4914.95662513636
9465.88825036155 2835.06028096928 657 253.37025906945 4939.82578212591
9543.79939744378 2906.2091110822 657 261.741121983161 4322.07644252245
9644.89554937576 2916.15006929336 657 125.599803685603 3959.90945655722
8783.27057336529 2677.21090369583 657 260.758783557825 3915.83833302241
9947.69496123549 2958.01813184329 657 87.7498772031372 4058.50051539337
9199.38658407601 2782.67125660398 657 122.410576616044 3939.39762813665
9008.85399656537 2826.47493702737 657 427.06953272279 7140.67996018152
9327.72081023707 2848.87249882401 657 316.912696518323 4707.72311951195
9405.35230085494 2888.01640800826 657 199.647720408145 5050.2666578287
9443.81770751802 2892.63313143978 657 302.400584358204 4991.54033130414
9808.597582362 2972.32270870307 657 349.665980304706 3390.07999499189
9455.12757620658 2896.44953323865 657 187.775123174903 4239.82476792563
9443.81770751802 2892.63313143978 657 302.400584358204 4991.54033130414
9472.35379110377 2891.09569012782 657 147.167523469602 3887.63467134007
10463.2373382311 3111.82004145531 657 192.237862743798 4799.37352443355
9899.11219483199 3014.38640502482 657 93.8227230035745 4205.82638715121
9945.70780105747 2974.57166601754 657 24.6309786690708 4475.50159464235
9945.12161527549 2973.91840916444 657 24.7042518918188 4454.00072827119
9607.50692468202 2779.0472305008 657 385.840215140766 3831.7403563623
