14579.6441222351 3908.45997618823 948 257.468404840793 11687.8200157809
14604.0237205163 3988.13021719124 915 35.0684623348366 11500.1102278391
14579.6441222351 3908.45997618823 948 257.468404840793 11687.8200157809
14614.0387630895 3978.0488649014 912 38.8241032997821 11159.8077401899
14157.99260775 3895.05525523633 897 132.193204952549 10536.3138060337
14666.4747192129 3962.62432250582 948 135.189389992461 11673.3456902584
14456.4877056818 3878.69944352102 948 11.2405342297268 11371.203498928
14730.9310532912 3977.66124817578 948 4.06782744058523 11706.1895703526
14382.975058143 3942.78411943513 944 134.551325621143 10328.1219485831
14439.7681288261 3875.67579665534 948 32.3275381175497 11247.5615205097
14439.7681288261 3875.67579665534 948 32.3275381175497 11247.5615205097
14524.0391304203 3909.50453028971 948 21.7936629182752 11670.063413629
14701.5618883602 3961.90865547929 948 15.0812642897272 11622.051986541
14730.9310532912 3977.66124817578 948 4.06782744058523 11706.1895703526
14864.2571198606 3960.64026595998 948 132.655987088925 11154.927048474
13806.6176810353 3640.64165084008 948 120.139880774902 10119.5848579517
14730.9310532912 3977.66124817578 948 4.06782744058523 11706.1895703526
14396.6891623278 3866.97281117696 948 37.7124089298404 11243.5074677358
14274.4583309725 3773.62587375861 948 281.50365954242 10333.8326604378
14202.3075344041 3802.02066889678 948 70.6786491038051 10832.8917434193
14723.0445302661 3972.04948237969 948 3.08201206244667 11816.5062092508
14175.1634859742 3744.57374175905 948 297.987141576505 10048.7467411139
14819.4110959591 3955.73749240631 948 109.917708283237 11771.6779674313
14496.1984971493 3893.11007334654 948 25.273742077158 11254.1720090552
14763.5558871839 3886.12866709201 948 224.827999615728 10734.6150157199
14780.6250886198 3944.0846614842 948 162.046177647007 11431.9725374959
14230.8413060186 3624.57841225199 948 305.005959155602 10353.4092608709
14734.6646275592 3977.1907426463 948 4.53452422407941 11800.2058870125
14562.027999675 3855.83379682765 948 263.607622448552 10337.2866900933
14501.8897319727 3898.14676397991 948 24.56233772423 11794.9305703585
14006.7600051021 3553.91910603263 948 79.9775661370306 9559.39504325717
14736.797100529 3978.22667713149 948 4.80108334531519 11893.8939741808
14090.5472313188 3578.90724488456 948 175.343167834824 9940.45951966944
14525.690919841 3894.74741310162 948 33.3143742296099 11178.1075948725
14685.9790475136 3923.91978787144 948 13.2783582705351 11464.9153194916
14704.8350300765 3907.93522009754 948 152.583748311933 11144.9786045837
14006.7600051021 3553.91910603263 948 79.9775661370306 9559.39504325717
14737.0510834078 3911.63767239119 948 245.669149641098 10806.6183138855
14127.4807256233 3678.13516850119 948 14.6968823703346 9958.87048137593
13842.752898649 3656.53214891209 948 223.999875675421 9614.38978103361
14127.4807256233 3678.13516850119 948 14.6968823703346 9958.87048137593
14378.4729369631 3820.00787021776 948 118.504717137005 10122.0811174473
14427.3017760297 3857.65869971768 948 134.028890341317 10525.6891389801
14741.4759386994 3919.76162437992 948 148.00363473407 10969.7619494291
14573.6047106461 3863.74096070936 948 27.3251503789645 10956.3545308853
14378.4729369631 3820.00787021776 948 118.504717137005 10122.0811174473
14307.7692905929 3806.44127322743 948 165.872826682431 10165.9200535988
14864.2571198606 3960.64026595998 948 132.655987088925 11154.927048474
14555.0944667117 3850.42807546565 948 80.7833112382859 11488.9136558472
14313.710995033 3805.92547211125 948 165.130113627424 10005.3512926965
14864.2571198606 3960.64026595998 948 132.655987088925 11154.927048474
14728.7354792489 3943.62283953855 948 7.93380430362186 11353.678309878
14370.060088345 3710.17532847814 948 129.04461074993 10487.2235469629
14793.1654188537 3969.46865536988 948 96.2882220305 11344.2311701558
13233.5276202371 3978.94875630042 737 252.984548689278 9603.24013547717
13231.8071532863 3977.01415598301 737 252.769490320435 9213.43945314977
13027.3669224245 3961.46550046144 699 227.2144614627 8735.18564260774
13102.2162236329 3972.98412786903 709 236.570624113763 8950.09306013292
13096.4507452273 3989.21437758703 684 248.834016299809 8351.87052815138
13403.4217578639 3973.98279248602 742 118.419283393898 9017.14758154336
14699.274124283 3907.54457433678 948 67.1804672772944 10856.5667128492
13415.283837246 3946.13943403725 784 145.87414530665 10103.3058547757
13793.250518297 3983.4147442503 814 69.8318937351582 10118.4394654761
13278.123121581 3905.40579580597 784 128.729055848525 9590.59887268355
13485.1068306508 3973.11298113167 791 284.431949990993 9386.69901801005
13071.4142543517 3990.73203111363 696 240.965925321507 8034.41920735675
13398.8589714251 3979.39729653741 789 286.635044574542 9656.2623143788
13055.4181629229 3988.13070975211 678 243.704943511765 8421.27782469606
13471.9737237291 3939.82450941084 789 203.831102644687 9656.53252391536
13170.5787332287 3987.4158609887 712 258.100014799983 8672.55528614636
13757.8160574978 3953.6749124653 818 239.561394365778 10274.1342976858
13471.9737237291 3939.82450941084 789 203.831102644687 9656.53252391536
14507.7147926068 3861.37609251587 948 20.2642789302206 10321.0849076755
13163.1538206097 3981.56544285054 709 203.30407187922 8567.90168544569
13055.1084557212 3988.30358109482 678 243.666230111552 8475.74092596955
13558.6917288912 3990.06580013315 784 221.323192903646 8917.35514805926
13163.1538206097 3981.56544285054 709 203.30407187922 8567.90168544569
13261.8103920635 3990.2212990244 727 166.628504573644 8760.86873117018
13719.572393547 3969.45790597014 795 234.780936371923 9929.73780317786
13332.9043446089 3975.97171958203 782 278.390716222509 9340.63955930617
13056.0594569021 3987.78033362135 678 243.785105259167 8472.60144112872
13471.9737237291 3939.82450941084 789 203.831102644687 9656.53252391536
13549.4304582035 3980.67987758891 789 213.513194453983 9860.80936480571
13056.0594569021 3987.78033362135 678 243.785105259167 8472.60144112872
13850.6760939796 3986.92711592852 814 113.970297845768 10264.2510989034
13549.4304582035 3980.67987758891 789 213.513194453983 9860.80936480571
13391.6214883735 3990.13852739716 752 272.69155814021 8923.81353945304
13391.6214883735 3990.13852739716 752 272.69155814021 8923.81353945304
13522.5726829804 3991.22022543588 780 68.6065854701774 9612.36535431783
13416.7637052897 3972.6780415212 789 262.952757449283 9970.67049615125
13363.6246886139 3951.1282560552 789 282.230759223138 9918.53874475465
13200.9657771525 3990.675686189 724 261.898395290461 9101.35910671096
13200.9657771525 3990.675686189 724 261.898395290461 9101.35910671096
13159.4237510188 3988.8740870726 714 243.66684097087 8746.22652161034
13055.1084557212 3988.30358109482 678 243.666230111552 8475.74092596955
13065.7146262584 3989.15498997064 696 155.812503758602 8278.98944271806
13055.1084557212 3988.30358109482 678 243.666230111552 8475.74092596955
13451.4869248847 3991.2100041842 757 293.213538756984 9147.93636771849
13115.8451746607 3982.05630579603 709 251.258319978989 8224.83138805643
13639.14993722 3994.07067703089 789 56.1077490920875 9714.54929070534
13065.7146262584 3989.15498997064 696 155.812503758602 8278.98944271806
13754.206124056 3959.33844864323 816 198.225497136084 11217.0283404992
13680.335158636 3978.1997382307 814 188.99162645859 10888.1766379743
13065.7146262584 3989.15498997064 696 155.812503758602 8278.98944271806
14259.5286422827 3999.22224323389 1006 88.7746839219662 14177.2256629109
13995.2403251718 3992.94939643734 937 165.234272516538 13673.3561510952
14031.1637492391 3986.75600478637 996 30.0578633611501 14177.7216184465
14083.3374801795 3987.01808327755 984 58.6286847469958 14011.372708572
14266.581154546 3987.81733097904 1011 77.8046203006993 15302.6094474434
14126.8656831534 3995.06979578417 1009 42.3056086317474 14421.0494957198
13970.9675458586 3990.54558325374 942 78.5244529507236 14012.5208425568
13699.3403631834 3974.43764849769 949 155.244717326477 14023.9148446327
13880.2559334648 3993.57934800118 965 87.4013784709528 14776.7014867296
13880.2559334648 3993.57934800118 965 87.4013784709528 14776.7014867296
13760.2914902361 3977.53280516925 959 135.865668149571 12809.0265256882
13880.2559334648 3993.57934800118 965 87.4013784709528 14776.7014867296
13762.0659299486 3970.32486223142 973 136.087473113634 12992.4926092599
13816.4052884523 3991.59184337475 973 142.8798929266 13304.0211292869
13880.2559334648 3993.57934800118 965 87.4013784709528 14776.7014867296
13922.0337417469 3971.88788077319 973 66.1311479230153 13737.1457573622
14252.2457590159 3991.34280306089 1055 71.5230857285985 14069.8663016013
13844.4195695526 3988.94104444868 953 82.9218329819255 13488.8849972522
13717.4998793882 3992.43406022863 947 130.516716793578 13149.1577231243
13786.5604510186 3991.21440997532 875 77.5941168936561 12348.1087398242
13756.553274251 3981.78404768746 987 135.398391151435 12984.5344081539
13756.553274251 3981.78404768746 987 135.398391151435 12984.5344081539
13535.497826807 3994.24301610356 863 46.2112888672052 12117.6779732357
14143.7183190661 3986.20847538053 1023 183.794021753322 13580.5165355457
13603.3995731083 3994.37371709102 850 116.254178508592 11990.8116566469
13764.8486252766 3995.75435119699 878 39.7952605589214 12131.8490221315
13988.2804158449 3992.51114693465 1053 164.364283850667 13347.0232114043
13810.5932895516 3983.29040182974 983 142.153393064003 12891.447840191
13412.3874840995 3994.965930713 860 92.3776673824959 11940.1211947853
13844.4446075661 3995.55989093374 968 146.384807815825 12891.1704034279
14018.1561937794 3979.40076803178 949 120.183964164336 11721.9775610724
13564.77384679 3992.81941626741 918 111.425962718803 12703.5121603559
14653.8531733695 3995.35603439525 1046 188.17723300206 13187.3884099082
14054.6009739931 3991.2226796368 975 106.51717158422 12023.1780421008
14035.9544983931 3988.44221655386 974 104.186362134223 11870.1633253586
13724.4306443421 3993.62738808984 870 131.383062412819 11863.9623581393
13837.1864473609 3996.63394264286 878 145.477537790169 12664.9832031637
13806.0884826081 3972.70835635699 876 141.590292196064 12014.0453230532
13450.5237016847 3964.99946338643 863 97.1446945806431 11299.3800367677
13710.8045734115 3996.49487922758 875 129.679803546489 12026.8426504975
14387.7635926263 3995.66270676137 976 26.2766426386506 13703.7952117071
14351.9329948024 3994.60957726789 971 21.7978179106613 12906.8587810441
13412.3874840995 3994.965930713 860 92.3776673824959 11940.1211947853
14221.5005859768 3984.01457478006 975 72.3805413320874 14305.0940401975
12891.3599366263 3997.27733074981 777 168.522318608217 11844.60364484
12891.3599366263 3997.27733074981 777 168.522318608217 11844.60364484
13472.3151031425 3997.55341927666 864 241.14171442274 11908.6139432717
12996.1513328879 3978.08149769179 787 181.621243140916 12089.5332955125
13048.8284989777 3998.20103492311 810 188.205888902144 11981.6371991048
12891.3599366263 3997.27733074981 777 168.522318608217 11844.60364484
14065.5477158116 3978.34838729207 904 14.0003419631867 13903.159705222
14054.7435660462 3997.22957037219 924 15.3508606838554 14008.0170905999
13765.5327560404 3992.94844273289 856 51.502211934589 12237.9068154209
14091.871987641 3993.60521657878 905 39.613132202684 13673.6174614659
12891.3599366263 3997.27733074981 777 168.522318608217 11844.60364484
13356.2566124894 3992.86029616703 867 226.634403091101 13560.6009954364
13106.9404901012 3992.57240633784 829 195.469887792584 12689.8721602565
13096.9851411983 3983.2544440978 819 194.225469179721 11838.9678242105
13284.5279663148 3996.97794213601 793 49.1577730561785 12164.6325660323
12891.3599366263 3997.27733074981 777 168.522318608217 11844.60364484
12881.30187515 3988.0683198478 777 172.294091661837 11474.0374671294
13253.9952300966 3997.52357162309 771 45.3411810289053 11537.1423901243
13178.2888525187 3996.77070369054 829 67.71343840085 12518.2708215036
13253.9952300966 3997.52357162309 771 45.3411810289053 11537.1423901243
12980.4861113685 3997.16635503052 725 185.266670422972 8554.03429651157
12907.4709469981 3997.37608837752 706 176.139774876669 8544.60827375182
12895.2199898893 3997.57169082971 699 174.608405238074 8808.40759311979
12897.4769822225 3997.25210262128 780 169.286949307739 12084.5881409276
12891.3599366263 3997.27733074981 777 168.522318608217 11844.60364484
12895.2199898893 3997.57169082971 699 174.608405238074 8808.40759311979
12873.3720720026 3986.37397874468 780 166.273835530257 11797.4687756931
12947.7440783898 3923.82129990984 733 181.173916300631 9400.52942328714
12895.2199898893 3997.57169082971 699 174.608405238074 8808.40759311979
12897.4769822225 3997.25210262128 780 169.286949307739 12084.5881409276
13233.9163029869 3997.94254712749 803 211.019742828145 11751.8929581672
13724.5829509703 3995.3991047532 824 51.9624502480938 11381.0924981186
13075.4008515886 3997.09507674786 754 181.697651712854 10056.9170558576
12918.1666372935 3995.18485860898 729 171.551034616461 11083.5463247336
14928.8267192012 3988.13184962725 1323 144.869107360123 13047.9716428231
14725.2195668184 3952.01307082126 1287 119.418213312271 12736.4281025105
15708.535085738 3991.65084697192 1475 242.332653177227 14395.0648650263
14560.6657049582 3971.94263193821 1236 98.848980579746 12263.892285264
15630.2109045791 3987.27785094411 1480 232.54213053236 15058.210788919
15630.2109045791 3987.27785094411 1480 232.54213053236 15058.210788919
14779.7688600978 3988.83317007543 1314 126.236874972204 14304.253302911
15416.3961861522 3996.16899678541 1397 141.064421784696 16289.8346836277
14927.1825697482 3987.3944580297 1348 144.663588678504 13754.9963228261
15554.3338313989 3997.86622575914 1444 223.057496384839 15574.7412332127
15247.817320894 3998.22219744766 1367 119.992063627416 15209.7081952777
15059.7870917323 3996.91039949355 1395 161.239153926515 14767.1811892717
15060.832558664 3991.53451048788 1327 108.171933045348 13941.4757064915
14954.4367501687 3992.31324860485 1326 148.070361231066 13741.9207697319
14970.2002530986 3980.38795915593 1324 150.040799097303 14494.1216789341
14887.8943176402 3983.90044684964 1331 139.752557164997 14500.3040695354
14903.2809414427 3985.28484628399 1344 141.67588514031 14362.7632342632
14933.0644030848 3992.98176076954 1323 145.398817845576 13521.3135102388
