14402.9640780509 3985.78405592306 1157 98.4806713182138 12938.8040024999
14847.4812232518 3995.94157337993 1267 59.6590351919688 12721.5956215217
14391.3412198988 3986.08134671665 1186 57.3005855368142 12968.085383247
14549.4881486853 3992.13847307013 1187 49.2907272513323 13864.3819280001
14624.4542054817 3992.86037431268 1224 87.5374124132272 13733.4906126719
14263.5917876757 3976.22937586116 1136 132.645214638985 13317.8815070901
14510.0931200474 3993.32625483366 1201 101.832548092521 12887.3739311042
14308.8662268147 3987.39168557823 1122 110.242902722733 12205.2701802759
14342.3522408625 3996.05337991504 1163 122.800157990633 12567.6389843826
14532.3223714654 3993.66959864814 1130 59.8222681107645 12693.5309842142
14521.5042230866 3994.56125612939 1171 52.4903197769534 13600.4250486572
13854.6013537536 3994.22327768316 994 123.499977792097 11454.0384010925
14237.661190925 3994.93255385799 1064 87.970698797147 12129.143351428
13701.0307738026 3978.34660847005 1015 35.4933806054405 11812.3522149542
13854.6013537536 3994.22327768316 994 123.499977792097 11454.0384010925
14397.9503444512 3973.4442296312 1053 76.7964808654892 12448.1201658306
14134.2463387497 3994.07575988341 1072 100.897555319069 12315.7280629921
13564.5834112409 3995.64934996724 962 18.4374602852238 12654.5158060368
13853.7877892216 3992.85142306722 994 123.194891092613 11653.7425944261
14767.037007756 3995.69086123196 1198 46.5539443748303 15834.6722522592
13832.4374851444 3985.83945860746 1113 117.143068760686 12294.938752493
13719.2941714277 3992.87517417139 1001 37.7763053085675 11476.5250327957
13832.4374851444 3985.83945860746 1113 117.143068760686 12294.938752493
14681.4352235797 3995.25667845878 1219 57.2541673968699 15628.171413768
13924.4885626005 3991.53632118054 1093 63.4256042051695 13106.7016315775
13924.4885626005 3991.53632118054 1093 63.4256042051695 13106.7016315775
13924.4885626005 3991.53632118054 1093 63.4256042051695 13106.7016315775
14278.1047259514 3990.63401480883 1119 107.670479600409 13728.6754784366
13989.9732608578 3995.37834091903 1113 71.6111914873325 13730.4450345694
13858.6015796541 3988.32926804341 1117 78.1762816718297 12754.4807883984
13748.4675849705 3995.44007907104 964 41.4229820014259 10812.1583369735
13645.1830431787 3989.42356281167 947 44.9681113265221 11175.5986944414
13467.6919894265 3958.09933003809 920 1.39588092684949 10804.0486356614
14216.9351275924 3984.70322208126 1115 99.9814248291566 13932.3951950782
13485.5401110741 3995.88878577344 895 0.835134279102704 10710.2576989378
13735.3919943743 3974.09125878352 1058 39.7885331768994 12725.6673596253
14078.1082443254 3994.27441813044 1071 41.4088090689399 13515.8110485855
13485.5401110741 3995.88878577344 895 0.835134279102704 10710.2576989378
14058.9243610886 3993.72520904356 1092 43.8067944735476 13500.3668111093
13770.0631155846 3972.46918119219 1096 116.257611398099 12801.421374774
14170.892711766 3984.27554686023 1082 94.2261228508542 12987.9628323748
13819.3280768482 3998.15917361431 1059 50.2805434861298 13095.658860866
13735.3919943743 3974.09125878352 1058 39.7885331768994 12725.6673596253
13833.79730936 3994.08014463047 994 115.698461144487 10978.2315274327
13735.3919943743 3974.09125878352 1058 39.7885331768994 12725.6673596253
13775.5062789939 3958.08219608138 1071 44.8028187543525 12518.7931313174
13575.2619656294 3995.69444077175 985 19.7722795837833 11534.4206743274
13672.6129106526 3988.03064936562 986 31.9411477116885 12609.9933975941
13318.3780662834 3989.35700282422 907 21.4769297202502 11312.1201458447
13673.0584013986 3997.00112810853 939 31.9968340549408 11366.034462098
13223.3071004966 3980.31856806045 802 15.742507140515 9911.15043303686
13311.7187439372 3979.52774860773 873 42.9866982436974 10772.0819043789
13190.8229057121 3960.4721647046 802 3.56093409632399 9800.92322949181
13470.0962841036 3995.7304811427 871 6.62656939305475 10881.5633754078
13167.1521712845 3990.36034714717 795 5.44063539809463 9894.84216957549
13190.8229057121 3960.4721647046 802 3.56093409632399 9800.92322949181
13313.0625320014 3991.21308465794 826 49.4007939548349 9632.98333154599
13481.1856600459 3992.13472166072 950 381.196505506783 10304.3906662397
13711.2730847992 3969.61925971307 960 269.346363652441 10739.664818491
13236.3239012455 3991.29216020507 802 20.6238074213697 10180.2130503796
13467.355403724 3993.87255787512 937 348.783577569443 10747.9010925242
13982.5463511786 3988.50852902199 1023 388.38845420312 11169.0829119162
13073.5305382523 3995.76394144845 812 274.761477587336 8794.99202497162
13053.5837943795 3997.69131873674 802 272.268134603229 8721.81578395593
13013.4920857891 3997.01322360569 788 287.302525324617 9355.10755067696
13436.0640573634 3972.59981942571 901 6.72108368244744 9938.33326257842
14083.5751241201 3995.56374424213 1020 262.318122847259 11919.2430974727
13346.9434174447 3996.55694856565 869 40.1413236519852 10814.535887098
14579.6441222351 3908.45997618823 948 257.468404840793 11687.8200157809
14579.6441222351 3908.45997618823 948 257.468404840793 11687.8200157809
14157.99260775 3895.05525523633 897 132.193204952549 10536.3138060337
14666.4747192129 3962.62432250582 948 135.189389992461 11673.3456902584
14456.4877056818 3878.69944352102 948 11.2405342297268 11371.203498928
14730.9310532912 3977.66124817578 948 4.06782744058523 11706.1895703526
14382.975058143 3942.78411943513 944 134.551325621143 10328.1219485831
14439.7681288261 3875.67579665534 948 32.3275381175497 11247.5615205097
14439.7681288261 3875.67579665534 948 32.3275381175497 11247.5615205097
14524.0391304203 3909.50453028971 948 21.7936629182752 11670.063413629
14701.5618883602 3961.90865547929 948 15.0812642897272 11622.051986541
14730.9310532912 3977.66124817578 948 4.06782744058523 11706.1895703526
14864.2571198606 3960.64026595998 948 132.655987088925 11154.927048474
13806.6176810353 3640.64165084008 948 120.139880774902 10119.5848579517
14730.9310532912 3977.66124817578 948 4.06782744058523 11706.1895703526
14396.6891623278 3866.97281117696 948 37.7124089298404 11243.5074677358
14274.4583309725 3773.62587375861 948 281.50365954242 10333.8326604378
14202.3075344041 3802.02066889678 948 70.6786491038051 10832.8917434193
14723.0445302661 3972.04948237969 948 3.08201206244667 11816.5062092508
14175.1634859742 3744.57374175905 948 297.987141576505 10048.7467411139
14819.4110959591 3955.73749240631 948 109.917708283237 11771.6779674313
14496.1984971493 3893.11007334654 948 25.273742077158 11254.1720090552
14763.5558871839 3886.12866709201 948 224.827999615728 10734.6150157199
14780.6250886198 3944.0846614842 948 162.046177647007 11431.9725374959
14230.8413060186 3624.57841225199 948 305.005959155602 10353.4092608709
14734.6646275592 3977.1907426463 948 4.53452422407941 11800.2058870125
14562.027999675 3855.83379682765 948 263.607622448552 10337.2866900933
14501.8897319727 3898.14676397991 948 24.56233772423 11794.9305703585
14006.7600051021 3553.91910603263 948 79.9775661370306 9559.39504325717
14736.797100529 3978.22667713149 948 4.80108334531519 11893.8939741808
14090.5472313188 3578.90724488456 948 175.343167834824 9940.45951966944
14525.690919841 3894.74741310162 948 33.3143742296099 11178.1075948725
14685.9790475136 3923.91978787144 948 13.2783582705351 11464.9153194916
14704.8350300765 3907.93522009754 948 152.583748311933 11144.9786045837
14006.7600051021 3553.91910603263 948 79.9775661370306 9559.39504325717
14737.0510834078 3911.63767239119 948 245.669149641098 10806.6183138855
14127.4807256233 3678.13516850119 948 14.6968823703346 9958.87048137593
13842.752898649 3656.53214891209 948 223.999875675421 9614.38978103361
14127.4807256233 3678.13516850119 948 14.6968823703346 9958.87048137593
14378.4729369631 3820.00787021776 948 118.504717137005 10122.0811174473
14427.3017760297 3857.65869971768 948 134.028890341317 10525.6891389801
14741.4759386994 3919.76162437992 948 148.00363473407 10969.7619494291
14573.6047106461 3863.74096070936 948 27.3251503789645 10956.3545308853
14378.4729369631 3820.00787021776 948 118.504717137005 10122.0811174473
14307.7692905929 3806.44127322743 948 165.872826682431 10165.9200535988
14864.2571198606 3960.64026595998 948 132.655987088925 11154.927048474
14555.0944667117 3850.42807546565 948 80.7833112382859 11488.9136558472
14313.710995033 3805.92547211125 948 165.130113627424 10005.3512926965
14864.2571198606 3960.64026595998 948 132.655987088925 11154.927048474
14728.7354792489 3943.62283953855 948 7.93380430362186 11353.678309878
14370.060088345 3710.17532847814 948 129.04461074993 10487.2235469629
14793.1654188537 3969.46865536988 948 96.2882220305 11344.2311701558
13233.5276202371 3978.94875630042 737 252.984548689278 9603.24013547717
13231.8071532863 3977.01415598301 737 252.769490320435 9213.43945314977
13027.3669224245 3961.46550046144 699 227.2144614627 8735.18564260774
13102.2162236329 3972.98412786903 709 236.570624113763 8950.09306013292
13096.4507452273 3989.21437758703 684 248.834016299809 8351.87052815138
13403.4217578639 3973.98279248602 742 118.419283393898 9017.14758154336
14699.274124283 3907.54457433678 948 67.1804672772944 10856.5667128492
13415.283837246 3946.13943403725 784 145.87414530665 10103.3058547757
13278.123121581 3905.40579580597 784 128.729055848525 9590.59887268355
13485.1068306508 3973.11298113167 791 284.431949990993 9386.69901801005
13071.4142543517 3990.73203111363 696 240.965925321507 8034.41920735675
13398.8589714251 3979.39729653741 789 286.635044574542 9656.2623143788
13055.4181629229 3988.13070975211 678 243.704943511765 8421.27782469606
13471.9737237291 3939.82450941084 789 203.831102644687 9656.53252391536
13170.5787332287 3987.4158609887 712 258.100014799983 8672.55528614636
13757.8160574978 3953.6749124653 818 239.561394365778 10274.1342976858
13471.9737237291 3939.82450941084 789 203.831102644687 9656.53252391536
14507.7147926068 3861.37609251587 948 20.2642789302206 10321.0849076755
13163.1538206097 3981.56544285054 709 203.30407187922 8567.90168544569
13055.1084557212 3988.30358109482 678 243.666230111552 8475.74092596955
13558.6917288912 3990.06580013315 784 221.323192903646 8917.35514805926
13163.1538206097 3981.56544285054 709 203.30407187922 8567.90168544569
13261.8103920635 3990.2212990244 727 166.628504573644 8760.86873117018
13332.9043446089 3975.97171958203 782 278.390716222509 9340.63955930617
13056.0594569021 3987.78033362135 678 243.785105259167 8472.60144112872
13471.9737237291 3939.82450941084 789 203.831102644687 9656.53252391536
13056.0594569021 3987.78033362135 678 243.785105259167 8472.60144112872
13391.6214883735 3990.13852739716 752 272.69155814021 8923.81353945304
13391.6214883735 3990.13852739716 752 272.69155814021 8923.81353945304
13522.5726829804 3991.22022543588 780 68.6065854701774 9612.36535431783
13363.6246886139 3951.1282560552 789 282.230759223138 9918.53874475465
13200.9657771525 3990.675686189 724 261.898395290461 9101.35910671096
13200.9657771525 3990.675686189 724 261.898395290461 9101.35910671096
13159.4237510188 3988.8740870726 714 243.66684097087 8746.22652161034
13055.1084557212 3988.30358109482 678 243.666230111552 8475.74092596955
13065.7146262584 3989.15498997064 696 155.812503758602 8278.98944271806
13055.1084557212 3988.30358109482 678 243.666230111552 8475.74092596955
13451.4869248847 3991.2100041842 757 293.213538756984 9147.93636771849
13115.8451746607 3982.05630579603 709 251.258319978989 8224.83138805643
13065.7146262584 3989.15498997064 696 155.812503758602 8278.98944271806
13065.7146262584 3989.15498997064 696 155.812503758602 8278.98944271806
14031.1637492391 3986.75600478637 996 30.0578633611501 14177.7216184465
13699.3403631834 3974.43764849769 949 155.244717326477 14023.9148446327
13762.0659299486 3970.32486223142 973 136.087473113634 12992.4926092599
13922.0337417469 3971.88788077319 973 66.1311479230153 13737.1457573622
14018.1561937794 3979.40076803178 949 120.183964164336 11721.9775610724
14035.9544983931 3988.44221655386 974 104.186362134223 11870.1633253586
13450.5237016847 3964.99946338643 863 97.1446945806431 11299.3800367677
14387.7635926263 3995.66270676137 976 26.2766426386506 13703.7952117071
14351.9329948024 3994.60957726789 971 21.7978179106613 12906.8587810441
12891.3599366263 3997.27733074981 777 168.522318608217 11844.60364484
12891.3599366263 3997.27733074981 777 168.522318608217 11844.60364484
12996.1513328879 3978.08149769179 787 181.621243140916 12089.5332955125
13048.8284989777 3998.20103492311 810 188.205888902144 11981.6371991048
12891.3599366263 3997.27733074981 777 168.522318608217 11844.60364484
14054.7435660462 3997.22957037219 924 15.3508606838554 14008.0170905999
12891.3599366263 3997.27733074981 777 168.522318608217 11844.60364484
13106.9404901012 3992.57240633784 829 195.469887792584 12689.8721602565
13096.9851411983 3983.2544440978 819 194.225469179721 11838.9678242105
12891.3599366263 3997.27733074981 777 168.522318608217 11844.60364484
12881.30187515 3988.0683198478 777 172.294091661837 11474.0374671294
13178.2888525187 3996.77070369054 829 67.71343840085 12518.2708215036
12980.4861113685 3997.16635503052 725 185.266670422972 8554.03429651157
12907.4709469981 3997.37608837752 706 176.139774876669 8544.60827375182
12895.2199898893 3997.57169082971 699 174.608405238074 8808.40759311979
12897.4769822225 3997.25210262128 780 169.286949307739 12084.5881409276
12891.3599366263 3997.27733074981 777 168.522318608217 11844.60364484
12895.2199898893 3997.57169082971 699 174.608405238074 8808.40759311979
12873.3720720026 3986.37397874468 780 166.273835530257 11797.4687756931
12947.7440783898 3923.82129990984 733 181.173916300631 9400.52942328714
12895.2199898893 3997.57169082971 699 174.608405238074 8808.40759311979
12897.4769822225 3997.25210262128 780 169.286949307739 12084.5881409276
13233.9163029869 3997.94254712749 803 211.019742828145 11751.8929581672
13075.4008515886 3997.09507674786 754 181.697651712854 10056.9170558576
12918.1666372935 3995.18485860898 729 171.551034616461 11083.5463247336
14928.8267192012 3988.13184962725 1323 144.869107360123 13047.9716428231
14725.2195668184 3952.01307082126 1287 119.418213312271 12736.4281025105
15708.535085738 3991.65084697192 1475 242.332653177227 14395.0648650263
14560.6657049582 3971.94263193821 1236 98.848980579746 12263.892285264
15630.2109045791 3987.27785094411 1480 232.54213053236 15058.210788919
