3795.62491436608 905.260718767886 456 22.0505066317564 956.726905856256
3662.01474887328 892.433683135159 421 21.4321206861838 876.828763375451
3662.43197857101 891.907361994644 427 21.2756595495352 906.496011205139
3662.01474887328 892.433683135159 421 21.4321206861838 876.828763375451
3658.51472186826 887.361744253986 434 4.91173256952925 940.441656016099
3739.32665353449 907.63990811004 443 15.013224027808 963.864473882716
3717.00924249121 896.571416023248 443 12.2235476473978 987.661700385701
4066.61776738631 909.651462069056 485 5.08007613915436 1149.22533170625
4066.61776738631 909.651462069056 485 5.08007613915436 1149.22533170625
3662.01474887328 892.433683135159 421 21.4321206861838 876.828763375451
3739.32665353449 907.63990811004 443 15.013224027808 963.864473882716
3971.83332942524 891.976128425621 469 40.6242403745565 1035.59791964387
4066.61776738631 909.651462069056 485 5.08007613915436 1149.22533170625
3665.82045956096 896.352627812487 427 21.6992196732783 919.83180865867
3870.62605130432 900.91233663738 481 55.1028772304849 1090.67602806306
3739.32665353449 907.63990811004 443 15.013224027808 963.864473882716
3957.18176609419 909.531800921657 504 44.2834128817522 1098.89196174232
3957.18176609419 909.531800921657 504 44.2834128817522 1098.89196174232
3870.62605130432 900.91233663738 481 55.1028772304849 1090.67602806306
3957.18176609419 909.531800921657 504 44.2834128817522 1098.89196174232
3665.40322986323 896.878948953003 421 21.8556808099269 890.164560828982
4066.61776738631 909.651462069056 485 5.08007613915436 1149.22533170625
3870.62605130432 900.91233663738 481 55.1028772304849 1090.67602806306
3870.62605130432 900.91233663738 481 55.1028772304849 1090.67602806306
3870.62605130432 900.91233663738 481 55.1028772304849 1090.67602806306
3665.40322986323 896.878948953003 421 21.8556808099269 890.164560828982
3796.08165597766 900.040414438923 454 28.7369377869276 1008.83577388713
3870.62605130432 900.91233663738 481 55.1028772304849 1090.67602806306
4066.61776738631 909.651462069056 485 5.08007613915436 1149.22533170625
3781.44916224791 895.200803018901 461 30.5659995031455 973.467051311246
3781.44916224791 895.200803018901 461 30.5659995031455 973.467051311246
3870.62605130432 900.91233663738 481 55.1028772304849 1090.67602806306
3880.44899506055 909.403017267983 477 18.1910204015663 1031.51665327504
3870.62605130432 900.91233663738 481 55.1028772304849 1090.67602806306
3870.62605130432 900.91233663738 481 55.1028772304849 1090.67602806306
3796.08165597766 900.040414438923 454 28.7369377869276 1008.83577388713
3796.08165597766 900.040414438923 454 28.7369377869276 1008.83577388713
3999.83164480512 901.09573099732 489 3.26818918349522 906.810145156137
3778.67327139839 872.86840389683 467 30.9129858593353 926.899900238604
3870.62605130432 900.91233663738 481 55.1028772304849 1090.67602806306
3778.67327139839 872.86840389683 467 30.9129858593353 926.899900238604
3884.02466342169 911.896560806494 477 17.7440618564229 1043.9843709676
3778.67327139839 872.86840389683 467 30.9129858593353 926.899900238604
3796.08165597766 900.040414438923 454 28.7369377869276 1008.83577388713
3796.08165597766 900.040414438923 454 28.7369377869276 1008.83577388713
3799.25807358554 901.713815943601 454 28.3398855859417 1027.95203439525
3768.32553300269 907.919118020977 445 32.2064531587989 916.522330902599
3884.02466342169 911.896560806494 477 17.7440618564229 1043.9843709676
3799.25807358554 901.713815943601 454 28.3398855859417 1027.95203439525
3799.25807358554 901.713815943601 454 28.3398855859417 1027.95203439525
3884.02466342169 911.896560806494 477 17.7440618564229 1043.9843709676
3745.14380130081 880.786191205712 445 35.1041696215337 922.090119654497
3745.14380130081 880.786191205712 445 35.1041696215337 922.090119654497
3633.4159601191 895.911697368345 412 18.8212895552363 842.89227995652
3633.4159601191 895.911697368345 412 18.8212895552363 842.89227995652
3633.4159601191 895.911697368345 412 18.8212895552363 842.89227995652
3633.4159601191 895.911697368345 412 18.8212895552363 842.89227995652
3486.25094128117 887.949972568494 348 36.8651005172514 703.675290766678
3683.82039121504 914.419227154529 412 12.5207356682437 879.907339528889
3678.4946218177 897.059826946422 381 43.4353170569224 826.59197980896
3805.70748376893 904.324452274512 454 27.5337093130187 891.152899102973
3761.02477574983 898.992652830309 427 33.1190478154056 900.629058723203
3799.25807358554 901.713815943601 454 28.3398855859417 1027.95203439525
3799.25807358554 901.713815943601 454 28.3398855859417 1027.95203439525
3603.26221155216 901.441524087204 370 19.2616481639001 794.300848346989
3761.02477574983 898.992652830309 427 33.1190478154056 900.629058723203
3458.09574031893 876.545931921149 348 47.4233008780922 668.004383896061
3603.26221155216 901.441524087204 370 19.2616481639001 794.300848346989
3678.4946218177 897.059826946422 381 43.4353170569224 826.59197980896
3678.4946218177 897.059826946422 381 43.4353170569224 826.59197980896
3463.16302657633 883.417498686046 348 71.8562959090057 642.431136743126
3678.4946218177 897.059826946422 381 43.4353170569224 826.59197980896
3514.58809501248 906.229248070895 348 26.2386678680097 789.693606914415
3486.25094128117 887.949972568494 348 36.8651005172514 703.675290766678
3630.75164999415 912.297114786726 370 40.7591122407183 958.705028672665
3469.73550881352 891.658839565318 348 20.6320945931392 753.491384587774
3498.17002026653 894.163512532769 348 24.1864085247657 760.250847096672
3435.81251925704 878.888445644879 348 16.3917208985791 774.55595282087
3393.43685480974 893.5965170849 350 7.26694227926663 646.951085461003
3372.23697873972 877.225639281878 362 9.9169267880194 668.838977680303
3455.29406975647 905.317336619072 362 0.465209589074618 687.866388732665
3698.55447228138 908.797439155527 379 40.5178164486476 840.818311541399
3480.84145391731 898.855841532663 348 22.020337731113 812.290506562066
3565.0940363046 911.058652888194 377 32.5519105295241 892.041825941819
3544.82802274414 902.551928985017 377 30.018658834467 806.022840483217
3624.57453017749 907.560280862317 380 12.7753381596914 853.032248210433
3455.29406975647 905.317336619072 362 0.465209589074618 687.866388732665
3497.29880867251 901.80480015615 361 24.0775070755136 860.729162410585
3509.17423137344 902.950532103719 357 3.69733431207112 632.814129495293
3756.39123049956 907.241697433508 420 7.8995404123043 366.740173793491
3708.72499311904 907.843087850091 399 1.53562192360653 382.86148433607
3757.20250813183 908.259559905274 420 7.59531130020423 367.758036265257
3571.36655609881 897.583214862814 372 0.116482251218429 281.878286158879
3629.45011754231 899.625739493257 388 7.14396292921975 283.920810789323
3757.20250813183 908.259559905274 420 7.59531130020423 367.758036265257
3757.20250813183 908.259559905274 420 7.59531130020423 367.758036265257
3708.72499311904 907.843087850091 399 1.53562192360653 382.86148433607
3550.07660947909 888.998342703369 372 2.77772557868389 273.293413999435
3708.72499311904 907.843087850091 399 1.53562192360653 382.86148433607
3571.36655609881 897.583214862814 372 0.116482251218429 281.878286158879
3708.72499311904 907.843087850091 399 1.53562192360653 382.86148433607
3571.36655609881 897.583214862814 372 0.116482251218429 281.878286158879
3547.85882486643 887.81885879046 372 3.05494865526634 272.113930086526
3546.75472149443 888.288282422691 372 3.19296157676553 342.064823566787
3757.20250813183 908.259559905274 420 7.59531130020423 367.758036265257
3545.31090523641 859.335431312695 391 18.8911390617232 270.513787141045
3708.72499311904 907.843087850091 399 1.53562192360653 382.86148433607
3545.31090523641 859.335431312695 391 18.8911390617232 270.513787141045
3708.72499311904 907.843087850091 399 1.53562192360653 382.86148433607
3571.36655609881 897.583214862814 372 0.116482251218429 281.878286158879
3757.20250813183 908.259559905274 420 7.59531130020423 367.758036265257
3757.20250813183 908.259559905274 420 7.59531130020423 367.758036265257
3625.39308567845 904.484706535227 397 32.7850872138291 379.503103021207
3708.72499311904 907.843087850091 399 1.53562192360653 382.86148433607
3757.20250813183 908.259559905274 420 7.59531130020423 367.758036265257
3757.20250813183 908.259559905274 420 7.59531130020423 367.758036265257
3707.91371548678 906.825225378324 399 1.8398510357066 381.843621864304
3591.33146498329 886.766913157602 388 2.37913135934178 339.022085036608
3757.74412185337 908.883394773604 420 7.39220615462438 368.381871133587
3775.96947469447 908.725769912917 420 9.94118212053536 282.072228450986
3708.72499311904 907.843087850091 399 1.53562192360653 382.86148433607
3757.20250813183 908.259559905274 420 7.59531130020423 367.758036265257
3775.96947469447 908.725769912917 420 9.94118212053536 282.072228450986
3775.96947469447 908.725769912917 420 9.94118212053536 282.072228450986
3708.72499311904 907.843087850091 399 1.53562192360653 382.86148433607
3629.45011754231 899.625739493257 388 7.14396292921975 283.920810789323
3708.72499311904 907.843087850091 399 1.53562192360653 382.86148433607
3708.72499311904 907.843087850091 399 1.53562192360653 382.86148433607
3708.72499311904 907.843087850091 399 1.53562192360653 382.86148433607
3621.4438215578 892.59963039116 388 14.6481775922201 288.486337017415
3708.72499311904 907.843087850091 399 1.53562192360653 382.86148433607
3621.4438215578 892.59963039116 388 14.6481775922201 288.486337017415
3757.20250813183 908.259559905274 420 7.59531130020423 367.758036265257
3571.36655609881 897.583214862814 372 0.116482251218429 281.878286158879
3708.72499311904 907.843087850091 399 1.53562192360653 382.86148433607
3380.83776575433 890.695279729261 333 4.72508488308381 283.454107567568
3380.83776575433 890.695279729261 333 4.72508488308381 283.454107567568
3709.26660684059 908.466922718421 399 1.33251677802667 383.4853192044
3380.83776575433 890.695279729261 333 4.72508488308381 283.454107567568
3436.96652895042 891.227726281834 339 11.7411802825943 355.955147914321
3571.36655609881 897.583214862814 372 0.116482251218429 281.878286158879
3624.58481946674 898.494687211079 388 6.53580066977304 303.481590243159
3436.96652895042 891.227726281834 339 11.7411802825943 355.955147914321
3428.45021565342 889.443121349997 339 10.6766411204701 370.926957713143
3613.78625902327 890.366147515511 388 5.18598061433937 307.028488003055
3428.45021565342 889.443121349997 339 10.6766411204701 370.926957713143
3695.69825407878 902.976064635861 399 0.363527317199782 372.50360303928
3380.83776575433 890.695279729261 333 4.72508488308381 283.454107567568
3627.35349757247 899.359572796841 388 6.88188543298946 283.654644092906
3627.35349757247 899.359572796841 388 6.88188543298946 283.654644092906
3590.77744301872 901.857898213221 372 2.30987861377002 286.152969509286
3590.77744301872 901.857898213221 372 2.30987861377002 286.152969509286
3590.77744301872 901.857898213221 372 2.30987861377002 286.152969509286
3590.77744301872 901.857898213221 372 2.30987861377002 286.152969509286
3709.26660684059 908.466922718421 399 1.33251677802667 383.4853192044
3590.77744301872 901.857898213221 372 2.30987861377002 286.152969509286
3590.77744301872 901.857898213221 372 2.30987861377002 286.152969509286
3709.26660684059 908.466922718421 399 1.33251677802667 383.4853192044
3590.77744301872 901.857898213221 372 2.30987861377002 286.152969509286
3709.26660684059 908.466922718421 399 1.33251677802667 383.4853192044
3483.59227131084 893.869593621106 355 17.5693980776473 267.181111486299
3709.26660684059 908.466922718421 399 1.33251677802667 383.4853192044
3380.83776575433 890.695279729261 333 4.72508488308381 283.454107567568
3831.90282553657 915.44795521192 447 16.662044115024 397.447384191399
3380.83776575433 890.695279729261 333 4.72508488308381 283.454107567568
3588.24528300595 902.488088133212 372 1.99335861217429 286.783159429277
3380.83776575433 890.695279729261 333 4.72508488308381 283.454107567568
3444.9725284123 887.717903861149 339 19.3254511136532 292.626358204298
3638.95016016618 902.328651880838 388 8.33146825720286 286.623723176903
3590.77744301872 901.857898213221 372 2.30987861377002 286.152969509286
3709.26660684059 908.466922718421 399 1.33251677802667 383.4853192044
3590.77744301872 901.857898213221 372 2.30987861377002 286.152969509286
3587.75795156115 902.038992483228 372 3.44218791035576 299.619211932523
3709.26660684059 908.466922718421 399 1.33251677802667 383.4853192044
3380.83776575433 890.695279729261 333 4.72508488308381 283.454107567568
3533.46211116399 908.680485798267 366 23.8031280592912 301.439313636574
3533.46211116399 908.680485798267 366 23.8031280592912 301.439313636574
3520.29288724951 894.545877558074 358 22.060162534391 273.016488158228
3380.83776575433 890.695279729261 333 4.72508488308381 283.454107567568
3694.42114419371 905.891612309377 399 0.523166052833346 378.334698386313
3499.61093480634 903.492830298998 341 41.0444819661969 223.655435450512
3520.29288724951 894.545877558074 358 22.060162534391 273.016488158228
3438.15309760906 883.872692144215 339 16.7681645624373 268.167763440281
3499.61093480634 903.492830298998 341 41.0444819661969 223.655435450512
3633.53523855865 895.218005903258 390 8.48359782803698 206.118679640501
3367.14603556149 878.572762443265 335 24.4863695605916 244.932346180923
3519.55747493112 889.362436557665 396 37.4685062245482 259.480138347281
3408.25883883676 895.699258501267 335 29.62546997 207.147659929275
3460.99685579625 895.497470654218 335 36.2177220899366 196.744084235178
3533.46211116399 908.680485798267 366 23.8031280592912 301.439313636574
3380.83776575433 890.695279729261 333 4.72508488308381 283.454107567568
3393.13875709701 893.748412605754 333 6.26270880091806 286.507240444061
3387.44039519753 894.756626538997 306 27.023164515096 193.569075217432
3519.55747493112 889.362436557665 396 37.4685062245482 259.480138347281
3785.31848374057 906.029115264193 418 25.3372530631616 257.71229284463
3785.31848374057 906.029115264193 418 25.3372530631616 257.71229284463
3541.46444932285 898.403555779511 396 40.2068780235145 266.571119784563
3767.28202648077 907.483424039201 438 45.7181639951609 550.826489305773
3976.23621080624 906.320391458292 517 1.49985140631526 603.761982282892
3976.23621080624 906.320391458292 517 1.49985140631526 603.761982282892
