3678.11450931045 895.864212383299 389 61.6763501924382 555.042233265073
3782.56675642371 896.840674140241 405 21.1997557336335 546.206121950132
3687.56141055207 901.76064606521 389 62.8572128476417 560.938666946985
3749.20548608338 898.100610524286 405 39.7406845234032 608.093951731386
3782.56675642371 896.840674140241 405 21.1997557336335 546.206121950132
3687.56141055207 901.76064606521 389 62.8572128476417 560.938666946985
3848.66376343605 906.59470216702 436 18.1739277676328 583.047875261493
3601.11881519353 881.2743742898 369 52.0518884278241 512.987717653365
3594.34694563881 881.659900770945 392 75.0874092428762 533.962461127873
3707.78467849451 903.926233076999 398 32.5482594219889 602.741724675055
3784.44477465553 909.758802311886 415 5.90819302506156 635.562940940616
3782.56675642371 896.840674140241 405 21.1997557336335 546.206121950132
3765.34987638512 893.552720451743 382 23.3518657384579 539.630214573136
3698.42334232943 909.008245944705 389 64.2149543198117 569.841745111568
3782.56675642371 896.840674140241 405 21.1997557336335 546.206121950132
3782.56675642371 896.840674140241 405 21.1997557336335 546.206121950132
3713.11886619657 907.384658512663 398 30.5479390337154 582.174961671316
3713.11886619657 907.384658512663 398 30.5479390337154 582.174961671316
3713.11886619657 907.384658512663 398 30.5479390337154 582.174961671316
3761.01718578874 890.891922519774 405 23.8934520630048 525.585374662243
3782.56675642371 896.840674140241 405 21.1997557336335 546.206121950132
3590.70148279325 904.586531407831 356 50.7497218777889 646.869435642506
3590.70148279325 904.586531407831 356 50.7497218777889 646.869435642506
3597.93141780135 884.273197243194 392 73.7432321819229 583.879750475654
3583.97071288491 878.94010646749 392 78.9784965255873 487.29911861281
3590.70148279325 904.586531407831 356 50.7497218777889 646.869435642506
3698.42334232943 909.008245944705 389 64.2149543198117 569.841745111568
3698.42334232943 909.008245944705 389 64.2149543198117 569.841745111568
3606.87205240716 909.28907304081 356 52.7710430795274 583.523947873784
3895.95653471744 912.585433227957 463 17.8536323603134 678.993214753824
3590.70148279325 904.586531407831 356 50.7497218777889 646.869435642506
3597.93141780135 884.273197243194 392 73.7432321819229 583.879750475654
3597.93141780135 884.273197243194 392 73.7432321819229 583.879750475654
3590.70148279325 904.586531407831 356 50.7497218777889 646.869435642506
3692.25310028864 901.929484519079 409 38.3726012491915 636.848612303312
3692.25310028864 901.929484519079 409 38.3726012491915 636.848612303312
3590.70148279325 904.586531407831 356 50.7497218777889 646.869435642506
3647.70715804434 905.915524233286 373 57.8754312841755 632.870792466802
3545.01310067837 863.758500545112 367 24.7447876824762 594.420462054458
3545.01310067837 863.758500545112 367 24.7447876824762 594.420462054458
3692.25310028864 901.929484519079 409 38.3726012491915 636.848612303312
3545.01310067837 863.758500545112 367 24.7447876824762 594.420462054458
3806.62632065506 898.730714969589 442 8.02285596846451 630.683163694047
3692.25310028864 901.929484519079 409 38.3726012491915 636.848612303312
3692.25310028864 901.929484519079 409 38.3726012491915 636.848612303312
3706.59993296106 900.989900171006 413 4.29375494501699 573.799816955284
3692.25310028864 901.929484519079 409 38.3726012491915 636.848612303312
3706.59993296106 900.989900171006 413 4.29375494501699 573.799816955284
3706.59993296106 900.989900171006 413 4.29375494501699 573.799816955284
3706.59993296106 900.989900171006 413 4.29375494501699 573.799816955284
3717.26454260548 906.541363154326 399 2.96067873946447 639.28973585543
3706.59993296106 900.989900171006 413 4.29375494501699 573.799816955284
3494.40767988715 880.246091891823 373 35.5288654517878 687.40603410187
3697.6235865048 899.762924631156 409 5.41579825204974 609.076229982476
3600.39437896078 882.984953776987 393 17.34483650462 589.869098479767
3494.40767988715 880.246091891823 373 35.5288654517878 687.40603410187
3600.39437896078 882.984953776987 393 17.34483650462 589.869098479767
3692.25310028864 901.929484519079 409 38.3726012491915 636.848612303312
3523.68156146281 881.158701703807 379 39.1881006487446 647.783183762823
3476.13741823053 885.280528020811 360 36.4292138074483 591.600800041851
3576.64124433949 904.625366455363 366 44.2573074553209 546.403498538633
3523.68156146281 881.158701703807 379 39.1881006487446 647.783183762823
3494.40767988715 880.246091891823 373 35.5288654517878 687.40603410187
3476.13741823053 885.280528020811 360 36.4292138074483 591.600800041851
3476.13741823053 885.280528020811 360 36.4292138074483 591.600800041851
3476.13741823053 885.280528020811 360 36.4292138074483 591.600800041851
3492.48001136517 872.769080465175 350 38.4720379492782 583.234533757195
3494.74240717999 874.318718530372 350 38.7548374261313 569.677181060973
3494.40767988715 880.246091891823 373 35.5288654517878 687.40603410187
3476.13741823053 885.280528020811 360 36.4292138074483 591.600800041851
3509.90476631695 885.05354212804 373 37.4660012555124 672.513627130056
3460.46124141719 886.616956472264 360 34.4696917057809 539.379099026778
3534.09592951319 902.841178811049 360 43.6740277177815 577.076053644023
3652.42072838712 904.84226343392 395 11.0346012022492 680.926412360651
3486.83417980165 890.80762899316 360 37.766309003838 543.569771547675
3534.09592951319 902.841178811049 360 43.6740277177815 577.076053644023
3489.91639265695 879.360467555925 360 60.2413540388727 490.918349164737
3534.09592951319 902.841178811049 360 43.6740277177815 577.076053644023
3486.83417980165 890.80762899316 360 37.766309003838 543.569771547675
3534.09592951319 902.841178811049 360 43.6740277177815 577.076053644023
3504.95546564318 885.556765909059 373 39.3219890081763 650.131075016201
3667.80510035155 901.668286164864 432 59.6781933467225 802.668580455089
3504.95546564318 885.556765909059 373 39.3219890081763 650.131075016201
3516.91720935451 901.325163343538 360 41.5266876979459 554.087305898054
3504.95546564318 885.556765909059 373 39.3219890081763 650.131075016201
3516.91720935451 901.325163343538 360 41.5266876979459 554.087305898054
3516.91720935451 901.325163343538 360 41.5266876979459 554.087305898054
3489.91639265695 879.360467555925 360 60.2413540388727 490.918349164737
3534.09592951319 902.841178811049 360 43.6740277177815 577.076053644023
3516.91720935451 901.325163343538 360 41.5266876979459 554.087305898054
3534.09592951319 902.841178811049 360 43.6740277177815 577.076053644023
3534.09592951319 902.841178811049 360 43.6740277177815 577.076053644023
3570.51515075504 891.678062375624 396 12.7753376397612 579.221872888021
3534.09592951319 902.841178811049 360 43.6740277177815 577.076053644023
3534.09592951319 902.841178811049 360 43.6740277177815 577.076053644023
3656.54355558916 889.669786251361 432 63.9012726326183 733.817072954662
3570.51515075504 891.678062375624 396 12.7753376397612 579.221872888021
3623.9390295737 890.572815269121 412 7.2586169172373 667.227386935772
3667.80510035155 901.668286164864 432 59.6781933467225 802.668580455089
3466.06914052608 871.503420935121 373 34.4611983685393 631.217554475157
3795.62491436608 905.260718767886 456 22.0505066317564 956.726905856256
3662.01474887328 892.433683135159 421 21.4321206861838 876.828763375451
3662.43197857101 891.907361994644 427 21.2756595495352 906.496011205139
3662.01474887328 892.433683135159 421 21.4321206861838 876.828763375451
3658.51472186826 887.361744253986 434 4.91173256952925 940.441656016099
3739.32665353449 907.63990811004 443 15.013224027808 963.864473882716
3717.00924249121 896.571416023248 443 12.2235476473978 987.661700385701
4066.61776738631 909.651462069056 485 5.08007613915436 1149.22533170625
4066.61776738631 909.651462069056 485 5.08007613915436 1149.22533170625
3662.01474887328 892.433683135159 421 21.4321206861838 876.828763375451
3739.32665353449 907.63990811004 443 15.013224027808 963.864473882716
3971.83332942524 891.976128425621 469 40.6242403745565 1035.59791964387
4066.61776738631 909.651462069056 485 5.08007613915436 1149.22533170625
3665.82045956096 896.352627812487 427 21.6992196732783 919.83180865867
3870.62605130432 900.91233663738 481 55.1028772304849 1090.67602806306
3739.32665353449 907.63990811004 443 15.013224027808 963.864473882716
3957.18176609419 909.531800921657 504 44.2834128817522 1098.89196174232
3957.18176609419 909.531800921657 504 44.2834128817522 1098.89196174232
3870.62605130432 900.91233663738 481 55.1028772304849 1090.67602806306
3957.18176609419 909.531800921657 504 44.2834128817522 1098.89196174232
3665.40322986323 896.878948953003 421 21.8556808099269 890.164560828982
4066.61776738631 909.651462069056 485 5.08007613915436 1149.22533170625
3870.62605130432 900.91233663738 481 55.1028772304849 1090.67602806306
3870.62605130432 900.91233663738 481 55.1028772304849 1090.67602806306
3870.62605130432 900.91233663738 481 55.1028772304849 1090.67602806306
3665.40322986323 896.878948953003 421 21.8556808099269 890.164560828982
3796.08165597766 900.040414438923 454 28.7369377869276 1008.83577388713
3870.62605130432 900.91233663738 481 55.1028772304849 1090.67602806306
4066.61776738631 909.651462069056 485 5.08007613915436 1149.22533170625
3781.44916224791 895.200803018901 461 30.5659995031455 973.467051311246
3781.44916224791 895.200803018901 461 30.5659995031455 973.467051311246
3870.62605130432 900.91233663738 481 55.1028772304849 1090.67602806306
3880.44899506055 909.403017267983 477 18.1910204015663 1031.51665327504
3870.62605130432 900.91233663738 481 55.1028772304849 1090.67602806306
3870.62605130432 900.91233663738 481 55.1028772304849 1090.67602806306
3796.08165597766 900.040414438923 454 28.7369377869276 1008.83577388713
3796.08165597766 900.040414438923 454 28.7369377869276 1008.83577388713
3999.83164480512 901.09573099732 489 3.26818918349522 906.810145156137
3778.67327139839 872.86840389683 467 30.9129858593353 926.899900238604
3870.62605130432 900.91233663738 481 55.1028772304849 1090.67602806306
3778.67327139839 872.86840389683 467 30.9129858593353 926.899900238604
3884.02466342169 911.896560806494 477 17.7440618564229 1043.9843709676
3778.67327139839 872.86840389683 467 30.9129858593353 926.899900238604
3796.08165597766 900.040414438923 454 28.7369377869276 1008.83577388713
3796.08165597766 900.040414438923 454 28.7369377869276 1008.83577388713
3799.25807358554 901.713815943601 454 28.3398855859417 1027.95203439525
3768.32553300269 907.919118020977 445 32.2064531587989 916.522330902599
3884.02466342169 911.896560806494 477 17.7440618564229 1043.9843709676
3799.25807358554 901.713815943601 454 28.3398855859417 1027.95203439525
3799.25807358554 901.713815943601 454 28.3398855859417 1027.95203439525
3884.02466342169 911.896560806494 477 17.7440618564229 1043.9843709676
3745.14380130081 880.786191205712 445 35.1041696215337 922.090119654497
3745.14380130081 880.786191205712 445 35.1041696215337 922.090119654497
3633.4159601191 895.911697368345 412 18.8212895552363 842.89227995652
3633.4159601191 895.911697368345 412 18.8212895552363 842.89227995652
3633.4159601191 895.911697368345 412 18.8212895552363 842.89227995652
3633.4159601191 895.911697368345 412 18.8212895552363 842.89227995652
3683.82039121504 914.419227154529 412 12.5207356682437 879.907339528889
3805.70748376893 904.324452274512 454 27.5337093130187 891.152899102973
3761.02477574983 898.992652830309 427 33.1190478154056 900.629058723203
3799.25807358554 901.713815943601 454 28.3398855859417 1027.95203439525
3799.25807358554 901.713815943601 454 28.3398855859417 1027.95203439525
3761.02477574983 898.992652830309 427 33.1190478154056 900.629058723203
3458.09574031893 876.545931921149 348 47.4233008780922 668.004383896061
3463.16302657633 883.417498686046 348 71.8562959090057 642.431136743126
3514.58809501248 906.229248070895 348 26.2386678680097 789.693606914415
3469.73550881352 891.658839565318 348 20.6320945931392 753.491384587774
3498.17002026653 894.163512532769 348 24.1864085247657 760.250847096672
3435.81251925704 878.888445644879 348 16.3917208985791 774.55595282087
3393.43685480974 893.5965170849 350 7.26694227926663 646.951085461003
3372.23697873972 877.225639281878 362 9.9169267880194 668.838977680303
3455.29406975647 905.317336619072 362 0.465209589074618 687.866388732665
3480.84145391731 898.855841532663 348 22.020337731113 812.290506562066
3565.0940363046 911.058652888194 377 32.5519105295241 892.041825941819
3544.82802274414 902.551928985017 377 30.018658834467 806.022840483217
3455.29406975647 905.317336619072 362 0.465209589074618 687.866388732665
3497.29880867251 901.80480015615 361 24.0775070755136 860.729162410585
3509.17423137344 902.950532103719 357 3.69733431207112 632.814129495293
3756.39123049956 907.241697433508 420 7.8995404123043 366.740173793491
3708.72499311904 907.843087850091 399 1.53562192360653 382.86148433607
3757.20250813183 908.259559905274 420 7.59531130020423 367.758036265257
3571.36655609881 897.583214862814 372 0.116482251218429 281.878286158879
3629.45011754231 899.625739493257 388 7.14396292921975 283.920810789323
3757.20250813183 908.259559905274 420 7.59531130020423 367.758036265257
3757.20250813183 908.259559905274 420 7.59531130020423 367.758036265257
3708.72499311904 907.843087850091 399 1.53562192360653 382.86148433607
3550.07660947909 888.998342703369 372 2.77772557868389 273.293413999435
3708.72499311904 907.843087850091 399 1.53562192360653 382.86148433607
3571.36655609881 897.583214862814 372 0.116482251218429 281.878286158879
3708.72499311904 907.843087850091 399 1.53562192360653 382.86148433607
3571.36655609881 897.583214862814 372 0.116482251218429 281.878286158879
3547.85882486643 887.81885879046 372 3.05494865526634 272.113930086526
3546.75472149443 888.288282422691 372 3.19296157676553 342.064823566787
3757.20250813183 908.259559905274 420 7.59531130020423 367.758036265257
3545.31090523641 859.335431312695 391 18.8911390617232 270.513787141045
3708.72499311904 907.843087850091 399 1.53562192360653 382.86148433607
3545.31090523641 859.335431312695 391 18.8911390617232 270.513787141045
3708.72499311904 907.843087850091 399 1.53562192360653 382.86148433607
3571.36655609881 897.583214862814 372 0.116482251218429 281.878286158879
3757.20250813183 908.259559905274 420 7.59531130020423 367.758036265257
