13819.9047337178 3591.10204975467 1458 7.23134560774315 3519.52291246684
14251.3419389866 3904.27689548394 1458 261.091443079421 4518.5124230674
13614.1847704044 3619.62252153404 1458 124.004137464077 3732.46512147924
14104.1437421061 3825.87326922282 1458 140.742059504415 4400.42116300926
13593.4076238283 3544.6098887461 1458 467.177352224909 4321.83905481545
13697.0507935208 3611.47122459293 1458 532.824662622571 4539.47045708516
13669.7898049318 3602.27835525613 1458 529.417039048952 4548.7830299627
13595.3514280073 3683.0020234739 1458 27.6370608692287 3525.68372918234
13676.4363196859 3596.99996033103 1458 528.203787120997 4517.58668743258
13672.3481871415 3604.17663470873 1458 529.736836825162 4517.58668743258
13811.1750223517 3724.71884435874 1458 54.6150101622811 3962.95909555424
13745.3456264081 3731.12997282114 1458 50.8962555573039 3400.90695460236
14273.1580790088 3911.8435130817 1458 263.818460582195 4444.95769764636
14001.939851852 3795.53213064663 1458 79.5637176725531 3783.14227590786
13749.3665056953 3734.26876210618 1458 95.9754894916923 3809.03939748452
13603.0773400068 3444.97635679573 1458 10.1636106960427 2856.35783269292
14009.5236303625 3819.28650940263 1458 128.495130075092 4158.33952604151
13511.0716064061 3551.15053009101 1458 103.298325693939 2710.10995976832
13663.0738102656 3595.69585981823 1458 257.548038109995 2872.81483930464
14066.9828287707 3740.079556414 1458 126.081838075699 3945.58465016542
13353.6462455272 3445.33812270001 1458 155.82114336982 2756.31508167576
13350.2623303824 3529.44065246288 1458 218.446603124594 3149.49115843549
13644.6178908177 3682.29960270547 1458 51.4202482052451 3461.44713651753
13060.6183978897 3469.13421495956 1458 21.5796884107594 3302.66950803471
13498.2517328092 3618.6751693725 1458 33.1244784541796 3159.57358783045
13549.3007524644 3638.04963129056 1458 39.5056059110848 3178.86855204964
13569.0584438542 3664.90183835161 1458 41.9753173348017 3658.11742372238
13768.5513424844 3695.51901770468 1458 344.552023810362 2551.72826153326
13600.6854722994 3612.52619872981 1458 383.169121292558 3839.52620885797
13427.6437216946 3605.81187858392 1458 24.2984770648573 3599.42754139934
13507.7763152202 3644.67172132436 1458 34.3150512555585 3635.64282155818
13603.054478346 3554.09976034569 1458 46.2248216462826 2923.42594205223
13427.6437216946 3605.81187858392 1458 24.2984770648573 3599.42754139934
13961.9320589834 3790.11762932656 1458 75.0189890455508 2549.38627201447
14018.5626936235 3726.80815827825 1458 155.506590975601 3015.91274832608
13717.967662393 3704.35669988559 1458 64.0503252665474 3824.02579600605
14082.9566219163 3845.98429085506 1458 240.043278445629 3724.50229134793
14227.0545879401 3894.20762052085 1458 258.055524198607 4107.03678954728
13459.05122993 3511.44556498514 1448 14.3278560775111 3175.60004547521
13474.8176740921 3515.45685549977 1448 16.2986615977734 3213.16284331253
14156.2829064764 3884.92400657861 1458 165.072770173519 4240.064781808
13459.05122993 3511.44556498514 1448 14.3278560775111 3175.60004547521
14234.6916701749 3885.42478379001 1458 116.174429161828 4183.02111077119
13888.8412771851 3701.54663905974 1458 68.0516119843992 3118.82968289401
14178.7818624908 3881.50452725636 1458 152.234855763836 4168.46892032902
14286.2744043647 3914.30156585072 1458 215.357739388771 4437.07929427062
13934.0248358491 3678.15971323151 1458 73.6995568173938 3495.26255304166
13645.6897344025 3676.65282120756 1458 41.8148078999182 3034.19679035312
13895.5414669382 3660.27256527762 1458 72.0649351663471 3999.99197056039
13742.1232136809 3639.94462251194 1458 49.711854046378 3113.21095592063
13927.1394318529 3676.65191560293 1458 72.8388813178753 3493.75475541307
13316.8186047653 3405.3983678981 1458 734.429966223151 4805.39973518905
14001.3312910486 3701.55855296673 1458 82.1128637173397 3692.38302243676
13855.2623757534 3778.64444096838 1458 141.912672542213 3769.58538881045
14112.2350110624 3830.23336080493 1458 372.511358809942 4496.47836596918
14010.1442771409 3748.16495535647 1458 446.163982443353 4669.202894544
13956.4950295924 3676.87236639125 1458 76.5083310353129 3495.01836861294
14273.1580790088 3911.8435130817 1458 263.818460582195 4444.95769764636
13946.5957777423 3671.24009143152 1458 75.270924554045 3489.3860936532
14039.1437908862 3824.39058015505 1458 188.346677356497 4547.57821059688
13946.5957777423 3671.24009143152 1458 75.270924554045 3489.3860936532
14156.1769793688 3847.20048340277 1458 73.2387284086358 3190.86720590266
14257.5552357375 3909.97823119139 1458 197.533464422186 4090.49491861939
13940.7627504447 3782.14447147545 1458 272.028250479315 3993.15932437035
14200.6866648517 3866.01532237069 1458 349.920451405872 4490.23522615216
14310.8862335611 3884.09488270721 1458 200.497929940674 4147.29389271394
13981.025209986 3747.72423240421 1458 80.3293205250616 3791.25058300589
13806.4109978295 3737.11905074305 1458 58.5025440054935 3494.71159050778
13632.1504911553 3660.50832063937 1458 36.7199806712165 3950.99554006454
13738.5961172492 3696.138192018 1458 50.0256839329538 3802.49135121033
13434.3852290436 3613.94897713286 1458 39.4503314289436 3041.45501518464
13796.3448886981 3707.60880513128 1458 57.2442803640668 3778.4297282406
13986.6023508475 3753.97030225773 1458 349.50216996216 4401.07965492443
13473.000029326 3623.42237801049 1458 44.2771814642447 3094.6075193825
13767.1716730294 3631.6411978803 1458 531.903392668683 4701.20303345432
13730.2874294996 3676.51553181637 1458 76.4381064859454 2874.99819322812
14192.2238383721 3853.19739708446 1458 205.578856230497 4242.1984790712
13630.199906659 3681.56465398504 1458 63.9271661308717 3240.59923174154
13720.5238385238 3710.3651736988 1458 78.4587808478575 3634.74773576971
13541.5177144161 3511.0364671777 1458 607.074210920244 3409.84487332925
14362.0634849948 3945.79468640003 1458 221.037733483116 4424.5292106853
13655.9393130153 3690.25371452091 1458 78.387538633528 3151.84545047253
13957.0333675473 3637.81884073247 1458 31.7091905647126 3733.38710247224
14192.2238383721 3853.19739708446 1458 205.578856230497 4242.1984790712
14162.073396533 3711.47376281697 1458 57.3391941879145 3966.80909546178
13815.8649581533 3710.79458174926 1458 9.24426660812469 3101.15236480128
13339.4082992423 3519.17282631349 1458 127.761319948971 3677.84363574874
13698.6525957449 3648.39712954035 1458 155.956627943203 5348.60185068138
13590.5195097978 3543.99313910921 1458 708.997540060731 6239.13122686333
13834.6765986389 3647.51805013581 1458 419.243368886501 5787.53102009865
13957.8063038093 3781.20092586943 1458 127.679865426943 6091.42643971451
14186.1451952999 3831.92593222081 1458 156.222226863262 6684.89344218007
14162.8768710768 3825.75246247626 1458 153.313686335376 6863.30287289083
13957.8063038093 3781.20092586943 1458 127.679865426943 6091.42643971451
13634.9456428843 3639.27213533614 1458 87.3222828113128 6099.57647022692
13861.1543452137 3732.56808339093 1458 115.598370602486 5778.04971572762
13852.5398678932 3689.26665363205 1458 114.521560937435 6159.40774626232
14080.8278816892 3786.69211318011 1458 143.057562661935 6075.76620240385
13700.4013817569 3590.31741134131 1458 286.944742406067 6154.86483882695
13933.5894998953 3759.42479303623 1458 124.652764937686 6243.12566055656
14034.4365494912 3703.07226651834 1458 458.862153743336 6776.60071667295
14044.9357852586 3710.11893445758 1458 460.174558214263 6701.36372259906
14072.5257055916 3803.67607963843 1458 144.599324600483 6284.47528964723
14117.4225328653 3827.70788892007 1458 147.631894058942 6809.9905431984
14232.3780614262 3865.33748468073 1458 164.580869079808 6724.57051085327
14392.6712888279 3918.58801450157 1458 229.015854787065 7114.7947886809
14367.2288497255 3910.77283029196 1458 227.269189529186 7067.13578323505
13933.5894998953 3759.42479303623 1458 124.652764937686 6243.12566055656
14234.8192348905 3867.25260051042 1458 162.306481812091 7000.93339993851
14253.5375349347 3797.32925592634 1458 393.733621877142 7015.08764848138
14271.2586471083 3807.80365242922 1458 380.652447127615 6981.2749671769
13047.4906290301 3334.26393636089 1458 682.732638493056 5234.97129957824
12991.0938221225 3343.9407650551 1458 182.411962377421 4423.53178721078
13047.4906290301 3334.26393636089 1458 682.732638493056 5234.97129957824
13523.875527611 3473.0693868784 1458 782.590700600327 6487.99004684768
14127.9790555227 3820.42440071103 1458 111.336085808186 6647.88065089935
13235.4747128525 3412.38992342672 1458 493.972320553628 5587.74926478015
14456.4867867348 3929.13808888418 1458 243.788729309848 7084.32207612234
12988.3855840415 3340.65008290307 1458 605.969916088149 5401.9289768755
12941.2208666715 3280.40075218651 1458 600.074326416905 5455.77053970164
12937.2103328459 3318.26483954964 1458 599.573009688704 5604.74133404856
13609.1081400767 3618.80232390399 1458 84.0925949603663 7530.61683697879
14383.0854032999 3906.2828188907 1458 180.839752863271 6976.12053709842
14139.0685260648 3828.7095272351 1458 150.337643208877 7109.85991387225
13272.8330428346 3394.34458608646 1458 685.835139646085 5620.43911330312
13894.7393327511 3746.16155030599 1458 119.796494044664 6478.83681287496
12231.4578607829 3189.70805760927 1458 267.87929780843 6175.67104695618
13766.1297429418 3587.67078084876 1458 544.598807245258 6387.35119327928
13529.6119789547 3506.66051742194 1458 500.61797019005 5980.27312522367
13766.1297429418 3587.67078084876 1458 544.598807245258 6387.35119327928
13297.2258912392 3391.58563048816 1458 653.468598132675 5587.60202672966
13297.2258912392 3391.58563048816 1458 653.468598132675 5587.60202672966
13584.3661562625 3540.69021679324 1458 627.356961094471 5466.94968359076
13529.4720846433 3509.66366966639 1458 682.499372308198 6291.75161027902
13079.8679739324 3358.51273804486 1458 278.314864939677 6172.31971578987
13292.2330766538 3512.02840732742 1458 52.6669204364448 5672.17137485771
14383.0854032999 3906.2828188907 1458 180.839752863271 6976.12053709842
13292.2330766538 3512.02840732742 1458 52.6669204364448 5672.17137485771
14353.3952735222 3844.23158926576 1458 177.128486641053 7033.94528819392
14100.19109592 3826.86245607289 1458 145.477964440776 6596.72902041994
14383.0854032999 3906.2828188907 1458 180.839752863271 6976.12053709842
13292.2330766538 3512.02840732742 1458 52.6669204364448 5672.17137485771
13637.8208522871 3664.31695506272 1458 75.1091073985731 6285.14509712265
13395.5983150548 3549.39126307865 1458 105.3869245526 5758.68192273238
13529.4720846433 3509.66366966639 1458 682.499372308198 6291.75161027902
13292.2330766538 3512.02840732742 1458 52.6669204364448 5672.17137485771
12532.166101868 3242.0706406552 1458 370.509916410406 6175.30416134487
14154.8089581644 3745.61996610284 1458 463.634799751267 7030.12569418651
12532.166101868 3242.0706406552 1458 370.509916410406 6175.30416134487
13490.4430174487 3557.17622053659 1458 260.003286300946 5407.75380379426
12920.6295622167 3360.40612901233 1458 191.411384963191 5272.43859735939
13386.4076690338 3576.18106891849 1458 106.535755305235 5902.53273586627
12916.0508021444 3383.48335542563 1458 73.4554917267492 5385.59691360665
13148.0495809292 3402.84815175656 1458 264.548582746426 5235.57235892517
13421.3796677335 3536.04359956203 1458 102.164255467763 5863.77950419616
13786.0256399981 3608.34485848023 1458 607.198622785554 6022.76976686493
13422.2781754253 3533.7382212466 1458 102.051942006294 5828.70732638563
14119.6151174225 3742.65934164334 1458 156.557881304615 6313.28987693398
13783.9590021014 3586.20283677964 1458 56.841838671779 5979.04685758747
14306.0923791874 3833.47584527499 1458 279.180831469206 6113.43876705444
14262.1176540253 3837.85494003933 1458 273.683990823951 6558.49219893655
13783.9590021014 3586.20283677964 1458 56.841838671779 5979.04685758747
13482.4774393941 3605.13160039086 1458 94.527034010197 7042.62515732902
13277.3420107147 3514.19824351782 1458 157.633520922231 6571.3299243543
14174.4826346887 3824.81650439801 1458 154.764406786867 7030.52173982919
13518.1081937521 3611.16087923674 1458 3.73051880130151 5934.29022506081
13481.6726255864 3469.65021821919 1458 94.6276357361494 5924.21029192678
13285.9563830321 3549.4772678024 1458 179.444559825457 6237.20937381572
13518.1081937521 3611.16087923674 1458 3.73051880130151 5934.29022506081
13594.2179154086 3652.04500608839 1458 80.5594745083858 6238.97433180178
13716.8117413104 3546.34289111127 1458 97.5555451145813 6245.27078422818
13215.4934163226 3512.43812843375 1458 127.900036894126 6051.09401349504
13975.0442175596 3724.66124667963 1458 66.3957988468856 7102.58820705185
14038.1557471905 3794.00505323695 1458 58.5068576430238 7061.10739735296
14376.755135778 3908.20024140462 1458 180.048469423034 7628.82918207498
13930.3878836941 3714.92001859471 1458 470.884977263648 6492.820375022
14195.9548708874 3845.75936806905 1458 332.580095075221 6443.1590970139
14195.9548708874 3845.75936806905 1458 332.580095075221 6443.1590970139
14150.3094438414 3824.88389062744 1458 91.5587981355666 7325.25082549271
14256.285051594 3836.41394857137 1458 215.586587593601 10519.19573623
14138.1344993454 3747.33798306842 1458 33.242238824505 9956.60835253116
14138.1344993454 3747.33798306842 1458 33.242238824505 9956.60835253116
14272.7674739651 3844.48966070041 1458 249.322754288975 10469.8117285041
14140.7931699463 3751.60300524688 1458 97.6522576752664 9212.98095463886
13570.9394327581 3636.48501300066 1458 108.337024344285 10137.881090644
14351.2068164633 3891.96318234434 1458 175.604814344929 11147.9700540583
13862.0626935673 3740.55396863588 1458 69.7930415958165 9981.37216134035
14259.9023518311 3841.98302475868 1458 217.917581480484 10232.7743930648
14189.0080660442 3823.22200691961 1458 209.2730996259 11028.7454483811
14256.7553238162 3842.63347688771 1458 247.321235520362 10302.3096946783
14316.0419078376 3869.6398242388 1458 233.094841586759 10396.4729533632
14072.9362297109 3765.91430817733 1458 194.764120084243 10893.5810650325
14170.4581406566 3810.6520839728 1458 206.954358952448 10972.1901044714
13433.3943903001 3593.54511951847 1458 93.8654357560386 9326.88714193155
13290.5465780247 3411.62949860316 1458 768.512939070256 10373.4753015284
13245.1744336005 3518.75680942854 1458 184.201676835418 10705.9895232412
13503.4797150062 3586.61618159357 1458 151.913516659705 10221.1880809077
13764.6927602163 3652.46866388246 1458 52.4531395165127 9118.01794437765
13590.1617502591 3518.79306882096 1458 707.851987901592 9955.10266597652
13647.6412131731 3662.81075161466 1458 67.0845828969145 9857.58906159853
