13580.6162427717 3436.9964271011 1458 10.1147258486321 3870.41917260821
14216.2600265581 3807.20098719303 1458 361.331691629609 5119.79177700312
13505.6084115437 3534.14951547727 1458 19.490704752126 3949.47478408668
14225.8053210349 3788.5045710907 1458 342.267040017946 4941.50990636413
13169.7939955973 3471.14527576029 1458 61.46750674542 4379.32043035742
14410.295302849 3858.97301538146 1458 92.6669356457439 4933.9169510713
13372.4974705897 3524.95036300615 1458 36.1295723713752 3900.85536938028
14415.6288860349 3859.04832533118 1458 99.7334147841307 5177.57896676599
14430.7457797454 3871.76297260933 1458 95.2232452577853 4742.0079295013
13963.5052568619 3706.01698913438 1458 37.746400912652 4486.05188195952
13209.1167953702 3456.13557331753 1458 56.5521567738181 3847.19342644989
14001.8227679453 3724.52817045512 1458 42.536089798075 4584.57697133117
12740.9601526772 3335.97290384404 1458 115.071737110441 4475.85085715941
14428.8525587303 3878.27703719145 1458 92.4359784739625 4615.95056879657
13325.1029375792 3492.46194325373 1458 42.0538889976842 3885.19338338311
13747.9224496154 3513.18041966214 1458 10.7985500068407 4602.16165622983
13539.679534823 3639.12486284313 1458 15.2318143422144 5199.08406311711
14370.9163894862 3868.1107601217 1458 185.856730423494 4975.31722944912
13654.4986708285 3660.76121278156 1458 0.879422341531836 4731.01378136643
13399.9623221358 3514.81049696314 1458 600.562183777965 5043.05815456375
13737.1635613599 3624.87095880419 1458 258.317693958699 4523.36820993218
13958.2213808875 3701.07847870407 1458 37.0859164158444 4650.51818628863
13740.739879262 3649.14443858411 1458 71.218590283901 3738.3111563682
14326.660112116 3845.31094961025 1458 80.7397233958925 5068.74441390951
13330.4268519715 3517.87861172595 1458 41.3883996986513 4075.09656188375
13737.1635613599 3624.87095880419 1458 258.317693958699 4523.36820993218
14364.0488014301 3864.33880739177 1458 251.423092728981 5144.11234571072
13699.2036400786 3564.65972468364 1458 4.70869881473709 4487.30860015206
13175.0469783002 3531.93425934566 1458 60.8108839075612 4477.18267764099
13737.1635613599 3624.87095880419 1458 258.317693958699 4523.36820993218
13549.6697713042 3629.74240950867 1458 13.9830347820607 4550.37388570934
14273.2043465572 3795.10213829279 1458 17.4102096724998 5004.55032285631
13924.3861346117 3694.6353227895 1458 32.8565106313695 4585.39949182461
13549.6697713042 3629.74240950867 1458 13.9830347820607 4550.37388570934
14247.5275070774 3820.29212304333 1458 241.869485838093 4743.94571403964
14202.0447720347 3807.05633394912 1458 66.6356192939456 4430.19093513057
13962.729937125 3735.26295547561 1458 37.6494859455322 4748.27648687472
14253.1291173704 3809.44173021088 1458 205.699748771173 4754.48301332179
14341.8050623502 3827.47999716914 1458 84.1056555833823 4775.62094720394
13299.4517760363 3528.28662335147 1458 45.2602841905473 4122.74392029982
14069.8359431006 3767.30940562195 1458 51.0377366924922 4847.47619374291
14291.81710255 3830.73395000371 1458 122.862411630598 4403.41026350299
13409.7801682111 3493.48527147977 1458 279.230636672142 4399.568024047
13976.9768115568 3714.08005545427 1458 474.909825970195 5045.46139162034
13424.0023057588 3542.99638583714 1458 29.6914679752392 4255.25465582438
13807.4816153284 3675.92628042626 1458 18.243445720962 4414.08551894689
14291.81710255 3830.73395000371 1458 122.862411630598 4403.41026350299
13689.9935594863 3690.22155916293 1458 43.4987959216799 4522.47923880733
13950.2288690837 3759.6570019453 1458 35.3390358084914 4237.19864243204
13798.3337646063 3729.19409005418 1458 9.0156508037926 4496.74701348523
13838.2715566743 3718.25321355056 1458 21.3443717573127 4310.55645919019
13204.2578929992 3386.09548410827 1458 822.951898202337 4206.05579015859
14037.8446053037 3727.46293979881 1458 414.890545706129 5083.8452197812
13673.527453632 3688.42401012962 1458 6.5851380679876 4546.79221147795
13675.3289857471 3693.41202570279 1458 7.00577518545492 4156.85914803435
14205.5407210116 3796.00949446281 1458 287.782443847861 4960.05774457389
14345.3349838449 3849.33421714341 1458 266.491778853034 4983.34881868517
13675.3289857471 3693.41202570279 1458 7.00577518545492 4156.85914803435
14205.5407210116 3796.00949446281 1458 287.782443847861 4960.05774457389
14239.7830107918 3842.69325855377 1458 71.6517825482777 4358.44272317533
14291.81710255 3830.73395000371 1458 122.862411630598 4403.41026350299
14268.7170271738 3818.54220029598 1458 193.377541270292 4865.13965504014
14268.4401702948 3816.70568566195 1458 240.909526645747 5002.81397862282
13129.7739533756 3388.42669327448 1458 557.510061590903 3991.16579090845
14291.81710255 3830.73395000371 1458 122.862411630598 4403.41026350299
13166.5707811084 3507.02361704673 1458 69.9319219266399 3948.32451055866
12990.0420894816 3444.90701926594 1458 91.9980083799876 3843.28123591323
14252.5979496861 3841.4166774937 1458 73.2536499100722 4736.20200106694
14032.8207189885 3808.56501651937 1458 45.7814960728647 4787.76269338683
14252.5979496861 3841.4166774937 1458 73.2536499100722 4736.20200106694
13565.0756422953 3625.90147434528 1458 24.6841552450012 3658.06853886031
14399.2542450336 3871.3411810998 1458 136.292054441041 4848.80131654155
14001.7284273511 3789.404613404 1458 125.186457148091 4768.73984936028
13706.0817966934 3484.52545288919 1458 2.35485003772646 3676.29654119982
13576.2060945498 3627.01019954162 1458 26.0754617768093 3510.23457662733
14063.4437495683 3806.92275557854 1458 132.900872425245 4897.37410465965
13412.2514482884 3421.87116205558 1448 735.617299935123 3822.37862568907
13839.845790621 3640.16671330374 1458 575.269421560391 3923.92573516134
13650.5117602704 3687.6901544762 1458 111.983829351144 3991.74109121688
13582.7460048297 3647.41196018588 1458 38.519260907733 4407.86641830601
13710.5689577351 3667.46436277314 1458 92.8761064333989 4377.34895590168
14207.4691276922 3774.04019395919 1458 150.904044690726 5055.91796962461
13703.7415054721 3712.16701405387 1458 92.0226749005137 4248.45468820491
13675.2215602084 3662.7760924998 1458 92.4512717603388 6363.81361058749
13090.9298557894 3480.67663696917 1458 17.3055025890933 7150.52684479358
12918.6270648054 3437.25661844897 1458 38.8433514620958 6242.14371514374
13164.4423240523 3510.73316032751 1458 8.11644405623815 7118.67908415975
13313.9739675569 3564.49151062983 1458 10.5750113818392 7185.04014705344
13264.3522165224 3549.21588930852 1458 4.37229250252585 7184.78359736251
13397.2656619252 3603.11217591214 1458 143.341720355613 7337.83396792875
13397.2656619252 3603.11217591214 1458 143.341720355613 7337.83396792875
14026.0964557335 3809.43831958939 1458 195.644797765463 7770.8536381173
14079.676769435 3830.78106884064 1458 136.000250596991 7845.16883402059
13508.5054261878 3610.2266166927 1458 34.8914437106982 6928.71521932823
13505.9724762282 3607.55658411111 1458 34.5748249657536 7069.8697994307
13706.8745291013 3678.82459921532 1458 59.6875815748861 6975.71038029333
13425.0153453212 3598.59719245874 1458 24.4551836023736 7063.74201001085
13522.1070158063 3604.79972690342 1458 36.5916424130137 7007.73293658012
13627.4346706612 3657.62821634978 1458 49.7575992698767 6860.45870198429
13920.0077686132 3770.01148876993 1458 116.041625494261 7262.70042286312
13751.7891632943 3691.85740235482 1458 65.3019108490194 7315.17060722622
14028.3978753648 3723.94806943287 1458 99.8779998578211 7550.39364877733
14028.3978753648 3723.94806943287 1458 99.8779998578211 7550.39364877733
12565.7557194075 3285.91820143197 1458 53.3891799683697 6916.34921207605
14028.3978753648 3723.94806943287 1458 99.8779998578211 7550.39364877733
12565.7557194075 3285.91820143197 1458 53.3891799683697 6916.34921207605
13479.4549490427 3507.24488911798 1458 634.232260306402 7831.78210924431
13421.6084199893 3609.48730871013 1458 10.0368552288094 6911.94652695294
13739.7628159783 3715.70936106622 1458 61.6564258836852 7314.77844537398
13893.5431607834 3645.79936598149 1458 180.144974791029 7518.33447768801
13628.8408042047 3672.05275008353 1458 64.384936440913 7352.81041208472
13400.2263579041 3405.78907141166 1458 412.55896177813 6528.99109683208
13688.5898569135 3681.43008478641 1458 55.2598060005844 7510.65017024766
14043.3194661638 3718.70878245043 1458 99.601007156866 7565.050799674
14043.3194661638 3718.70878245043 1458 99.601007156866 7565.050799674
13594.6570676621 3575.04638805913 1458 538.016911875685 7541.13974705272
13721.5485344224 3684.32723274496 1458 59.379640689195 7279.90266218781
14030.7644685673 3728.25228437304 1458 98.0316324573064 6992.35563185916
13622.8073590018 3680.97797727198 1458 47.0369937616199 7716.84634677561
13508.062942481 3567.69046638318 1458 172.054430659844 6636.80701299301
13662.0283282625 3688.43981198057 1458 51.9396149192116 7566.42018363752
14043.3194661638 3718.70878245043 1458 99.601007156866 7565.050799674
13508.062942481 3567.69046638318 1458 172.054430659844 6636.80701299301
13348.5755230699 3543.58270672979 1458 14.326104929019 6490.62775094148
13820.0193878549 3651.74479053439 1458 73.2565880271329 6790.9703737435
13740.7436010369 3638.35976905477 1458 266.92840210241 6756.80560745458
13150.5450468985 3467.76381509945 1458 9.94273671914425 6042.03546206542
13692.2152203429 3527.07360387115 1458 102.609901254223 6447.80815591571
13823.2037573094 3673.70681541905 1458 73.6546342089473 6968.62664659394
13368.3812029887 3483.59668517172 1458 17.2867827921284 5917.57998738452
13690.375332578 3589.411005313 1458 547.497050302781 7269.03639295267
13644.951495636 3553.8471150396 1458 579.456266023378 7259.27928806316
13541.4530387716 3445.71239595315 1458 38.9207622649874 7273.63635415552
12979.6126251852 3438.53908924309 1458 31.3092894333086 6136.85649493752
13664.9051085584 3566.75417628341 1458 581.95046763868 7350.65150858904
13147.1699157229 3430.78186879482 1458 195.78038971876 5636.02738590527
13791.4849518525 3580.38985535446 1458 70.1747514000986 7009.1600195448
14193.2509560562 3847.16674590066 1458 120.48463494425 7292.4950004616
13335.9489169271 3448.44092672678 1458 280.913181147908 5950.56676717334
14081.6248946669 3749.01129519446 1458 107.051028808504 7182.17288143986
13380.6559578074 3496.68503977541 1458 18.8211271444579 6011.60252946968
13791.4849518525 3580.38985535446 1458 70.1747514000986 7009.1600195448
14078.4649394068 3827.42299404718 1458 135.848771843463 7935.81590800534
13675.2910514244 3702.35390222888 1458 53.9388370126812 6550.21787322826
13381.2969187229 3613.21764680959 1458 17.4116906884342 6668.04863114561
13712.715490178 3706.6245473045 1458 58.8390121203292 7438.7433634331
14078.4649394068 3827.42299404718 1458 135.848771843463 7935.81590800534
13454.1933839093 3637.88316433728 1458 27.032170293093 7240.70452802365
13647.2673573267 3683.78045432972 1458 50.6579955139159 7368.19434852714
14038.6746728684 3749.3578484298 1458 100.359410870198 7420.34132191152
14079.676769435 3830.78106884064 1458 136.000250596991 7845.16883402059
13307.1882011544 3498.56097244013 1458 404.306089824777 6197.09173156215
13207.151948689 3446.42215711656 1458 511.19865722199 7459.22629827103
13512.7158656515 3542.07988551559 1458 549.3941468423 7074.5913880253
13526.1303795998 3545.6142183695 1458 551.070961085835 7489.68232036387
13605.5063188977 3599.26057833835 1458 370.823487016346 6919.43973567837
13514.7894217895 3528.44759553692 1458 549.653341359558 7369.26200386904
13961.2897687841 3793.81536795107 1458 121.201875515622 7653.6318432117
13476.7358729435 3539.1193620267 1458 658.577333947438 7830.4292080672
13290.284244786 3523.05873461872 1458 110.383500308278 5973.89639907731
14100.2173600966 3796.90673430598 1458 310.327727247837 7213.31364842977
14024.7095809365 3798.39305657138 1458 18.9120026752835 7048.11927128369
14279.1273252225 3749.00078795168 1458 13.221884746285 5702.23600619991
14117.1893844025 3831.79882538684 1458 37.2202750047459 7160.24878300878
14117.1893844025 3831.79882538684 1458 37.2202750047459 7160.24878300878
14080.8368804354 3801.14046341094 1458 39.427496611926 8385.97257583256
14279.1273252225 3749.00078795168 1458 13.221884746285 5702.23600619991
14013.7727070673 3682.98661686386 1458 92.9360243447886 7059.84049403343
13342.349904601 3580.36409763701 1458 36.7432466155847 10927.1244631441
13360.9040456398 3591.07848220839 1458 43.7010495051318 11220.019659437
13632.8339549441 3670.21433641338 1458 9.7098108421003 11465.3809146956
13340.9419473302 3555.44209990651 1458 46.1963117938417 9992.38967760773
14228.0060875516 3834.26096091959 1458 64.6867057338352 11010.9870395901
14113.2530879312 3765.62655531424 1458 50.342580781283 10274.8338184262
13280.0572676073 3549.37587954409 1458 53.8068967592048 10675.1411363323
14177.5706809136 3794.61952891688 1458 58.3822799040888 11149.0418457866
13828.230694396 3661.90287570232 1458 432.043275626419 9248.33372767717
13943.9896037411 3714.05849849552 1458 287.107491738293 9291.5081715502
14105.5124044702 3778.9495454885 1458 49.3749953486674 9922.37772721151
14243.3042880327 3839.66276131965 1458 168.063697548892 10573.4163036153
13901.0746649711 3630.40493131032 1458 78.5445592397243 10622.9919018705
13647.680903551 3559.35453014074 1458 513.456074852436 9108.21373196879
13865.1672798162 3638.30032538276 1458 15.5465925647663 10412.2656022096
13648.7470902227 3652.63798442312 1458 7.72066893227861 9689.89423350849
14121.9402142439 3787.54820450575 1458 51.4284715703723 10178.1004757722
13814.9607806337 3656.69702142869 1458 457.869227115852 10814.5082622232
12805.0218322732 3273.27164522149 1458 481.653967962467 10917.4111430947
12981.9023574686 3292.23793841605 1458 498.87967086336 8333.8256722462
13035.1897266461 3323.49914535992 1458 545.78844436908 9293.09670838702
13125.1509806785 3324.61624735142 1458 726.590449481744 9731.64700348707
13215.4653973338 3368.53554071074 1458 630.167947042638 9431.66654272913
14133.8145180604 3777.00094149401 1458 52.9127595474399 10961.6104552804
13411.0221546751 3589.86000595628 1458 37.4362858757211 10130.5032930119
13504.1393944965 3624.19792159068 1458 25.7966308980538 10163.0786233809
13241.3523995027 3382.98616861946 1458 620.460321229284 9585.3461291776
14145.3201927945 3844.07480420261 1458 54.3509688891966 11937.1442826939
13872.4649443348 3681.14898902191 1458 472.504154369565 10129.2749322506
13145.9551793082 3315.30199512251 1458 564.253921631755 8658.87970672249
14151.0293438388 3792.73153378192 1458 55.0646127697339 10491.1511052759
13209.9506190303 3371.54875783735 1458 616.535098670233 9592.83601820628
