13875.3712548028 3663.34031387104 1458 19.6338038160625 6358.24304965787
13736.6762685868 3631.30126982888 1458 243.043043963281 6018.47961409932
14139.3438514707 3715.65851528979 1458 13.3627707674334 7222.09383818252
14274.3210744818 3844.3384615312 1458 161.307668446433 7564.27829955682
13835.8270333821 3688.35656919321 1458 41.1816583535854 7539.44616524616
13736.6762685868 3631.30126982888 1458 243.043043963281 6018.47961409932
14146.0376921582 3717.68106460498 1458 14.1995008533622 7345.26044919958
13742.5395240736 3668.42482763357 1458 43.3007584795805 6449.65638218512
13655.7825143037 3536.33090887247 1458 63.6872232383869 6982.47938963882
13759.5387992827 3674.79288030428 1458 41.1758490784378 6440.66659656827
13971.375599456 3717.00791247973 1458 273.053595997742 7256.06774145247
14137.2689338748 3772.46308447108 1458 413.055250580099 7881.75924298582
13737.2655439453 3630.63661784387 1458 53.5018445331878 7295.23256092508
14199.9912247955 3795.34635582543 1458 351.796726241379 7872.25739947028
13668.4990872069 3675.16668765625 1458 62.0976516254796 7786.06289681313
13851.4898502997 3714.37399487063 1458 3.81367500164833 6873.73878764021
13924.6273575287 3568.14598318457 1458 65.72448785188 7875.7458425357
13668.4990872069 3675.16668765625 1458 62.0976516254796 7786.06289681313
14074.526647155 3647.83696916379 1458 0.245019379564383 8106.0144289485
12938.7852713795 3355.97818760301 1458 377.597455379259 7555.68518716753
13610.6935795415 3663.07756107657 1458 71.1453207014172 6773.80868717138
13592.8833730102 3560.88816305611 1458 348.406102967318 6631.43105692556
13974.0596115152 3747.41857062108 1458 48.3575318154635 7179.2645965526
13567.8470098567 3619.20057407094 1458 75.9713684018652 6738.87169568404
14300.7389961531 3864.8217893478 1458 164.609908655347 7565.07311594904
14009.9922986067 3772.42664883309 1458 21.3567130747699 7359.85340508647
14037.0444207694 3785.48524548497 1458 24.7382283451159 7342.12436699484
13559.8575185175 3630.98467604528 1458 34.9101344363771 7003.66432539975
13806.273652278 3710.95687999758 1458 1.83834975107061 6634.60843552371
13974.6664155749 3717.1976560104 1458 478.616774283421 8483.94193903726
14037.0444207694 3785.48524548497 1458 24.7382283451159 7342.12436699484
13757.133869312 3592.61855110272 1458 536.488325357247 8029.6184849138
13779.1437063 3692.31759486841 1458 5.229592998312 6971.03397358371
14021.1783115324 3784.07622227395 1458 22.7549646904804 7278.52635564719
13978.2350558287 3757.85391998067 1458 17.4876676191868 7065.26892305523
14005.3979130097 3781.7610638385 1458 23.0521828403976 7449.4311792177
13914.5103323207 3744.97762142926 1458 11.6912352542768 7141.51002097839
14023.5429807374 3786.82983860666 1458 69.901138565059 7091.47349811582
13789.6051043559 3690.01419538812 1458 92.881536143635 6446.20158818657
13783.0986610722 3577.95816715443 1458 104.136841903946 6834.8695598719
14024.1320226975 3781.48392979339 1458 69.9747688100717 7048.70622760963
13948.006907849 3637.92365147951 1458 0.829064355405308 7583.56647752521
13873.5728574614 3734.07671056771 1458 103.377505281825 6816.3613215364
13956.6347159481 3690.20756948754 1458 44.9466760229252 7078.17787775606
13893.6254621553 3733.0542058456 1458 17.343720055005 6831.78386712729
14131.6682558894 3748.54953819436 1458 66.8258685155838 7403.05482774857
13921.8411318972 3723.86926518421 1458 26.556085549108 6847.21121967591
13909.3323328846 3648.62321397158 1458 30.5247752006649 6261.39876791643
13747.443464651 3534.36701882281 1458 90.044559973828 6322.8288328172
13861.8152618581 3537.15010666985 1458 75.4148209792788 7052.37698687211
13928.7264710772 3728.09343506551 1458 21.7693205562953 6725.295484263
14274.3210744818 3844.3384615312 1458 161.307668446433 7564.27829955682
13928.8024198493 3731.75217901154 1458 21.7408397667546 6761.88292372329
13291.3512065882 3363.18967140666 1458 152.991268968577 6093.94208295731
13827.8635856729 3499.76821945579 1458 72.8664425063494 7553.47708811584
14156.2719996681 3802.87419228134 1458 97.8522906235678 7317.7716125135
13455.3235010376 3539.54030799023 1458 227.777296161311 7126.04322313923
13799.2029811765 3650.12421738184 1458 327.766916803999 7235.5466126254
13714.8395794952 3563.60256919222 1458 603.981607419412 7692.60613395273
13725.7706095731 3632.47928824303 1458 41.9625271262478 6275.69740138194
13495.6552270061 3496.00382783693 1458 626.789993074623 8000.89984981901
13867.4937162133 3683.76030795363 1458 99.5453468235671 7094.8039974715
13563.3046090398 3316.6585810481 1458 254.040936081942 8358.33502249624
13790.6059189269 3695.23636186767 1458 27.1472715394248 7742.85306961204
13476.0319252944 3418.59149378327 1458 302.594510161573 7484.50075357627
13566.0449460922 3317.57202673223 1458 253.698393950394 8523.81241107768
13891.4324373539 3736.31030734468 1458 39.7505863428014 7385.66273910784
14274.3210744818 3844.3384615312 1458 161.307668446433 7564.27829955682
14042.8752570493 3745.31309550431 1458 328.362150837403 7605.06197849046
13844.7718264967 3663.67960672772 1458 511.705607640657 7766.33405818934
13900.0158217334 3760.23495530776 1458 40.8235093902399 7153.8463225087
13771.9420274182 3623.30002411691 1458 358.136475973412 6075.6423536142
13867.4937162133 3683.76030795363 1458 99.5453468235671 7094.8039974715
14178.7258935608 3767.75507770713 1458 321.279380987493 7418.74766415777
13844.3349640775 3711.35488555701 1458 40.9251038964412 6184.06014736283
13704.3919859673 3538.14419110252 1458 502.022639691733 7290.41958940939
14274.3210744818 3844.3384615312 1458 161.307668446433 7564.27829955682
13893.8998224169 3727.77825079413 1458 47.1207111888662 6422.14343899028
14264.7711715076 3809.9605779714 1458 256.305518089338 7762.92999667139
13589.7022159849 3650.96752684255 1458 19.2059518905821 7449.00306429115
13869.8190354842 3652.36653498968 1458 34.1818284991509 8366.50844950977
13489.4385525077 3428.04211212771 1458 11.6694183004533 8188.71966819082
13091.1625756253 3305.47785263991 1448 634.698851996793 7555.36662428814
13319.0938082048 3422.33797016177 1458 32.962511338319 7465.78920181442
14003.2662441349 3799.54293541852 1458 98.3828148697908 9417.12927641986
13454.3685577289 3471.96025560304 1458 16.0531676478067 7545.30179900129
13715.263329215 3580.96436119591 1458 24.7675239927371 8086.76323988474
13361.5739609021 3535.99555110418 1458 27.652492251158 8298.98165762014
13691.1339496513 3530.04876266297 1458 83.6788752929604 8490.09246697903
13361.5739609021 3535.99555110418 1458 27.652492251158 8298.98165762014
13329.6450007887 3495.96180101159 1458 31.6436122653283 7105.45866158508
13517.7544909014 3542.64513798001 1458 8.12992600124244 7261.35533818644
13745.8658932943 3544.75642951914 1458 20.3839992978701 8843.12217968146
13517.7544909014 3542.64513798001 1458 8.12992600124244 7261.35533818644
13601.2204178636 3639.88838491788 1458 18.2776352458682 8464.96813509271
13558.8897421595 3450.62092232317 1458 130.238400105613 8007.31308164816
13755.9215243243 3546.29725112195 1458 21.6409531766153 8800.55378281879
13942.3432449885 3769.28482068877 1458 45.9421940134903 10038.649461486
14083.6502275165 3834.62016057274 1458 64.8000624319266 9843.10058098191
13225.3034227687 3371.66950280068 1458 570.614138952622 7305.79243426838
13517.7544909014 3542.64513798001 1458 8.12992600124244 7261.35533818644
14123.6019297932 3842.61556190519 1458 113.424775577077 9780.6330981325
13296.4656727269 3526.31610878913 1458 74.6295107828271 7624.56496034618
13031.8227797133 3417.01222561202 1458 107.709872409537 7000.60317814165
13172.0907548173 3489.52430214922 1458 90.1763755215309 8400.03799844283
14204.9627959165 3856.59097469907 1458 123.594883842494 9375.10171406923
13120.8417539177 3470.77636395788 1458 96.5825006339826 7742.61494516011
13482.3165634068 3439.75747625794 1458 284.972457093637 8240.31439526352
13099.1156461684 3461.90744137378 1458 99.298264102644 8308.74472075051
13120.8417539177 3470.77636395788 1458 96.5825006339826 7742.61494516011
13408.8605932651 3555.22834446774 1458 35.3786602444761 7865.56459144214
13755.9215243243 3546.29725112195 1458 21.6409531766153 8800.55378281879
13639.5457963454 3641.25465858861 1458 8.14201151917109 7503.69657473796
13469.4310502885 3563.84602889703 1458 220.784510246544 7912.21130479969
13706.9950558033 3654.64673496308 1458 205.255384668374 8839.86789126862
13631.8710078585 3651.40465375303 1458 7.1826629583145 8519.29078360533
13631.8710078585 3651.40465375303 1458 7.1826629583145 8519.29078360533
13632.7784012385 3657.0579373175 1458 7.2960871308162 8776.33381451819
14148.2417580596 3845.46132941626 1458 72.8740037498112 10034.0222139365
13632.7784012385 3657.0579373175 1458 7.2960871308162 8776.33381451819
14238.2019276456 3870.06266711287 1458 83.2776598663909 10209.920521062
13887.7029112997 3665.45107457634 1458 39.1616508884624 7786.80085094272
14114.9655485007 3727.37440943149 1458 67.5694805385826 8515.18221402362
14005.4419625303 3741.77467085471 1458 51.9506625004865 8780.65880773643
13964.9972390163 3777.92100043044 1458 48.8234418530308 9293.22381810327
13778.0522825062 3705.57125032523 1458 23.526952497481 8832.94902954689
13842.1536059862 3726.54467020903 1458 33.4679877242754 8224.13233502934
13964.9972390163 3777.92100043044 1458 48.8234418530308 9293.22381810327
13980.0932887337 3779.81196623355 1458 50.7104480677128 8795.85828705699
13912.3017862377 3750.76061255182 1458 42.2365102557103 9087.98442783859
14056.5440133804 3818.1112065492 1458 132.338628549427 9298.73788890773
13912.3017862377 3750.76061255182 1458 42.2365102557103 9087.98442783859
13697.58522489 3632.69701366731 1458 361.254403744248 9026.72547237992
13623.59026565 3605.19314044559 1458 6.14757018224805 7717.76828998484
13576.0878056178 3634.2181235864 1458 0.209762678223115 8725.6949498927
13994.4283762849 3757.40916289091 1458 463.763491390134 10468.3140068788
13714.8414651305 3657.30338272211 1458 17.5539701173045 8493.00142874944
13611.4407126223 3651.59945570974 1458 4.62887605378705 8331.16298407033
13647.2206904906 3658.52355780279 1458 22.4070817983231 8670.19747584668
14123.6019297932 3842.61556190519 1458 113.424775577077 9780.6330981325
13964.9972390163 3777.92100043044 1458 48.8234418530308 9293.22381810327
14075.8688607074 3695.09996424202 1458 62.6823945644212 9001.52398753891
13939.649670604 3763.47224134117 1458 45.6549958014971 9337.19916205352
13673.8321075126 3670.59649852401 1458 12.4278004150763 8925.70429005666
13964.9972390163 3777.92100043044 1458 48.8234418530308 9293.22381810327
14095.904304942 3834.18209800285 1458 109.962572470685 9473.39307800065
14076.9649819287 3837.77651740176 1458 107.595157094017 10131.1020840811
14123.6019297932 3842.61556190519 1458 113.424775577077 9780.6330981325
13532.1170475126 3666.8752218558 1458 7.50393080315735 8979.02822049729
13918.4902864224 3630.98907491869 1458 43.0100727788031 8537.8579695786
13700.2500168747 3656.71042156887 1458 39.6759689374787 8999.62669857856
13928.7741756593 3753.15172921702 1458 208.732849730796 9232.73601210726
13918.4902864224 3630.98907491869 1458 43.0100727788031 8537.8579695786
13899.2228647647 3711.82418177784 1458 397.839485618484 8852.77219381027
14071.0807430204 3817.15440968367 1458 59.7467742223976 9236.94903181046
14009.1303623075 3792.68034837849 1458 54.3400822644394 9513.80689867518
13841.8128567975 3687.7128050564 1458 497.051753421249 9507.17546094555
14066.9750258314 3804.63649126901 1458 250.804873973147 9672.40767677677
13691.9833305556 3693.71624251962 1458 71.9624751853601 8770.49105980547
12954.3710898334 3367.88761647512 1458 260.378566807577 3352.23663504836
13279.1269714576 3343.58529920605 1458 266.327487143757 2493.76420705256
13019.7711854826 3270.26535618219 1458 36.5631364491355 2162.60434167157
13273.506133152 3458.65860268124 1458 48.7032556001586 2759.19693707973
13729.9968184447 3637.02986350827 1458 21.3751582621419 2605.58382100847
13243.0831238258 3437.00649415787 1458 64.4771287420367 2720.45758305934
13232.380055143 3465.48741659037 1458 211.199709715911 2772.85456489799
13390.8053759499 3464.96877893556 1458 175.358781398981 2791.71917767227
13390.2431865448 3466.80507959832 1458 175.569602425897 2803.57056425755
13408.0750968849 3415.05343356393 1458 297.865671368635 2412.0624913837
13600.7395788728 3573.46606294334 1458 640.230524494091 3012.93973553131
13836.1230635146 3716.56349719236 1458 8.10937762839853 2698.13577318328
13587.1692595614 3516.82976108679 1458 615.145787754934 3213.82689421622
12978.6314602549 3270.90686227165 1458 973.379221534422 2309.78625722802
12972.2948437356 3270.18651836831 1458 975.755452729166 2309.78625722802
13560.8798831814 3396.71230841995 1458 265.487121952038 3031.38769014586
13232.380055143 3465.48741659037 1458 211.199709715911 2772.85456489799
13229.4774753522 3304.64815046997 1458 306.912422930685 2508.46302966234
12972.2948437356 3270.18651836831 1458 975.755452729166 2309.78625722802
13792.0439725079 3701.36462814481 1458 13.6192640042345 2809.60489157105
12959.8571856623 3377.6407230872 1458 340.614959141926 2442.10857362351
13311.1805398326 3512.72657141523 1458 287.226662561653 2879.95156626992
12922.1234207656 3315.06853968655 1458 345.331679754015 2295.76097612737
12838.4515763467 3254.08509761461 1458 355.790660306375 2263.69249285941
13389.0172738491 3521.49800995804 1458 24.1784796895608 2945.32957375544
13232.380055143 3465.48741659037 1458 211.199709715911 2772.85456489799
13554.5252504738 3477.30924474945 1458 266.281451040489 2535.84591311704
13052.3778604442 3394.92232225982 1458 213.064679796812 2673.92281972227
13132.4164739526 3484.91098487514 1458 142.282787902348 2258.79786264372
13678.1008691515 3601.73623806652 1458 387.165112762771 3162.72251638023
13551.7648788632 3620.18205004002 1458 43.6541507098257 2450.291584022
13512.0431749575 3624.75261870003 1458 48.6193636980354 2651.66962689317
13507.6421655648 3568.6662154934 1458 160.160002933517 3042.1934332178
13433.6806055614 3593.29556214746 1458 58.4146848725509 2615.56800563365
13404.8113985437 3501.24397834531 1458 89.424485579726 2904.82151052998
13389.0172738491 3521.49800995804 1458 24.1784796895608 2945.32957375544
13389.9614512241 3514.15191284652 1458 24.5325462051987 2927.96839072139
13608.5082305227 3600.30055430331 1458 88.4351123585852 3025.21233246168
13389.0172738491 3521.49800995804 1458 24.1784796895608 2945.32957375544
13980.265519837 3686.64819925636 1458 323.716140245554 3412.53156632172
13793.9540961573 3521.87703714854 1458 59.4088112590348 2996.34795521581
