3996.65723194975 946.02546885738 679 39.3927399421458 428.737984784206
4273.26013845447 933.29596372183 749 126.797345703308 482.470422329123
4022.58698179934 938.027731448646 689 36.1515212109472 463.681423623824
4029.30020030596 941.01808029918 689 35.312368897619 472.652470175426
3996.65723194975 946.02546885738 679 39.3927399421458 428.737984784206
4029.30020030596 941.01808029918 689 35.312368897619 472.652470175426
4029.30020030596 941.01808029918 689 35.312368897619 472.652470175426
3849.59133643329 909.989752702376 669 57.7759768817026 386.208144754032
4030.15602976226 939.873680459189 689 35.2053902155818 435.3194270479
4029.30020030596 941.01808029918 689 35.312368897619 472.652470175426
4030.15602976226 939.873680459189 689 35.2053902155818 435.3194270479
3937.73764000193 944.654134706674 669 46.7576889356232 423.579096331889
4032.59002491922 942.192446704971 689 34.9011408209612 480.320960456387
4103.53425636341 943.021177387655 699 26.0331118904382 489.536905150823
4029.30020030596 941.01808029918 689 35.312368897619 472.652470175426
3930.28494233499 920.021273004132 679 47.6892761439904 430.658855585329
4029.30020030596 941.01808029918 689 35.312368897619 472.652470175426
4056.62240450054 938.919359089166 689 3.08185245590084 473.774785224776
4056.62240450054 938.919359089166 689 3.08185245590084 473.774785224776
3996.65723194975 946.02546885738 679 39.3927399421458 428.737984784206
4032.59002491922 942.192446704971 689 34.9011408209612 480.320960456387
4029.30020030596 941.01808029918 689 35.312368897619 472.652470175426
4032.59002491922 942.192446704971 689 34.9011408209612 480.320960456387
4032.59002491922 942.192446704971 689 34.9011408209612 480.320960456387
4025.23260296554 937.404018855178 689 35.8208185651714 466.726006521275
4032.59002491922 942.192446704971 689 34.9011408209612 480.320960456387
4032.59002491922 942.192446704971 689 34.9011408209612 480.320960456387
3938.03385844173 939.177723801076 659 17.4089748766382 415.042494671598
4032.59002491922 942.192446704971 689 34.9011408209612 480.320960456387
3938.03385844173 939.177723801076 659 17.4089748766382 415.042494671598
3904.27376592458 939.469011051855 649 13.8971523083646 460.534737825112
3975.78931327746 942.37853995406 669 10.2025335756117 460.330969967085
3975.78931327746 942.37853995406 669 10.2025335756117 460.330969967085
3852.88116104656 911.164119108167 669 57.3647488050449 393.876635034993
3716.58373693806 913.005125485976 609 34.421374938546 325.898161622382
3929.4798010205 942.795737936376 659 14.2012033436777 422.278522942198
3929.4798010205 942.795737936376 659 14.2012033436777 422.278522942198
3716.58373693806 913.005125485976 609 34.421374938546 325.898161622382
3717.71315441315 916.946473021579 609 34.5625521229322 329.205061298171
3789.2976111323 918.70788481502 629 7.3862508596693 348.357238905029
3970.9271462606 948.089780788031 669 38.659591190408 501.081157816003
3717.04889442598 920.456562921039 609 34.479519624537 335.493829536685
3789.2976111323 918.70788481502 629 7.3862508596693 348.357238905029
4000.88549593463 944.315158235684 679 40.9783389364778 425.317363540814
4045.01027486514 939.695390880058 719 40.9583675287078 524.863375924826
3777.58097454706 918.249147331562 629 11.7799895791326 347.439763938112
4045.01027486514 939.695390880058 719 40.9583675287078 524.863375924826
3989.27152871097 940.376230840768 669 36.6231012276045 446.538528264574
3985.63204714749 931.739543394523 689 19.9693500272203 481.077827055548
3985.63204714749 931.739543394523 689 19.9693500272203 481.077827055548
3996.65723194975 946.02546885738 679 39.3927399421458 428.737984784206
3996.65723194975 946.02546885738 679 39.3927399421458 428.737984784206
3985.63204714749 931.739543394523 689 19.9693500272203 481.077827055548
4023.36582608918 946.14941565671 689 34.1195171303553 509.897571579922
3785.32735069084 921.126358635952 619 12.7482865971052 400.602437561409
3970.63818433385 949.070289565733 679 4.73353463254625 510.079254172934
3867.04833884425 942.388013489895 629 17.8970839604221 488.540752114142
3970.63818433385 949.070289565733 679 4.73353463254625 510.079254172934
3746.60987992317 920.21688014021 619 32.9518913255575 466.369618764457
3912.38998547733 934.448251055288 659 12.2293781312876 461.51871763062
3867.04833884425 942.388013489895 629 17.8970839604221 488.540752114142
3858.00702199053 936.100392978341 649 12.8953919650305 484.935593801385
3882.20120882982 948.976205569358 649 21.9682120297657 523.563031574435
3889.72106801015 948.577348135792 649 24.7881592223903 428.793626293183
3970.63818433385 949.070289565733 679 4.73353463254625 510.079254172934
3824.76314345256 944.196283100466 629 23.1827333843835 445.480451881172
3970.63818433385 949.070289565733 679 4.73353463254625 510.079254172934
3970.63818433385 949.070289565733 679 4.73353463254625 510.079254172934
3870.3210473227 942.79412838098 649 23.453232218156 489.642274254509
3970.63818433385 949.070289565733 679 4.73353463254625 510.079254172934
3878.97881247933 949.158282568891 629 22.3710115735771 508.851559351129
3882.20120882982 948.976205569358 649 21.9682120297657 523.563031574435
3905.17344427584 938.574132070086 659 13.1314457814728 484.726870694332
3905.17344427584 938.574132070086 659 13.1314457814728 484.726870694332
3970.63818433385 949.070289565733 679 4.73353463254625 510.079254172934
3947.93438698056 929.73597928974 679 1.89555996338578 432.742013068962
3988.76096014769 954.033021187315 679 2.68300629749172 481.103487762647
3943.41931351462 961.972783621922 649 8.35071212662626 508.125522246169
3942.28989603953 958.031436086319 649 8.49188931101241 504.81862257038
3897.68105765623 936.159063593129 669 4.38610620215621 428.898511018493
3897.68105765623 936.159063593129 669 4.38610620215621 428.898511018493
3897.68105765623 936.159063593129 669 4.38610620215621 428.898511018493
3838.74746493243 926.850155334089 649 45.7514395536176 434.953081955599
4008.07060149715 942.864165151686 669 1.14120611084536 490.998762817925
3970.63818433385 949.070289565733 679 4.73353463254625 510.079254172934
3957.80896360081 947.846671337831 679 7.42391084788744 495.981269004069
3972.1814827529 944.485519433706 679 4.92644693492718 505.494484040907
3961.32974767469 939.960914003859 679 7.1497581782948 470.966865391331
3970.63818433385 949.070289565733 679 4.73353463254625 510.079254172934
3942.27564371305 933.200877019846 679 6.59134129237998 502.512213587387
3970.63818433385 949.070289565733 679 4.73353463254625 510.079254172934
3899.8400670071 939.858861361609 669 4.11623003329754 431.590482369253
3969.11807483975 951.578751472328 679 4.54352094578377 458.233009770391
4011.5536515457 944.920767130565 689 15.2510922714612 529.154740988525
3969.11807483975 951.578751472328 679 4.54352094578377 458.233009770391
4011.5536515457 944.920767130565 689 15.2510922714612 529.154740988525
3838.74746493243 926.850155334089 649 45.7514395536176 434.953081955599
3860.97916648807 930.869057580485 659 39.9825499556315 392.659019854606
3929.45004594047 923.595104721668 669 3.4578196030871 413.024722020548
4038.75520886643 932.022526767328 699 31.9832207421895 463.078196118952
3930.11713716754 947.598066974711 690 48.2237759820807 399.136206382441
3838.74746493243 926.850155334089 649 45.7514395536176 434.953081955599
4058.47477981808 943.287720424193 699 29.5182743732328 516.396876264491
3927.08841690372 949.312396649357 690 47.8451859491034 388.652497029902
3927.08841690372 949.312396649357 690 47.8451859491034 388.652497029902
4029.11421472946 933.599318172907 699 33.1883450093105 497.02007176192
3838.74746493243 926.850155334089 649 45.7514395536176 434.953081955599
4056.22507944543 947.895079486557 699 29.799486919814 525.61159438922
3898.34081172888 913.815453543953 679 49.5350203843832 411.429300747461
4056.22507944543 947.895079486557 699 29.799486919814 525.61159438922
3927.08841690372 949.312396649357 690 47.8451859491034 388.652497029902
3927.08841690372 949.312396649357 690 47.8451859491034 388.652497029902
3959.28081578445 932.732915070894 680 12.7847677467988 658.136303425209
3959.28081578445 932.732915070894 680 12.7847677467988 658.136303425209
3959.28081578445 932.732915070894 680 12.7847677467988 658.136303425209
3953.15055636072 923.520978334444 680 12.0184853188322 639.71242995231
4085.85129526906 940.050860657661 690 31.3965363358699 655.113478482908
3959.28081578445 932.732915070894 680 12.7847677467988 658.136303425209
3841.27999201101 913.381452222496 660 0.825123428613438 616.777355374451
3841.27999201101 913.381452222496 660 0.825123428613438 616.777355374451
3959.28081578445 932.732915070894 680 12.7847677467988 658.136303425209
3841.27999201101 913.381452222496 660 0.825123428613438 616.777355374451
3988.00699394536 937.278049187575 680 19.1659986704065 686.955792426336
3988.00699394536 937.278049187575 680 19.1659986704065 686.955792426336
3988.00699394536 937.278049187575 680 19.1659986704065 686.955792426336
3939.61442430818 925.495209647483 670 13.1169274657597 643.004909381721
3923.61716880661 921.792056267429 670 11.1172705280631 642.726323552878
3988.00699394536 937.278049187575 680 19.1659986704065 686.955792426336
3854.55075526974 941.970114829473 660 2.48396883595416 443.224267870409
3988.00699394536 937.278049187575 680 19.1659986704065 686.955792426336
3988.00699394536 937.278049187575 680 19.1659986704065 686.955792426336
3932.37298297784 936.127996215402 670 12.2117472994669 534.521237481331
3979.95587104858 933.049500143298 680 18.159608308309 678.498694337782
3932.37298297784 936.127996215402 670 12.2117472994669 534.521237481331
3857.43529283856 917.910835755494 660 2.8445360320564 432.734532908927
3932.37298297784 936.127996215402 670 12.2117472994669 534.521237481331
3857.43529283856 917.910835755494 660 2.8445360320564 432.734532908927
3938.10178129628 942.143864796216 670 10.0634479300501 533.400290501738
3932.37298297784 936.127996215402 670 12.2117472994669 534.521237481331
3988.00699394536 937.278049187575 680 19.1659986704065 686.955792426336
3932.37298297784 936.127996215402 670 12.2117472994669 534.521237481331
3981.87673452162 928.066112451126 680 18.3997162424401 668.531918953437
4051.79548827768 952.937629934488 700 26.121939851637 689.861361246405
3988.00699394536 937.278049187575 680 19.1659986704065 686.955792426336
4048.84931881025 951.747621396007 700 25.7536686682076 687.481344169443
4044.9635388773 941.35667731774 700 25.2679461765894 734.596876502829
4078.37441606282 950.519756391415 710 27.0662212969319 639.420608473576
4072.24415663908 941.307819654966 710 26.2999388689653 620.996735000677
4078.37441606282 950.519756391415 710 27.0662212969319 639.420608473576
4000.39797849055 937.58584307621 700 18.6854598203884 545.21320397802
4116.48372194027 941.864642052807 710 35.8458695925486 639.900300680473
3983.428154213 939.182877763126 700 62.6710694906146 537.012824627315
4042.24401973996 946.630569158254 700 26.5659068175099 641.234986438662
4078.37441606282 950.519756391415 710 27.0662212969319 639.420608473576
4078.37441606282 950.519756391415 710 27.0662212969319 639.420608473576
4078.37441606282 950.519756391415 710 27.0662212969319 639.420608473576
4014.00478785842 944.273310669917 700 24.4645419819105 548.876838707714
3983.40313940658 943.051082703615 700 62.6804500430213 609.545913722376
4014.00478785842 944.273310669917 700 24.4645419819105 548.876838707714
4041.38929711561 941.523955957106 710 74.3866590765415 522.013516845934
4078.37441606282 950.519756391415 710 27.0662212969319 639.420608473576
4065.96073737741 949.943541161328 710 25.4272824796749 676.399879983064
4140.1251913785 952.156052454638 720 37.3606987279568 562.95917401034
4069.41962087688 943.381342323661 710 29.7697916894095 638.703449278077
4065.96073737741 949.943541161328 710 25.4272824796749 676.399879983064
4068.17647303305 946.693761469962 710 29.6143982089301 642.015868424379
4068.17647303305 946.693761469962 710 29.6143982089301 642.015868424379
4014.00478785842 944.273310669917 700 24.4645419819105 548.876838707714
3983.428154213 939.182877763126 700 62.6710694906146 537.012824627315
3983.428154213 939.182877763126 700 62.6710694906146 537.012824627315
3983.428154213 939.182877763126 700 62.6710694906146 537.012824627315
3845.46370163328 922.009176496283 640 32.2086014089464 591.170442316154
3848.37785170854 926.546704322871 640 32.5728701683537 595.707970142742
3983.428154213 939.182877763126 700 62.6710694906146 537.012824627315
4103.90067250822 944.579273216567 720 62.5613160210083 603.72601221373
4099.99685901361 949.538200755005 720 64.0252460814878 613.643867290606
4099.99685901361 949.538200755005 720 64.0252460814878 613.643867290606
4099.99685901361 949.538200755005 720 64.0252460814878 613.643867290606
4099.99685901361 949.538200755005 720 64.0252460814878 613.643867290606
3994.3629900271 919.324688841292 710 1.76809082235053 665.005436370054
4103.90067250822 944.579273216567 720 62.5613160210083 603.72601221373
3994.3629900271 919.324688841292 710 1.76809082235053 665.005436370054
4099.99685901361 949.538200755005 720 64.0252460814878 613.643867290606
4103.41313009552 950.451165204274 720 64.4522799667267 626.046751943962
4101.13296824072 950.451165204274 720 64.1672597348769 619.612431024146
3918.13822948222 929.738058440544 690 68.1740835329171 542.991918265211
3913.22049234376 930.846484265123 690 67.5593663906096 545.208769914368
3888.06699501956 917.148857416056 690 64.4151792250846 501.190353431697
3934.59509938718 939.185292971424 690 70.2311922710375 556.988941792147
3937.55257378263 937.479481799429 690 70.6008765704677 548.092651824917
3919.74186521935 931.966096933447 690 68.374538000058 540.950171959928
3934.59509938718 939.185292971424 690 70.2311922710375 556.988941792147
3926.01777924551 936.253558032629 690 73.4476873241655 580.557690808844
3952.33125358026 950.728210996677 660 3.07710251510957 750.353409433322
4169.04495567327 922.114790645335 750 3.68250622927508 806.59315500555
4163.70867686527 925.413713210456 750 3.01547137827481 816.489922700913
4254.13200977674 940.0777001068 760 30.8932784635278 899.639520801956
4249.75159436407 927.515802623233 769 8.63635741321286 1085.32419945448
4257.79747128703 935.128165534332 760 30.4350957747411 910.558690250902
4317.91485702586 945.346834828614 789 20.5703716358126 1222.64301270258
