13147.7731691984 3294.51076227061 1724 217.651342130884 4853.41247979516
12575.910168169 3236.11738326028 1724 241.883488613918 5266.1346684699
12455.0520728181 3142.0368048722 1724 258.559766043028 4025.98961655744
12837.6145070893 3251.16430898822 1724 89.2827212305297 4277.23333629657
12816.9682903468 3230.49384183131 1724 55.4886065265309 4155.78270911904
12757.7152343917 3213.6092264072 1724 114.391142461679 4243.81723288146
12801.4358712158 3236.04483276877 1724 57.4301589179045 4200.19063661873
13829.1979673243 3631.52322450735 1724 1.09652535038185 6795.7839689266
12801.4358712158 3236.04483276877 1724 57.4301589179045 4200.19063661873
12830.4936547116 3259.67658379378 1724 83.1413875053036 5004.88003985341
13382.8291144251 3482.37743466872 1724 485.162739901202 6672.62374509965
13224.5489595504 3385.22413062447 1724 70.6448548981907 5849.87853074193
12768.5300049732 3209.78261495175 1724 75.3959312880042 4153.83305450644
13047.071494715 3287.52608173342 1724 110.213617505733 4685.65216927974
13381.2017354322 3442.22475847713 1724 90.2264518834131 6091.22568853626
13412.2868446343 3481.45962710045 1724 553.033292766769 6706.26174081154
13053.3406672356 3295.88072007317 1724 110.997264070797 5061.6475001861
13355.0752834355 3400.56435603421 1724 148.71409109579 6085.81431672714
13694.4644351551 3551.89359619422 1724 22.5437742998611 6391.58605528776
12929.1439902951 3382.27941224034 1724 234.88013719089 6704.32271565376
12946.6667184744 3357.99169904264 1724 197.267489065272 6267.07431806785
13772.4218408163 3669.62949393536 1724 251.698796454928 7617.21256623024
13505.3308261493 3445.94018544853 1724 7.0358589574812 6314.44717600473
13381.8363038209 3460.71392952848 1724 535.313426496395 6850.34675187895
13428.6086420935 3498.52411938755 1724 244.147078281269 6652.89826095691
13369.0188529522 3333.34445617172 1724 165.730360035742 6827.38296073592
13397.3431232545 3497.60152107863 1724 554.305670285349 7267.88123692737
13333.5133316174 3339.18626084435 1724 190.313702484247 7070.80509370174
13347.3603170372 3467.85547837172 1724 367.498950566698 6570.99392430697
13304.7449188573 3447.78303843822 1724 589.029996934283 7218.06275428696
13403.0034814904 3467.08067686369 1724 332.340200062054 6504.30619216433
13216.3472115315 3390.66003692573 1724 423.87063777116 6549.63274686029
13360.9691016626 3470.25330665148 1724 450.415654073202 6695.1458592408
13388.9998223719 3470.63636855587 1724 330.589742672236 6445.80355906296
13404.0974311911 3464.11888112746 1724 332.476943774631 6486.53541774693
13373.3991151609 3366.9380338982 1724 205.275383242317 6387.34337559055
13299.2119832007 3462.55232409717 1724 366.333799399903 6394.07609539269
13301.4582881139 3466.51714687728 1724 89.191444834622 6035.5228173861
13239.9786116834 3434.99859012275 1724 112.246323496058 5853.34818428822
12832.4090676773 3299.16135162401 1724 372.392010717085 6863.86989616792
13335.6405332787 3349.25897336396 1724 119.033130678229 6547.66548866943
13501.9293910687 3516.45820456735 1724 137.050858037069 6093.83162296958
13074.5861921035 3216.4947645339 1724 70.342800446625 4773.33939076656
13193.4817970582 3392.49713112366 1724 230.35629255679 5743.46980686977
12710.4524700728 3311.68261702955 1724 214.953967879586 6083.41169476423
13420.9959553878 3497.97414125299 1724 149.990453359328 6701.27855419204
13047.6325311967 3345.0892998444 1724 344.399512816517 5298.90942020229
13591.2875380648 3597.13321217037 1724 44.4501143878315 6815.8401509124
13635.4797113462 3555.15527417794 1724 270.005961937852 6684.85165044343
13291.3308591222 3476.62218884375 1724 101.96764251024 5884.1525472716
13680.073932028 3638.2094788633 1724 77.7450121240286 7132.13335516337
13344.3371704806 3433.34505930075 1724 233.613144329649 6205.28445592071
12810.8111360005 3366.9368362142 1724 250.037490880582 6593.54352643696
13302.4089959227 3497.3816417158 1724 4.16173189872825 6281.23262305685
13424.0823565611 3476.17454882137 1724 243.581292589713 6428.78576862714
12810.0990495339 3278.29911602602 1724 241.208554077068 5260.40482673323
12644.4047471414 3199.79827191566 1724 968.764129937628 7326.56514407652
12644.4047471414 3199.79827191566 1724 968.764129937628 7326.56514407652
12819.4657236622 3268.4185365408 1724 240.037719811039 5182.54319204506
13410.8599727796 3436.03409643826 1724 114.500567482196 6040.25513548341
12791.5387071751 3308.7200716958 1724 190.175909898115 6597.34587727643
12658.5733350511 3274.11136019793 1724 260.149268387424 6047.54736471967
12849.9786229034 3325.51087988579 1724 182.870920432077 6573.54627483748
13499.1977777044 3501.04935656138 1724 252.97072023263 6141.05306390521
13257.0314504793 3418.70402968604 1724 615.329820235786 6769.30076828169
12849.9786229034 3325.51087988579 1724 182.870920432077 6573.54627483748
13515.3611767674 3513.59256612669 1724 254.991145115506 6593.99628408447
14140.4713855904 3782.14668858114 1724 0.473743539779207 8056.58833178987
13272.4972139494 3479.87819997222 1724 181.728062718006 9399.42204848634
13394.7692603886 3486.57418929358 1724 233.430048090214 8649.68031463987
13702.7326676754 3620.98489295794 1724 339.072213268018 9345.81197738787
14060.4700728715 3716.69510318935 1724 47.9175520810845 10058.8629856553
13680.9293127233 3603.39463087123 1724 59.7201803846756 9231.81892822915
13676.850368657 3601.42794929291 1724 58.190576359822 9201.15012350055
14041.0555265387 3731.6742530163 1724 37.2628347561049 9247.49194402321
14167.2758802147 3781.32008022139 1724 10.0697978723615 9656.15432100923
14050.8771662073 3735.08715458072 1724 57.9962323754853 9681.17460513243
13821.2093005291 3574.51543262118 1724 97.9613645417016 8772.0618245297
14050.8771662073 3735.08715458072 1724 57.9962323754853 9681.17460513243
14086.8674192068 3743.97901932626 1724 64.0194671955715 9411.64767170338
14167.2758802147 3781.32008022139 1724 10.0697978723615 9656.15432100923
13609.2396580224 3590.81350424604 1724 108.073630487393 9537.26525856245
13342.9831048234 3475.59437881398 1724 230.952490265838 7822.55378746561
13812.6147909449 3568.84268127337 1724 122.279073729957 8905.29102539481
14201.3624116243 3802.05570341006 1724 40.4037805373127 9717.36321599313
13289.3949946963 3466.88406994311 1724 148.054213403153 8809.8398736842
13873.5084738223 3581.02624338922 1724 114.667363370282 9055.7402242832
14098.1582645659 3757.88397306162 1724 150.493249797755 10033.8949913436
14158.3073232334 3787.60325251672 1724 56.5494386839243 10170.748353548
13500.572780274 3482.28480275793 1724 537.698680809901 7635.87335659948
14003.5719747997 3708.19511005958 1724 53.7445247150683 9595.88454733589
13736.4717433573 3565.90283460252 1724 54.4601096037732 7935.5448831652
14124.1724880229 3763.00954552073 1724 6.17656768403003 9903.54802772196
13736.4717433573 3565.90283460252 1724 54.4601096037732 7935.5448831652
12827.3348482555 3343.40810968368 1724 261.040852692288 7769.10401301431
14007.4099956436 3650.37355679038 1724 29.9706889375514 10390.3340282592
13855.9036190482 3597.411085798 1724 124.597209348376 8813.66086262229
13816.5993701393 3584.42272769986 1724 118.402499104933 8630.4482642988
13874.86141669 3588.69252396715 1724 174.673338274327 8830.4711651935
13903.9318382311 3666.3555770229 1724 274.0454824964 9919.02593009963
13928.8455594814 3622.69797034272 1724 154.429284727559 8966.22163165752
13700.7202274791 3578.50682599938 1724 298.789355389819 8745.4135404081
13701.8872253494 3645.85659130146 1724 94.990625728025 9492.27756336175
12957.4740892021 3364.52465527967 1724 218.127762137125 8387.99443851598
13747.3128508182 3655.54529031474 1724 16.6944278865953 9492.21585958073
13799.7039410231 3679.86582825952 1724 37.0200887361711 10405.7320992365
13801.0619450686 3679.98175724031 1724 36.8503382304864 9817.58021683764
13515.8668077219 3569.90376428701 1724 78.6159405413973 9574.20644423442
13799.7039410231 3679.86582825952 1724 37.0200887361711 10405.7320992365
13764.9646468452 3604.50682456102 1724 250.835402985286 9190.04985682671
13586.9948263274 3569.22651891842 1724 48.1579569239975 8930.67554715083
14158.3073232334 3787.60325251672 1724 56.5494386839243 10170.748353548
14158.3073232334 3787.60325251672 1724 56.5494386839243 10170.748353548
13603.2133426284 3569.04434343263 1724 3.81372007694927 8504.86117843633
13811.4879643034 3654.75803163186 1724 147.162517067758 9298.29613411757
14078.6380582328 3716.98203184068 1724 60.2968603527354 9924.09479819579
13586.9948263274 3569.22651891842 1724 48.1579569239975 8930.67554715083
13526.0438962892 3555.75791736162 1724 147.056536251244 9520.66147857195
13607.065893071 3592.96189438863 1724 50.6668402669497 9040.8956447901
13894.6280036929 3700.81269795416 1724 41.7327035316569 10186.1747404376
13556.7358025586 3574.20187990043 1724 87.1334065906876 9147.45178369504
13753.775967947 3639.80193711857 1724 46.9927028107636 9404.04652982658
13819.9720719157 3595.99431147696 1724 90.1951888046672 9408.27817663708
13773.2309895368 3636.32941088744 1724 246.519691235844 9090.92206671029
13607.065893071 3592.96189438863 1724 50.6668402669497 9040.8956447901
13658.244018007 3603.09932865202 1724 130.993576228369 9602.79950012777
13719.8471175867 3620.91750164314 1724 123.29318878091 9605.04926823184
14079.3270700911 3753.14164667025 1724 47.8923480406072 9975.75927823247
14231.8223715853 3815.74648010685 1724 54.6520862164937 10121.7295195386
14112.0129520485 3769.91542590288 1724 50.7626422858209 10190.0942470692
13513.8171992323 3496.4631944387 1724 118.581081897962 9080.30952979873
14235.7370353647 3799.25171972071 1724 40.174375678559 10610.273717692
14076.1485080718 3753.19574323473 1724 48.2896682930254 10010.4391339707
14092.1534701932 3720.09150500263 1724 46.2890480278452 9940.50247100164
14235.7370353647 3799.25171972071 1724 40.174375678559 10610.273717692
14039.0392333091 3730.40815272295 1724 101.274972405503 10135.3628027751
14195.5893311745 3783.78982382999 1724 56.812131427361 10039.6354720605
13910.6370756384 3622.91512271552 1724 68.9785973472035 9741.46816849966
14158.3073232334 3787.60325251672 1724 56.5494386839243 10170.748353548
14158.3073232334 3787.60325251672 1724 56.5494386839243 10170.748353548
14009.7918444616 3707.60405824434 1724 112.24274322333 8894.33322543874
14072.4658800916 3739.95368067952 1724 25.4839521737904 9023.55978146353
14005.8971416055 3713.23501175314 1724 138.125053572181 9421.09934557225
14158.3073232334 3787.60325251672 1724 56.5494386839243 10170.748353548
13894.6184722266 3695.37164258895 1724 72.2899008293184 9659.29465031162
14009.7918444616 3707.60405824434 1724 112.24274322333 8894.33322543874
14158.3073232334 3787.60325251672 1724 56.5494386839243 10170.748353548
13933.0316477854 3646.7388902917 1724 67.7120650909519 9205.35687077777
14079.3270700911 3753.14164667025 1724 47.8923480406072 9975.75927823247
13562.6403365626 3577.62462023439 1724 96.1264634497545 9203.62268993486
14149.6947385222 3785.60674267626 1724 59.7791579506179 10117.2908338969
14189.8742705155 3792.42042574741 1724 38.0080514044107 9810.58039244116
13376.6876640929 3518.74367945818 1724 486.279158384396 9631.43363635412
14293.3608279601 3826.52153333106 1724 13.7258480788507 10627.653134841
14210.9661050007 3804.62865128578 1724 36.8023955211872 10576.3666144322
13634.6872221001 3628.67606160857 1724 45.8050845307384 8777.84359260866
14149.1996041293 3785.37813235875 1724 56.6981051932123 9880.8474844472
13642.6425948377 3629.34282813679 1724 8.45288513111268 8656.41115778301
13646.0762038921 3631.09832409728 1724 44.3814618067381 8930.81973044956
14090.9875808849 3728.96008534604 1724 52.6590753781193 10822.3672618997
14245.3670360716 3826.0202174492 1724 88.5924490248835 11494.6236058768
14074.6865107512 3768.14823742822 1724 9.19482655064962 10461.5676120814
14139.7216012293 3792.19715951646 1724 17.3242128604161 10970.6891722682
14158.3073232334 3787.60325251672 1724 56.5494386839243 10170.748353548
14155.6366462658 3798.28176256551 1724 30.49376842164 9998.35139008301
14150.5105906418 3807.9894534992 1724 18.6728365369772 10462.2651158104
14124.6760312222 3790.55493099582 1724 30.3380312227878 9677.58711747275
13640.3438706124 3637.99761305164 1724 36.9497242208467 8804.11663704304
13656.0195171507 3643.5848682259 1724 43.2934960548628 9582.08922444492
13951.3821981329 3701.87539848662 1724 0.4060384671875 9674.29933351556
14111.1093364001 3796.33857295971 1724 22.5878286541231 9997.12310562859
14047.4516704273 3779.3001013949 1724 11.6026455696094 10262.83381495
14053.7553980848 3776.23290754535 1724 136.939505780107 10541.5389776958
14047.4516704273 3779.3001013949 1724 11.6026455696094 10262.83381495
13690.3897575775 3582.99494648198 1724 310.001979484076 9625.04447419203
14005.3048464388 3717.03201565429 1724 8.76516910473038 9192.95501963128
13656.0195171507 3643.5848682259 1724 43.2934960548628 9582.08922444492
14111.7656536945 3802.68158119681 1724 66.1773221269721 9969.61367994352
13925.6117638134 3709.41194864007 1724 135.985030832387 9072.06550419836
13882.1484075163 3649.79261568372 1724 6.72415710785117 9700.0462583085
13489.4916662926 3513.16939923541 1724 55.8062497608134 8832.05881162209
13489.0604082717 3593.20598288172 1724 55.8601570134274 9748.82737499963
13458.9015773362 3585.2523159031 1724 60.5471628768082 9768.05295351442
13732.2963117734 3646.26743267065 1724 26.7363927547271 10816.6238069016
13568.2723785489 3609.80175422713 1724 25.5730333766364 9524.24285996865
13999.8569049206 3726.83798038573 1724 7.07225307123645 9370.6999813056
13448.9852294878 3567.51394784734 1724 60.8695543614194 9836.65511613312
13876.5053821281 3700.59302089805 1724 8.71025896038918 10508.8779523786
13539.5564573762 3523.99720996429 1724 49.5481508753696 8910.17109204605
13496.5747373713 3590.76777165539 1724 54.9208658759817 9935.34186227588
13251.438771089 3509.06122177937 1724 85.562861661263 9838.70105422329
13669.6972995234 3642.60327066831 1724 247.310836476239 9751.29877002899
13489.0604082717 3593.20598288172 1724 55.8601570134274 9748.82737499963
13648.594676704 3533.58455969479 1724 350.257068091835 9785.10401393089
13905.8893599194 3677.63037296328 1724 5.03726173647556 10637.7184201293
13894.6843160567 3702.48870119794 1724 6.43789221930638 10673.7663867892
14151.3491154519 3810.25690037189 1724 22.3251934060922 11400.4362541089
13872.9647584813 3719.50222462738 1724 12.4728512152255 9719.41712008544
13591.902248459 3620.66971625296 1724 47.6056649680186 9396.19650165939
13769.8334865917 3677.67967280279 1724 22.0442459024384 9622.38372038987
