13640.3438706124 3637.99761305164 1724 36.9497242208467 8804.11663704304
13656.0195171507 3643.5848682259 1724 43.2934960548628 9582.08922444492
13951.3821981329 3701.87539848662 1724 0.4060384671875 9674.29933351556
14111.1093364001 3796.33857295971 1724 22.5878286541231 9997.12310562859
14047.4516704273 3779.3001013949 1724 11.6026455696094 10262.83381495
14053.7553980848 3776.23290754535 1724 136.939505780107 10541.5389776958
14047.4516704273 3779.3001013949 1724 11.6026455696094 10262.83381495
13690.3897575775 3582.99494648198 1724 310.001979484076 9625.04447419203
14005.3048464388 3717.03201565429 1724 8.76516910473038 9192.95501963128
13656.0195171507 3643.5848682259 1724 43.2934960548628 9582.08922444492
14111.7656536945 3802.68158119681 1724 66.1773221269721 9969.61367994352
13925.6117638134 3709.41194864007 1724 135.985030832387 9072.06550419836
13882.1484075163 3649.79261568372 1724 6.72415710785117 9700.0462583085
13489.4916662926 3513.16939923541 1724 55.8062497608134 8832.05881162209
13489.0604082717 3593.20598288172 1724 55.8601570134274 9748.82737499963
13458.9015773362 3585.2523159031 1724 60.5471628768082 9768.05295351442
13732.2963117734 3646.26743267065 1724 26.7363927547271 10816.6238069016
13568.2723785489 3609.80175422713 1724 25.5730333766364 9524.24285996865
13999.8569049206 3726.83798038573 1724 7.07225307123645 9370.6999813056
13448.9852294878 3567.51394784734 1724 60.8695543614194 9836.65511613312
13876.5053821281 3700.59302089805 1724 8.71025896038918 10508.8779523786
13539.5564573762 3523.99720996429 1724 49.5481508753696 8910.17109204605
13496.5747373713 3590.76777165539 1724 54.9208658759817 9935.34186227588
13251.438771089 3509.06122177937 1724 85.562861661263 9838.70105422329
13669.6972995234 3642.60327066831 1724 247.310836476239 9751.29877002899
13489.0604082717 3593.20598288172 1724 55.8601570134274 9748.82737499963
13648.594676704 3533.58455969479 1724 350.257068091835 9785.10401393089
13905.8893599194 3677.63037296328 1724 5.03726173647556 10637.7184201293
13894.6843160567 3702.48870119794 1724 6.43789221930638 10673.7663867892
14151.3491154519 3810.25690037189 1724 22.3251934060922 11400.4362541089
13872.9647584813 3719.50222462738 1724 12.4728512152255 9719.41712008544
13591.902248459 3620.66971625296 1724 47.6056649680186 9396.19650165939
13769.8334865917 3677.67967280279 1724 22.0442459024384 9622.38372038987
14111.7656536945 3802.68158119681 1724 66.1773221269721 9969.61367994352
14109.8325364762 3798.54609879133 1724 17.1356210341357 9959.32726571792
13582.8969205577 3537.57837346532 1724 376.732372329611 8326.07543682661
13284.1186223467 3522.73380104952 1724 81.4778802540582 10076.1595451321
13722.4546148543 3664.59347315036 1724 26.6858811906072 9235.44633856839
13904.3074525046 3728.58626358772 1724 40.2450469782334 9427.8609342165
14124.3070164932 3749.85976328609 1724 19.6349287634657 9421.0945525134
14162.492593259 3806.59997369805 1724 119.584403147004 10060.5095229466
14204.922314288 3823.43510670203 1724 25.9354440334748 10115.4400050145
13899.3341973568 3730.71597570846 1724 39.6233900847574 9614.4432481986
14040.6371495285 3762.88604798908 1724 23.3118761428329 10775.5932423162
14061.4437740762 3777.70269857169 1724 11.4771804872921 9981.89980379269
13730.2827303772 3579.39780157208 1724 62.1061785367458 9532.56629204092
14087.9046466849 3785.68648556969 1724 18.6673543249397 9368.31090027534
13748.4207157372 3606.88883661754 1724 72.3863387606541 9456.32287315452
13535.3293387235 3592.80446795616 1724 86.4753524934613 11095.7702959025
13777.7562567162 3551.08533398992 1724 21.2982966592929 9853.94427625832
13588.3272769344 3602.58118269399 1724 44.9769191320195 10036.0377185263
13599.7850793742 3603.0671168406 1724 43.5446938270436 9823.18720089238
13851.7202127795 3646.5469208616 1724 13.4856645257667 9312.0544107395
13929.3259096851 3727.22003235496 1724 37.2257811232525 10376.5945820113
13588.3272769344 3602.58118269399 1724 44.9769191320195 10036.0377185263
13830.6337544584 3698.92664753526 1724 49.5623005265925 9842.05545266584
13986.179384501 3752.95421364794 1724 30.1190967712653 10505.8995382656
13906.8131885462 3712.13080809654 1724 5.16618018054169 10387.6151693859
13668.6264247622 3634.97782782626 1724 34.939525653542 10113.9537104289
13986.179384501 3752.95421364794 1724 30.1190967712653 10505.8995382656
13906.8131885462 3712.13080809654 1724 5.16618018054169 10387.6151693859
14019.293442106 3751.0098242263 1724 8.89385151443889 10306.2023021601
14191.0269302062 3821.85176890762 1724 44.7971997211062 10698.3267056115
13743.071825938 3667.12472661986 1724 25.6338505065614 10405.8133081888
13864.2049331715 3718.39821064296 1724 16.328988194256 9069.15417404186
14006.1640038263 3756.76077204162 1724 7.25267172946792 10190.6361799274
14113.1913740368 3798.80744098259 1724 14.7943169139157 10010.3840198084
14100.3120091758 3825.42562631826 1715 13.1843963062822 9129.38640367833
13910.8389621952 3713.77766156975 1724 181.644389059455 9869.65569791397
13845.7629891218 3698.77777829503 1724 259.774777798033 9512.96593760733
13875.2511546685 3722.94520156005 1724 14.9482105071249 9428.29453299215
14086.3791324329 3784.07245918632 1724 11.4427867134254 10903.4885731916
14111.7656536945 3802.68158119681 1724 66.1773221269721 9969.61367994352
14092.176741379 3787.13404600808 1724 63.7287080875358 9870.39062430301
13985.2388032316 3733.34370576753 1724 90.9340099383501 10147.52484218
13604.0946072866 3601.21796751258 1724 68.1685921850276 9328.52998483684
13946.2290512408 3746.57749107105 1724 6.07597343558268 9592.50820838758
14051.9392743283 3751.83214772469 1724 129.865524759594 10365.1923534169
13994.3396737279 3728.64938041255 1724 152.659368934797 9870.87511405612
13949.5255226436 3707.26766078899 1724 168.77116761105 9810.52960496221
13882.2434821736 3721.47348091607 1724 6.38391085534818 10188.38322705
14051.9392743283 3751.83214772469 1724 129.865524759594 10365.1923534169
13280.3393979013 3510.1668502699 1724 183.5056273332 9492.02066685649
13916.8533554086 3686.86981933818 1724 180.341142487362 9614.18118154656
13261.5162992402 3510.02569362258 1724 185.858514665841 9394.13425293387
14175.8539695948 3813.13973098919 1724 83.3975140346377 10432.3697035839
13437.0757969111 3544.31544505301 1724 88.3294785805656 8888.79457855882
14111.7656536945 3802.68158119681 1724 66.1773221269721 9969.61367994352
13931.9671272871 3697.74911551236 1724 174.855079900041 9227.72111814021
13292.647592041 3521.96466672 1724 81.692482721272 9315.42796024703
13534.7622421642 3528.67580370042 1724 524.468014611035 8935.60273681476
13513.5882525609 3515.261227253 1724 532.408260712283 9267.56583823846
13607.727608894 3565.87771375215 1724 497.106002087385 9070.98094638696
13512.6383069658 3532.60481221963 1724 347.603332669188 9347.40796471399
13827.1194566221 3656.29988091357 1724 328.89705086078 9715.51664670047
13554.6964650026 3589.57798607509 1724 61.9938243995312 9240.33462298959
13721.0054912199 3633.77314833338 1724 360.704622801413 9361.0749351041
13903.4681162984 3727.32128149797 1724 191.218000243182 9427.99374224898
14111.7656536945 3802.68158119681 1724 66.1773221269721 9969.61367994352
14143.7816742991 3802.07096473019 1724 108.464653706554 3405.61817826514
13826.3071841585 3700.36803862846 1724 75.3697281332322 2659.6108347671
13826.3071841585 3700.36803862846 1724 75.3697281332322 2659.6108347671
14021.2218682655 3711.00168764929 1724 99.7340636466054 2477.42700585955
14065.6389072495 3777.10586619819 1724 105.28619351961 2728.09145786497
13471.0200844025 3579.12110873494 1724 30.9588406637399 2462.09640982726
13992.7788586597 3758.40385349005 1724 96.1786874458894 2581.96947562788
14107.8226683197 3776.57661230672 1724 172.018892500523 3156.69942832487
13979.7951559205 3733.39326543673 1724 132.314279830399 2848.06797966299
13009.7199934512 3394.31308768284 1724 34.7148229675204 2365.66574976978
13257.5319008273 3468.7132655286 1724 3.73833454550117 2278.95470614145
13885.48046108 3618.18139938817 1724 73.9151224926823 3218.89108627322
13480.8501442376 3564.34237340329 1724 24.176445880777 2243.97111429578
13253.4964749228 3319.84025771919 1724 4.2427627835732 2601.25265243524
13337.7928624029 3526.03894045638 1724 6.29428565144008 2243.97111429578
13244.2288395923 3411.60926221177 1724 5.40121719987974 2313.25042346543
13201.6792730553 3420.99457208003 1724 10.7199130170106 2342.92655834622
13378.8602869928 3540.40141907162 1724 11.4277137251852 2157.47171497868
13426.5308890962 3551.26110875494 1724 17.3865389881125 2243.97111429578
14107.4761751758 3783.43285686361 1724 103.562018256921 3355.10967907301
13769.829801527 3691.97075403334 1724 60.2989030419571 1715.38404866386
13434.6129757024 3553.66251092566 1724 18.3967998138851 2243.97111429578
14017.5849374863 3717.52837838897 1724 137.038002526119 3055.84898868929
13626.6521595404 3622.87621578055 1724 43.5699464780089 2629.37321745744
13256.0871145594 3492.19797704017 1724 3.32804022461323 3168.1041483782
13715.4507144932 3645.05254856808 1724 54.0924097671104 2727.08135617548
13647.4363181999 3580.55939333966 1724 394.25635228505 2832.69257025393
14078.9960132987 3774.11843662524 1724 99.5355721177975 3197.1548765544
14143.6132007643 3787.87124912048 1724 210.314286728319 3280.02979771076
13456.1011233521 3560.0530167748 1724 22.1004425582194 2764.86028286761
13777.6352577325 3667.59273921712 1724 62.4779907878924 3008.05758944691
13829.8310059408 3685.752485973 1724 67.5255228277929 2716.59600669469
13284.7934491115 3487.96826904804 1724 91.7414545255242 2643.46550103491
13220.8403042452 3450.84127382941 1724 7.30715983013351 2597.44341195966
13768.3903291807 3671.95380403509 1724 61.1365932867991 2947.06577374893
13387.4745934052 3468.06485364117 1724 651.078837614403 2718.07745860692
13102.832679584 3460.74361938175 1724 22.0581129127916 2044.93752363804
13160.6351389966 3457.41118640903 1724 14.832805486207 2662.21845250184
13628.6259210433 3612.06241683817 1724 43.6660422696214 2665.20381302383
13660.5122393464 3672.26874584827 1724 47.6518320575126 2874.02839079341
13326.5451860294 3503.42094143665 1724 124.132683397212 2665.5138851977
13184.7597520796 3463.51763645125 1724 11.8172288508354 2668.32490254406
13703.187826029 3524.59390742041 1724 18.9491746147723 2903.71765467465
13476.287889903 3565.11831141774 1724 24.6237883770925 2661.76811261052
13658.7144112312 3627.3091881546 1724 47.4271035431145 2710.79787078397
13956.0525602349 3728.24485727808 1724 129.346455369705 2986.07199112088
13640.5199569698 3515.10724121412 1724 127.748754295399 2982.66164769448
13428.9113296674 3554.05620656828 1724 15.574305433677 2740.61100621842
14046.451841451 3735.85522626235 1724 286.433077549615 3220.20562671197
13922.5795307849 3646.92861504853 1724 77.2828305733747 3579.63176898269
13659.038473382 3508.18292959634 1724 44.3401983980095 2968.81302445892
13801.0058265331 3604.92759907656 1724 383.343402926384 3160.0701995444
14038.8228382766 3752.48605517056 1724 173.116860186025 3154.16545741331
13945.9796385495 3712.50974257549 1724 81.3671999832195 2860.05333401863
13165.5019958174 3352.80026489011 1724 667.259746179015 1871.46249822701
13641.9738551213 3577.15181284075 1724 396.388115374556 2731.05049612956
13930.3768937261 3710.11506778567 1724 79.4168568802941 2781.17442861186
13724.0943295393 3654.62232496343 1724 52.4721804176752 2790.5138617684
13213.5026526373 3374.36018442793 1724 673.259828281505 1957.20363810138
14062.3953145979 3765.16858410948 1724 95.9191594892743 3102.53851596886
13898.1148474011 3680.45570807273 1724 361.227448082307 2736.27164123566
13840.7451542838 3655.48163632327 1724 293.759567156348 2785.7007487643
13114.6855390649 3392.06265006737 1724 318.975075968091 1856.647841449
13598.5965431739 3623.37348321086 1724 37.9443130612685 2598.45909863231
13930.3768937261 3710.11506778567 1724 79.4168568802941 2781.17442861186
14019.8052496266 3752.50637308063 1724 91.7978996263735 2951.83014200066
12774.4496522593 3322.47641821833 1724 159.706707256254 2042.42081775786
14062.222784637 3765.77385389134 1724 95.8975932441529 2913.63682799697
13930.3768937261 3710.11506778567 1724 79.4168568802941 2781.17442861186
13744.0900146128 3641.90322867979 1724 145.937954201796 2922.21325617093
13580.4242555025 3595.1613002386 1724 30.8524949170492 2584.53087289208
13717.041109245 3633.75521441976 1724 142.556841030822 2932.56051195365
13717.041109245 3633.75521441976 1724 142.556841030822 2932.56051195365
14019.528010349 3730.05934209731 1724 207.423488470753 3177.15116340669
13560.6018707346 3525.51568757142 1724 443.948397714577 2924.76834842412
13751.8934978546 3585.21267667696 1724 405.332856220234 3156.67306345409
13726.453268573 3555.67378257297 1724 53.9111967962872 3102.60824410417
13559.2132339432 3561.01134912975 1724 211.326986756349 2396.45436066912
13726.453268573 3555.67378257297 1724 53.9111967962872 3102.60824410417
13572.564532994 3571.89770442407 1724 34.6751048489018 2405.08343667381
13861.855558478 3627.06723269515 1724 70.8364830344112 3375.10330547325
13822.5508843801 3638.97577300246 1724 244.244193060959 2512.09052659718
13229.0116348123 3502.96502473112 1724 8.26900742380576 2300.87545844345
13734.9556460544 3560.23960212984 1724 54.9739939814572 3078.39829775509
13904.3499464846 3696.53396836274 1724 337.849575453499 3193.02735886855
13933.5140732481 3675.85540704673 1724 303.436317461519 3098.1057202911
14204.06744991 3810.34306040025 1724 160.348316579081 3321.98240988474
13396.5333071867 3532.84524476859 1724 159.96525804157 3140.63554456528
13734.9556460544 3560.23960212984 1724 54.9739939814572 3078.39829775509
13544.3166160142 3576.58481019359 1724 141.492344438133 3140.63554456528
13561.7538830703 3587.56070343493 1724 148.031319584177 3173.01044986739
13540.14792227 3556.56900579385 1724 144.195151059811 2898.45368116554
14105.6710783989 3780.17287890877 1724 148.048770140194 3216.19999291713
13575.9397652496 3580.04402186985 1724 88.6109185683404 3283.62735477159
13770.9064442529 3558.76080447684 1724 60.0547782801532 3244.4610302307
14105.6710783989 3780.17287890877 1724 148.048770140194 3216.19999291713
13419.4783254833 3557.57887349753 1724 87.6839360961685 4801.58538224882
13455.8990136801 3420.18891960189 1724 631.285670892706 4806.09736670615
13077.8194252047 3249.08662216057 1724 836.683426203595 4594.71702449153
13497.5987946326 3490.92130981968 1724 95.7129171610115 5135.47129059431
13263.9860181443 3458.38851675416 1724 3.99553284220679 4615.80284155727
