10607.2521314439 2999.17677085237 815 371.317267590301 9869.27125139042
10771.6868752522 2984.08599117529 861 119.951204942475 10678.2192508956
9573.02994508121 2981.30817312082 527 96.9980117354046 7212.00374177854
9677.73784445078 2990.83922403106 572 199.528531142397 6069.45026936363
10214.9351631453 2874.8315258293 714 661.121025231414 9327.42428536745
10046.0055155845 2906.97530585552 741 29.8198119656532 9778.27074068043
9803.99329652561 2921.47590621669 648 142.102931463682 9809.66530473276
10275.0050624699 2980.38365940334 756 90.1527411089531 11846.5752040086
9596.62840382644 2984.60811003746 585 175.250056546698 10278.8502850646
9736.48673877266 2949.78230312354 603 270.215186238469 8817.28702598205
9815.29757745885 2989.86477297864 587 115.019981004447 6768.41939621937
10015.2899902224 2917.62553434668 735 243.723247575773 10224.350936911
9670.97785384552 2976.60158960268 602 158.408109530723 6865.0893956128
10148.1977322218 2930.77120395025 731 132.306938414775 8829.50685216012
10109.536546837 2894.99064153654 782 106.488361254693 9226.99142488698
10341.9123237389 2941.62306444691 782 134.536367368305 10551.1129537901
10729.083249716 2992.30211183374 873 78.3760555755565 11511.2561710346
9920.36915632162 2886.06209125591 675 357.182370163823 7892.27679708987
10661.7021860926 2893.75162458109 806 274.326249723542 9972.86677872902
10478.4445521837 2991.7565189511 818 272.320530500179 11550.7883750831
9917.56139309796 2890.14920881353 714 250.803961642119 10994.6670263004
10096.3548117076 2964.776124665 692 165.418542650133 8681.25232839721
9834.75878992128 2969.56988299644 636 221.495330764638 8995.5527741579
10228.7926244116 2962.95697060657 753 5.35758352959335 9897.82150468499
10333.1938915579 2998.73816373046 753 34.8264829308454 10190.5791482543
10370.3467089542 2956.05174617152 762 280.180122779482 8432.15903913676
10112.5733901089 2983.42511482789 711 102.281391403821 9426.82279251761
10345.0663394392 2997.08374088754 766 106.207188811379 9769.916339293
9771.8233239033 2992.02722953795 608 188.728011058632 7214.5118020161
10566.0111074448 2993.48916789369 806 159.533524912266 10176.8904490724
9934.05505488725 2993.79233651525 686 155.768600661627 10015.4978543299
9894.72496136491 2955.30467918745 680 282.897585874566 9702.27109683836
10710.876288442 2994.23635700736 855 351.374789277832 10816.0890260224
9652.93657861675 2969.0307576197 568 216.384693976188 6493.25134594959
10634.8917284467 2997.1896582276 829 365.998024667023 10478.7575663676
10202.250971547 2957.76412595468 719 237.508528612434 6546.7974152242
9961.18858648264 2958.24553335585 672 176.212488832483 8587.34919740125
10427.5023571225 2985.27901969317 814 261.910446622609 11134.6397032047
10400.543906091 2955.99149186719 745 294.449051367674 8859.77652560731
10481.5743444589 2937.43694290953 819 228.091647607825 10733.2327230064
9707.91474984187 2986.7636637033 602 140.370744888315 7582.94279009261
10517.118540076 2988.94574658289 799 252.854828805341 9215.78315661334
10003.496692224 2980.12701506146 664 194.677600215896 7521.85652860858
9857.67315683447 2987.8169504253 632 170.360878274873 7404.39819257307
10176.2716061767 2991.58378251122 683 241.446805997274 7460.44509675555
10418.3865374654 2994.80130570171 795 242.893820498969 9467.85509878099
9870.98673206843 2992.8979696407 655 203.914043022575 8503.12549990577
10541.6833583491 2983.79478487155 851 124.052130993716 11832.1318331927
9791.96916875925 2994.94271769961 621 54.8631384931774 8482.87510262182
10598.3261910817 2971.14783940947 816 163.257500853321 9898.28885434599
10314.1331662611 2997.79712685141 797 126.50544064471 11281.8836030982
10083.3268603761 2900.77546790962 728 110.130024277689 9904.82422710654
10059.7368939169 2996.94193163162 706 319.961687870556 7841.08119230503
9735.38876226127 2984.62674411138 628 178.073933664289 8260.74335744526
9949.74735888926 2991.88843396355 639 149.890730155693 8111.75812535608
10437.98659675 2993.40390701 746 247.167498620025 8051.99684268875
10085.0049520346 2903.69616298651 744 208.112001367695 10527.4976623728
10237.89065093 2939.73107768047 744 28.8791614123691 8250.18098472521
10517.8831872738 2996.20123581423 819 341.607733288932 10894.7984787611
10489.421611332 2992.82112699391 784 229.223114159381 8762.41325352702
9893.3900856059 2946.72524939081 643 87.3214783800654 8234.63781938442
10626.0920961004 2996.39250041056 817 182.82049388441 9636.75800030044
10315.5325269877 2993.97780183449 789 111.890973667735 9810.49002901516
10905.1565275051 2968.57240659818 843 227.473439873568 10537.9822720228
9900.38433515397 2982.15261979925 645 259.034687812248 8320.13024424554
10064.3870508159 2963.54721689584 695 174.569102971824 9421.0418856937
10293.269539262 2978.78865314317 738 219.991997088598 6693.96910554363
10255.9117251613 2997.62685320683 715 227.181511764392 6738.64426949987
9957.3847636174 2982.7882554241 638 70.4048619809818 7903.23107126215
10510.2423243543 2991.37569989536 836 249.46329091614 11496.2061308219
9909.71662507555 2964.61691714718 625 329.493153668542 7998.17896554282
10588.8083221613 2987.47503817434 856 192.011939157194 11543.9934917171
10431.9256792673 2996.48886184711 799 358.150263417738 11092.7163881436
9879.4257161317 2979.77108048932 616 135.708396124863 7895.78391529848
9978.62549008812 2984.19529262908 674 0.203614616468694 8810.42550254705
10093.0590475406 2946.28011158922 701 227.761143427997 9121.83963599694
9936.62457620866 2995.91385186542 669 155.166670532009 7635.11122361928
9992.57994711917 2905.77787465772 721 279.678616547693 11473.343787183
10049.2092682708 2973.9850861448 662 267.199733664371 7753.61296705473
10149.2730009113 2992.76200292765 713 92.1451900553104 9619.12633122488
9674.99986996159 2976.37729034563 581 192.366990414283 7963.58933239707
10003.0968858666 2992.38016811197 646 207.309250428525 7329.41930952582
10162.2719647845 2993.39194077085 722 300.228804281636 7214.87860717979
10105.7912820804 2956.40290080504 706 307.479637973627 8230.65439308191
9940.58623957571 2997.22304800716 670 133.706362007428 8963.0049621239
10424.8065673794 2969.31956495312 776 175.158792899947 8583.52361919073
9956.14201161088 2993.60241072881 654 332.474384267095 8410.01552122729
9959.17994326218 2916.84553288883 696 227.473005043509 8628.57172067022
10531.0545355259 2974.95203970188 795 118.019284313642 12185.0258862835
10097.0684526235 2994.7137030837 755 279.941404021113 9905.92673311181
10269.0199653385 2929.72633325571 792 154.662791739599 9202.39055470642
10449.7867108328 2988.58073086272 814 236.70672705132 9826.10185559362
9939.6416171272 2915.66067520005 699 231.233157661357 8615.53828609364
10111.0041311536 2985.9063424082 725 145.24226519962 7627.65434066291
10088.5851042112 2985.49994656704 692 105.223967228409 8165.02422285229
9968.25054964715 2981.67989220629 652 68.5450413803607 8993.23841249669
9797.54567393037 2979.55114282274 624 197.5175869926 7232.58440503538
10172.8631709614 2954.53457133424 738 145.07982978215 7987.16691895268
9881.61267943789 2975.90515156965 622 139.508706136889 9214.0306571742
10165.8074667299 2948.78843560881 724 350.444844538933 8619.18806915172
