21217.7727296976 3511.72180435847 640 680.541092204985 6678.75818304314
20757.9512704928 3466.67758376989 600 769.033773288678 6327.01018961281
20816.7874495643 3508.55896953057 600 757.710745347006 6554.93402083152
21296.5249091396 3576.58478611534 630 360.285155537169 7071.40597671175
21201.5648992815 3503.06855669864 630 683.660290622891 7153.47602528626
20766.2023379216 3479.07572974602 620 767.44585462163 6178.60014988138
20766.2023379216 3479.07572974602 620 767.44585462163 6178.60014988138
20774.7305727834 3526.20800896109 620 479.169701957116 6367.95779284225
21217.7727296976 3511.72180435847 640 680.541092204985 6678.75818304314
21217.7727296976 3511.72180435847 640 680.541092204985 6678.75818304314
21271.1967708549 3539.70987093335 630 670.259630690532 7274.99979877979
21295.8391158045 3544.72505364921 640 665.517209193831 6160.04537832606
21217.7727296976 3511.72180435847 640 680.541092204985 6678.75818304314
21849.7098220341 3597.7815981955 650 558.924742081185 7294.12974626192
21303.4613254066 3547.98756882427 640 664.05031427196 6229.01558215845
21802.6053151146 3589.78857736231 650 567.990008664525 7177.23558939459
21833.3552897285 3597.73547493119 650 566.911265365275 7122.04940772935
21820.5357340697 3592.21129688181 650 564.539297927721 7020.33306690333
21920.8042235819 3630.23800256415 650 600.570375699014 7429.79111835756
21739.7363255676 3562.77224887622 650 580.089151344085 7115.18781286819
21245.7511477856 3529.0733022782 640 675.156643133451 7015.86130905341
21739.7363255676 3562.77224887622 650 580.089151344085 7115.18781286819
21887.2405416246 3612.36602397824 650 587.651708490316 7481.6628393854
21263.5831752434 3539.9562757073 640 671.724867849137 6684.55355134892
21263.5831752434 3539.9562757073 640 671.724867849137 6684.55355134892
21263.5831752434 3539.9562757073 640 671.724867849137 6684.55355134892
21266.2518892989 3538.13966661617 640 712.656233206621 7471.05144709545
20810.111569689 3496.14619692916 620 802.201723852574 7330.29664871787
21365.5669693426 3569.64021498073 640 695.304282348292 7615.54754833756
21269.302455483 3536.43639945208 640 713.830396678364 7323.75287255451
21245.7511477856 3529.0733022782 640 675.156643133451 7015.86130905341
21833.0565736816 3596.19524018719 650 562.129661220918 7648.67590461547
21194.4671135247 3512.92440077193 640 685.026260128672 7236.48655422444
21416.393854714 3563.86981796421 620 489.305411842308 5301.94783435402
21342.4499377703 3556.42179438574 620 348.703479027085 5300.67498686112
21939.6019278674 3634.53841761759 650 607.805615451947 6812.38101408301
21243.2342340036 3528.92039110039 620 310.515336842059 5223.90467634748
21824.9737363931 3595.51046047692 650 563.68520398236 7202.14124471067
21342.4499377703 3556.42179438574 620 348.703479027085 5300.67498686112
21232.4837720188 3529.73820595255 630 677.709950790261 7198.77555718657
21342.3423791008 3552.45133649898 620 348.724178702692 5200.50394938927
21357.6820179942 3556.49843859586 620 354.628408465643 5263.18732064963
21282.1064229183 3541.28211353602 640 706.793184874845 6811.12671944153
21831.0700854254 3590.00392549937 650 643.239706442113 6922.10318815934
21335.4429232288 3546.66247946214 600 345.017234677703 4642.70171356099
21333.6219450847 3546.05548674742 620 345.367682084937 5183.17426451086
21333.6219450847 3546.05548674742 620 345.367682084937 5183.17426451086
21902.3514680497 3623.12142346414 650 602.088308232304 7415.7117748879
21810.0427631016 3594.6591302124 650 566.558671132081 6956.4195513951
21232.4650716681 3517.0837309056 630 677.713549674427 6902.62449756614
21329.7549178214 3551.1276612618 640 712.042085570083 6760.84891401777
21215.1919002022 3516.98552277843 640 681.037773072954 6689.64376565356
21237.8662007829 3521.33896102841 640 676.674101891634 6416.66163568272
21698.5959100963 3553.8234619691 650 588.006627993046 7004.67882320178
22046.2377407469 3639.37103671328 640 619.653629721187 5085.89428678475
21377.7788564459 3569.02947996757 620 347.928217348985 5769.73925978739
22046.2377407469 3639.37103671328 640 619.653629721187 5085.89428678475
21601.1967537436 3636.77792310588 630 674.20770035138 6090.56629686038
21352.7758927103 3555.16271668476 620 352.740039963412 5328.768007876
21548.0356253143 3616.62187835379 630 684.438564287749 5853.99801711189
21352.7758927103 3555.16271668476 620 352.740039963412 5328.768007876
21304.1499790991 3528.52733262017 640 665.198895117264 6984.94952107671
21352.7758927103 3555.16271668476 620 352.740039963412 5328.768007876
21691.2455288502 3545.98661439743 650 589.421209523424 6973.33143291511
21301.9310274876 3533.44542571321 640 664.344820243785 7087.57513110299
20972.7902549088 3585.16255775016 610 463.026517985278 5441.32974343149
20908.4303508543 3557.92816252586 620 438.254379364681 5267.31437957752
21581.0150423606 3625.43528082824 630 697.132347827367 5495.09081476366
21738.4999078952 3562.97282410264 650 580.327100036083 7489.18453889291
21476.6901142866 3601.15732975138 640 698.169014286861 6030.0327086441
21505.7568114974 3610.00031662696 640 692.57512580048 6306.08569395198
21319.1670761479 3566.44919930532 640 680.729385167215 6682.90099366482
21505.7568114974 3610.00031662696 640 692.57512580048 6306.08569395198
21691.2455288502 3545.98661439743 650 589.421209523424 6973.33143291511
21822.4705478049 3592.36039252062 650 639.929742868718 7292.10737036483
21548.0356253143 3616.62187835379 630 684.438564287749 5853.99801711189
21983.3981271378 3649.66522099087 650 600.653011746798 6729.82970164592
21691.2455288502 3545.98661439743 650 589.421209523424 6973.33143291511
21822.9821382998 3586.99232049465 650 640.126654142003 6882.61416313521
22079.0371842934 3692.95755438849 650 631.819021994225 7338.41294009225
21735.7219962341 3574.39660983922 650 580.861709384511 6985.09261601271
21902.0672955851 3629.53811647022 650 644.888044956982 6952.8628518561
21691.2455288502 3545.98661439743 650 589.421209523424 6973.33143291511
21253.6734801995 3573.38030711846 640 314.136384168899 6535.91257034591
21735.7219962341 3574.39660983922 650 580.861709384511 6985.09261601271
21268.5219316612 3544.84426369299 640 690.476047768066 6260.5108756389
21268.5219316612 3544.84426369299 640 690.476047768066 6260.5108756389
21889.5012488716 3624.67162089122 650 570.968522450529 6624.44569829753
21203.1163883983 3508.65811461408 640 703.063350437838 5902.39537591318
21672.6249851434 3567.44354451974 650 187.504071837238 7466.06189884967
21733.499132156 3590.92863936112 650 215.138848568012 7847.32304976344
21842.3178446998 3600.0649387559 650 580.048972817144 6980.1726922365
21794.3806893232 3580.87998018956 650 589.274482670757 7108.38972147141
21716.9740474162 3558.1799051196 650 599.324120936712 6827.40643680957
21665.3429124649 3565.93091746804 650 188.905507377628 7556.22750734486
21760.2564408625 3570.67294318606 650 576.1400533143 7057.35453645392
21760.2564408625 3570.67294318606 650 576.1400533143 7057.35453645392
21691.2455288502 3545.98661439743 650 589.421209523424 6973.33143291511
30337.0571473584 4778.81937548524 780 632.225229308437 10542.2130386717
29702.5465390199 4655.31711325326 760 711.539055350749 9644.87484424689
29771.9612824366 4693.59746034549 780 702.86221242365 9592.13352115401
29720.011000916 4678.62921802323 790 709.355997613735 9475.00088191476
30827.9226809129 4802.47068442304 840 570.867037614123 12242.5276221969
29818.4953966141 4713.24169559379 780 697.045448151466 9397.14365948721
29724.7540962479 4677.02586949879 780 708.763110697241 9980.23172722351
30252.8686391771 4731.22087136425 820 642.748792831094 10636.516118775
30281.2128410676 4749.87253599705 830 639.205767594775 11800.0956730556
30302.6575547314 4742.6919097138 810 636.525178386804 10867.3876243513
30252.0668222783 4726.54737358246 820 642.849019943441 10183.6756500883
30775.1647097833 4791.37369170962 840 577.461784005318 12116.8166048536
30750.3981773328 4783.82827519628 840 580.557600561637 11905.1424529574
30765.1688222926 4788.24773307764 840 578.711269941659 11767.3768090846
30252.7338818378 4733.62141009066 820 642.765637498512 10318.4130380061
29738.7147749644 4720.07325669704 780 707.018025857682 8804.71306230305
30225.9900458323 4718.16720748548 820 646.108616999194 10302.9588354009
30225.9900458323 4718.16720748548 820 646.108616999194 10302.9588354009
30685.3518226789 4754.51243594233 830 588.688394893367 11265.6881870495
30242.4793978604 4735.16293659674 810 644.047447995679 11638.2162246046
30757.8721815217 4782.4492968572 840 579.623350038014 11899.4586638129
30753.6720400464 4782.4646456913 840 580.148367722431 12045.0247708002
30753.6720400464 4782.4646456913 840 580.148367722431 12045.0247708002
30704.199202583 4770.26681959606 830 586.332472405362 11168.8305232388
30165.830583542 4705.25259547876 820 653.628549785479 11036.3383461142
30685.3518226789 4754.51243594233 830 588.688394893367 11265.6881870495
30708.5501700603 4767.52747962241 830 585.788601470696 11300.3877577973
30863.5200969176 4825.16895071988 820 566.417360613533 12480.7989040781
30708.5501700603 4767.52747962241 830 585.788601470696 11300.3877577973
30671.5924198552 4749.51509086859 830 590.408320246336 11599.6303297647
30896.6517065919 4827.93505297268 840 562.275909404242 12270.182071963
30760.4352530602 4785.46811954597 840 579.302966095712 12047.9098419492
29751.2267317397 4682.18778661138 770 705.454031260771 9444.98654258594
30703.2146564537 4766.32528844886 830 586.455540671513 11802.0735317522
30675.7673200678 4755.44279392153 810 589.88645771975 11250.6737563072
30187.1492669924 4689.77811170472 810 650.963714354181 10966.2960880619
30222.3969312604 4735.4964642309 800 646.557756320682 10760.6837592557
30708.0925880317 4770.44403435832 830 585.845799224263 11347.2784034165
30675.7673200678 4755.44279392153 810 589.88645771975 11250.6737563072
30686.0026838646 4760.48544908108 830 588.607037245158 11317.6496489409
30703.2146564537 4766.32528844886 830 586.455540671513 11802.0735317522
30226.618562579 4732.88069112503 800 646.030052405859 10739.7575744087
30675.7673200678 4755.44279392153 810 589.88645771975 11250.6737563072
30134.2585179984 4693.9214350051 820 657.575057978431 10384.3902980494
31198.4398811379 4744.65007505586 830 524.552387585999 10193.6474481202
30774.828931457 4779.55956201199 840 577.503756296107 10621.4580929743
31189.7687305408 4743.46192872131 840 525.636281410629 10744.7401785588
31379.0264076351 4806.56132710574 840 501.979071773849 11371.76756131
30104.3661176433 4678.12560337558 830 661.311608022824 10100.5131311521
30887.0450296518 4824.19382936776 810 563.476744021753 10958.0890132922
30869.8585168719 4812.71235639452 840 565.625058119246 10677.689889304
30171.2266688259 4710.46488362935 790 652.954039124993 10843.7789941886
30665.824086924 4752.55759159012 820 591.129361862727 10830.4996235199
30167.9311533522 4699.81457895602 830 653.365978559207 10165.2046233641
30675.7673200678 4755.44279392153 810 589.88645771975 11250.6737563072
29722.1994979744 4673.62276291254 770 709.082435481428 10592.8247797416
30675.7673200678 4755.44279392153 810 589.88645771975 11250.6737563072
30675.7673200678 4755.44279392153 810 589.88645771975 11250.6737563072
30685.6054957881 4759.23605451804 820 588.656685754719 11120.3420870424
30140.5117534347 4690.40737745895 820 656.793403548888 10397.30402253
30861.2405813865 4745.80308222855 830 566.702300054921 10751.6272664597
30703.4248928621 4769.97504121574 840 586.429261120468 11728.1549326271
30092.3887979304 4685.59587516272 830 662.808772986932 10268.7087340217
31274.7488091587 4767.0322155803 840 515.013771583394 11024.4854327674
30675.7673200678 4755.44279392153 810 589.88645771975 11250.6737563072
30722.4399013877 4781.04463480721 830 584.052385054763 11208.7080677394
30100.1444863247 4680.74137648144 830 661.839311937646 10121.439315999
30777.4734971212 4805.08714346623 820 577.173185588076 11051.6345331222
30227.3638259344 4733.75322289029 820 645.936894486428 10416.5088222156
30638.3548011228 4739.50718950762 850 594.56302258788 11023.7460555165
30805.7571471585 4787.8250753681 840 573.637729333424 10596.126054706
30654.0345051128 4737.38699524079 860 592.603059589131 10697.7745895455
30684.3826924187 4765.60661930546 830 588.809536175892 10722.7687108113
30608.7557162524 4726.16280202469 850 598.262908196687 10533.6845489873
30651.0766911972 4737.81645326146 860 592.972786328581 10769.8457830963
30662.5241800568 4752.77985393848 830 591.541850221133 10384.9469308437
30651.0766911972 4737.81645326146 860 592.972786328581 10769.8457830963
30615.0025618128 4732.42236762336 870 597.482052501633 11016.3578943406
30651.0766911972 4737.81645326146 860 592.972786328581 10769.8457830963
30673.8168761343 4747.37649391052 840 590.130263211449 10768.6656697419
30673.8168761343 4747.37649391052 840 590.130263211449 10768.6656697419
30104.3661176433 4678.12560337558 830 661.311608022824 10100.5131311521
30666.1052762274 4743.72179978537 840 591.094213199811 10555.3026441817
30683.5116693985 4762.92580079205 840 588.918414053418 10918.1338258304
30691.1582439056 4750.50478206866 840 587.962592240026 10691.6802757839
30147.4760602964 4694.45446347514 830 655.922865191179 10220.2527638298
30792.8724149275 4788.35719073226 840 575.248320862294 10702.8214253865
30332.0795644517 4769.06553218793 820 632.847427171773 10878.586828265
30608.7557162524 4726.16280202469 850 598.262908196687 10533.6845489873
30241.1534676342 4732.97879590351 820 644.213189273954 11023.1626347381
30721.9874503003 4762.75110756357 870 584.1089414407 11178.4847916268
30691.1582439056 4750.50478206866 840 587.962592240026 10691.6802757839
30691.1582439056 4750.50478206866 840 587.962592240026 10691.6802757839
30715.8510772524 4770.23606970403 830 584.875988071685 11447.8905621441
30142.9477391784 4698.58291859301 820 656.488905330933 10898.928033588
30662.8194837122 4755.17353930038 830 591.504937264207 10678.8026815325
30660.5013409125 4750.51039020937 830 591.794705114162 10953.7749909454
30225.3799772053 4730.52671692354 820 646.184875577567 10390.8987417372
30662.8194837122 4755.17353930038 830 591.504937264207 10678.8026815325
30608.7557162524 4726.16280202469 850 598.262908196687 10533.6845489873
30603.8319540162 4727.55725074922 840 598.87837847621 10544.8401387836
30229.3801431326 4732.41135701491 840 645.68485483666 10777.993250378
