21327.2425643016 3586.66406199225 640 618.563344085379 7857.79544231303
20921.4286803971 3569.75674774731 610 684.869987629084 6045.96809509998
20848.0562287228 3548.33283223378 610 656.628917812249 6064.25427725839
21289.7017219138 3578.43282684537 640 628.013903716403 7126.75423208353
21331.0977996132 3591.45105624223 640 620.047224848695 7369.47156488902
20850.6266856635 3546.57483363932 610 657.61828715003 6083.78910100238
21331.0977996132 3591.45105624223 640 620.047224848695 7369.47156488902
20862.048697207 3556.47432857593 610 655.420120003587 6334.66384242315
20828.8909191239 3535.74158877131 610 661.801337370927 6261.12639226189
20850.6266856635 3546.57483363932 610 657.61828715003 6083.78910100238
20850.6266856635 3546.57483363932 610 657.61828715003 6083.78910100238
20901.048530022 3565.48026499536 610 677.025664092285 5937.25899301922
21331.0977996132 3591.45105624223 640 620.047224848695 7369.47156488902
20936.7949293762 3578.22366994863 610 690.784459618774 6026.77589693055
21363.4481973469 3603.22503958468 640 632.498898741998 7545.61111474114
20766.850482388 3502.73360742363 610 673.741024987627 6237.48978800296
21236.0157504302 3553.37291254675 640 583.450127054765 7315.40122864169
20850.6266856635 3546.57483363932 610 657.61828715003 6083.78910100238
21236.0157504302 3553.37291254675 640 583.450127054765 7315.40122864169
21297.3838979694 3577.22171625176 640 571.63982155429 7625.6369232569
21297.3838979694 3577.22171625176 640 571.63982155429 7625.6369232569
21242.885377492 3555.1334242646 640 582.12806671031 7052.04794019183
21272.9412230278 3572.01928772334 640 576.343816540046 7355.26596338934
21812.7423776031 3613.53895104413 650 541.885166544401 7984.71286570181
21836.8902595672 3620.02915275914 650 551.179690645961 8175.55724297469
21211.9876832075 3535.9892298638 640 588.074330747813 7175.11567409162
21321.0805138964 3572.12473080316 640 567.079405692849 7761.7413678852
21692.492791964 3572.01463716372 650 495.601079451956 7885.40858499225
21348.0929121069 3585.6866602887 640 561.880867233428 7627.89292604581
21667.2287607197 3560.35648682184 650 500.463144531876 7895.95623960708
20776.0343916861 3516.34245614262 620 671.973580819148 6784.14203153451
21774.7538126828 3617.52209879916 650 479.769938633355 8199.82115905129
21329.0683306452 3581.95903561617 640 565.542149642798 6566.66124495618
21361.9757754878 3589.64338653073 640 559.209108930068 6683.24941221085
21774.7538126828 3617.52209879916 650 479.769938633355 8199.82115905129
21417.286608734 3617.30962367538 640 557.509990417342 6935.76389832438
21314.6430336051 3569.13369447969 640 568.318299352541 6998.10160487808
21219.0241915847 3522.80656770112 630 586.720154079242 7460.52258888721
21692.492791964 3572.01463716372 650 495.601079451956 7885.40858499225
21715.0819519323 3589.76521687321 650 491.25379358915 8014.14036242648
21401.7926239107 3610.81971245461 640 551.546352878311 6728.91414010053
21715.0819519323 3589.76521687321 650 491.25379358915 8014.14036242648
21727.7234747678 3593.77160798031 650 488.820931385127 7936.56420630272
21159.5595170092 3567.43351475818 640 439.631022341059 7478.43624531834
21692.492791964 3572.01463716372 650 495.601079451956 7885.40858499225
21692.492791964 3572.01463716372 650 495.601079451956 7885.40858499225
21925.8549791428 3671.32490908274 650 546.089037377988 8306.75009841691
21709.4987639631 3580.1875028901 650 492.328278614789 8325.73877907317
21401.7926239107 3610.81971245461 640 551.546352878311 6728.91414010053
21382.7541458662 3598.52104681931 640 560.775963851077 7213.78186102884
21373.1141500754 3596.86470261082 640 557.065527741222 7234.14688362776
21248.0600492851 3542.03896862396 620 581.132200659422 7125.41449327189
21373.1141500754 3596.86470261082 640 557.065527741222 7234.14688362776
21155.1560010578 3531.8833379749 640 599.011593077027 7179.68942422045
21692.492791964 3572.01463716372 650 495.601079451956 7885.40858499225
21155.1560010578 3531.8833379749 640 599.011593077027 7179.68942422045
21317.7585724985 3567.37160444357 640 568.131860354721 7222.34958335791
21936.4286336633 3666.44953450864 650 530.669418517054 8072.18997867848
21313.8748545233 3564.93171062073 640 568.879282227542 7428.54392553803
21692.492791964 3572.01463716372 650 495.601079451956 7885.40858499225
21423.0422909609 3603.9095124023 640 610.897848103516 7378.21984499819
21423.0422909609 3603.9095124023 640 610.897848103516 7378.21984499819
21423.0422909609 3603.9095124023 640 610.897848103516 7378.21984499819
21691.9775743652 3572.01874327018 650 495.700233125091 7992.51764735006
21692.492791964 3572.01463716372 650 495.601079451956 7885.40858499225
21313.1592633756 3565.97210122816 640 568.603851066358 7132.21815190904
21313.1592633756 3565.97210122816 640 568.603851066358 7132.21815190904
21213.3219270176 3546.9733161152 610 587.817555406843 7280.69160858801
21798.9067621417 3622.50623425913 650 475.121701342757 8013.54888894786
21155.1560010578 3531.8833379749 640 599.011593077027 7179.68942422045
21739.7879980192 3600.34115378164 650 486.499112802856 7858.1665331466
21739.7879980192 3600.34115378164 650 486.499112802856 7858.1665331466
21169.0002144654 3535.95680148342 640 596.347272964487 7445.86906037287
21707.3597933363 3574.86631690065 650 492.739923703848 8558.96838261758
21692.492791964 3572.01463716372 650 495.601079451956 7885.40858499225
21073.1173314636 3521.02683806614 640 223.547837478039 7347.51863762596
21101.0106348693 3498.97792715604 640 609.431873658467 7284.24040928316
21170.4744641568 3523.63421151401 640 596.063553479093 7751.27623892426
21645.6459197175 3556.26516824311 650 504.616764219366 7948.33645441054
21679.4574787458 3573.70519805605 650 517.630839357165 8035.63723289087
21642.1744402184 3557.89044896726 650 503.280591137169 7950.73206474897
21649.7750459913 3557.20123027988 650 506.206065663165 7941.97518999944
21123.6620069877 3505.8003436235 640 605.072615061767 7547.28627357081
21642.1744402184 3557.89044896726 650 503.280591137169 7950.73206474897
21689.0339937769 3586.20522079363 650 496.266725473431 7868.45215310962
21512.1180253294 3563.85048843369 630 1053.84106169279 7049.16181927242
21536.9165475303 3564.88847265835 630 1082.34455678095 6958.08672996321
21787.2556462267 3604.59224463117 650 559.122373365991 8396.27708116924
21687.0157501148 3582.09243899062 650 496.655136647298 8100.73046502296
21740.7102974881 3589.11771222153 650 541.207060283481 8583.37679947935
21761.9390848444 3594.93283982279 650 549.37802434664 8556.21027622832
21761.9390848444 3594.93283982279 650 549.37802434664 8556.21027622832
21959.7400728074 3592.07316822787 650 972.676152034225 7725.27261540152
21694.1457041481 3580.15454254398 650 495.282976353819 8009.14411611686
21972.3243332139 3594.75664378332 650 970.254309989807 7752.04509582669
21487.9064736163 3553.80341584223 630 1063.48057053612 7114.01880655741
21972.3243332139 3594.75664378332 650 970.254309989807 7752.04509582669
21487.9064736163 3553.80341584223 630 1063.48057053612 7114.01880655741
21972.3243332139 3594.75664378332 650 970.254309989807 7752.04509582669
21645.6459197175 3556.26516824311 650 504.616764219366 7948.33645441054
21972.3243332139 3594.75664378332 650 970.254309989807 7752.04509582669
21612.0655565197 3555.08532690993 650 744.271877002805 7123.67750806483
21938.2428673497 3576.55386167252 650 976.813291153503 7948.54220523814
21925.0342057285 3565.80509444159 650 976.848021090179 7781.35864493992
21925.0342057285 3565.80509444159 650 976.848021090179 7781.35864493992
21631.9354704478 3562.00914562946 650 740.447910284423 7353.99625494763
21933.9001341575 3569.34352110692 650 975.14177236848 7812.49050241014
21731.9207158607 3591.61858738714 650 721.205740833054 7242.23710786312
21379.9233104897 3554.14132383858 640 899.544745441438 811.713961340291
21290.2872175651 3564.26368463397 640 634.657367759823 1020.7682209177
21257.1896249375 3545.10407584566 640 641.027002430848 1120.68460342516
21368.9105309003 3547.25365253269 640 908.266532477734 836.360375328258
21721.1782200832 3506.26542748222 640 840.472584085548 912.907697832605
21299.2761157619 3516.99693227629 640 921.667681919397 923.639202626677
21721.1782200832 3506.26542748222 640 840.472584085548 912.907697832605
21311.9009637102 3523.39915635968 640 919.238028798929 713.780441998893
21852.489914582 3587.61800013972 650 870.158190747486 1210.45083794011
21299.2761157619 3516.99693227629 640 921.667681919397 923.639202626677
21757.3694474437 3566.32430547958 650 833.507579132574 996.097305509042
21866.858329477 3575.28500119553 640 812.436433960841 937.069300399618
21757.3023707571 3561.60742290581 650 833.520488046936 996.097305509042
21305.207218205 3526.00557793659 640 920.52624072202 568.209269229222
21297.9070883363 3519.02126237068 640 921.931151370304 1097.51565329366
21305.4473080698 3520.86231426167 630 920.480035405996 568.209269229222
21391.3589622395 3559.77582054431 640 903.946329852199 811.713961340291
21304.6934104314 3516.90662172408 640 920.625123074156 568.209269229222
21801.8972525869 3590.52144121515 650 824.9381990373 1450.31373506672
21792.5113863064 3577.85177969201 650 826.774478437329 895.334649245447
21990.1358735746 3657.33456053009 650 788.711659537594 1812.10565259389
21828.7503745779 3597.77326231256 650 819.770313300599 1340.25109826903
21792.4594791821 3580.23694449915 650 826.754499375893 895.334649245447
21328.7297353809 3533.86383217152 610 915.999330180848 597.165442122998
21893.4868198535 3613.14479093136 650 844.687382704755 1355.08003693578
21849.5702722904 3594.79808412766 650 815.763522117658 1389.13052665614
21893.4868198535 3613.14479093136 650 844.687382704755 1355.08003693578
21887.7027382866 3618.90446180575 650 842.46108867163 1443.57508965793
21828.7503745779 3597.77326231256 650 819.770313300599 1340.25109826903
21840.1893584624 3589.60207176199 650 865.423704489599 1023.54936441317
21765.9528990462 3561.39272463716 650 836.850077937842 996.097305509042
20728.314079984 3490.19051122275 600 674.479128326307 1071.78007335835
21852.5298572546 3601.4494216403 650 815.193949725742 1236.11078181586
21770.1434591582 3565.56704181901 650 831.049219431922 1004.01654333543
21830.2443942299 3593.38730697229 650 819.482789084507 1488.15442205992
21782.9422655433 3570.21170275968 650 835.97548230645 1008.11861432405
21388.5522475627 3560.48012618196 640 904.486482343601 1071.78007335835
21346.7778924494 3541.49941022866 640 912.525960733571 1071.78007335835
21206.1010385665 3553.14554246357 640 585.138374100646 1140.54200303869
21770.1011771423 3566.25208384648 650 838.446750921464 1000.19937649766
21346.7778924494 3541.49941022866 640 912.525960733571 1071.78007335835
21820.0452570097 3603.56585642851 650 821.445613957714 1140.54200303869
21324.6723788376 3535.53686063141 640 916.780168811669 706.370458172872
21381.2407247479 3584.58140997744 640 905.893585565362 1272.95558019498
21747.6957822755 3554.59482868611 650 829.82291041638 996.097305509042
21823.0188852198 3597.99204189939 650 820.873338941845 1140.54200303869
21299.1966229062 3520.47651320562 640 921.682980326616 364.045656249511
21271.7134785176 3508.44892334292 640 926.972113930256 916.963340687747
21845.4620702288 3600.38959109397 650 816.554145973048 1220.21986636344
21299.1966229062 3520.47651320562 640 921.682980326616 364.045656249511
21770.1434591582 3565.56704181901 650 831.049219431922 1004.01654333543
21770.1434591582 3565.56704181901 650 831.049219431922 1004.01654333543
21809.9958499455 3596.24154121788 650 823.379623248946 1090.49084794423
21757.3023707571 3561.60742290581 650 833.520488046936 996.097305509042
21775.4120315019 3576.96796988267 650 836.363598777117 1018.79710431172
21770.1434591582 3565.56704181901 650 831.049219431922 1004.01654333543
21365.8215645784 3598.66356322201 640 640.520277720324 1048.24278323429
21764.4510656841 3569.48926468369 650 832.144721066792 1011.86098906479
21824.0243104367 3599.44713390695 650 820.679844768641 1165.65912458184
21280.722290685 3547.60075647286 640 656.89764061706 991.091034338928
21797.5154920842 3581.76246775025 650 825.781469239226 1351.41232855277
21390.2479301003 3589.64685544609 640 635.819421483869 913.916918480125
21755.9189228489 3562.35287330858 650 833.786732721001 996.097305509042
21439.4335418459 3617.85901137153 640 626.353646090004 1266.82377327359
21350.7954764314 3586.62933150566 640 643.41204973251 840.428191578597
21386.7394538158 3588.8217261375 640 636.494628059623 1145.26021313853
21816.2467631505 3630.48319768944 650 553.835907838533 1391.88205331928
21350.7954764314 3586.62933150566 640 643.41204973251 840.428191578597
21301.2757671609 3553.81802259852 640 652.942122225006 1304.8499571588
21777.1877057564 3610.55811920961 650 561.3528269388 1133.13997121209
20585.5890862377 3492.70893894988 620 389.694207630773 1790.22220078333
21633.0424571276 3554.8152806599 650 526.092995627463 872.186323832678
21806.021631655 3582.28818453722 650 824.144461915569 1107.12263370474
21082.6667157182 3542.06643345499 630 294.031573234542 1112.52607425404
21633.0424571276 3554.8152806599 650 526.092995627463 872.186323832678
21632.3153360305 3552.83991909578 650 526.232930147837 962.380010373714
21038.2733488945 3521.86847971538 630 302.575080663172 1309.07312183212
21032.0379525108 3516.19008898952 630 303.775083256706 1058.97522128175
21757.3023707571 3561.60742290581 650 833.520488046936 996.097305509042
21770.1011771423 3566.25208384648 650 838.446750921464 1000.19937649766
21039.3115115491 3520.66222494452 630 302.375286167134 1121.04848339624
21047.6417025965 3522.12856366266 640 300.772140152592 872.186323832678
21077.3894645793 3539.35354940584 640 295.047180689748 948.306027288919
21730.4289416885 3584.79806133155 650 563.577071011927 886.978032705
21048.2044608062 3524.18883488324 610 300.66383728465 549.063519892965
21105.4674861125 3548.32047443339 610 289.643562926241 950.971162928882
21132.6207594133 3569.4866051441 640 284.417913043043 1183.56375086187
21041.3991568534 3519.58036944879 640 301.973518641 835.378290823469
21111.7530703456 3545.80475181732 640 288.433901676575 1472.50224680705
21047.6417025965 3522.12856366266 640 300.772140152592 872.186323832678
21626.4617720027 3548.79863012962 650 523.56008874192 872.186323832678
21633.0424571276 3554.8152806599 650 526.092995627463 872.186323832678
