20898.4023020617 3568.65038866524 630 883.269926912476 6053.63464917071
21777.4448723844 3598.68594523102 650 1008.45985601915 6462.41692592677
21719.1552920011 3569.09976944626 650 986.02418606899 6280.05828847594
20892.9518444041 3564.20885118615 630 884.318867977744 6026.98542429618
21719.1552920011 3569.09976944626 650 986.02418606899 6280.05828847594
21454.8768757058 3575.60063489333 610 1122.61426957637 5378.56824219463
21226.9246051326 3500.37880782617 640 1080.75402592463 5716.89691117191
20898.4023020617 3568.65038866524 630 883.269926912476 6053.63464917071
21283.6991098641 3530.1118751174 620 1069.82776739469 5871.04153717565
20854.8287891597 3542.54569820408 610 891.655653380294 5645.38222410318
21405.9148116971 3564.74898289638 630 1103.76876235267 6002.18282983218
21926.3892814669 3635.66187308681 650 1072.31133033092 6006.67327665948
21707.8575670766 3559.28879054597 650 988.198434244455 6256.48054483036
21226.9246051326 3500.37880782617 640 1080.75402592463 5716.89691117191
21686.0682075254 3541.91593987107 650 992.391798445244 6431.09160753093
21705.5961405873 3567.48420374553 650 1003.47250299983 6501.85144080988
21715.7503720757 3566.51570770933 650 1007.38086852201 6596.60299578658
21644.7415179503 3530.27702324879 650 1000.34512356221 6254.90319239035
21640.9049821576 3531.70660440723 650 1004.57741792628 6171.97834099564
21679.8944862944 3552.50691206534 650 993.579931650104 6621.9422740891
21259.7748761524 3517.58638599353 620 1074.43198831923 5540.31397381404
21609.4587534494 3511.89073897697 650 1007.13529475632 6286.91181879231
21226.9246051326 3500.37880782617 640 1080.75402592463 5716.89691117191
21691.1767108532 3552.37762458564 650 993.752973197117 6268.0638494604
21635.155914154 3522.06594443146 650 1002.36460061996 6213.77504111679
21687.1162525823 3547.86746992362 650 992.190102079989 6241.00292148827
21706.1897658948 3554.6553545222 650 988.519402731543 6373.05131029308
21634.8532785507 3525.30415335181 650 1002.24811612193 6225.0659730085
21460.1437763338 3575.9222732851 620 1161.50056167257 5608.92337993807
21741.9869125337 3574.40162297751 650 981.630238648808 6561.44358028406
21634.8532785507 3525.30415335181 650 1002.24811612193 6225.0659730085
21804.9120972051 3591.42357005899 650 969.520281212523 6506.99547704951
21890.7633277026 3612.70316380194 650 1078.62779037219 6641.99926327597
21963.5504176487 3637.19778629374 650 1064.61990838089 6854.41957240956
21233.5382243169 3549.40645870801 640 783.638084159664 5769.87655147168
21742.6148600848 3581.02101241046 650 981.871935773913 6594.41356051832
21773.9597068972 3572.13728555963 650 1055.7902053565 6399.61464260846
21867.2355330716 3610.46881887368 650 1027.54829202249 6583.31359566217
21825.3611021274 3597.98223354625 650 965.584868380346 6448.60798656138
21741.9869125337 3574.40162297751 650 981.630238648808 6561.44358028406
21634.8532785507 3525.30415335181 650 1002.24811612193 6225.0659730085
21745.9535914644 3562.26783163154 650 980.866850932667 6394.04310216756
21631.0990993156 3515.43618889111 650 1003.14533499962 6197.55785490164
21695.2397335519 3548.06845833896 650 990.626737438477 6031.61606128593
21630.7964637123 3518.67439781146 650 1003.02885050159 6208.84878679335
21690.1874033038 3548.54754356859 650 991.599058848077 6117.59473134283
21991.7190149149 3571.81582919298 640 703.027638409132 6292.6544513174
21630.7964637123 3518.67439781146 650 1003.02885050159 6208.84878679335
21711.7964036357 3557.32066866375 650 987.440404795215 6144.60646157012
21926.6045442728 3544.62048921639 640 677.965066973558 6067.47716519311
21612.0566910777 3521.72730601932 650 1006.63532142664 6107.60488901356
21756.9882752363 3572.93075238649 650 1049.25789826454 5990.35737134253
21630.7964637123 3518.67439781146 650 1003.02885050159 6208.84878679335
21894.796495416 3530.69606311155 640 665.722143260312 6068.90006039197
21894.796495416 3530.69606311155 640 665.722143260312 6068.90006039197
21841.2211587369 3517.50018052288 640 676.032721611505 6010.02234554567
21637.9408137068 3525.45697810287 650 1001.65391970409 6221.68796114003
21667.6839337081 3540.59084992345 650 1014.88464118381 6009.58390687512
21634.4824144634 3524.86929761249 650 1002.31948894881 6400.53101453688
21961.5470788325 3557.28726320825 640 691.414454796366 6202.46675439488
21748.2695690821 3578.47766489436 650 1009.16721474097 6945.47052710209
21748.2695690821 3578.47766489436 650 1009.16721474097 6945.47052710209
21684.6429390786 3546.22746475088 650 1021.41216539436 6351.50510233264
21162.8799681241 3469.94892560763 620 1093.07942206363 5716.75121721102
21713.4032135534 3554.12794625638 650 987.131174082374 6577.03047494379
21684.6429390786 3546.22746475088 650 1021.41216539436 6351.50510233264
21701.3153091875 3555.52392245221 650 989.457492362244 6538.45752508011
21174.2688514284 3472.87349724631 640 1090.8876304498 6187.22658508378
21650.711269297 3532.8303783131 650 999.19624437986 6225.21025366901
21254.0003924678 3512.85983966318 640 1075.54328822247 5921.84303906869
21715.4260607651 3565.38666893722 650 1033.47471293648 6701.27173101421
21894.796495416 3530.69606311155 640 665.722143260312 6068.90006039197
21634.4824144634 3524.86929761249 650 1002.31948894881 6400.53101453688
21173.9111526752 3481.96817572772 640 1090.95646960694 5981.01560975088
21725.6946469041 3495.26958372031 620 984.765686631124 5697.13050238369
21634.4824144634 3524.86929761249 650 1002.31948894881 6400.53101453688
22022.8162366472 3606.35173634625 650 714.996964634585 6689.38507228633
22348.8450339179 3580.7933884032 660 864.840338735115 6530.06683098488
21929.3309533706 3569.76980222049 650 679.01446232458 6332.56781155099
21756.0256770632 3569.28439065886 650 1048.88739405495 6122.59745149679
22053.3017695252 3619.32179232045 650 726.730851710284 6775.63567601692
22344.9783774214 3582.9084329939 660 865.584477124823 6492.27024196165
21634.8532785507 3525.30415335181 650 1002.24811612193 6225.0659730085
21947.4055277453 3579.53804328184 650 685.971369245058 6528.50291389989
21864.8763593274 3549.39003132044 650 701.854115112405 6194.94612681981
21695.9050242948 3548.41591438472 650 990.498702175316 6422.2496129829
21679.1005992005 3541.19702744124 650 993.732715292568 6097.44326111366
21864.8763593274 3549.39003132044 650 701.854115112405 6194.94612681981
21641.8382926697 3530.56066822195 650 1000.90384952797 6225.97255961787
21823.91366428 3525.5589928415 650 709.737389449854 6133.35355008482
21655.8593704196 3532.72083454329 650 998.205491856892 6131.9528841234
21823.7334866718 3525.95739249444 650 709.668039056104 5995.79603528685
21634.4824144634 3524.86929761249 650 1002.31948894881 6400.53101453688
21836.5133685859 3532.57610563362 650 714.587017898322 6283.94740935225
21860.4376199867 3578.13801478425 650 502.431192204915 6186.76621043231
21998.8042566561 3635.18603503577 640 486.714205512324 6303.66972719686
21740.0580922296 3552.26650802051 640 495.786687562717 7254.86220422952
21970.0742195872 3626.1212841222 640 492.24330372417 6801.4010621445
21938.5129208919 3619.72187264458 640 498.317278490067 6578.8111440118
21710.0846564734 3542.77583356803 640 501.555077963506 6763.45273091024
21937.906189041 3616.4829862622 640 498.434044089217 6570.89246326074
21937.906189041 3616.4829862622 640 498.434044089217 6570.89246326074
21834.4968193012 3616.20333822673 650 523.37239311742 6617.04695119535
21937.906189041 3616.4829862622 640 498.434044089217 6570.89246326074
21803.4634817674 3577.59919804317 640 511.427655931405 7187.99263388084
21757.165718793 3563.79308578062 640 492.494323295518 7039.19893230145
21755.2374000273 3564.02508267605 640 492.865428415007 7030.79384615903
21803.4634817674 3577.59919804317 640 511.427655931405 7187.99263388084
21308.3253656238 3509.04812770762 630 615.943669958478 6276.41429397852
21904.1548625414 3649.48745030258 650 511.67100571294 6312.33808699735
21942.4117030061 3660.00801580227 650 504.308473332726 6014.82391663524
21904.1548625414 3649.48745030258 650 511.67100571294 6312.33808699735
21837.4487695443 3622.95651500623 650 524.50859929575 6638.3071696846
21819.4444895523 3585.36717075586 640 517.578748695774 7104.87263199083
21825.7721216408 3583.07093941242 640 520.014255422172 6790.94588866631
21942.3507696351 3660.60434260552 650 504.320199965446 6674.56855626595
21842.0224069224 3623.71014955594 650 526.268993143328 7002.93605758907
21886.9116426849 3634.18561200192 650 559.159306106457 7600.95008297377
22437.0426817056 3640.20775904436 660 755.292403689582 6639.79594816874
21175.9198511048 3553.95356414074 640 273.277978508271 6444.88719401781
21179.6350454733 3556.57635190155 640 272.562989018696 6443.96975621848
21932.2152000498 3660.52119097816 650 506.270791241604 6438.9679555465
21328.0038267326 3545.79391678033 640 615.12149553021 6173.49221460257
21837.4487695443 3622.95651500623 650 524.50859929575 6638.3071696846
21832.4285039973 3613.66334433236 650 518.044921128657 6463.31339324161
21158.5672331201 3546.72823947846 640 276.617491396468 6610.5056745432
21846.5029424596 3619.61523617576 650 522.766122905775 6599.93144469385
21855.7870189825 3621.3874297747 650 513.549572823798 6492.88717262581
21773.0696722106 3621.6804774212 650 370.734036874918 7118.46251234183
21851.0167433465 3622.60298823261 650 529.730914847091 6713.44155552322
21185.1507627386 3559.09409106946 630 273.438979414973 6218.99125272679
21246.6233800324 3578.5741834358 640 259.671078021939 6812.1097403697
21832.4285039973 3613.66334433236 650 518.044921128657 6463.31339324161
21897.703632442 3642.73363326077 650 547.700706838391 7017.06551376266
21824.5799287062 3617.51620849732 650 519.555380147691 6611.10563714005
21837.4487695443 3622.95651500623 650 524.50859929575 6638.3071696846
21181.7949304435 3552.20825355813 640 272.147318962366 6728.35396620033
21845.9767772561 3613.38349244159 650 446.348169189269 6543.56245022125
21794.1311681874 3592.21922929434 650 456.32586130664 6427.30700805041
21742.2447190587 3569.56493697083 650 466.311413097207 6878.96762035116
21845.9767772561 3613.38349244159 650 446.348169189269 6543.56245022125
21612.9056741563 3529.39258397627 650 491.202723894249 6922.69571150621
21773.5834683103 3586.12848097324 650 460.280267991727 6395.78323785336
21613.7773392077 3530.36621887989 650 491.034971876896 6831.79479084263
21755.7657007178 3572.54062726796 650 463.709298963681 6400.69548670175
21612.9056741563 3529.39258397627 650 491.202723894249 6922.69571150621
21612.9056741563 3529.39258397627 650 491.202723894249 6922.69571150621
21713.1435663024 3563.91866773041 650 529.784306569944 6991.63442181684
21724.2745439267 3581.84258233561 650 469.769774913821 7138.37338814947
21733.9901953557 3584.37044638061 650 473.509330892393 7153.54057241947
21681.282957941 3564.76930084704 650 478.043509494414 6999.31282089194
21202.6245960231 3556.65164207867 640 293.575178284327 7168.58650190199
21724.2745439267 3581.84258233561 650 469.769774913821 7138.37338814947
21158.5672331201 3546.72823947846 640 276.617491396468 6610.5056745432
21708.4199881439 3578.55078626811 650 472.820985596854 7121.91440781196
21621.7267229885 3534.28742791092 650 489.505112254995 6845.54755706547
21681.6859053723 3569.12498929585 650 477.965962225088 6952.00019360994
21448.8922605694 3534.04993413479 650 1090.09997645834 6547.55231370792
21442.528661168 3532.31171941614 650 1091.32465173413 6730.70434000866
21450.0123643626 3540.52287006825 650 1094.37342473428 6580.89065582772
21442.2371668941 3536.87836125954 650 1091.38074983331 6654.1020901844
21440.4802883773 3536.14267131098 650 1091.71886126151 6745.40829824412
21619.2337205107 3531.17607897255 650 493.638390071684 7023.61186027291
21673.1497650652 3549.69513272506 650 479.608743193152 7237.25498176466
21506.5639207788 3568.38402752021 650 1079.00106027617 6782.13732804062
21472.0931709715 3549.00599618126 650 1103.88666544528 6806.64729385959
21673.1497650652 3549.69513272506 650 479.608743193152 7237.25498176466
21274.5132330421 3525.76327593535 640 272.743594500242 6320.11502590748
21278.6723331982 3525.85770150996 640 274.344432896724 6325.96578084639
21612.9056741563 3529.39258397627 650 491.202723894249 6922.69571150621
21290.6405424941 3535.11941633294 610 272.041149943831 5972.76931803228
21419.0096411263 3599.41762198338 610 247.336505393512 6689.56618446832
21276.7079469732 3528.70589347255 610 274.722479201982 5865.0566134961
21440.4802883773 3536.14267131098 650 1091.71886126151 6745.40829824412
21440.4802883773 3536.14267131098 650 1091.71886126151 6745.40829824412
21865.9544110514 3564.10127952077 650 501.523548971677 6857.05129736215
21612.9056741563 3529.39258397627 650 491.202723894249 6922.69571150621
21354.1419774084 3521.56407569876 640 620.633772102682 5954.24513895927
21265.0032039133 3489.60102471897 640 586.324242187593 6128.4845349231
21889.0507533334 3578.22540475451 650 510.41333526088 7093.05310524767
21812.5164511724 3548.85306123048 650 480.955268624292 6731.49918869044
21615.7370507861 3532.29727683407 650 492.292521267166 6964.37489031644
21903.9048111829 3582.43996472544 650 517.3309759583 6849.44208309813
21883.114074972 3590.80187130644 650 521.332155007638 6678.14276749036
21440.4802883773 3536.14267131098 650 1091.71886126151 6745.40829824412
21440.4802883773 3536.14267131098 650 1091.71886126151 6745.40829824412
21848.3339000673 3569.98282021623 650 528.025602788867 6400.90568508961
21741.4345141333 3530.26303482784 650 494.63499378564 6364.24595743361
21617.2241868525 3528.41183931742 650 492.864920206004 7008.50777311705
21465.3006276339 3542.08202691133 650 1086.94218474445 6682.24066259303
21754.8665401334 3536.48989902624 650 492.049999176666 6463.6477337158
21679.8458406731 3563.34451430749 650 478.32008284157 7096.11994892572
21825.6542841136 3559.44286242344 650 526.130925130326 6371.12606090471
21804.025942445 3547.79045222155 650 482.589267790737 6503.49325755746
21743.0284741328 3526.34762584721 650 494.328236040706 6352.49973049174
21507.8766312537 3571.88812089293 650 1078.74842902749 6801.19549161679
21743.0284741328 3526.34762584721 650 494.328236040706 6352.49973049174
21781.6828589114 3542.27135189624 650 509.206315678904 6471.56747967508
21624.4297181943 3562.98879067377 650 747.934325586272 7353.64854983862
21772.6276172129 3545.37007504574 650 488.631878299024 6538.41067176195
