10389.7420080761 2995.24879772906 748 385.230248753192 10578.2308570775
10476.6813059027 2997.92521360111 737 368.498773085406 11124.8818391229
10389.7420080761 2995.24879772906 748 385.230248753192 10578.2308570775
10432.8618169637 2995.07481711387 732 376.931837663639 10917.8684583615
10328.3397091369 2997.86021747208 714 243.071851675203 10878.042370475
10600.0310279171 2998.46991469071 753 256.376894373114 12515.189738704
10376.0602838846 2996.48863574815 731 387.863297801506 11008.5421584909
10600.0310279171 2998.46991469071 753 256.376894373114 12515.189738704
10841.6845052049 2997.02940971144 822 421.377137128562 11624.025073995
10185.1553998385 2996.34471065864 665 317.899194920222 11253.6751586595
10698.3981579355 2990.00058147729 745 403.648687294008 11004.6421540544
10617.0033548004 2980.41846816304 746 271.792499324879 10526.5169193877
10311.7707388877 2997.60597110731 712 307.157714704988 11592.3273263205
10198.5549432025 2997.43397546165 660 319.541460317909 10725.8204912534
10111.784664586 2915.25304777422 666 369.021881589854 9893.99681110372
10210.7781116044 2997.3407309733 684 268.285634339545 11612.8205150705
11301.9337664691 2993.53843271234 937 330.79238404195 13692.9294208473
10249.2455788189 2997.01198556083 676 342.567516311376 11207.7463887826
10249.2455788189 2997.01198556083 676 342.567516311376 11207.7463887826
10139.4294546655 2984.35525347895 669 297.437982160745 9891.28987441597
10542.4199129043 2996.80785103891 711 234.202365865817 11971.205651743
10440.6325018298 2984.08862520066 712 239.471428707069 11049.2781656316
10139.4294546655 2984.35525347895 669 297.437982160745 9891.28987441597
11338.6436026798 2994.60164611102 923 323.341105111642 13499.3161086122
10891.8514343028 2998.66111208085 830 409.326298006402 13431.9378167266
10183.796575879 2991.04496718454 696 263.654759818491 10785.3563817634
10139.4294546655 2984.35525347895 669 297.437982160745 9891.28987441597
10920.6573124752 2995.4652519081 825 420.413685684453 13132.1432602128
10291.792694621 2995.8628265523 683 268.115662959784 10664.1648490335
10372.9891261838 2995.49412203703 706 249.169159300919 10872.4144817311
10577.0964135686 2960.87738928839 736 351.090543954598 13135.191147826
10212.9215940136 2998.62705580549 673 283.294413348771 10194.7799834589
10340.9138760569 2996.3220856079 700 258.662287184794 10682.358476907
10199.7280560833 2987.46090720246 673 285.833510907301 9639.49253470792
10565.7678001319 2981.42631539317 721 387.19373246522 13500.6790322079
10132.7711601966 2997.38545290861 649 297.73649168118 10940.4352294277
10507.0114477952 2961.0833600485 721 364.578401906413 13082.3632545996
10161.0611477134 2997.92493801443 654 292.292081045112 10662.603060942
10656.7046312811 2996.3025099304 798 335.946657122955 11038.1874064114
10232.3477658474 2991.3927683781 675 279.555844836243 10193.1697654775
10226.2197020579 2956.18699584903 713 277.19305025224 9785.08965149712
10134.6644751402 2990.93957040279 666 298.465228942752 10861.4980199872
10418.8355406032 2989.23050811022 730 234.424194999513 10516.8407265891
10132.7711601966 2997.38545290861 649 297.73649168118 10940.4352294277
10218.2084552917 2988.26773210779 692 282.276956421414 10023.4038785313
10212.9215940136 2998.62705580549 673 283.294413348771 10194.7799834589
10212.9215940136 2998.62705580549 673 283.294413348771 10194.7799834589
10212.9215940136 2998.62705580549 673 283.294413348771 10194.7799834589
10212.9215940136 2998.62705580549 673 283.294413348771 10194.7799834589
10727.9100204053 2994.7542053252 788 177.146347381034 11746.0176795251
10270.5059448603 2997.01672628842 698 265.173802762479 10784.0292005435
10234.7141875971 2957.0158886871 708 272.725901625416 10989.7110245453
10282.6144867805 2990.24191812108 721 263.507484749469 11997.3796416407
10395.3811624986 2983.3039517779 726 398.815128695148 11942.2488179195
10123.4325566262 2997.26386578958 649 294.142061491038 10826.7052760983
10180.7141868232 2984.0485339383 670 222.916994327632 11156.5982034698
10301.8374693668 2997.28274117624 700 256.940484307168 10962.6330802286
10132.7711601966 2997.38545290861 649 297.73649168118 10940.4352294277
10132.7711601966 2997.38545290861 649 297.73649168118 10940.4352294277
10263.8756539637 2995.20256026021 692 254.925857954142 10789.1913338326
10847.0453687266 2990.00089659852 877 296.688679846386 13318.7664619555
10701.5955518487 2986.21461262619 862 324.680510155738 12912.8043852966
10739.3593310555 2987.50742555576 866 317.412867458847 12211.1461643456
10900.7606909424 2994.11254221846 885 286.351161266088 11034.3157727525
10999.2945154211 2991.87972686831 909 321.582309493125 12528.4519081218
10827.4357886219 2963.42229508393 887 300.462545297108 11652.7968989015
10931.959516166 2996.18980930582 914 280.346944552349 12272.8799536365
10821.2639447457 2984.02367039174 887 301.650317204869 12271.5374226385
11013.4140432134 2992.65083960622 899 264.671013513166 12913.7862040316
10701.5955518487 2986.21461262619 862 324.680510155738 12912.8043852966
10646.5132796369 2997.0345226351 826 335.281098385414 12502.8426987974
11020.125880254 2986.59376030498 899 263.379319872443 13264.2323219536
10701.5955518487 2986.21461262619 862 324.680510155738 12912.8043852966
10718.7264885179 2988.18414545734 862 321.383659856584 12993.445502915
10732.4025125082 2994.25486887888 862 318.75170781251 13114.346121933
10753.3418670411 2992.53020894487 856 325.580700195794 11775.7458328206
10711.6110926951 2997.08441009394 859 309.038895213034 12332.6821478911
10711.6110926951 2997.08441009394 859 309.038895213034 12332.6821478911
10387.6713288855 2996.44594238791 791 263.446261339065 9972.75098177095
10606.3813777704 2984.27939012566 850 221.355492806337 11711.0856442243
10454.4478182654 2994.8499559109 803 250.595119966055 12170.9712709446
10470.0267061331 2995.45447012214 817 247.596961598011 12020.9079141268
10524.6624131046 2996.6986372421 823 237.082314888898 11801.353480007
10337.5751543219 2948.29888339467 825 273.087274628949 10352.3142582109
10425.7344191659 2995.97170391004 800 256.121016199198 11929.5367158462
9838.59697453642 2898.92020643871 684 369.115670101911 7732.17275649758
10524.6624131046 2996.6986372421 823 237.082314888898 11801.353480007
10616.4633994941 2938.65409395031 838 222.799621690182 11924.7560622628
10593.1540279999 2982.18517562863 785 400.173805994395 10808.690861626
10529.0217901683 2988.98085388612 784 236.243352381821 10552.7259036583
10284.5342775996 2998.52278895995 724 283.294996113498 9433.66513403407
9821.5630347635 2892.04202976218 684 372.393853339665 7670.26916640882
10240.4688119144 2991.24932663418 743 291.775398938618 9073.60928731858
9821.5630347635 2892.04202976218 684 372.393853339665 7670.26916640882
10240.4688119144 2991.24932663418 743 291.775398938618 9073.60928731858
10725.9064463615 2991.3350637157 825 288.649309751296 11546.5413511467
10225.9451146454 2999.69537411885 733 354.392633919589 9455.48890613041
10569.5084468472 2994.79554868287 808 228.451691671099 10679.8618313894
10134.0859379386 2998.11466289839 684 312.248792580975 9111.23894048676
10264.4334839525 2991.11565828921 731 287.163395654526 9887.78898086019
9821.5630347635 2892.04202976218 684 372.393853339665 7670.26916640882
10264.4334839525 2991.11565828921 731 287.163395654526 9887.78898086019
9821.5630347635 2892.04202976218 684 372.393853339665 7670.26916640882
10134.0859379386 2998.11466289839 684 312.248792580975 9111.23894048676
10245.0201780856 2993.4661625506 723 290.899488110568 9173.60544561213
10134.0859379386 2998.11466289839 684 312.248792580975 9111.23894048676
10373.3058559334 2994.69318835455 758 266.210897897712 10300.905169592
10413.0893932808 2989.75262826153 780 370.925397533259 10239.8048657877
10333.0366049306 2979.8001958028 770 330.507017416613 9532.91571442449
10424.4300401414 2995.5381938797 774 365.684367030688 10290.4917289176
10154.9102349134 2997.96573036361 696 308.241154759622 8690.9966313038
10459.542339919 2993.47761348859 766 249.614678816693 9929.04667960504
9821.5630347635 2892.04202976218 684 372.393853339665 7670.26916640882
10195.1154082903 2983.3675060669 718 300.50366553563 9179.9767962651
10204.0655066815 2995.29882776382 730 298.781218297147 9137.1121071075
10185.9225743579 2998.39816584623 715 332.200723241337 9463.20168123594
10012.3511652541 2990.62108516054 673 335.676660507359 8718.48163835235
10134.0859379386 2998.11466289839 684 312.248792580975 9111.23894048676
10420.4399390503 2996.58067785211 769 257.13993937252 10379.9060937677
10012.3511652541 2990.62108516054 673 335.676660507359 8718.48163835235
10134.0859379386 2998.11466289839 684 312.248792580975 9111.23894048676
9906.77354573128 2925.31292750736 684 355.995082857987 8242.94393702804
9821.5630347635 2892.04202976218 684 372.393853339665 7670.26916640882
10295.3126948445 2985.26561960634 746 422.433348583483 10720.0798894007
11285.2238605914 2993.75410526767 834 274.566211430935 11588.4896654937
11205.9672298559 2989.96944925416 790 349.081709284528 11252.997983782
11218.7687764766 2994.71432977817 900 257.176464950608 11876.592253954
10877.0173870003 2995.24311455194 750 213.483101090533 10125.7227430425
11018.1320911038 2986.90898423488 821 400.697766818866 10130.5109977228
10836.4247994238 2986.41970414437 793 330.75859764209 9635.78539192425
10793.0366124109 2987.19300043087 754 327.75019725341 9516.12943976633
10793.0366124109 2987.19300043087 754 327.75019725341 9516.12943976633
11179.3407146694 2991.65813262485 832 258.977209084003 11215.3483767893
10808.8985797163 2993.60967552535 746 330.268831195452 9198.08516825549
10357.4360380855 2997.07734484601 609 261.339969555129 9995.05252690116
9812.46476957958 2855.87611968442 657 128.616721716991 8021.43451653077
8995.90239367164 2557.34478825039 657 509.799157655021 7025.95378292036
8439.46396498751 2186.24184774819 657 639.904226399752 6166.05104920959
10131.2064391711 2962.45398416318 657 247.912566317042 9200.07194720504
9105.49612963905 2601.9648842377 657 336.531404951224 6679.78537334048
10034.4455348708 2909.28634183405 657 306.428446901751 8641.26240437451
9731.75835663626 2826.99309857276 657 97.5528088915558 7703.72128430251
10037.0393044989 2909.03166275109 657 301.38628376548 8799.32504638833
9936.92735126735 2896.91521992341 657 176.522391744638 8572.36100157278
9700.00703735006 2817.76700760752 657 76.9127421360084 7723.32323577437
9773.09054390192 2783.96133855675 657 280.706325264395 6738.46639204778
9062.30660845746 2568.87829883401 657 344.843232178011 6619.86062103533
8935.96354152292 2558.0497328867 657 59.2665783112057 5724.61042457716
8154.08284909237 2342.42859143684 657 746.85359716788 6708.79190958899
8935.96354152292 2558.0497328867 657 59.2665783112057 5724.61042457716
9062.30660845746 2568.87829883401 657 344.843232178011 6619.86062103533
9522.56828123005 2727.21524673054 657 256.265831953705 7664.25846445613
9303.68798732691 2646.56033539997 657 239.218547242095 5941.77613309218
9692.27552177714 2810.82918710067 657 223.605658282607 8054.14358149495
9776.24666657787 2838.66347045048 657 207.445403930987 8268.01623159105
9845.67191450424 2817.7923186758 657 345.149856077819 8369.72423848629
8837.4861183913 2501.26007578701 657 50.1636721114244 5973.14684591528
8656.07436599832 2462.80202178343 657 439.329032605289 5475.07060843228
10010.2721127167 2905.21228353286 657 288.813193737507 8562.88091551672
9043.10756298679 2486.36035192229 657 66.6772665521888 4997.61817506909
8923.46571764084 2519.75810348247 657 2.18168291797403 5477.27194439508
8649.12707230153 2458.91166092396 657 412.987330453551 5422.72323823777
8934.58654762601 2526.98055496219 657 0.0414781894571015 5558.86408465439
9721.14538947602 2819.7676732366 657 82.6425991009966 7378.44713589892
9936.92735126735 2896.91521992341 657 176.522391744638 8572.36100157278
9975.49743077666 2911.3947505844 657 209.067025734989 8717.15630818268
8649.12707230153 2458.91166092396 657 412.987330453551 5422.72323823777
9595.7298239635 2676.94438319251 657 441.319875582396 7989.04308239116
8899.87933231367 2479.16671500074 657 6.72088489059225 5137.93338315546
9831.94052203831 2844.59462810873 657 196.727116450223 8035.94967640601
9793.60026913628 2843.31603756901 657 121.355772110948 7995.96151654684
8950.85223120189 2326.75924084828 657 732.211520293676 7119.52787579839
8865.40837760382 2554.05705367436 657 246.886336976565 7474.8846159078
8923.46571764084 2519.75810348247 657 2.18168291797403 5477.27194439508
9936.92735126735 2896.91521992341 657 176.522391744638 8572.36100157278
9936.92735126735 2896.91521992341 657 176.522391744638 8572.36100157278
10057.30526065 2937.50643145388 657 222.855870669024 8600.51894296884
8942.76040476196 2542.63754925785 657 28.5978076803858 5735.57636991983
8877.83250566584 2524.36493804281 657 617.967923798052 7240.43540550236
8986.29658772662 2576.78202076154 657 36.976349998431 6168.96549264675
8670.6534684493 2480.91256242954 657 302.253878665858 6446.61087415604
8851.61641866029 2541.384320654 657 172.581208294073 6690.88143533765
8880.59220957334 2549.69983167748 657 105.828260418854 6550.14309861958
9763.65532942399 2836.88497941394 657 109.829959441778 7948.69202623072
9048.00410571803 2601.14318146003 657 49.2978529382919 6581.10924993422
8464.86968289071 2422.68367147631 657 460.591591537935 6661.37249476671
9055.27666712289 2392.87877987224 657 682.281275585164 7844.55744413772
8812.81861282077 2508.5251635312 657 92.8638559704892 6547.6965552066
8713.13399438865 2500.5149266152 657 308.804601554943 6530.21449133471
9988.85847544571 2882.81113892961 657 214.717996787441 8033.91216854944
8880.59220957334 2549.69983167748 657 105.828260418854 6550.14309861958
9790.26938196993 2825.31997519524 657 204.746731095528 8224.02551536077
8778.9632810199 2522.2389138901 657 286.834336847684 6169.10494287872
8918.33326155591 2563.91956673933 657 91.3017227377644 6633.08670784813
9936.92735126735 2896.91521992341 657 176.522391744638 8572.36100157278
9520.0207291671 2744.77909093148 657 466.999251332989 7031.09802149201
9936.92735126735 2896.91521992341 657 176.522391744638 8572.36100157278
9880.97888301333 2860.79566752979 657 424.051007239138 7067.72253353179
9897.90418793543 2853.48564974812 657 400.23622790656 6851.11093706036
9927.15019937271 2893.67483057977 657 369.141601810917 8227.80747854896
