10941.6016360448 2994.52325362963 949 369.866062491892 12599.3315610732
10860.6412671399 2989.64390466669 875 337.249153124401 12458.2530857603
10986.4499666487 2992.77178346674 901 367.516302503114 12401.8298017193
11208.4762152581 2996.00150902471 987 417.981120085196 11209.6074483616
11011.8134603419 2989.03025611915 955 375.793630124444 13352.6973039822
11019.3948735608 2966.89203597255 973 345.203677733413 11806.3513621117
11133.1834433829 2996.18952712749 980 373.069224615054 11702.1768189852
10882.7538999774 2977.3937499331 902 370.235739949568 13029.6268411903
10833.9102474448 2992.28927128032 897 326.365556427995 11914.3126556718
10818.4885962761 2988.7955602474 879 295.06047915833 12576.234526838
10935.400301598 2997.5361046748 909 390.499349381253 13117.1870265886
11029.5573365829 2983.28127240631 965 372.378819549721 12087.7475404833
11054.7229360679 2985.9775111031 973 367.535697670724 11712.1502307944
11091.2316700477 2997.43007318264 979 360.509588540384 12529.9263938164
11011.8134603419 2989.03025611915 955 375.793630124444 13352.6973039822
11021.685587192 2994.23160005861 927 345.096751686369 12286.0890787864
10940.9943212353 2982.60729584812 938 389.422779800117 12204.3836714443
10894.9706011059 2994.18925204324 897 303.804695447437 11991.0584743954
10940.9943212353 2982.60729584812 938 389.422779800117 12204.3836714443
10940.9943212353 2982.60729584812 938 389.422779800117 12204.3836714443
10893.052211682 2996.10282667661 871 401.158714641911 10699.8980677604
10545.6807872794 2967.28238761742 802 272.301997158969 9733.87590902066
10865.1509368395 2991.45353565889 901 337.02671705321 11991.0039888543
10583.0852058732 2998.3361228004 813 265.103513444301 9883.16202420319
10513.1980910164 2980.63168575109 802 278.553294969455 9630.66521412774
10834.962649009 2965.3450789246 880 409.828584634262 10869.9292882816
11042.5827416993 2992.1846847964 929 377.27228547296 11400.9729388929
10834.962649009 2965.3450789246 880 409.828584634262 10869.9292882816
10899.5214951859 2990.98757173129 889 336.653711250705 11973.0802964572
10618.6483237788 2948.52219702048 874 228.545577170655 11430.0220659096
10610.2799928645 2934.49764191067 817 259.86987424763 9525.616326021
10510.0171784542 2981.92092701922 802 279.16546187747 9175.63990631727
10510.0171784542 2981.92092701922 802 279.16546187747 9175.63990631727
10843.6645427094 2997.43662929955 881 214.954996688415 11317.5034331337
10822.1050745547 2984.64495859329 856 328.967952497186 11242.4307691876
11037.6063395084 2944.04448252386 928 399.579852493475 12196.7111189757
10898.3665461733 2990.52252197672 926 353.024946503351 12172.7495990973
10723.9484166776 2990.60449840596 865 237.994375885356 10846.6101416981
10535.6286216877 2994.2179450777 862 274.236537329058 9896.98307975931
10618.6483237788 2948.52219702048 874 228.545577170655 11430.0220659096
10728.3907875202 2996.55846526148 854 237.139441218084 9670.84470530019
10690.4144062616 2994.62108029165 857 244.447999198905 10976.3098140016
11019.857582721 2991.77145778473 875 386.076595799536 10250.6764288729
10549.0324366518 2973.68229912348 844 271.656971936504 10137.814647367
10732.1799698927 2993.83018461029 888 236.410212730488 11525.8912951779
10962.7577178396 2986.64857930516 875 361.084940147353 10044.4868480579
10664.4954273784 2995.98691935577 870 249.436109010688 10765.1525728109
10629.5505242058 2992.84554637288 838 256.161258761863 9963.34062401942
10531.7838836453 2992.97599082427 833 274.976457510316 10156.9948561339
10990.0709432538 2998.1716407179 875 371.597805510895 10030.6469279262
10642.2008894673 2995.06573411906 846 253.726694832162 9276.6583030376
10713.0441618233 2987.42075341733 840 240.092900710497 9564.56209007373
10510.0171784542 2981.92092701922 802 279.16546187747 9175.63990631727
10513.5803897561 2956.10400047932 840 222.977654982416 9491.8737021873
10713.0441618233 2987.42075341733 840 240.092900710497 9564.56209007373
10813.4763701139 2991.81810104459 856 308.916806574137 9774.2526532321
10656.1843660075 2995.18123855095 831 251.035573517265 9535.81974673915
10912.6862484483 2974.85105225585 882 386.156528650274 9734.05996083534
10629.1999871316 2992.95719568325 823 256.228719653238 9098.96039437888
10491.0870071418 2955.01980776911 820 223.882905011308 9488.83468839128
10545.4237238825 2983.75637906017 803 272.351469032764 9339.14978632802
10408.2951994914 2956.92008651354 751 368.590087408189 8349.83398292418
10300.6768108947 2957.55334514248 724 327.167750324174 8149.05585519532
10545.4237238825 2983.75637906017 803 272.351469032764 9339.14978632802
10204.3654736682 2993.88611059498 701 333.686525071069 8707.21965739816
10425.8571142328 2994.16142214785 776 286.464507451709 9848.524128185
10378.7628174229 2996.28998136382 733 256.878516514399 8806.8425098364
10348.8001244548 2991.12101842624 725 310.191698385644 9230.7145070104
10289.7397390005 2997.22184242929 723 222.613517653542 8838.03065275409
11238.5264910884 2987.45811053453 881 301.121461903106 9943.95935401734
10682.500754038 2986.27280910976 766 212.12359942693 9316.93371845154
11313.1188573427 2993.29524696982 876 286.76615432432 10123.4719515084
10807.5445939024 2993.73538793464 778 188.058901224857 7359.30038740489
10659.2184908881 2989.95913739857 691 216.604273059236 8985.47810609024
10973.6281254187 2991.22737274581 830 156.096110681882 8956.03365187694
10674.7608669662 2994.07014734069 714 213.613141388385 8432.79551628302
10599.9766213799 2987.38681056878 689 228.005376161852 8962.49321692037
10674.7608669662 2994.07014734069 714 213.613141388385 8432.79551628302
10713.2317929114 2993.05761134902 734 206.209408238256 8950.99696376771
10689.6652367242 2976.68247887255 689 210.744794091109 9000.30191171512
10674.7608669662 2994.07014734069 714 213.613141388385 8432.79551628302
10813.1632145534 2964.67424514432 783 189.415108412456 9100.80213031134
10627.0696244988 2993.77986919975 671 222.791325280573 8849.0047345317
10702.2410802725 2992.21647882261 708 210.762083107833 8899.01137119622
11069.040733627 2989.11100492897 865 137.733945670845 9966.29040681658
10635.6651000615 2993.49716218871 671 221.137125237259 8701.90595957238
11085.1933545146 2991.88943860325 865 134.625372331655 10121.9978600314
10758.7298633709 2986.32308992249 764 199.890811731817 8965.98564458645
10702.2410802725 2992.21647882261 708 210.762083107833 8899.01137119622
11148.763111675 2981.21487872163 881 159.80955899113 10458.6176571067
11085.1933545146 2991.88943860325 865 134.625372331655 10121.9978600314
11083.95290178 2995.24433821572 865 134.86409757172 9652.27017763865
11083.95290178 2995.24433821572 865 134.86409757172 9652.27017763865
11025.179643788 2995.95864165102 854 146.175016345999 7539.62615585409
11085.1933545146 2991.88943860325 865 134.625372331655 10121.9978600314
10580.7245689609 2996.71170781572 689 234.147946613412 9027.07594005484
10855.7549577704 2998.11618407377 822 194.556890112691 8431.85261233938
10745.5392259219 2993.7445927868 707 204.99978628572 9596.69886345456
10736.8652082648 2996.00890615159 688 201.661155332866 9214.39686070216
10361.7650013935 2995.5498327979 633 276.286735038985 8997.81182604695
10828.4299895803 2996.23851568794 803 184.039504952602 7380.91890825164
10850.5888653233 2988.88547053615 758 268.969272288758 7104.78398768919
10278.1837586959 2995.3081969948 597 292.371952695868 8732.56382938502
10556.7770245072 2984.95869591843 651 238.756653692348 9112.43529158134
10696.0999013077 2988.33668160827 711 209.506442314614 6662.09498961106
10599.9766213799 2987.38681056878 689 228.005376161852 8962.49321692037
10180.0779550986 2995.62152913422 582 311.252423401198 8434.93491679345
10476.4670494192 2985.90045064219 649 235.732385288326 8443.87865300465
10661.4671944878 2988.33261360154 675 216.171509849692 8881.07344326557
10274.5086255683 2999.1043785577 594 349.555363657936 8343.42125794256
10356.7782614097 2987.32068012667 634 280.670642331313 7704.44076673439
10650.2051418338 2995.26988440286 708 225.842964976925 8914.79832507833
10182.6200003125 2998.61138260738 590 314.187415306672 8162.22147956945
10182.6200003125 2998.61138260738 590 314.187415306672 8162.22147956945
10319.2401248843 2987.87312978953 615 310.71822410022 8924.52322682867
10669.7916750169 2979.85257238367 712 214.569462824924 8695.38716295478
10319.2401248843 2987.87312978953 615 310.71822410022 8924.52322682867
10282.368302724 2987.59533202437 595 296.526253133711 8810.46916999068
10282.2536271356 2994.88681286454 586 350.579857904668 8189.42300756332
10637.2077077216 2996.06896681179 689 220.840250254652 8288.26707288026
10482.7287898921 2988.73115886241 652 253.25235328202 9138.3215684408
10180.5024984074 2995.76304357051 582 311.415830196971 8108.09658519702
11620.5400447979 2993.16129750325 932 347.194994092257 9934.83671134257
11469.096977497 2998.71394030163 888 348.901057789001 9917.73765617245
11725.5023126414 2998.03047201246 951 383.486189558516 11392.0321483881
11348.7828920472 2992.10816787639 875 341.77036798718 9655.7762014897
11725.5023126414 2998.03047201246 951 383.486189558516 11392.0321483881
11251.9871162808 2953.83679893059 894 304.513656523772 9461.3185346894
11450.297605103 2987.86354423673 907 380.843399260185 10276.8220528332
11450.297605103 2987.86354423673 907 380.843399260185 10276.8220528332
10210.6654852081 2990.72678206333 621 311.899665036119 8330.74297302077
10182.7666850289 2996.27705687267 608 317.268791633974 8248.27344340372
10724.8482763917 2993.56901114768 745 211.37094249769 8472.18322845519
11176.958319246 2991.24197001137 865 267.502918906744 10390.2736035994
10267.6965973257 2997.89630644952 575 303.905948622083 7796.65894552524
10929.0315365581 2994.73102762448 821 172.075855757316 8864.19342622767
10645.8834204481 2997.93424212883 694 226.567736109533 8633.48095306413
10668.0676611982 2972.10330377325 678 505.557388353765 8066.58859629942
10939.4921665966 2980.6767933189 832 170.062706567781 9523.9343293674
10929.0315365581 2994.73102762448 821 172.075855757316 8864.19342622767
10868.3627441189 2991.59386839043 803 183.751570306048 9047.44562171365
10835.8163052503 2996.11696028226 786 190.015135386704 8527.37904761555
10816.9935458397 2985.15393920843 750 292.428054080111 8714.28775662615
10645.8834204481 2997.93424212883 694 226.567736109533 8633.48095306413
10854.2261035627 2988.45373642344 774 186.472168049577 8049.39881818542
10733.8829914448 2997.06715006047 737 209.63221077503 8130.07131953768
10854.2261035627 2988.45373642344 774 186.472168049577 8049.39881818542
10445.3113370656 2992.67671759823 616 265.167851553818 8845.51609749474
9257.44161652651 2487.91150856121 657 476.61591971166 5273.75375320666
9432.54124558316 2550.12109693598 657 544.0117983589 5553.26250462476
9400.28660835047 2712.56828366972 645 223.947392386099 5354.27222396588
9834.9085219856 2848.3587317615 657 466.576179910886 7083.10140815696
9318.53404037981 2580.97574654038 657 484.028014084055 5485.26792018641
9604.88437065876 2749.05025278698 657 428.919867327692 6592.20592380422
9693.01115825686 2801.05961051859 657 411.959859146831 6854.74412533768
9043.16102915126 2359.41320084628 645 546.936555721471 3940.27667747179
8975.84878347524 2567.52075443122 645 60.5811974221187 4711.54452719742
9693.01115825686 2801.05961051859 657 411.959859146831 6854.74412533768
8854.34334445625 2480.59981635847 645 83.9649300639914 3945.73258644439
8975.84878347524 2567.52075443122 645 60.5811974221187 4711.54452719742
9170.40775438266 2618.52162376125 657 173.812343922066 5686.59762613373
9652.14098954435 2786.32910074032 657 396.228923874834 6874.75510936707
9374.19022327507 2690.49737961056 657 78.5742275541832 6318.26245441393
9088.58597350755 2583.58063857162 657 275.989042445064 5882.37218159608
9170.40775438266 2618.52162376125 657 173.812343922066 5686.59762613373
9392.43771746759 2688.61368652532 657 304.466071422164 5957.14517377441
9359.83542470542 2686.97486996168 657 52.4122268828262 6178.52916062193
9109.77631333826 2621.99853253213 645 167.446233430965 5274.31085805895
9109.77631333826 2621.99853253213 645 167.446233430965 5274.31085805895
9344.32291348832 2680.55877358799 657 55.3976110584921 6323.90430435569
9855.83166640318 2841.50068515488 657 462.54951889029 6830.34021136338
9105.1882003873 2620.47516482992 645 169.21219892917 5667.41644418638
9105.1882003873 2620.47516482992 645 169.21219892917 5667.41644418638
8721.91551798696 2240.62485525719 657 631.926943013335 6288.28514103879
8565.03302803225 2237.0882909786 657 367.274064837588 4755.64953081673
9109.77631333826 2621.99853253213 645 167.446233430965 5274.31085805895
9697.80335449146 2800.4744779657 657 461.017105097867 5835.0608822994
8721.91551798696 2240.62485525719 657 631.926943013335 6288.28514103879
9834.9085219856 2848.3587317615 657 466.576179910886 7083.10140815696
8308.68896692567 2098.41418888077 657 473.11106252595 5321.40233789575
8719.62865457416 2238.38461655567 657 632.367050082329 6288.28514103879
8214.36207448373 2201.7658511711 657 146.181918016755 3883.59750027736
8733.86423444044 2237.15406631656 657 673.469559343086 6508.67638958728
9629.12088171488 2642.05451613918 657 506.180029746284 6313.74522781169
8963.66287107021 2412.06457681336 657 355.637903801246 5848.9715285756
8963.66287107021 2412.06457681336 657 355.637903801246 5848.9715285756
8745.0462217511 2331.53025235255 657 273.292892061803 5053.2688453162
9862.05797062518 2874.02692273629 657 187.318489227347 7086.07845499498
8719.62865457416 2238.38461655567 657 632.367050082329 6288.28514103879
8748.16491054794 2336.26565409089 657 272.692700123012 5154.58785052607
9559.05864608975 2747.39602289401 657 519.663513279016 6747.60799867023
9370.76430752443 2682.4624826145 657 555.900775631539 6008.06865954966
8774.09203235579 2448.31421205753 657 144.843292505686 5015.00149873081
9370.76430752443 2682.4624826145 657 555.900775631539 6008.06865954966
9428.95353288135 2702.28239556977 657 544.702253990288 6180.95691806429
9993.04299666485 2894.90015879383 657 436.143186069476 6849.35536330454
9466.76198850333 2570.26545288861 657 537.426013313291 5664.3784420737
9401.82858273115 2692.48081848675 657 549.922453080613 6594.90591903067
9664.77326812108 2720.02216812749 657 499.318724783326 6273.01703486763
9993.04299666485 2894.90015879383 657 436.143186069476 6849.35536330454
