2933.14647262878 673.582247589532 367 90.7849084436615 212.25853407983
2872.73992676188 671.792260885878 338 60.9709932492192 284.9336991074
2933.14647262878 673.582247589532 367 90.7849084436615 212.25853407983
2861.37174145049 673.049657465258 338 63.1588015324624 287.44849226616
2943.64968292107 669.694655912486 394 94.8275959700696 258.554418537604
2831.39697026367 658.011275386475 338 68.9274489369976 262.77282819336
2913.67491173426 654.656273833703 394 100.596243374605 233.878754464804
2861.37174145049 673.049657465258 338 63.1588015324624 287.44849226616
2833.32072955978 657.978597364012 338 69.6679042353061 213.578848150123
3022.96823854537 672.56105752467 397 79.5627328229305 264.287221761972
2861.37174145049 673.049657465258 338 63.1588015324624 287.44849226616
2955.01786823247 668.437259333106 394 92.6397876868262 256.039625378844
2943.64968292107 669.694655912486 394 94.8275959700696 258.554418537604
2861.37174145049 673.049657465258 338 63.1588015324624 287.44849226616
2943.64968292107 669.694655912486 394 94.8275959700696 258.554418537604
2943.64968292107 669.694655912486 394 94.8275959700696 258.554418537604
2861.37174145049 673.049657465258 338 63.1588015324624 287.44849226616
2804.95817746417 664.175668047076 332 64.0093107766506 279.468759622824
2932.97046863248 672.899804010762 367 90.7171644739004 274.044853997205
2923.86544083188 673.514680842397 354 87.2126376394638 266.194468397427
2932.97046863248 672.899804010762 367 90.7171644739004 274.044853997205
2831.39697026367 658.011275386475 338 68.9274489369976 262.77282819336
2923.86544083188 673.514680842397 354 87.2126376394638 266.194468397427
2783.13621488039 653.591335924142 322 68.2089494339806 258.300095376957
2801.62370767043 664.241024526099 332 64.6510297876558 279.599472580869
2879.14326885611 671.00477215436 348 94.4883227996616 304.050093261029
2861.37174145049 673.049657465258 338 63.1588015324624 287.44849226616
2801.62370767043 664.241024526099 332 64.6510297876558 279.599472580869
2783.13621488039 653.591335924142 322 68.2089494339806 258.300095376957
2861.37174145049 673.049657465258 338 63.1588015324624 287.44849226616
2801.62370767043 664.241024526099 332 64.6510297876558 279.599472580869
2797.79680047597 662.5726817438 322 65.3875184206177 276.262787016273
2918.83209148696 671.780994435117 367 85.2753005733205 270.688425270271
2783.21454066495 656.000065909237 322 68.193875629713 263.117555347146
2918.83209148696 671.780994435117 367 85.2753005733205 270.688425270271
2852.73359502231 667.402562741449 338 59.8339774220559 227.025678820231
2854.37410596814 663.618098150117 338 64.5054971089372 268.585373635879
2801.62370767043 664.241024526099 332 64.6510297876558 279.599472580869
2719.42582924669 645.121141754904 314 80.4700188659104 230.331324676225
2763.07457647103 655.980185347943 332 72.0698135459897 259.407946856078
2801.62370767043 664.241024526099 332 64.6510297876558 279.599472580869
2861.37174145049 673.049657465258 338 63.1588015324624 287.44849226616
2861.37174145049 673.049657465258 338 63.1588015324624 287.44849226616
2854.78473446837 664.988279109763 361 49.3245332307351 266.410272481077
2854.78473446837 664.988279109763 361 49.3245332307351 266.410272481077
2801.62370767043 664.241024526099 332 64.6510297876558 279.599472580869
2809.73239126749 673.751277886935 332 73.0967991087731 289.553353531193
2806.04793767871 660.527688185789 332 73.8058725325399 272.992556652291
2806.04793767871 660.527688185789 332 73.8058725325399 272.992556652291
2806.04793767871 660.527688185789 332 73.8058725325399 272.992556652291
2627.40990311354 641.985881892217 294 19.7597200144869 260.564334703406
2785.12357497902 656.828255674875 322 67.8264818046725 264.773934878423
2627.40990311354 641.985881892217 294 19.7597200144869 260.564334703406
2627.40990311354 641.985881892217 294 19.7597200144869 260.564334703406
2627.40990311354 641.985881892217 294 19.7597200144869 260.564334703406
2714.97013223135 676.689075724999 294 53.4616679154705 329.970722368972
2714.97013223135 676.689075724999 294 53.4616679154705 329.970722368972
2781.42899942975 652.12346801025 322 68.537503200645 255.364359549173
2719.42582924669 645.121141754904 314 80.4700188659104 230.331324676225
2714.97013223135 676.689075724999 294 53.4616679154705 329.970722368972
2732.14975466078 655.828249170135 314 78.0212982782534 259.184760723381
2771.24942716273 672.056639267731 314 70.4965627968431 291.641540918573
2738.08716438463 659.648236766434 314 76.8786432441344 247.283464255214
2732.14975466078 655.828249170135 314 78.0212982782534 259.184760723381
2771.24942716273 672.056639267731 314 70.4965627968431 291.641540918573
2771.24942716273 672.056639267731 314 70.4965627968431 291.641540918573
2803.71174800688 666.997613564342 332 64.2491862375471 257.402374205096
2803.71174800688 666.997613564342 332 64.2491862375471 257.402374205096
2714.97013223135 676.689075724999 294 53.4616679154705 329.970722368972
2752.90472407054 668.320105695623 319 74.0270025530029 246.690691406571
2665.76034322075 651.941487496238 281 106.862860477608 252.972350034662
2807.38196609969 672.843731916455 320 45.2638046041172 224.916806218968
2717.9048800118 679.530566431738 300 62.4836778504982 232.144852496054
2803.48418827388 668.159357667771 342 33.2563745390151 285.499662513884
2914.06277167706 686.529360156345 371 63.2757818461425 289.957318328029
2774.74118319416 660.722228335151 342 20.1795541529385 268.693623484994
2789.42727124406 662.286802272186 342 25.832232078905 289.121907852364
2690.44118472659 673.819231000571 304 61.5123413540734 304.811122175637
2778.34174942088 666.547940778539 333 44.5958697913503 318.138553492778
2803.48418827388 668.159357667771 342 33.2563745390151 285.499662513884
2803.48418827388 668.159357667771 342 33.2563745390151 285.499662513884
2806.97190219754 671.465801336277 342 32.5851636814552 307.479905980546
2733.38567801195 662.680095233646 333 46.7468391288551 275.087118450094
2742.17165403244 664.042205645459 326 45.0559772553467 257.09532595179
2803.48418827388 668.159357667771 342 33.2563745390151 285.499662513884
2803.2459910375 670.174470795097 342 31.1510598073033 323.075593553258
2806.97190219754 671.465801336277 342 32.5851636814552 307.479905980546
2726.22001228383 660.264689412793 326 54.6267027802537 228.331972021687
2770.83827687285 649.484137814946 342 77.5888580230739 213.126903038999
2792.58679593711 667.432428230442 342 35.3535786720495 299.413159768876
2830.44226546352 666.416045334708 351 10.2881809609519 379.150263380174
2750.7325461864 654.331976724427 342 18.6417609189646 198.874657565323
2823.22330031312 680.671548555721 342 35.9584112949225 336.660954622905
2726.22001228383 660.264689412793 326 54.6267027802537 228.331972021687
2823.22330031312 680.671548555721 342 35.9584112949225 336.660954622905
2803.84656489534 672.901687506634 342 39.6874657647478 321.121232524731
2823.22330031312 680.671548555721 342 35.9584112949225 336.660954622905
2823.22330031312 680.671548555721 342 35.9584112949225 336.660954622905
2742.49984944636 648.923389023007 342 16.0751039791706 280.468083000529
2768.74346810387 662.620277210805 342 46.4430598920628 312.930950400756
2919.88884274389 668.637994156656 368 99.0773714133828 339.556455421047
2794.0137186224 665.322449725651 342 41.5797979122749 297.429439555169
2803.84656489534 672.901687506634 342 39.6874657647478 321.121232524731
2803.84656489534 672.901687506634 342 39.6874657647478 321.121232524731
2860.03082282486 675.530916381893 361 28.8748002848041 357.644697420233
2777.43223625872 657.032374357201 344 44.7709056810201 331.858850963361
2860.03082282486 675.530916381893 361 28.8748002848041 357.644697420233
2811.08791674521 676.619110737993 342 38.2938669514736 305.749828585295
2860.03082282486 675.530916381893 361 28.8748002848041 357.644697420233
2713.36291145909 661.953882966665 324 57.1010529876395 311.863558289439
2819.96835118548 681.027165945084 342 36.5848265466031 318.973994206568
2736.24438489557 663.741581949713 324 52.6975113716374 308.719892960176
2860.03082282486 675.530916381893 361 28.8748002848041 357.644697420233
2860.03082282486 675.530916381893 361 28.8748002848041 357.644697420233
2684.22690766222 671.444778361838 292 96.5063133059489 248.803323530034
2684.22690766222 671.444778361838 292 96.5063133059489 248.803323530034
2806.42369700415 677.653140758903 342 39.1914964591618 358.029541045048
2806.42369700415 677.653140758903 342 39.1914964591618 358.029541045048
2806.42369700415 677.653140758903 342 39.1914964591618 358.029541045048
2676.27530464563 670.634447041902 292 98.0366000199873 247.992992210098
2684.22690766222 671.444778361838 292 96.5063133059489 248.803323530034
2650.86750719517 656.339561947109 322 69.1282991459359 296.09522358227
2865.64518474236 656.110399998579 352 35.2414314337972 464.581200384005
2731.70496424012 660.111346729089 303 58.8573427699672 423.367287811653
2707.59692142779 666.25177637657 299 63.4969377724118 377.317979829654
2716.73395481078 634.428331722792 319 27.3276806059333 429.043968757031
2726.94757413647 658.521927498462 308 60.2232520334813 409.512923277081
2699.48008827953 650.518283784969 308 92.8465285442851 367.108859490378
2712.25400000021 638.567347754229 319 90.3881880874373 394.774535698592
2603.72316143387 659.957149621048 274 40.0751039635955 285.857568217399
2603.72316143387 659.957149621048 274 40.0751039635955 285.857568217399
2617.90529279181 663.292904642054 281 51.5276654280256 393.715588892137
2603.72316143387 659.957149621048 274 40.0751039635955 285.857568217399
2549.04421735691 656.727252519318 247 60.4845061543697 414.556520421763
2700.14768892179 655.258094770279 302 39.7955903259207 469.130208248348
2562.14758055565 653.703459800303 247 57.9627627310084 376.584041461853
2603.04774782086 646.090495960834 273 50.0915218708518 450.795010629459
2570.47579255215 658.930008068466 247 56.3599975849926 354.609391943492
2570.47579255215 658.930008068466 247 56.3599975849926 354.609391943492
2564.76989072204 656.408027927399 247 57.4580989041882 384.697745843141
2790.60042955481 672.194308972027 331 15.9245378008048 502.063124149468
2569.32086518567 655.697002370495 247 55.9154658343712 294.616839629569
2570.47579255215 658.930008068466 247 56.3599975849926 354.609391943492
2569.32086518567 655.697002370495 247 55.9154658343712 294.616839629569
2570.47579255215 658.930008068466 247 56.3599975849926 354.609391943492
2570.47579255215 658.930008068466 247 56.3599975849926 354.609391943492
2668.94967933363 683.751835039782 273 16.0719491019196 598.340694166847
2668.94967933363 683.751835039782 273 16.0719491019196 598.340694166847
2591.25051463124 656.919165220567 273 31.0251603208313 544.675354528417
2727.57702793119 678.970832132459 299 4.78911060369487 618.555613483461
2674.27926352037 680.125166867862 290 15.0462701469578 602.424245501092
2668.94967933363 683.751835039782 273 16.0719491019196 598.340694166847
2668.94967933363 683.751835039782 273 16.0719491019196 598.340694166847
2591.25051463124 656.919165220567 273 31.0251603208313 544.675354528417
2570.47579255215 658.930008068466 247 56.3599975849926 354.609391943492
2578.83031823828 663.607968157907 247 54.7521683670465 394.324092944842
2668.94967933363 683.751835039782 273 16.0719491019196 598.340694166847
2668.94967933363 683.751835039782 273 16.0719491019196 598.340694166847
2668.94967933363 683.751835039782 273 16.0719491019196 598.340694166847
2566.42897531051 656.356831711661 247 57.1388079262669 372.570683606105
2666.84523667611 656.230986228717 308 58.2509486446676 571.764425079578
2668.94967933363 683.751835039782 273 16.0719491019196 598.340694166847
2668.94967933363 683.751835039782 273 16.0719491019196 598.340694166847
2668.94967933363 683.751835039782 273 16.0719491019196 598.340694166847
2578.83031823828 663.607968157907 247 54.7521683670465 394.324092944842
2577.85349116075 667.56200461228 266 82.5950018050067 580.064295764361
2692.09769216453 658.392194059782 276 94.9624396777518 164.826931429902
2865.87753720494 674.882385025666 343 81.7229650028407 156.9695898798
2831.84105235307 671.527626442674 340 88.2732895666724 160.583576548944
2785.70601735986 680.111008952601 323 34.0682276804638 183.030803519963
2769.0977444793 669.992863192748 323 37.2644912865871 172.849777537862
2788.11738721736 671.035369007544 327 65.4483193758974 150.37396872123
2706.18520617365 667.176576781915 293 81.2161749695225 146.451137279829
2647.52505048312 666.794237916796 284 58.637870517101 143.588737263126
2706.18520617365 667.176576781915 293 81.2161749695225 146.451137279829
2769.0977444793 669.992863192748 323 37.2644912865871 172.849777537862
2706.18520617365 667.176576781915 293 81.2161749695225 146.451137279829
2786.29285413828 678.997001164195 323 33.9552908898013 181.853915509308
2706.18520617365 667.176576781915 293 81.2161749695225 146.451137279829
2638.95054555131 659.012197402673 276 105.190612812353 163.770735212829
2783.77853422472 669.534591946193 293 119.625983168345 169.859261074546
2758.05044121083 663.145446702928 323 39.3905457918761 164.055800545712
2706.18520617365 667.176576781915 293 81.2161749695225 146.451137279829
2774.6587140914 673.263592462779 323 36.1942821857529 174.236826527813
2706.18520617365 667.176576781915 293 81.2161749695225 146.451137279829
2769.0977444793 669.992863192748 323 37.2644912865871 172.849777537862
2785.70601735986 680.111008952601 323 34.0682276804638 183.030803519963
2638.72021662442 663.273096992066 276 105.234939635001 160.873740317907
2575.9744735801 661.202791967408 267 81.0840918769097 88.8196965307609
2545.91725603468 646.994929247482 267 86.868606090556 61.7951047943226
2785.70601735986 680.111008952601 323 34.0682276804638 183.030803519963
2785.70601735986 680.111008952601 323 34.0682276804638 183.030803519963
2703.82390222761 669.028702482306 294 52.1688239074964 74.1362209614557
2703.82390222761 669.028702482306 294 52.1688239074964 74.1362209614557
2694.69175238584 678.108915594286 276 58.2369409182591 73.0310227832296
2711.29013924927 670.099647770911 294 55.0425798770212 69.9370204196495
2538.91944535331 641.18354094664 267 88.215335384099 84.1557845693205
2725.00592339553 664.20311480161 323 52.4029759873582 67.7403113828693
2694.69175238584 678.108915594286 276 58.2369409182591 73.0310227832296
2651.22869943342 666.242014538804 276 66.6014093588874 66.0165069652931
