12064.6864849602 2956.71123386173 1448 334.81070821001 7104.25127539908
11762.1392885038 2994.53864643033 1318 262.490940551558 5487.61836791208
11971.9249721268 2915.21327006207 1458 316.47059274894 6098.42875348767
12097.5894484552 2976.8795257246 1458 258.299875657766 5644.08309199007
11884.4623551716 2905.87891411766 1458 273.590931743718 5578.71924736547
12046.7122487 2955.73101879714 1458 232.756470045399 6115.64741343472
12059.5679183404 2964.75359305591 1458 265.617122540028 5728.35391165525
11965.4187633695 2924.88242859456 1458 201.466592952781 5712.99235969823
11895.9670869964 2989.10002926281 1369 236.735768723304 5828.40074816852
12037.7321338064 2961.15745321758 1458 269.819421232928 5595.23893660732
11640.8128804851 2985.41256663486 1299 285.840218661355 5628.34099927029
11695.271681939 2993.31172578207 1317 275.359617434977 5702.37565306975
11636.9051741458 2995.45464083933 1299 286.592257096987 5523.76490042944
12107.913791604 2981.37664530539 1458 256.312954892375 5666.56868989399
11542.1704527939 2991.26381044317 1283 304.823962721695 7213.39757852154
11648.0740213736 2991.17894963403 1299 284.442811445818 5657.17291426615
11710.0630280043 2971.39943448161 1282 306.904141418147 5212.65272991111
11732.9008068687 2980.50845415369 1317 302.509008826449 6161.21147771799
11710.0630280043 2971.39943448161 1282 306.904141418147 5212.65272991111
11944.3333672349 2985.46990540125 1396 261.818793612156 5387.23435947791
11972.6856761529 2973.05812608919 1406 256.457437407258 5473.59826387608
12056.3014860622 2980.75496262897 1441 271.837372619674 5586.023749946
11944.0037683027 2982.25891733993 1365 261.882224956233 5468.37412802314
11975.0234364725 2978.20703024993 1382 256.007535223985 5331.85625327186
12019.6263802969 2987.68803944271 1406 247.42369468276 6484.71552662368
11933.4370463696 2978.94928822625 1366 264.010839730834 5457.78066088122
11944.1683965977 2982.14135818998 1366 261.945590416508 5457.59054933772
11944.1683965977 2982.14135818998 1366 261.945590416508 5457.59054933772
11943.4761298915 2982.29564940022 1366 262.078817206241 5447.73687000491
11800.8189198355 2971.81756876097 1324 363.606040975242 6492.86571137849
11828.9695694615 2981.70639905732 1324 358.188445928761 6552.70300941145
11835.5307221233 2983.63287670305 1320 356.925751510275 5978.94830565785
12220.3722065787 2981.57031337188 1458 474.134047924279 7881.79160494297
11835.5307221233 2983.63287670305 1320 356.925751510275 5978.94830565785
11626.8245427686 2984.13668932725 1276 429.367228614319 6737.73529402798
11541.8462129814 2992.49299599791 1237 445.721315806977 7531.42576289859
11828.4816755159 2993.0485798124 1327 556.047356776047 8678.59921419078
11933.2027089383 2892.55919613951 1458 529.39984351284 7540.02945316355
11817.2338397895 2993.65402440491 1327 551.718062786414 8855.35418731781
11310.7494671348 2990.41587530939 1161 389.075163466644 8052.35302499959
11524.5888944299 2990.70687064883 1239 445.192733522283 7539.28213421607
11179.8404495346 2971.65179309775 1099 360.259735479891 7718.95671775858
11535.1782420911 2993.99918764889 1239 443.154812614694 7492.92131457434
11311.551381911 2979.28513174608 1171 363.241443433247 7017.83901080972
11179.8404495346 2971.65179309775 1099 360.259735479891 7718.95671775858
11538.1022960125 2974.09699834373 1239 498.154784482846 7428.10471465669
11385.2363336198 2973.31308608524 1180 439.316648124599 7180.61902092847
11409.6703430327 2988.21647127241 1180 401.007449177369 7338.86267812962
11018.5761757261 2991.32258583504 1079 275.14052706815 6072.81051983663
11327.0275244502 2978.59645557803 1138 416.91206702909 7233.91766555237
11147.2044136952 2979.4116642092 1106 347.698119428474 7142.22945531301
11727.9214244131 2979.564586211 1328 284.969473987303 10503.8668434681
11539.3294764216 2982.35198829814 1257 348.922228389337 10233.5122943756
11433.7796402824 2981.47510117604 1222 341.577086736553 9873.73376889536
11699.149826416 2987.9155921693 1330 290.506570603504 10757.1012171757
11491.4240391771 2983.57656707377 1250 330.483416996842 9892.68138242629
11433.7796402824 2981.47510117604 1222 341.577086736553 9873.73376889536
11550.5212130877 2980.27927801296 1298 319.110160574963 10424.1426140483
11605.7063621179 2979.17495079831 1299 308.489773692355 10171.4191683628
11771.5440857348 2981.922553769 1379 276.574288901674 12614.5798902167
11832.2323223345 2978.9702232802 1410 264.894832322514 11804.2892086472
11486.164405959 2979.25161569972 1242 331.495633881606 11121.0791997837
11801.8493877922 2981.15597732122 1379 270.74203080144 12908.3865437489
11750.7003032064 2979.25492500379 1352 336.587839092493 12351.4865968305
11758.4765678743 2985.75446741655 1352 279.089133886472 13341.1517002504
11720.0898472081 2981.91455868875 1356 327.005661559378 11025.9668645045
11824.8142199063 2981.94997759797 1379 306.851446636696 11657.2337722537
11653.7017126428 2981.57731889522 1328 299.253064177217 12291.0807569105
11824.8142199063 2981.94997759797 1379 306.851446636696 11657.2337722537
12137.0080839132 2983.97076437355 1458 427.014920919167 12781.5673438673
11768.997679332 2980.14289323669 1349 389.007193360948 10048.2778126715
11777.9539527951 2979.17169075164 1379 275.340709410765 9609.09247876591
11754.61593301 2981.92703840985 1352 279.832113412528 11865.1590521992
11799.1943563007 2977.33031465779 1392 341.949893055789 13415.5004250619
11794.9556227047 2984.92302513066 1399 272.068736511109 12710.6252724903
11795.7586831648 2984.91723105793 1379 383.857035772069 12511.8960628402
11703.4179510852 2982.995708966 1345 289.685169627934 13145.4413873859
11956.0271531022 2967.86398043912 1458 353.013354351748 11928.9109418276
11649.6701713611 2979.18523788707 1334 325.669979948332 12514.7660165582
11594.2949076785 2982.44831177183 1292 310.685909123159 12902.7964283931
11433.1369448805 2973.06188203621 1239 318.460595408446 9832.1977216534
11254.4734628928 2980.06940554899 1115 359.535009474944 9136.25769246368
11586.8915816008 2985.74723306135 1300 377.640782674852 10406.1878127154
11504.0759662559 2984.23422494185 1239 311.498985305903 10633.9782929626
11254.4734628928 2980.06940554899 1115 359.535009474944 9136.25769246368
11254.4734628928 2980.06940554899 1115 359.535009474944 9136.25769246368
11663.1408881429 2987.82311060975 1304 409.37934232382 11361.0705490059
11312.8528637188 2983.8298275077 1138 348.299888547597 9845.74160923715
11198.2402495161 2982.20514270795 1116 370.357096435093 9122.95368429081
11531.5035750738 2980.98507442124 1300 434.712955035752 9601.74453419002
11713.9835944182 2986.77110762608 1327 399.594658939022 11932.190156085
11289.3631572991 2987.30934668006 1135 508.29671874181 10703.7359268461
11222.2791071894 2981.13847200632 1138 365.730816118848 10325.7163753448
11243.3601525905 2979.62555006208 1132 361.67376703981 9996.67161693439
11431.4396218261 2979.60191961087 1206 413.555724369764 10721.5895001542
11453.1023486455 2981.4950979124 1274 321.308862588897 9990.67038048786
11195.2899183722 2981.54883943539 1109 370.924887928457 9450.72851295364
11212.7073481839 2980.33105934517 1109 377.628859788704 9490.203327228
11431.7862373705 2982.73090230067 1190 413.489018177151 9906.97407703017
11475.6618327848 2992.13318194232 1239 324.780417858893 9517.33847472327
11424.1203850229 2995.20294869118 1198 304.942105365729 10608.6801375266
11902.4651290149 2902.4568452089 1458 437.528375074373 15429.3826033772
11557.6686181684 2812.0587382107 1458 54.8587609880703 12168.6071376579
12009.6974372786 2959.98341706257 1458 154.083604311639 14971.1456151261
12025.9051414107 2964.18801509162 1458 150.964430197097 14825.386207937
12049.2150042343 2974.75078358047 1458 146.478445005108 14793.574129278
12060.9416791178 2976.36114272135 1458 144.221645371532 15261.380242107
11771.0354681743 2859.00710269366 1448 32.6366927528461 13808.5981147149
12040.3805172605 2978.75750766359 1458 164.897524288338 16037.4135547978
11964.0738284054 2945.06207852334 1458 106.937192248438 14738.4530573985
11913.0375709815 2917.60377734811 1458 189.404685726204 13383.0675398948
12007.3047358737 2959.56641545245 1458 123.576776291196 15021.1332212405
12089.8996312738 2982.74339430354 1458 155.367566353143 14848.6507360885
12055.9239847503 2983.56648870148 1458 161.906182575229 15362.3949589184
12064.54656659 2983.08088179963 1458 160.246765926473 16461.0268061682
11815.0871764219 2990.40069993886 1399 285.142972862616 16083.6855209113
12089.4233722819 2990.18316693908 1458 155.459222438864 15603.2510408954
12084.0820460076 2992.96851801094 1458 224.58366086259 13249.6530812656
12117.7962897992 2997.51734588507 1458 218.095351619721 15177.5113059096
11505.9371316107 2981.66248905561 1259 274.367463222297 12753.247547208
11525.5428015151 2987.48751807538 1259 281.91368908693 13874.6872792165
11578.985703984 2991.48538255803 1309 271.628597711365 14921.9891486189
11540.1203093168 2981.08385787652 1300 279.108246402465 14422.7591732602
12128.4449249417 2990.7655783553 1458 291.494962327928 15175.6772184796
12028.916007758 2967.43703310082 1458 310.649311370646 15077.1838076397
11540.1203093168 2981.08385787652 1300 279.108246402465 14422.7591732602
12135.6670492925 2996.96759303318 1458 290.105063848569 15224.7122680671
12119.6975936175 2994.76105970948 1458 283.95841749339 15215.5448319225
12135.6670492925 2996.96759303318 1458 290.105063848569 15224.7122680671
11617.7865370044 2992.17774432457 1324 264.161373914999 14202.9830886125
11463.3974583346 2978.52276910458 1239 341.92512755859 13076.7779868752
11500.4208777407 2990.51769448904 1274 286.748405571507 14578.9956814748
11528.5308063278 2993.18710005758 1295 322.144937363418 14102.5752558651
11577.2831468186 2994.78138464899 1309 312.762545061415 14287.1435120732
11506.6045791476 2992.79467255576 1274 285.558351680883 14568.7939420331
11353.0729633136 2989.40017336073 1164 308.424839827958 12162.486470138
11160.45300414 2974.49177768598 843 245.737874579239 9431.93657639723
11295.0851081309 2955.58526478476 908 322.783130930775 11265.9666320288
11458.61531183 2961.42180700924 895 360.500600317279 10394.6519197266
10871.2776244892 2912.22041112063 817 318.653246955911 9541.43253405046
11131.8188930041 2996.33002423582 886 268.512056451883 11178.3449902846
10605.6573037953 2974.45873732247 682 513.386634921191 10083.3450856133
11171.9858404859 2946.551769913 861 430.092932800666 11041.2908058219
11247.6723791425 2968.18951724406 852 345.469080704552 10953.5847882896
11026.5762460135 2987.40883800241 817 288.766013308628 10278.0871317563
10679.3499342967 2983.51052522025 729 389.115212334626 11184.8887546415
10543.6871728647 2984.18315410433 665 489.534320404867 9240.99159653118
10546.7156119377 2998.59735588899 694 381.115235394353 10910.3704255146
10784.9070124527 2983.04983888896 771 429.744150660121 10651.8093047484
10809.0433185918 2993.19421137986 783 517.744650080222 10398.4709903284
10543.6871728647 2984.18315410433 665 489.534320404867 9240.99159653118
10439.4940910425 2998.47912807182 680 496.218898379357 10030.2409635857
10543.6871728647 2984.18315410433 665 489.534320404867 9240.99159653118
10356.5701852138 2990.70199787451 629 417.708739829088 9623.76266803572
10356.9092888073 2998.35040876882 623 417.643479312083 9694.95725415805
10356.9092888073 2998.35040876882 623 417.643479312083 9694.95725415805
10929.0019947599 2996.94262100576 860 233.668699635309 10573.213320187
10356.9092888073 2998.35040876882 623 417.643479312083 9694.95725415805
11078.5740048306 2975.88809341816 832 278.759039958528 9899.7431509924
11325.4594399812 2994.67136120426 894 271.673886669627 10586.6820404822
11078.5740048306 2975.88809341816 832 278.759039958528 9899.7431509924
10682.3531981922 2990.75904511221 709 355.011769748933 9741.85807667509
11030.1584965581 2991.29433594276 817 288.076608869886 10435.7025035131
10615.9259087072 2996.8914940628 691 485.862808402533 10287.0094119991
10372.2432134276 2993.02407126978 625 414.692464143006 9350.72279712705
10779.4766544628 2976.62522264803 790 336.32035187478 10092.5715908808
10771.4754825591 2982.02669163353 743 337.860178125586 10116.3808058478
10489.0815765897 2999.3718645829 726 392.20691066857 9875.37350398194
10489.0815765897 2999.3718645829 726 392.20691066857 9875.37350398194
10487.7320007186 2997.99795481472 750 274.992341472495 10230.8881331224
10628.2418651792 2993.03695737656 688 205.655820340988 9225.74702428179
10609.6243292808 2986.81202723108 700 246.552755083245 9506.53155496137
10609.6243292808 2986.81202723108 700 246.552755083245 9506.53155496137
10613.5642923119 2970.28029572516 705 248.069247560982 9123.89688342009
10609.6243292808 2986.81202723108 700 246.552755083245 9506.53155496137
10660.450192398 2994.38076398523 705 199.457324877676 8399.84358820205
10843.0166425357 2998.6543992464 714 269.727184299002 9405.92310533188
10554.945615627 2989.26371821273 687 460.472535482763 8568.28330719771
10505.0890805257 2966.31733054953 679 290.048287366521 8728.9848129286
10045.490484275 2989.3354934328 561 259.368072994594 8132.19207705161
10448.9202388972 2997.83002231639 656 370.007011609984 9147.18937967323
10101.1585350684 2995.26015082877 571 248.654751624309 8748.71372845171
10115.0743126661 2962.9865667259 584 282.434810805837 8023.30712987561
10033.3151092434 2971.21591339027 571 261.711225011913 8332.96162123822
10187.0224484054 2997.04362731345 599 351.260239258156 8396.60284258896
10587.5659672678 2998.30233230064 679 155.045597652258 9973.73295067705
10117.6390487069 2991.56985482401 594 245.483075295785 8367.33209496333
10187.0224484054 2997.04362731345 599 351.260239258156 8396.60284258896
10217.2364598095 2996.52406006939 584 321.757039575327 8305.0158459851
10660.0005304209 2998.77821689498 704 141.105559473899 10147.9622029582
10015.6011953019 2996.78757706191 570 265.120269339429 8328.07692620506
10114.2632970516 2996.90056193055 557 261.089980230135 7976.52543096267
10605.4806692109 2953.04912067452 726 221.22421891735 9328.51392101098
10860.822654506 2997.16231668008 767 275.561189127353 11130.939838618
10472.1372934882 2976.51995198615 669 186.581804607295 9204.96203860614
10660.4368309611 2998.38315190068 685 233.454932407003 8968.56033202845
10714.6520781242 2997.03524059751 748 230.754722917044 11014.172025715
10590.0609835474 2992.62404332763 695 230.884533608394 9764.1182266123
10660.4368309611 2998.38315190068 685 233.454932407003 8968.56033202845
10660.4368309611 2998.38315190068 685 233.454932407003 8968.56033202845
