3187.64808372786 704.764670745471 640 53.1758199406802 784.591140585333
3152.71168701062 699.922528965587 610 39.7287945745359 783.585397661955
3152.71168701062 699.922528965587 610 39.7287945745359 783.585397661955
3191.54098909358 712.537851307336 640 65.4048019945169 796.358295083545
3191.54098909358 712.537851307336 640 65.4048019945169 796.358295083545
3191.54098909358 712.537851307336 640 65.4048019945169 796.358295083545
3152.71168701062 699.922528965587 610 39.7287945745359 783.585397661955
3187.83186019487 697.208801652225 640 65.1014373975751 725.095426634775
3208.36511789717 712.198651877528 640 61.149810110321 799.459102849446
3210.12693709186 716.941265515855 640 61.8279346345335 808.944330126099
3208.36511789717 712.198651877528 640 61.149810110321 799.459102849446
3210.12693709186 716.941265515855 640 61.8279346345335 808.944330126099
2992.79209732037 699.292407633563 580 78.2833055779654 539.362467667873
3152.71168701062 699.922528965587 610 39.7287945745359 783.585397661955
3210.12693709186 716.941265515855 640 61.8279346345335 808.944330126099
3313.14019656962 710.971499449003 660 101.477756694255 886.074655424877
3210.12693709186 716.941265515855 640 61.8279346345335 808.944330126099
3152.71168701062 699.922528965587 610 39.7287945745359 783.585397661955
3313.14019656962 710.971499449003 660 101.477756694255 886.074655424877
2992.79209732037 699.292407633563 580 78.2833055779654 539.362467667873
2949.81152480423 701.9499003677 550 88.0326763097989 552.143191077635
2947.25197686025 702.685500340795 550 87.0475058468243 565.807723238865
3021.15431664616 700.275658359486 590 72.8249939237782 560.988039276248
3190.81312630905 707.379505938337 640 54.3940453981795 789.820810971064
2943.83780528134 704.460752784682 540 93.7533742808084 490.898252898938
3261.85935750424 704.081099050709 670 94.9606205311085 789.910583066318
2943.83780528134 704.460752784682 540 93.7533742808084 490.898252898938
3259.23091564891 714.715322620112 640 94.6702546927112 784.738617463797
3283.7493319165 684.421309245072 690 90.1652076147947 819.239449688144
3190.81312630905 707.379505938337 640 54.3940453981795 789.820810971064
3259.23091564891 714.715322620112 640 94.6702546927112 784.738617463797
3190.81312630905 707.379505938337 640 54.3940453981795 789.820810971064
3021.15431664616 700.275658359486 590 72.8249939237782 560.988039276248
3021.15431664616 700.275658359486 590 72.8249939237782 560.988039276248
3177.69751245771 704.385488357922 640 56.9181464607325 777.844740649406
3031.63116428972 704.236542046459 590 76.8575344619585 568.909806650194
3190.81312630905 707.379505938337 640 54.3940453981795 789.820810971064
2857.04547578178 676.632950383888 570 8.5907856964295 506.870071655116
2857.04547578178 676.632950383888 570 8.5907856964295 506.870071655116
2857.04547578178 676.632950383888 570 8.5907856964295 506.870071655116
3097.61818215051 706.312715557959 610 56.6059196997854 614.091563634689
2857.04547578178 676.632950383888 570 8.5907856964295 506.870071655116
2857.04547578178 676.632950383888 570 8.5907856964295 506.870071655116
3212.0094780754 715.189755614243 640 62.552524996938 805.441310322877
3212.0094780754 715.189755614243 640 62.552524996938 805.441310322877
3193.4213641057 712.636044542739 640 66.1298091983162 795.226466036861
3193.4213641057 712.636044542739 640 66.1298091983162 795.226466036861
3178.44644287089 697.478137975608 640 69.0117341336532 722.245654162047
3176.08048548402 698.654040336658 640 69.4670628450531 726.917942419364
3193.42353007712 710.786341405724 640 66.1293923569214 792.855275280323
3176.08048548402 698.654040336658 640 69.4670628450531 726.917942419364
3198.50734149164 710.412898493737 640 65.1510123940267 786.333881840851
3175.60812640248 696.598950629485 640 69.5579683926805 716.642493883498
3336.30649816328 705.368346981018 690 93.4549130206145 866.040632202767
3175.60812640248 696.598950629485 640 69.5579683926805 716.642493883498
3198.50734149164 710.412898493737 640 65.1510123940267 786.333881840851
3198.2515519572 711.966681293223 640 67.9876988450013 795.215955055321
3198.50734149164 710.412898493737 640 65.1510123940267 786.333881840851
3198.50734149164 710.412898493737 640 65.1510123940267 786.333881840851
3198.89386422406 712.195738033829 640 65.0766260594911 793.465240001219
3198.50734149164 710.412898493737 640 65.1510123940267 786.333881840851
2857.04547578178 676.632950383888 570 8.5907856964295 506.870071655116
2857.04547578178 676.632950383888 570 8.5907856964295 506.870071655116
3146.0657976984 696.394979543977 607 116.175343954063 655.518557080928
3154.36625111365 695.435878756308 617 59.0824526837188 646.99659661876
3146.0657976984 696.394979543977 607 116.175343954063 655.518557080928
3193.42353007712 710.786341405724 640 66.1293923569214 792.855275280323
3110.96371536245 698.331969943903 600 61.6256298770716 659.068492379401
3250.48722173981 706.668710239568 647 96.0794315275729 731.211560670413
3253.85472609296 708.283545432434 647 95.4313550126425 734.441231056144
3201.34355899619 690.708756820399 647 105.537133832237 762.657810951626
2927.80209390963 679.189732189239 590 22.2079032041166 549.106815925559
3208.18449382711 704.029554104489 637 104.220595310189 648.827184937246
2857.04547578178 676.632950383888 570 8.5907856964295 506.870071655116
3090.28786314137 689.373362084709 607 113.743165864101 533.249789600335
3208.18449382711 704.029554104489 637 104.220595310189 648.827184937246
3243.84688022617 707.668710239568 647 97.3573658477086 734.596725477547
2984.44912274127 672.378344984416 607 23.8649986505396 450.173868312613
2857.04547578178 676.632950383888 570 8.5907856964295 506.870071655116
3243.84688022617 707.668710239568 647 97.3573658477086 734.596725477547
3208.18449382711 704.029554104489 637 104.220595310189 648.827184937246
3019.92650489005 660.097353582835 607 130.906431183332 421.369477935192
3208.18449382711 704.029554104489 637 104.220595310189 648.827184937246
3261.2560528716 710.296514279056 637 84.7976318948929 603.379614606563
2857.04547578178 676.632950383888 570 8.5907856964295 506.870071655116
3068.93576511287 699.502102070985 607 83.9041773144659 529.792472494399
3161.03450621446 703.371991430655 620 128.748791307172 700.37870463512
3024.17537574586 684.817204947243 607 27.7036329006676 457.526008980217
3213.69645791339 714.411586384344 627 77.0930165598311 570.557113086531
3161.03450621446 703.371991430655 620 128.748791307172 700.37870463512
3031.23686772549 693.308728289585 607 30.4216024308834 481.408747875784
3031.23686772549 693.308728289585 607 30.4216024308834 481.408747875784
3125.51273706082 706.280063929527 620 140.947969580091 619.104880451598
3068.93576511287 699.502102070985 607 83.9041773144659 529.792472494399
3161.03450621446 703.371991430655 620 128.748791307172 700.37870463512
3161.03450621446 703.371991430655 620 128.748791307172 700.37870463512
3319.39956085341 707.130266895494 687 35.7023973501134 755.454669909312
3068.93576511287 699.502102070985 607 83.9041773144659 529.792472494399
3231.50769392076 712.671360769792 647 52.6171950278272 747.608553768451
3080.32644938036 681.813903048712 627 81.7120391051022 582.084284313485
3058.70980200771 680.437172740468 627 21.0574794678035 522.374886531812
3061.8574441698 691.736463872584 627 25.4953289854957 558.452955703537
2922.75614143536 683.642562889765 580 64.9215381229761 603.536889278006
3062.23167061436 694.686606386829 627 21.1623285181335 552.949937940163
3120.9662647 691.003526853613 627 73.8909030002311 575.06908319875
2922.75614143536 683.642562889765 580 64.9215381229761 603.536889278006
3253.19058534832 702.399407334157 650 50.6046829516455 769.220362001771
3253.19058534832 702.399407334157 650 50.6046829516455 769.220362001771
3253.19058534832 702.399407334157 650 50.6046829516455 769.220362001771
3250.59114907421 704.727999037309 650 49.6041594632477 763.314562935804
3253.19058534832 702.399407334157 650 50.6046829516455 769.220362001771
3253.19058534832 702.399407334157 650 50.6046829516455 769.220362001771
3253.19058534832 702.399407334157 650 50.6046829516455 769.220362001771
3250.59114907421 704.727999037309 650 49.6041594632477 763.314562935804
3251.39870368392 706.344617960418 650 49.4487455061466 730.932419662513
3243.7935968006 704.194033633724 650 50.9123490082465 865.898137763726
3243.7935968006 704.194033633724 650 50.9123490082465 865.898137763726
3256.85489560322 720.152384051295 630 48.3987008816941 850.874917595466
3541.04634466164 714.09409865567 710 47.6603044157917 690.779333006327
3184.0707147782 693.579198440858 640 62.4060230123858 702.104525357137
3254.59448864538 703.075188122366 650 48.8337164035566 774.359742486925
3191.18632595742 698.794870057767 640 61.0366230024613 746.198268080948
3250.59114907421 704.727999037309 650 49.6041594632477 763.314562935804
3180.12701828441 692.576852651335 640 63.1649877564824 673.014046744187
3234.61109302887 704.407220870221 650 52.6795226830618 772.911070313382
3250.59114907421 704.727999037309 650 49.6041594632477 763.314562935804
3241.6965461258 699.868733864199 650 51.3159265987808 773.2294909028
3250.59114907421 704.727999037309 650 49.6041594632477 763.314562935804
3448.8448199406 702.571679410122 700 12.9510079483297 692.68619851405
3250.59114907421 704.727999037309 650 49.6041594632477 763.314562935804
3412.13292836975 692.141449984401 690 4.43564295558754 695.880576088131
3250.59114907421 704.727999037309 650 49.6041594632477 763.314562935804
3439.11927037246 703.45554697967 700 14.8226908353913 729.822867073938
3250.59114907421 704.727999037309 650 49.6041594632477 763.314562935804
3439.11927037246 703.45554697967 700 14.8226908353913 729.822867073938
3344.09502760337 692.49799338928 670 31.6093296502194 679.67435091082
3439.11927037246 703.45554697967 700 14.8226908353913 729.822867073938
3344.09502760337 692.49799338928 670 31.6093296502194 679.67435091082
3230.76222717065 701.125499384716 640 41.9720038640729 752.507063978025
3250.59114907421 704.727999037309 650 49.6041594632477 763.314562935804
3250.59114907421 704.727999037309 650 49.6041594632477 763.314562935804
3344.09502760337 692.49799338928 670 31.6093296502194 679.67435091082
3344.09502760337 692.49799338928 670 31.6093296502194 679.67435091082
3344.09502760337 692.49799338928 670 31.6093296502194 679.67435091082
3344.09502760337 692.49799338928 670 31.6093296502194 679.67435091082
3344.09502760337 692.49799338928 670 31.6093296502194 679.67435091082
3250.59114907421 704.727999037309 650 49.6041594632477 763.314562935804
3250.59114907421 704.727999037309 650 49.6041594632477 763.314562935804
3255.98307021705 705.528887705711 650 48.5664837554922 748.29955547669
3250.59114907421 704.727999037309 650 49.6041594632477 763.314562935804
3223.59676262482 691.788621317885 640 39.2186597379304 711.256313860513
3344.09502760337 692.49799338928 670 31.6093296502194 679.67435091082
3223.6048070715 693.41390204204 640 39.2171115834439 729.372271949997
3181.39092539166 686.57056297902 640 62.9217487202817 720.738636476902
3245.32793687219 702.0963929363 650 50.6170651237932 737.342351444058
3259.31685643527 703.908130349953 650 47.9248962986551 681.113326055087
3240.83334676663 701.969624961166 640 45.8483796039297 767.931014882798
3223.6048070715 693.41390204204 640 39.2171115834439 729.372271949997
3223.6048070715 693.41390204204 640 39.2171115834439 729.372271949997
3240.83334676663 701.969624961166 640 45.8483796039297 767.931014882798
3163.6698050545 694.390162309096 640 66.3321799192816 680.978763130772
3191.20974559372 694.8848357816 640 67.6307799092341 712.182798612892
3223.6048070715 693.41390204204 640 39.2171115834439 729.372271949997
3250.59114907421 704.727999037309 650 49.6041594632477 763.314562935804
3253.19058534832 702.399407334157 650 50.6046829516455 769.220362001771
3259.31685643527 703.908130349953 650 47.9248962986551 681.113326055087
3259.31685643527 703.908130349953 650 47.9248962986551 681.113326055087
3250.59114907421 704.727999037309 650 49.6041594632477 763.314562935804
3250.59114907421 704.727999037309 650 49.6041594632477 763.314562935804
3259.31685643527 703.908130349953 650 47.9248962986551 681.113326055087
3250.59114907421 704.727999037309 650 49.6041594632477 763.314562935804
3250.59114907421 704.727999037309 650 49.6041594632477 763.314562935804
3253.19058534832 702.399407334157 650 50.6046829516455 769.220362001771
3136.46615201232 705.496016052753 630 71.5675253882293 749.413341278612
3250.59114907421 704.727999037309 650 49.6041594632477 763.314562935804
3250.59114907421 704.727999037309 650 49.6041594632477 763.314562935804
3177.75439434235 693.341152698862 640 63.6215994470269 671.00127172978
3194.33974963594 698.839321818699 640 60.4297463325726 587.1767893462
3259.31685643527 703.908130349953 650 47.9248962986551 681.113326055087
3290.30363708893 714.06320252488 650 53.7620692192647 881.430501574126
3195.73973881592 699.375827224833 640 60.1603182892656 615.940228163115
3194.33974963594 698.839321818699 640 60.4297463325726 587.1767893462
3264.24047829285 703.415184628299 650 46.9773448303674 685.607286359227
3194.33974963594 698.839321818699 640 60.4297463325726 587.1767893462
3195.73973881592 699.375827224833 640 60.1603182892656 615.940228163115
3122.75625856497 687.814504708818 630 74.2059956123587 523.716522286152
3171.05255889931 689.429339901683 630 49.3307964596898 580.515996061637
3195.73973881592 699.375827224833 640 60.1603182892656 615.940228163115
3171.05255889931 689.429339901683 630 49.3307964596898 580.515996061637
3214.99458247874 706.141084131066 640 67.5715110705534 649.127573057236
3209.92220056725 705.302138187452 640 64.2917285132156 641.025965094364
3195.73973881592 699.375827224833 640 60.1603182892656 615.940228163115
3108.53973588726 681.495718804562 630 76.9419666773308 534.512446480996
3289.0585767027 715.302181025424 650 53.2828452531666 874.584454603488
3198.03890090201 700.743436896952 640 59.7178443394935 614.458287047445
3198.03890090201 700.743436896952 640 59.7178443394935 614.458287047445
3289.0585767027 715.302181025424 650 53.2828452531666 874.584454603488
3185.06040656883 696.446895036699 640 62.2155567384734 583.029415296667
3112.76740437651 684.277846931544 630 76.1283514972271 553.593338793069
3289.0585767027 715.302181025424 650 53.2828452531666 874.584454603488
