11108.9016473796 2856.02174852195 1487 204.668770217394 7279.60142427041
10922.3366352045 2865.73153642871 1371 333.180582266404 5603.0046409087
11249.6809762102 2836.49445857243 1549 252.927852916852 7342.18515031817
11243.7647546275 2855.53766404671 1528 256.05852847202 7022.17942756062
11109.8007132592 2858.37163438203 1487 204.495744908201 7319.63469029624
11314.9001876183 2861.23728118168 1549 240.376409829257 7545.79823785479
11194.3616406196 2857.22622421834 1510 237.043261024514 7082.83061368479
11056.7441689835 2849.17523229125 1487 235.296712087534 7321.97540603875
10794.7751728514 2865.41723236767 1374 250.42606937638 5917.50726816475
11085.7205763886 2863.63403067774 1460 289.028299416416 6034.7075483111
11194.3616406196 2857.22622421834 1510 237.043261024514 7082.83061368479
11056.7441689835 2849.17523229125 1487 235.296712087534 7321.97540603875
10856.9899081841 2861.53764260828 1374 305.24902507181 5806.2150909568
11159.7264271079 2863.90192210099 1487 318.111947783776 7501.9826422728
10717.7065748019 2855.98454058942 1310 265.257927986357 5207.3232543982
11234.5117842249 2867.4410313749 1510 303.71949909611 7505.91691707274
10691.3236542103 2849.77817429525 1316 270.335323421546 5597.49745782183
10838.145185287 2859.31110767968 1379 242.079506591552 5284.1319443109
11164.9393959232 2865.62416428626 1487 317.1087114675 7503.25111166208
10838.145185287 2859.31110767968 1379 242.079506591552 5284.1319443109
11257.7295852661 2864.2633208555 1549 265.977226559611 7238.68877519436
10926.0535974812 2858.51233550096 1434 225.161524776777 7069.88234625082
10854.3332100284 2858.62470347823 1407 238.964119777527 5994.35585462744
10922.1953059561 2865.65479624404 1444 225.904053326982 6298.40165244479
10807.9067020404 2858.48723816306 1399 247.898905405659 5026.61061579848
10854.3332100284 2858.62470347823 1407 238.964119777527 5994.35585462744
11076.4760534367 2865.35145402779 1510 196.212709630754 6681.05879389582
10824.5022939318 2863.71541698027 1407 244.70508225705 5891.56566498956
10800.1884870334 2860.65799898534 1387 249.384276576314 5933.75903876239
10932.6344081647 2852.65270176709 1477 223.895047170239 5248.28690964674
10813.6127040093 2869.49791973973 1407 246.800784814754 5607.46520613631
11055.7872727142 2866.84231026811 1487 340.013819769879 5685.38918255847
10880.2589401866 2865.32910171209 1434 272.452933079736 5937.34032275792
10813.6127040093 2869.49791973973 1407 246.800784814754 5607.46520613631
10813.6127040093 2869.49791973973 1407 246.800784814754 5607.46520613631
10859.7701172092 2856.99011932947 1464 237.917786502722 6144.53151121507
10877.7639919341 2862.8469777542 1427 274.764017101259 5566.89704710325
10807.9464902284 2864.41067350593 1410 247.891248165305 5759.92279905669
11073.1258006182 2867.66665520682 1518 196.857466086286 6721.09054230543
11702.8098337551 2869.78297993432 1697 269.563674810651 7464.99298359259
11410.3563818329 2873.97719679562 1593 183.804606388065 7633.96180036598
11251.3801608092 2856.44927183751 1574 162.552398472793 7308.90824758779
10859.4997829202 2860.68487611454 1434 237.969812360902 5642.36692290797
11754.2876385895 2873.81227312267 1706 289.377491129621 7770.54856038068
11031.6846042685 2865.78576027841 1496 204.832828042298 6317.23280096996
11366.9843085065 2867.06043129501 1593 140.3043698753 6915.52478436093
11366.9843085065 2867.06043129501 1593 140.3043698753 6915.52478436093
10893.6975510726 2858.44142280043 1434 231.38844881142 5666.19127542377
10755.9647958191 2867.50795510735 1377 257.89512991869 5852.67260734436
11093.0488084242 2863.31397268069 1504 193.023281446337 6491.14171657989
11219.2174883939 2862.12164690858 1549 168.742107665064 6677.02202660237
11388.7183643437 2866.60963964734 1607 136.121648879227 7080.03841087127
11216.1171211971 2866.2545741222 1549 169.338773610289 6705.95251709772
11216.1171211971 2866.2545741222 1549 169.338773610289 6705.95251709772
10953.728907475 2854.69138843704 1468 219.835408885163 5158.62194434662
10911.1913405459 2875.43085987661 1434 284.358819529131 5579.6018037905
11098.0706942376 2860.63839963754 1510 192.056819070928 5112.65200054218
10776.9213710441 2864.8695039596 1397 253.862035136215 5575.06629567538
10701.5024953494 2845.90752819409 1358 268.376404530977 6820.99979737821
10825.8006150956 2861.00922077354 1416 244.455220232567 6815.61550080691
10702.681151644 2846.53844482774 1374 268.149572021332 6384.97966216781
10909.1405242157 2865.46336551478 1464 228.41644724433 6894.09260782171
11037.0914214453 2857.02098457433 1496 203.792285591471 4894.98011029961
11054.9241127585 2870.06963407412 1510 208.77218939922 6741.75363715574
10939.8385860527 2860.72478325728 1477 222.50860248926 5323.68776045875
10988.5603854352 2869.14993666707 1487 221.543894677403 6020.76565177094
11099.9648899583 2851.51175513824 1546 126.912318233397 5198.40008266409
11091.1528169441 2868.136936643 1510 201.7999720279 6530.46996347129
10835.4996452408 2866.78962561202 1434 242.588641010832 5711.55382252091
11105.3378452779 2852.65163953324 1546 125.87829250002 5464.96930936722
10813.6127040093 2869.49791973973 1407 246.800784814754 5607.46520613631
10763.6135832695 2848.18174273928 1338 171.045623209807 6484.38589093301
11120.8696476029 2864.43960656447 1546 122.889195748906 5275.96719122147
11695.3551611989 2836.20439250673 1724 338.428500145983 7533.83488392569
11644.3736292193 2838.01471471228 1689 348.23990055002 8277.64594631338
11795.0672349901 2873.41600684999 1724 319.238902597711 7868.20046689526
11427.8629983867 2869.30023441534 1645 177.901926030677 9051.89576728955
11667.3163357682 2868.5264538044 1697 343.824574616045 8137.11036884833
11757.8818282975 2861.4768658838 1724 304.926232888425 7675.93197917633
11675.1655338678 2871.66610394988 1697 342.313995737458 8117.9182975376
11522.0402046091 2857.6566888204 1671 265.801387752258 8871.18809227109
11779.9868516655 2866.53491844385 1724 322.141123721684 7710.70895319217
11604.0728534001 2851.15449476509 1706 250.014197131641 9331.92372287207
11562.8397698699 2855.9976363491 1697 257.949507756869 9121.69080927852
11795.0672349901 2873.41600684999 1724 319.238902597711 7868.20046689526
11431.0875681626 2864.38990578068 1615 280.240371730164 7659.98095189476
11431.0875681626 2864.38990578068 1615 280.240371730164 7659.98095189476
11266.887656569 2849.01704795937 1555 314.90551851737 7515.34716524217
11431.593814201 2847.0073885896 1624 280.435225921208 7736.93720437739
11434.2585630059 2857.11065746803 1636 282.694972555421 9182.39642319665
11694.6295644975 2862.26096125493 1721 276.081464273147 9258.53759586932
11566.7667275734 2867.01016635985 1649 332.463304536325 7907.30598118647
11373.4703022112 2861.96102627887 1629 150.527337223389 9762.48353714984
11450.8232695116 2837.10010408237 1662 279.507093302059 8668.30078483128
11064.3319540576 2861.64517532945 1505 216.755959496822 9171.89774511127
11424.4202415836 2853.2300750083 1630 284.588358395934 8808.20905038371
11171.9459682366 2859.410117347 1560 196.045632811879 10036.3690362241
11207.3037014751 2856.1824960193 1611 189.241033877489 9899.58587940523
11444.822291943 2856.33872628924 1659 280.661981973602 8932.70106404519
11360.1837009859 2865.257312559 1590 307.046632307767 9459.1350171344
11523.6625509111 2865.17576811626 1662 265.489167060861 8997.86477259696
11290.3165283767 2851.78363183337 1568 310.396630035721 8026.80699123487
11280.1992020196 2857.68408888628 1577 276.26058430165 8959.51341019068
11351.8905658106 2865.10635767309 1590 298.546701006522 8144.95372935207
11351.8905658106 2865.10635767309 1590 298.546701006522 8144.95372935207
11190.5578128363 2846.65717997295 1546 270.766806518817 7956.96309971314
11280.1992020196 2857.68408888628 1577 276.26058430165 8959.51341019068
11033.3017400153 2861.92645845404 1514 170.622196824569 8101.13428982213
10944.0188729956 2871.60059691881 1452 187.804692593839 7582.2221558484
11336.8049818642 2863.77658381015 1577 298.048159122296 9197.12474501391
11085.2751298294 2869.64110245867 1486 168.256945337089 8327.10424104004
10943.6122763622 2829.30756955478 1447 373.718130577287 7761.96933899473
10820.9154908347 2858.50612985071 1402 211.495949536754 7087.98267975595
10961.8782341658 2860.02840996652 1484 184.36765693413 7509.21846028981
10904.7982553005 2849.71621107553 1449 188.336205008728 7450.62756774496
11229.0832351773 2848.16017837916 1546 313.153551959407 7728.69417261595
10916.9511880248 2867.37528747457 1452 193.013870995263 7325.92859042933
10930.1789155472 2868.0392239585 1452 198.105225692476 7168.25003878874
10862.6683440765 2870.40110229379 1433 211.097641229717 6603.13940226636
11010.3143398135 2867.49999877559 1484 182.683156101871 8332.61247162842
10932.058785315 2865.06642422652 1452 197.743444586968 7581.56712839512
11338.5425366265 2862.49262267834 1577 323.84581887236 7730.43343677267
11249.8526211423 2859.57334129987 1546 340.914201065421 9037.71409305759
11092.5899932609 2851.98383503593 1488 371.179407912352 7678.22739175627
11024.3555569698 2858.18315891222 1484 295.072723219855 9718.387052991
10879.3013196433 2831.56680371844 1441 322.988424209046 8012.41521944696
11199.4765217399 2836.24293941442 1546 350.609085915662 8760.99501470902
11029.709685282 2864.6253287565 1484 294.042320745758 8928.33881624301
11222.234167314 2859.21808284718 1546 256.990966903496 10288.4913680626
11219.202261588 2872.12374646904 1571 239.825281731389 8655.3505256143
11084.4268511351 2863.9974314896 1514 237.375907160748 7842.52868617909
11219.202261588 2872.12374646904 1571 239.825281731389 8655.3505256143
11188.8560583362 2866.31237508254 1546 245.665411270154 8649.3235875203
11082.9821759239 2866.32213749875 1514 237.653935034776 8424.68903143745
10923.5508400681 2859.58309616611 1471 270.11988530353 7942.98060888649
10969.629521326 2858.94712034386 1480 287.855577988945 7700.58435669058
10920.4619433052 2859.38905232817 1471 268.930968385152 7778.36072492174
11231.4904875172 2864.91434558087 1577 209.073497143001 9246.01220285011
11108.6655918908 2877.79079033051 1463 286.683326011655 3264.50447731888
11172.5766152753 2869.02492760735 1493 274.383643826583 2791.50497868308
11285.6127944965 2863.62183841459 1587 252.629820992747 2767.3683815673
11138.4928780231 2867.54678777509 1493 261.250021799094 1681.70661782165
11383.985186983 2876.22267873478 1587 233.698045231766 2266.24955335143
11386.8143496642 2861.63468634096 1587 352.597616086485 1961.01160583307
11235.9273868338 2862.98108507259 1555 262.191782155692 2160.83557656085
11248.2510922424 2868.62622027484 1555 259.820083943999 2014.80230498263
11179.9311977186 2868.61861968654 1507 272.968253775442 2308.7792556755
11576.5948355454 2873.01151722232 1610 281.203036999195 3137.67551570666
11326.0585027047 2862.39930063075 1555 282.424483477169 2581.32580450293
11294.734556027 2865.46251601524 1546 335.447073083801 2042.26951474457
11351.874741702 2863.12521132643 1571 381.154485592589 1151.61932792987
11294.734556027 2865.46251601524 1546 335.447073083801 2042.26951474457
11351.874741702 2863.12521132643 1571 381.154485592589 1151.61932792987
11413.614452546 2865.00157226872 1590 368.997817932865 1546.34087698639
11258.7608908685 2863.26384098185 1527 342.370208171471 2039.36830599101
11230.5929550524 2855.82346027218 1527 331.528364620857 1321.14043437745
11256.5483308452 2847.29076331165 1546 406.756035898819 1850.65776433821
11258.7608908685 2863.26384098185 1527 342.370208171471 2039.36830599101
11227.2026417645 2862.51483485459 1525 295.394425782979 2271.09179336963
11369.9830385815 2866.21077929654 1577 320.965495864144 2609.91303242041
11239.1870190908 2857.80131100765 1546 295.65043942018 1999.07201883362
11297.6759470049 2864.80467122593 1546 396.902343137458 1510.37321057722
11248.8259308749 2855.96579240533 1546 344.282192113698 2032.07025741449
11269.1823034104 2850.55562575314 1546 398.810159199003 1493.14047214317
11309.0807504151 2870.02914187086 1555 326.909324496422 2076.69528979642
11379.5229848945 2854.90379847545 1590 393.875415799167 1760.59980659311
11431.1563030269 2865.17002258642 1590 413.749089214419 1951.66007051133
11256.1504581034 2850.25777478633 1546 346.389308096855 1488.90426316039
11124.6129917904 2871.77319915982 1501 368.186983386128 2277.79230219853
11250.059317087 2864.21117944605 1527 344.044826826517 2040.31564445521
11298.1926990445 2869.41559239136 1546 334.78155314978 2050.1756674968
11259.5043178514 2866.40950899198 1525 307.827346705691 1898.20703050984
11106.3719911654 2867.34571521649 1501 371.697465593168 2064.58844876482
11328.7410548758 2874.96419987588 1555 244.329783412857 2557.41526158001
11163.610154049 2871.13423061119 1493 276.109240094135 2515.82436291562
11222.9341023938 2864.20180843666 1511 264.692340912062 2019.08362092413
11191.7848008495 2863.279782238 1517 355.259762705387 2251.87835416282
11191.7848008495 2863.279782238 1517 355.259762705387 2251.87835416282
11038.285854816 2866.03683532471 1470 300.227912726876 2526.50157518995
11234.7466310038 2865.65995050085 1497 262.419018721122 1900.47225267667
11445.6555371649 2875.0670667342 1637 221.829580805598 3003.14163760194
11302.6972248956 2871.60141231296 1527 249.341920829458 1918.29663811299
11271.4113587161 2861.73817556461 1546 352.263231481398 2080.97295486708
11603.478568577 2877.70672375595 1671 191.456524248894 3397.88231761186
11466.9958335094 2866.97136885126 1639 217.722638859222 3383.36045589645
11316.1976119881 2873.42401136662 1555 246.743770122112 2793.77007785274
11241.1802389775 2848.23277023529 1546 345.753606205393 2772.15861322956
11134.3892762404 2864.04505772202 1496 366.305536566489 2143.24850813346
11188.9457546078 2870.58099973329 1514 355.806137409344 2235.47988885354
10946.3440508627 2871.08058320779 1442 402.494857063713 2150.28403361924
11293.4877872038 2877.21814274472 1527 251.114277939593 2865.35720395724
11104.8448483276 2866.36527776275 1470 287.418628453224 2848.59233992949
10911.5747788652 2850.75683015337 1470 311.28970444846 2556.47690332633
10946.3440508627 2871.08058320779 1442 402.494857063713 2150.28403361924
11201.5523730963 2862.55254525887 1533 285.8567603059 1916.76453527321
11035.9368073691 2859.86252834569 1486 317.729490790756 1836.46999249155
10854.9259666449 2852.94106849311 1450 322.191773443348 2560.00100473603
11397.9234516609 2861.57341863457 1577 259.937058100917 5016.88569787371
11397.9234516609 2861.57341863457 1577 259.937058100917 5016.88569787371
11397.9234516609 2861.57341863457 1577 259.937058100917 5016.88569787371
