21803.3010444248 3582.81383725867 650 538.861018613349 6152.69622346623
21915.2610484306 3639.75741094724 650 534.089119491917 6420.96248594437
21864.4274745203 3607.32302393433 650 543.872045352248 6391.55021937913
21783.7159606167 3582.09101192365 650 505.470006940375 5934.5542196117
21136.3627296125 3529.19181988004 640 274.281063976828 5841.20544129052
21784.0819489301 3583.28413384922 650 512.947038133769 6256.91118278047
21767.4770251571 3576.18705358384 650 506.555799993656 6108.22628232964
21735.40542467 3561.35208630819 650 512.72798238519 6066.84921966431
21823.227572579 3588.21961968606 650 546.530742875894 6241.63721810628
21786.2979586988 3591.74917413571 650 524.441250289337 6515.06763306642
21735.40542467 3561.35208630819 650 512.72798238519 6066.84921966431
21136.3627296125 3529.19181988004 640 274.281063976828 5841.20544129052
21736.6931868011 3566.59682979859 650 513.223642260538 6087.82819362589
21136.3627296125 3529.19181988004 640 274.281063976828 5841.20544129052
21147.256367287 3530.18759754689 640 278.474027072697 5787.10147240398
21884.2469765767 3610.45853283557 650 547.811849205642 5727.43282072231
21780.1836308649 3577.96212925892 650 504.110412585029 5916.30970724123
21823.3547347065 3582.76267365675 650 485.109247076176 6364.90536023037
21773.8660860821 3573.61898350841 650 505.326224645354 5986.0279568889
21764.4324003031 3564.27963837899 650 496.4488556192 6266.30473210709
21764.4324003031 3564.27963837899 650 496.4488556192 6266.30473210709
21738.9377544217 3565.48096897293 650 514.087576740535 6085.09373203478
21182.3056881608 3550.82587773324 640 265.439337481753 5909.32037805431
21815.7984701102 3592.29980351115 650 543.671280002443 6288.03933236742
21764.1851717469 3563.68096962145 650 496.496434777024 6660.48194575759
21782.7057878641 3575.28581142772 650 503.625023244229 6612.00586598556
21260.9656960231 3576.17516273422 640 307.307236308619 6017.95186282246
21299.9662400393 3580.08051502745 640 299.801578113182 6585.46905715625
21228.8361592019 3555.42240038702 640 309.874103621044 6224.26970801105
21862.136414292 3607.58888714888 650 561.5067630338 6348.28414346303
21235.1000602076 3557.46593939439 640 312.285080242229 6193.34671150222
21782.2391182453 3587.79501932135 650 503.714833854239 6319.09985830059
21738.264192812 3567.76081897826 650 513.828322756083 6137.85830600629
21735.40542467 3561.35208630819 650 512.72798238519 6066.84921966431
21143.2186932685 3528.10014023924 640 270.953381427094 5865.05709227081
21782.7057878641 3575.28581142772 650 503.625023244229 6612.00586598556
21782.7057878641 3575.28581142772 650 503.625023244229 6612.00586598556
21786.9628707045 3593.42558550025 650 502.8057472696 6164.28233489593
21146.6970872974 3535.15281701293 640 272.29221591307 5971.42403122477
21816.2362494565 3593.20788053421 650 543.839781351394 6137.29609740283
21136.3627296125 3529.19181988004 640 274.281063976828 5841.20544129052
21136.3627296125 3529.19181988004 640 274.281063976828 5841.20544129052
21146.6970872974 3535.15281701293 640 272.29221591307 5971.42403122477
21214.3369780742 3555.31641157705 640 298.3268220117 5727.29073940622
21734.3988224686 3560.48380477912 650 512.921703069176 5864.76763965803
21193.7597125193 3541.07652337736 640 290.461881069097 5821.1380304279
21203.7340155571 3559.87813604946 640 284.955118595609 5907.76611139483
21187.5464878092 3543.20450820442 640 288.070409763189 5937.98491182664
21187.6421875348 3547.41883901538 640 288.051992342423 5847.83633204925
21238.9098176903 3556.78030861275 640 303.882870502118 5634.16289704864
21194.4007223374 3547.97567264317 640 286.751311713214 5832.80331764413
21227.8314417947 3554.75184232047 640 280.317566753932 5718.13751610482
21187.5464878092 3543.20450820442 640 288.070409763189 5937.98491182664
21990.3146835178 3647.99668581129 650 543.336833234333 6028.62686355278
21264.2716035124 3538.58257286695 640 603.39772854174 6080.42544321661
21779.7384010552 3586.90212723249 650 504.196097101871 6130.94871602263
21236.6858681734 3558.59617904268 640 253.264966962225 5265.12008274928
21779.7384010552 3586.90212723249 650 504.196097101871 6130.94871602263
21779.7384010552 3586.90212723249 650 504.196097101871 6130.94871602263
21187.5464878092 3543.20450820442 640 288.070409763189 5937.98491182664
21735.40542467 3561.35208630819 650 512.72798238519 6066.84921966431
21209.4599020043 3552.48119679943 640 296.504886819456 5949.51644097646
21776.3119098093 3587.78778839723 650 504.855525649589 6226.81100024656
21175.3716926211 3536.99476791663 640 283.38432891037 5861.56612327654
21143.6414859528 3524.02168747207 640 271.171366669449 5455.1621417689
21191.2499508797 3544.3819157719 640 289.495873363625 5635.37198211196
21191.2499508797 3544.3819157719 640 289.495873363625 5635.37198211196
21196.1307806276 3548.83778957315 640 286.418361840036 5966.15131867026
21196.1307806276 3548.83778957315 640 286.418361840036 5966.15131867026
21187.5464878092 3543.20450820442 640 288.070409763189 5937.98491182664
21191.2499508797 3544.3819157719 640 289.495873363625 5635.37198211196
21807.6894846649 3583.83513402029 650 498.816908553133 6528.21951429604
21174.2598487878 3531.31478894451 640 292.5096454153 5596.44902868712
21946.2280174094 3649.24387390839 650 541.314783544466 6061.15096572962
21190.8065898317 3538.49230475513 640 289.325223616674 5637.14143747442
21185.7901083207 3543.48486758055 640 272.392301097463 6328.30324921184
21257.9621541116 3577.04157710756 640 276.401129245136 5882.5252203408
21775.7712823685 3581.39831601747 650 504.959569449091 6199.36909224224
21191.9582378431 3543.95715032525 640 274.766415257552 6418.72279747519
21197.5656701924 3546.9793818432 640 276.924716975099 6307.81149993018
21777.811382842 3582.14805071673 650 504.566951929899 6238.44487226389
21209.3335091578 3547.94200422751 640 285.759716329941 5718.39995767372
21197.5656701924 3546.9793818432 640 276.924716975099 6307.81149993018
21735.40542467 3561.35208630819 650 512.72798238519 6066.84921966431
21777.811382842 3582.14805071673 650 504.566951929899 6238.44487226389
21832.2236131563 3606.46129172347 650 494.095313323523 6106.76474487213
21197.5656701924 3546.9793818432 640 276.924716975099 6307.81149993018
21957.1378554604 3538.46632389677 650 989.989929799317 6430.90917380707
21210.2349863564 3551.12340526465 640 274.48650594253 6284.15500550611
21797.9381407965 3590.86884064042 650 500.693555555595 6133.73734300498
21759.1210692594 3564.13454713146 650 531.940346735943 6544.39866188975
21801.0876994713 3591.50010706458 650 500.087422706014 6137.52494154997
21871.6721567552 3617.70870882959 650 529.073791530376 6087.39158829437
21962.3456878727 3545.46528841401 650 988.987681984265 6524.84053677379
21776.5874307221 3575.90823960743 650 528.578943905178 6631.96707188594
21957.1378554604 3538.46632389677 650 989.989929799317 6430.90917380707
21957.1378554604 3538.46632389677 650 989.989929799317 6430.90917380707
21797.9381407965 3590.86884064042 650 500.693555555595 6133.73734300498
21957.1378554604 3538.46632389677 650 989.989929799317 6430.90917380707
21737.4097434533 3560.50773314661 650 513.499445044588 6063.47180701796
21797.9381407965 3590.86884064042 650 500.693555555595 6133.73734300498
21751.3776993406 3567.36764636494 650 509.654116691646 5900.67386881409
21735.40542467 3561.35208630819 650 512.72798238519 6066.84921966431
21429.3856851478 3520.5721016661 640 786.858024735717 6003.81581766835
21957.1378554604 3538.46632389677 650 989.989929799317 6430.90917380707
22028.3334777459 3561.67152306452 650 1017.39313759375 6322.61083955941
21938.3804432803 3581.02568143577 650 555.021253119602 6865.52292272697
21941.1877219841 3584.32788933949 650 554.48099208116 6856.07429042508
21958.7128686719 3595.19146055369 650 551.108276028559 6802.00562504809
22035.2814721508 3563.49281467916 650 1020.0674218871 6313.60494798532
21941.1877219841 3584.32788933949 650 554.48099208116 6856.07429042508
21932.4629937821 3631.72017715739 650 346.970748847029 6970.67396949341
21932.4629937821 3631.72017715739 650 346.970748847029 6970.67396949341
22020.1497216256 3554.03390926543 650 977.863290501779 6461.41208434248
21932.4629937821 3631.72017715739 650 346.970748847029 6970.67396949341
21168.2715072113 3487.08910370762 640 279.756502141628 5954.91914790107
21168.2715072113 3487.08910370762 640 279.756502141628 5954.91914790107
21203.179926729 3497.48714924282 640 293.192759078656 5537.55972662741
21168.2715072113 3487.08910370762 640 279.756502141628 5954.91914790107
21209.5267035017 3500.52941021654 610 271.816935913699 6133.19227074413
21955.3187098823 3539.36834360348 650 990.340024529055 6441.95332913751
21957.1378554604 3538.46632389677 650 989.989929799317 6430.90917380707
21957.1378554604 3538.46632389677 650 989.989929799317 6430.90917380707
21209.5267035017 3500.52941021654 610 271.816935913699 6133.19227074413
21979.7759142148 3546.24725544635 650 998.703322676516 6420.51177703099
21957.1739560825 3538.05868304402 650 989.982982231352 6334.46332869055
21942.5592038326 3617.34873547796 650 654.049369676581 6468.77783769364
21970.2839203404 3632.50305865934 650 648.713745496903 6195.60882590829
21400.6817438784 3567.05736487891 640 758.333735467347 5610.18622208868
21959.5357034431 3630.31713824375 650 650.782240803232 5973.34108977831
21942.8194710537 3619.63300672542 650 653.999281226522 6377.14459306922
21964.0973762173 3633.59022439276 650 649.904346468522 5989.70652052338
21942.8194710537 3619.63300672542 650 653.999281226522 6377.14459306922
21962.76751716 3632.70464099266 650 650.160277963423 6082.27517094245
21962.6241597393 3633.19910539796 650 650.187867111893 5888.53316353897
21964.0973762173 3633.59022439276 650 649.904346468522 5989.70652052338
21999.0428349613 3635.35749955982 650 643.179089797585 6400.09744050008
21964.0973762173 3633.59022439276 650 649.904346468522 5989.70652052338
21430.2225633014 3576.38472341099 640 752.648602118708 6209.55609023496
21962.76751716 3632.70464099266 650 650.160277963423 6082.27517094245
21430.2225633014 3576.38472341099 640 752.648602118708 6209.55609023496
21955.416353429 3627.80772636481 650 651.57501008307 5960.23930455678
21942.8194710537 3619.63300672542 650 653.999281226522 6377.14459306922
21525.0229295137 3605.65401529522 640 734.404263134719 5869.64668100626
21430.2225633014 3576.38472341099 640 752.648602118708 6209.55609023496
21492.567970533 3596.75617375092 640 740.650222902734 6264.36080007239
21434.3461767249 3579.486359812 640 754.235781665444 6317.25179968171
22000.3801634431 3645.29004864528 650 642.921720811261 6836.32596298597
21447.1152699484 3577.961114797 640 749.397599208716 5866.46544862953
22000.3801634431 3645.29004864528 650 642.921720811261 6836.32596298597
21461.5741867503 3598.31349051734 640 746.614979372781 6218.29375079199
21444.2303672492 3583.08735219691 640 749.952798992032 6142.16305918985
21002.8034260542 3551.99815091773 610 834.905453434194 6251.10748720164
22022.8291040983 3674.19587147934 650 608.42927315135 7575.5257401369
21430.2225633014 3576.38472341099 640 752.648602118708 6209.55609023496
21952.8519003439 3645.26341584373 650 581.495034868184 7431.94662667555
21381.6125673658 3566.98472108226 640 733.938605959569 6752.99701763165
21942.8194710537 3619.63300672542 650 653.999281226522 6377.14459306922
22021.7253236069 3654.73534885539 650 638.813842822445 6958.40245580532
21430.2225633014 3576.38472341099 640 752.648602118708 6209.55609023496
22056.5433988476 3678.91501126008 650 632.113101118145 6902.21784918195
21990.2199853698 3639.30967838341 650 644.877047993136 7054.25329963999
21430.2225633014 3576.38472341099 640 752.648602118708 6209.55609023496
21990.2199853698 3639.30967838341 650 644.877047993136 7054.25329963999
21952.8519003439 3645.26341584373 650 581.495034868184 7431.94662667555
21281.5565754648 3528.99381134392 640 720.101328061555 6512.35794297756
21310.553281835 3542.46926786136 640 736.045263644907 6796.81403505936
21865.0745913825 3596.35589567495 650 598.38778585406 7620.33024537025
21352.4765382984 3559.04701656732 640 752.181532581215 7150.47734658658
21945.3618435197 3625.50736637086 650 627.611141144772 6909.75715670684
21263.5733960024 3522.24521904328 640 713.179599059207 6994.84845423838
21255.2888270795 3518.67410615502 640 714.773965091781 6937.10369723548
21797.6849222307 3578.22575446984 650 610.389787910809 7343.69345729102
21281.1773028387 3532.09494619335 640 724.738444057404 7004.20789742712
21263.5733960024 3522.24521904328 640 713.179599059207 6994.84845423838
21281.1773028387 3532.09494619335 640 724.738444057404 7004.20789742712
21259.0011847311 3518.82320298466 640 714.059521528636 6937.84918138366
21281.1773028387 3532.09494619335 640 724.738444057404 7004.20789742712
21867.9830900094 3598.54126000529 650 597.828045032318 7537.58452921434
21867.9830900094 3598.54126000529 650 597.828045032318 7537.58452921434
21255.2888270795 3518.67410615502 640 714.773965091781 6937.10369723548
21281.1773028387 3532.09494619335 640 724.738444057404 7004.20789742712
21228.2789354139 3509.76666437412 640 719.972021166436 6821.77347414411
21258.3618408283 3521.55975757805 640 715.956768635178 6941.61851588082
21386.4600924783 3565.73230009336 640 689.530043295801 6907.75238780757
21358.3733305965 3551.31059687868 640 754.451208994972 7177.22684805
21313.3284058323 3547.22268694588 640 703.604242952928 7158.37129065803
21889.1392192527 3609.17222631852 650 605.971042974736 7120.1425249243
21356.8880821433 3557.70410470474 640 749.096438501066 7272.24149574819
21956.5713904818 3624.64433367238 650 631.925697782177 7836.31651856447
20847.8138511799 3498.39777847813 600 793.192560766354 6933.83964844811
21328.1512160333 3538.97191816551 640 701.71873761807 7015.86395887524
21255.2888270795 3518.67410615502 640 714.773965091781 6937.10369723548
22026.7953768927 3671.31337031103 650 630.943069090637 7909.46605155791
22012.8863946093 3666.24300014281 650 625.58949931362 7774.25891179822
21263.5733960024 3522.24521904328 640 713.179599059207 6994.84845423838
21916.5010437688 3629.89974422307 650 588.490760477826 7791.67054651233
21916.5010437688 3629.89974422307 650 588.490760477826 7791.67054651233
21867.9830900094 3598.54126000529 650 597.828045032318 7537.58452921434
21284.1625743479 3530.31852248588 640 717.268284125677 7280.87563217835
