56799.4963028375 9982.1441672804 1670 1743.0190620274 39511.7742615168
56258.7790935398 10060.062668488 1640 1847.08013747523 41825.7477756166
56620.2644260004 10105.3262914707 1630 1377.91075537759 39158.3567166505
56495.616553524 9996.95468963451 1650 1801.50074704988 38569.7912203742
57692.8610369998 10058.4406735521 1710 1818.50346457549 39479.3028921518
56645.5233470598 10057.7558625476 1660 1772.65117118279 41052.485045019
56587.1801746337 10092.2476298308 1640 1365.17662108929 38623.9077043836
56558.2722446702 10011.5879781571 1680 2036.85517946582 34967.7464638336
56614.6356956068 10101.6208793623 1660 1335.41573548134 34305.5665935574
56534.8233898152 10080.2624808395 1630 1304.69596465906 38510.3977940247
56613.6394642961 10103.3641690616 1660 1335.03228587106 34478.6034836522
57312.394522329 10032.6923936891 1680 1644.31175366397 40300.8580633777
57312.394522329 10032.6923936891 1680 1644.31175366397 40300.8580633777
56517.0784729559 10078.4210582233 1660 1297.8659429754 42653.8533004558
57382.2455689289 10064.1429645769 1680 1630.86891347809 42054.4921281322
56492.9579399045 9988.72696990998 1650 1802.01239747951 34080.9534206887
57264.4293396686 10015.2918192584 1680 1653.54265737088 40292.1553330498
57940.0767850145 10000.709425713 1720 1770.92677168742 38781.8548968258
57382.2455689289 10064.1429645769 1680 1630.86891347809 42054.4921281322
55991.631905271 10053.9622667944 1620 1149.36492321621 39934.1136981996
57346.7455700198 10033.4526888338 1680 1710.40332919719 40086.2071023233
57220.8212540137 9989.24129711945 1680 1661.9350373681 40465.8823710808
57313.2967155857 10030.3219405769 1680 1644.13812649075 41550.2655629295
57542.9629050094 9984.17142282934 1710 1847.35137352738 40201.4153627783
57559.3819546235 9982.60051264528 1710 1844.19152595588 38120.792012455
56747.9286079686 10030.3891632053 1640 1325.29201540363 33983.7259827631
57542.9629050094 9984.17142282934 1710 1847.35137352738 40201.4153627783
56845.3842677563 10003.2935741402 1670 1734.18791906126 41004.2368108087
57651.1015434064 10031.7292646564 1700 1826.5400828646 38982.38192738
57651.1015434064 10031.7292646564 1700 1826.5400828646 38982.38192738
57581.9189675525 9997.20198080955 1690 1646.29505447519 37020.797667115
56424.6536297217 10043.1072584747 1630 1316.03506266727 37458.4950195319
57289.1591683377 10024.1586550536 1680 1648.78339962451 42341.9280820989
56718.4452788199 9948.392212266 1660 1758.61733887228 41783.3612913883
56592.8426415229 9970.98501116429 1640 1265.59939908701 39412.526014704
56552.7592874361 10078.3441267735 1630 1400.94202081064 40658.6156956637
57140.1841456563 9964.82822916639 1670 1924.86618190616 39082.6550587582
58035.6783523397 10050.6485015048 1720 1752.52824147737 38099.9978582184
57250.7814578608 10010.5007642733 1680 1669.61087947397 41734.6866415943
57616.8820162306 10006.8352068195 1690 1833.12563394011 39959.7100445967
56839.2127405342 10012.586017011 1650 1982.78815582805 35091.0103785417
57140.1841456563 9964.82822916639 1670 1924.86618190616 39082.6550587582
57629.8283514711 10031.5922939329 1710 1830.63411056139 39477.2629440661
56413.2065126967 10037.27948606 1630 1360.43976984726 41425.760273504
56912.7617464592 10005.4006999473 1670 1721.22111723912 38401.3389782291
56436.0897393668 10040.4133900952 1630 1356.03589082129 42204.6152789134
56938.2220860086 10036.8058319724 1670 1716.32127260828 41060.8675386201
56347.2303218379 9976.53133742182 1650 1830.05769065255 41447.5421501691
56938.3239865698 10055.0354869541 1660 1740.05903683954 37831.6107077181
57227.4997747268 9997.70504360551 1680 1660.6497554576 41634.6654995729
57921.1275927205 9988.42311877595 1720 1776.85651517663 38870.4395138779
57227.4997747268 9997.70504360551 1680 1660.6497554576 41634.6654995729
56980.0021202378 10073.9778433557 1640 1756.10095796791 37227.1615498681
57310.3268889552 10055.6777564529 1700 1692.52992658825 41319.8733069499
57236.9510760729 10018.1095401702 1690 1906.24337746462 38300.7389368088
57910.9301945295 9984.08789549821 1720 1776.53603564158 39079.9099233032
57280.5869957654 10037.6132614056 1700 1698.25337170118 42026.5391238424
57338.9361769052 10058.9809594006 1690 1687.02406655516 41225.1285515291
57386.139678236 10066.4867038867 1700 1876.61980135217 39980.5843744582
57683.0601229156 10023.6214222664 1710 1819.47743513094 40504.0640104917
57684.6401277899 10022.2543110325 1700 1820.0855792906 40790.2792465462
58098.0559133048 10068.7977536657 1720 1793.705523569 39329.3662586029
58060.5541054857 10031.6404469845 1720 1830.5218049614 39900.9671955572
56690.8845227696 10000.6522646666 1640 1291.61143469494 36760.5904972293
58005.9422482828 10037.705479999 1720 1758.25095737133 38915.582825292
57701.5665289539 10029.8979613545 1690 1816.82809186778 37194.6097192489
57251.1399864083 9991.69906696693 1680 1903.51272039739 38726.6560313928
57701.5665289539 10029.8979613545 1690 1816.82809186778 37194.6097192489
57714.2036372115 10033.2248778032 1710 1814.39607924967 35709.6273940933
55204.2752859617 9951.74449299574 1620 1588.75888348764 37168.0123275559
57937.4804600359 9990.23270317192 1720 1771.42643466252 38920.5795826551
57106.341447468 9980.55737871789 1690 2320.86449039576 39908.5305141766
56465.7711192338 9986.50449541387 1690 1626.29712799053 40366.0700612847
56660.8348326934 9974.85511806741 1650 2013.62305259688 32835.1252941696
55765.3118533321 9952.18200851072 1600 1092.63181254868 48683.6549336164
56207.7490953199 9978.76406072078 1630 1007.4847256283 48624.7788690711
56221.490492867 9983.59853544429 1630 1004.84019243734 48363.8250715695
57715.0139449195 10076.4146005986 1680 1558.68648145952 47247.4649213536
57678.6215557211 10062.9307949798 1680 1565.69020002624 47595.8276794508
57771.3765299395 10086.1556495405 1680 1547.83949691503 50350.3982043978
57070.35464202 10067.2095260125 1690 1357.47329639707 50264.566687791
57057.9086805655 10064.1810180072 1670 1352.68284359967 50937.5468318421
57057.9086805655 10064.1810180072 1670 1352.68284359967 50937.5468318421
56967.6267533148 10029.5895729963 1690 1350.91484309644 47602.2437878768
57714.0949931438 10075.9677756505 1690 1558.86333381123 52548.7646307323
57633.7525360008 10104.211177463 1700 1574.32524689751 51132.6655829149
57022.8061696181 10056.6430801097 1690 1340.29555947763 48266.7069371031
56491.1932415783 10059.5775237276 1630 1088.16823017206 54044.2381838789
56079.480106278 10060.590171055 1630 1342.83972829735 42131.9342088873
57633.7525360008 10104.211177463 1700 1574.32524689751 51132.6655829149
56712.7707781635 10100.4820809086 1670 1220.96288166788 52024.2863578039
56307.5612496502 10056.1407603324 1660 1063.87398278323 48505.7956551147
57616.1275635765 10076.1026055893 1670 1577.71717442205 45287.4579421698
57715.157707988 10150.1225084833 1700 1558.6588142441 51374.3353540072
57103.0520008552 10079.1439918181 1690 1370.05851568058 47401.0399753182
57714.0949931438 10075.9677756505 1690 1558.86333381123 52548.7646307323
57025.6799958902 10021.4398982088 1670 1085.83774577019 50968.971013818
56584.9765184824 10055.3913944093 1670 1170.65116954159 47609.4088787102
57073.3049377401 10066.0843670277 1690 1358.60886574919 46338.1040476934
57631.806267503 10104.9431098443 1700 1574.69980644454 51024.0134470161
57633.7525360008 10104.211177463 1700 1574.32524689751 51132.6655829149
57640.277873047 10109.2240039487 1690 1573.06944519745 46257.4081026233
57576.0978771466 10114.3093967208 1680 1563.66262849222 42154.3159018138
57631.806267503 10104.9431098443 1700 1574.69980644454 51024.0134470161
57633.7525360008 10104.211177463 1700 1574.32524689751 51132.6655829149
57613.7842935843 10131.0603257382 1680 1578.16813694231 42228.2929721982
57447.8125667599 10061.1565043832 1690 1610.10941066228 49634.5781649325
56081.6573665805 10012.4244785183 1620 1470.17704388454 37589.5000625339
56058.8115106171 9997.76196755055 1620 1474.57373091466 38214.1722493732
56187.4476134023 10076.6820282076 1650 1324.70176631833 45840.9078071853
56037.4808030491 9990.69972024304 1620 1478.67882750012 38621.6661852902
55943.7013103104 9999.13674402359 1620 1200.55477128049 43517.9236583133
57154.0357336277 10098.3801678101 1670 1666.41270802164 42880.7985479513
56422.8154553506 10010.5027635333 1670 1415.29489092328 46518.8885660892
56115.7826943886 10063.3881194207 1650 1297.117926129 42783.2199803501
56165.0119989195 10017.1826320255 1630 1025.38875380048 47832.3206617689
57006.202377316 10062.5551888032 1680 863.501589998182 44043.7478365916
57588.7418099748 10003.6554156692 1710 1160.76603361756 41373.7782777013
56944.3089576724 10049.3453049556 1680 750.253994371652 38404.1836608916
57870.1864484098 9962.82056602137 1720 1656.03573232556 39123.9839859154
57582.7978350426 10005.8628808966 1710 1158.47819659949 41661.926231741
57709.3153329026 10042.3419891561 1680 1134.12989278394 42314.3680724755
56944.3089576724 10049.3453049556 1680 750.253994371652 38404.1836608916
57581.4594244351 10001.311154749 1690 1158.735773841 42057.5754138837
57400.8012559448 10060.7088920301 1700 1925.09079519448 39902.9098506741
57812.0330849191 10020.166039121 1740 1321.30946442184 41391.3635296481
56465.7724923153 10063.2121283732 1650 1306.31746112872 41337.1209221858
58388.4131694143 10091.0224962419 1750 925.676944606629 43418.1873813841
56973.3464417444 10019.4595296794 1640 1277.1799000974 44269.2593572519
57393.3653742104 10010.2160497281 1640 1505.36682348588 45284.8321390695
57350.7625279772 10019.8380158758 1680 1251.39277934242 42852.6053882381
57337.1975277774 10013.7613822821 1680 1254.00336484805 43958.7410374134
57353.0789557487 10020.6885984551 1680 1250.94698260994 43831.2322470861
56972.0171535892 10020.6166900399 1640 1244.68617313162 40001.6006412871
57353.0789557487 10020.6885984551 1680 1250.94698260994 43831.2322470861
57360.4624696196 10039.6153964401 1680 1184.0237665425 41439.5132797758
57314.8014144967 10010.3911438898 1670 1258.31349885853 42234.6802718116
57836.3034199326 10067.9900548208 1690 1157.95039111808 43810.8046117236
56260.4927350965 9969.65912398695 1640 1212.15280794393 40484.6747400806
56705.5358389773 10012.9243390865 1640 1126.5042226684 43092.202915559
56326.8203180699 10013.052641863 1640 1199.38805864913 42861.2500264098
56737.1586102506 10018.605598598 1670 1157.96962149669 39246.779717677
57494.5073817222 10058.4330648066 1700 974.666578472831 42780.7096576265
56717.0565590967 10053.3291915292 1680 955.216586662314 38492.1277605853
55866.9939468553 10044.8488737421 1650 823.043086396288 38419.7012432161
56799.3966385457 10050.8957290844 1670 1181.9250497567 41026.0964650097
56672.1180170418 10004.047917904 1670 1132.93548549847 40581.69135314
56717.0565590967 10053.3291915292 1680 955.216586662314 38492.1277605853
56776.9914400346 10080.7484092032 1650 943.682113447866 40852.5975033177
57107.2944494369 10069.0980690929 1690 880.115269650337 41341.5947405555
57057.7754109914 10015.5835162319 1640 1058.71568542787 41763.0455588069
56521.1340749977 10028.3685553362 1620 1161.99235869262 45242.9457940645
57400.133097668 10017.0434003117 1700 992.828917907249 42872.9106972974
57435.3222292632 10028.891905281 1700 986.056766374243 42326.0534304267
57435.3222292632 10028.891905281 1700 986.056766374243 42326.0534304267
57700.7615044364 10021.923654713 1710 1088.22439102406 41679.8911400539
55652.2431399988 10045.1574650568 1580 959.376082947269 35885.2590316452
55581.5305366285 10009.0071473888 1580 972.984729810909 36713.5237017998
55999.1826871936 10041.8380009295 1590 892.607535958795 39068.1102579053
56458.1304781136 10070.9743635997 1600 804.282992414903 39976.4719430676
57241.2515376257 10053.0031305596 1680 1389.13306175383 46989.9443257694
57234.7483785811 10049.8077760461 1680 1386.62999467051 46795.8353394167
55899.7557935648 10051.0189092459 1590 589.364476126283 36960.2077465026
56033.5424602367 9998.32544039762 1670 1617.80218143997 42168.4914648589
56224.3856433886 10043.066099769 1610 526.889432398697 37690.2006530306
56232.4697821513 10049.8013133462 1600 525.333639168435 38085.3133532565
55724.7128298396 9971.88251985992 1560 623.051510201777 34025.1449386316
56068.8041949228 10019.0009209304 1620 1611.01605743559 44070.2007925755
57364.3790406928 10022.6036953965 1670 1240.50576343415 40009.5141663929
56800.9183187395 10030.7179541841 1670 1470.12062861455 46377.2890860799
56224.3856433886 10043.066099769 1610 526.889432398697 37690.2006530306
57214.0243572787 9991.04417911758 1680 1182.63421880546 41660.6207238306
57240.3753307429 10052.6397073237 1680 1385.54708722208 46189.1439058369
57007.0061411366 10017.0632402302 1630 828.120202430792 42057.1438376751
57065.0931802162 10046.3599633319 1650 816.941346547783 43883.4828567245
55932.8343542221 10093.5333884221 1570 1734.9574495336 8094.34120813471
54474.613589066 9979.55413042347 1520 1661.00128895782 9857.56498080852
55267.2507063879 9975.44548549691 1540 1801.79245578182 11548.8644321833
55318.6649381868 10041.708616703 1560 1498.56353108291 8364.32681540124
54832.6181185624 9976.0388329489 1520 1609.54147780927 8253.22076049554
54861.642026408 9993.98780488713 1530 1586.51763146334 8010.81280252697
55369.7118530447 10005.0919235108 1540 1782.07379891389 10924.0636740885
55830.0056843111 10091.7776671417 1600 1513.64200512597 8941.5849551174
54891.8458621163 9997.69219974884 1520 1598.14309324783 7574.45453875439
55099.2551172491 10073.8241081878 1590 1654.2750173272 8353.37434710071
56231.9142830361 10108.5936018507 1620 1436.29465923812 12487.5436645278
55570.7794426718 10052.162432562 1590 1563.53011858979 5597.8139342804
56191.8229915775 10090.0567024576 1600 1447.36333657004 12141.1208867115
56192.4583744094 10090.8279221752 1620 1443.88795239371 14386.6636953243
55469.3149114795 10092.2857985741 1590 1583.05697672213 8684.95574687089
56123.0490997628 10064.4873173839 1620 1637.70589051541 14625.9218377903
56694.4604385756 10101.6919262988 1620 1857.64221736979 15129.9481946448
55058.205624926 10061.3976328353 1580 1662.17499580815 7899.77863530569
56629.5277895337 10080.0477099515 1630 1832.64962910079 15065.015545603
57043.2125213295 10087.6036084084 1610 1753.03596534682 13702.0789355299
57105.2442526649 10059.5633221509 1660 1769.49518561125 12776.2124950028
56459.9965065485 10020.8333872077 1620 1861.2911446003 12565.657638118
57056.0588031355 10043.3682748456 1660 1750.56369726056 13815.6045461624
56192.4583744094 10090.8279221752 1620 1443.88795239371 14386.6636953243
56186.0152438856 10088.3099826331 1600 1445.12793344116 11764.0381911345
