10919.9202712514 2963.02496796919 939 196.999978683244 13730.7569329875
11262.5200496428 2993.67559676423 1030 249.20650056356 13855.8505663655
11082.3632761286 2983.50135821217 1009 179.864126107028 13856.848677096
11120.6216525322 2997.70054431219 1009 194.589782050613 13794.9133301314
11143.1679363179 2995.4298398423 982 154.035945509218 14440.2471223331
11118.033580845 2995.10620793552 928 207.304510101126 13696.2543611367
11232.3355111532 2983.79227157707 1009 235.691181150084 14378.6548067247
10994.3756839439 2974.76378590837 913 218.885830033468 12208.2464931596
10888.5179601254 2953.61754972687 864 301.8588996961 11268.6589990065
11305.4823477705 2995.7223247337 979 171.229978086561 13582.0895472332
11084.6601027179 2998.12594388887 933 264.111326754349 12245.9805922617
11232.3355111532 2983.79227157707 1009 235.691181150084 14378.6548067247
11125.3982231042 2992.65373827886 957 256.271271830594 12931.5679628706
11088.8984699129 2980.60150278482 967 200.69491139221 13191.9792759974
10914.1979382014 2949.29218361536 910 296.916785611113 12473.5986454347
11185.0697834849 2997.69313930564 982 244.787474680994 12781.9512530014
11098.9235218633 2949.70576793339 956 245.080132232986 12695.447705544
11277.8375369858 2998.42354713952 1001 230.544854414401 13744.3728528097
11014.3122176517 2987.70343628147 913 215.049042332489 12097.4312982869
11026.3454734693 2957.23691916187 922 136.082100636168 13365.5726962143
11113.4239838356 2997.55192829951 887 195.974974037115 10836.7372707944
11081.1500623582 2979.14114151339 883 157.176396734733 12166.7080605872
11062.8002860106 2969.16935460077 936 150.113564525483 13669.5554982816
11180.2690077587 2997.37400558848 948 195.327296607212 13371.5404404817
11180.2690077587 2997.37400558848 948 195.327296607212 13371.5404404817
11064.4677355526 2970.23105124857 946 205.396608412009 10763.1959053164
11180.2690077587 2997.37400558848 948 195.327296607212 13371.5404404817
11003.953982983 2971.48289154362 879 217.042485523922 11959.0779549637
11014.3122176517 2987.70343628147 913 215.049042332489 12097.4312982869
11233.1767358263 2992.91736168788 1009 223.161739297714 13241.0370320064
11035.5334525327 2995.78190855712 926 223.181667197549 13210.8104983157
11233.1767358263 2992.91736168788 1009 223.161739297714 13241.0370320064
11230.3496860493 2992.80039719572 988 223.705805280951 12254.0989162757
11233.1767358263 2992.91736168788 1009 223.161739297714 13241.0370320064
11263.8350362575 2995.04523250824 1034 236.20551083883 12971.3157366298
11211.4969939833 2993.53503178337 1013 227.334007560704 13539.3542992915
11211.4969939833 2993.53503178337 1013 227.334007560704 13539.3542992915
11233.1767358263 2992.91736168788 1009 223.161739297714 13241.0370320064
11034.5155168524 2995.13996335956 926 223.377569010555 13561.0102494465
11044.2207360247 2995.39949924121 942 226.778110820619 13968.3288298026
11159.9395757498 2994.24532109829 973 237.256237325995 13180.1518403232
11032.8887456 2980.06575129498 888 211.473987861977 12085.2508325991
10953.1914802397 2957.72299894401 876 226.811733731782 11139.7607016728
11014.3122176517 2987.70343628147 913 215.049042332489 12097.4312982869
11032.8887456 2980.06575129498 888 211.473987861977 12085.2508325991
11061.2044167695 2994.90878207744 929 200.54761786609 13297.0702693901
10821.1469974008 2991.80584354177 834 226.520645190668 11018.8778946068
11108.635102216 2995.60080817904 913 191.419578195965 12742.6680190601
11061.2044167695 2994.90878207744 929 200.54761786609 13297.0702693901
11043.6405010982 2995.82001109269 942 226.8897770843 13940.1619790979
10614.1278966829 2996.55677445601 674 400.112099602526 10474.4816511387
10835.8647008973 2993.49563989835 806 154.976639268621 11181.8593153289
10797.2263159141 2991.31791447646 811 231.124182489178 11016.805229572
10718.1204070923 2997.73209092911 764 290.539898710919 10704.9225051844
10448.7271187189 2995.534432897 644 226.508776253675 9293.52851748983
10510.5550432114 2959.7287731635 722 210.647952903518 10628.9841133674
10517.1990224865 2998.11041566062 690 213.205221718857 10112.4126432746
10447.8457203317 2988.79804970676 633 226.552270941611 9592.97823241766
10492.9275666116 2997.30508043648 702 217.876265579858 10078.6602056656
10447.8457203317 2988.79804970676 633 226.552270941611 9592.97823241766
10353.9688920281 2997.50878816439 613 244.618874972207 9242.81386311949
10164.964372752 2996.86422111781 587 280.992811666244 9229.63771443818
10317.2293038943 2991.91315478665 649 252.75022930825 11031.7547349975
10377.178696261 2990.03517499132 718 163.130041006421 12618.5067272496
11085.1396732795 2976.83814892224 779 379.734666971536 10206.2758279062
11051.0858841576 2941.63584630677 789 386.288321743684 10664.5833632423
11187.0130265079 2962.04015737302 789 360.12913100164 10183.3472867803
11406.0748420961 2953.8026407769 797 361.785175640883 11050.4370909005
11235.1146977598 2945.84276396908 795 241.755354088983 10613.1195227656
11196.579469774 2959.1767765693 785 290.508114633544 11622.7179940202
11020.6413750336 2988.18498055613 747 400.678985549695 10829.2058096843
11282.6271650946 2951.5527076154 795 385.542692156781 10629.1124659291
11124.2745709282 2963.09831964453 789 372.203152407466 10615.319514839
10971.6537972214 2991.89340996681 749 381.823658058481 10616.7584463023
10412.7972169387 2959.26302010814 583 304.525235426202 8656.76874758656
10772.0738114573 2980.13534734154 688 345.300264844781 9994.7189357348
10412.7972169387 2959.26302010814 583 304.525235426202 8656.76874758656
10575.4147028131 2993.54164673172 590 367.116734922564 8782.84018646572
11217.1511909565 2968.51395735673 789 354.329038549227 10737.6569149501
10832.3965943043 2996.25665975066 653 330.465731096225 8766.02002859047
11124.2745709282 2963.09831964453 789 372.203152407466 10615.319514839
11217.1511909565 2968.51395735673 789 354.329038549227 10737.6569149501
10412.7972169387 2959.26302010814 583 304.525235426202 8656.76874758656
10849.7021945093 2988.78270178075 648 425.044630886625 9525.07838198811
10826.8098873785 2974.19449258737 671 429.450257448089 9512.67144012232
10932.053848911 2996.06350506201 668 409.196047607613 9431.69850897984
10688.3256187621 2991.4166806489 653 319.42305049603 9635.66804478537
10767.1779256972 2995.39870107016 625 440.92643382442 9556.31926535208
10826.8098873785 2974.19449258737 671 429.450257448089 9512.67144012232
10292.6648710529 2974.53816344241 596 204.753842264478 8465.06460444637
10340.5217362396 2986.54526959902 582 249.11076765927 7663.39708697723
10932.053848911 2996.06350506201 668 409.196047607613 9431.69850897984
10292.6648710529 2974.53816344241 596 204.753842264478 8465.06460444637
10932.053848911 2996.06350506201 668 409.196047607613 9431.69850897984
10874.644698439 2995.32982986704 647 420.244443767276 9112.89192134464
10767.1779256972 2995.39870107016 625 440.92643382442 9556.31926535208
10874.644698439 2995.32982986704 647 420.244443767276 9112.89192134464
10768.0284149763 2992.09986026437 648 242.481111342752 10445.302100403
10542.6198629227 2995.24288320006 603 439.367849257871 8230.95683355351
10327.6657354763 2991.39132560257 551 435.592120810163 8178.24976336182
10237.3207197239 2974.98612535354 533 400.818308033753 7506.86486023483
9994.96353564456 2978.56658364323 500 307.534984388257 7277.32779576617
11060.5056648442 2993.39981656328 764 335.343531226052 10585.8089622729
11167.2483932408 2980.43514418758 765 396.737284765192 9984.45557255099
10946.0769737885 2995.03290503104 703 208.215650223058 9870.60030679657
10988.1163102611 2986.30554428156 738 327.789313879301 10382.1139207557
10988.1163102611 2986.30554428156 738 327.789313879301 10382.1139207557
10516.4649325684 2994.96323615477 610 290.894526104909 9407.8359198143
10997.611487688 2986.46665904276 738 325.96196613149 10133.2255134391
10866.4036519152 2993.26588530821 685 351.212925899234 9393.85287074753
10739.4136033464 2983.51867825061 632 315.152985041579 8712.34220443605
10516.4649325684 2994.96323615477 610 290.894526104909 9407.8359198143
10524.3644908958 2987.21907115979 588 294.918510564375 8451.64612534828
10626.2619053711 2980.22123941204 599 336.929039470013 8751.30281538399
11122.7038356616 2996.0711361541 789 343.55526168729 9394.66192472342
11152.6586948041 2997.13859994204 789 348.303569413713 8956.11934471133
10681.9656232031 2944.75328490108 684 264.381324673641 8160.54852330718
10420.9647672954 2996.50124257923 615 279.358686277578 8026.12660803231
10231.6355956183 2993.41878194083 514 351.047378890378 7647.08413769252
10048.2680057303 2997.92367950263 500 328.051884490272 7460.26144667025
10117.2015070127 2992.01901700383 504 351.136075122255 7574.36590371345
11151.4928158781 2984.15960624129 802 80.4435902683673 10908.7439674929
10959.7213306508 2997.06059992344 753 127.300732962027 10707.2643881658
10410.4301705915 2996.16118855718 585 467.448166738861 7995.2266425658
11151.4928158781 2984.15960624129 802 80.4435902683673 10908.7439674929
10014.2211046664 2981.71880429378 500 314.94722616073 7588.37966410444
11137.3109878038 2972.69320721674 797 195.655023870383 10440.7604646566
11108.8881998569 2985.28277874962 773 98.5935555986041 10774.6325454258
10959.7213306508 2997.06059992344 753 127.300732962027 10707.2643881658
10201.2431774511 2981.38639299312 528 386.9320555385 7446.93295151238
9995.23295626137 2978.55617754228 500 307.638684432021 7319.68802336588
10246.4582373665 2996.4938662803 548 289.910156628309 7869.3067029646
10048.2680057303 2997.92367950263 500 328.051884490272 7460.26144667025
10959.7213306508 2997.06059992344 753 127.300732962027 10707.2643881658
10726.7813758121 2976.13583353991 683 172.130048172409 9197.78007601312
10726.7813758121 2976.13583353991 683 172.130048172409 9197.78007601312
10727.4595600015 2996.63831587383 694 171.999531564304 9601.84886621074
10766.4447083587 2993.52706960788 679 164.496836264835 9002.66209397251
10678.0883951775 2982.2918007205 642 181.501016664758 8955.58669856392
10046.3269228141 2997.84349668938 500 328.42544607168 7816.03008139509
10580.6763332836 2990.61380485025 599 200.247976717017 8633.7692975325
10846.9560551785 2989.67915119033 686 403.670557966076 8579.12241799844
10628.2226532276 2995.61785826393 604 191.097683177463 8803.63017646525
10601.0068748861 2991.80991105593 575 190.669124779519 8893.48479175548
10643.9444881762 2990.97300565793 632 236.90699035738 8418.47784068087
10465.0113050385 2992.25217960066 573 240.150001656116 8093.21759087865
10473.6223115978 2995.82634068858 559 171.34995402635 8536.72295966019
10465.0113050385 2992.25217960066 573 240.150001656116 8093.21759087865
11077.4453224362 2990.03297252201 858 125.577203472445 14581.2070394627
10909.9538879 2995.53776952142 948 229.126244071823 13962.3875827705
11129.3308820832 2997.54581491371 838 115.591822862695 16043.3374336455
10897.5894888769 2997.05172450555 894 239.803996598059 14581.5079193986
11075.5611131356 2996.73934636724 858 125.939819721407 15551.2324552643
10773.0834680659 2994.4194463329 935 255.466968650264 14371.9166985743
11075.5611131356 2996.73934636724 858 125.939819721407 15551.2324552643
10781.9127967191 2980.13579443964 816 182.452464564785 14181.9863188806
11075.5611131356 2996.73934636724 858 125.939819721407 15551.2324552643
10794.6273606291 2995.17177201056 939 251.320844593356 14042.051817437
10712.6156906348 2993.31698076794 895 267.103997842637 13927.4093502458
11075.5611131356 2996.73934636724 858 125.939819721407 15551.2324552643
10680.8464338454 2980.74028690981 880 273.217994162419 13213.2233602397
10730.8868224659 2995.07241998031 895 263.587716882278 13663.9483847322
10847.2410084085 2996.01474018205 849 200.266507812781 13626.3752966473
10730.8868224659 2995.07241998031 895 263.587716882278 13663.9483847322
10730.8868224659 2995.07241998031 895 263.587716882278 13663.9483847322
10736.5706268661 2981.57817034342 874 262.493868215462 13160.6313341588
10869.4560099783 2995.98791933268 850 195.991228767325 13720.4331107491
10869.4560099783 2995.98791933268 850 195.991228767325 13720.4331107491
11243.5624001348 2992.98932796185 906 127.473066897765 14988.5243528621
10869.4560099783 2995.98791933268 850 195.991228767325 13720.4331107491
10847.2410084085 2996.01474018205 849 200.266507812781 13626.3752966473
10736.7319352951 2993.76069078552 854 264.721438408368 12869.0549411426
10437.7804421754 2926.3846171994 835 149.654955056847 11830.2879450978
10586.7702581534 2998.34276604679 837 207.001161964442 12773.1097442323
10310.1182464009 2897.20067527027 787 118.002970426239 12272.293019721
10917.9793314235 2986.12563641324 832 138.26456213493 14708.4407369651
10917.9793314235 2986.12563641324 832 138.26456213493 14708.4407369651
10875.7577028569 2994.48587237018 859 224.776101024372 14640.0499541121
10867.9636751918 2994.21989986853 874 221.776178377357 14746.003184517
10917.9793314235 2986.12563641324 832 138.26456213493 14708.4407369651
10555.316585685 2983.6508355067 777 211.770704288777 12061.5652178744
10574.1536416208 2971.83518547938 810 208.145511183683 12741.757858694
10554.1148882541 2997.2046432449 759 212.001971067188 12576.0007172941
10606.7827281129 2992.74721686926 793 201.866040560488 12836.1249860677
10441.024024424 2994.19410444324 712 310.339923379337 11586.9257100386
10358.2592586181 2994.79673716414 709 289.688949066787 10946.1186812132
10736.5317713631 2995.95806630386 758 263.894179485716 10865.908610409
10450.440910135 2978.5649629808 720 153.777755657224 10230.6695976032
10629.1767492031 2997.66989609166 758 237.550853694317 11165.5842871924
10266.6297153272 2995.84903061091 677 307.323062895026 9786.56224161795
10343.2450591677 2995.26397011261 689 292.578433098241 11091.1363194046
10655.1187852654 2996.83047586167 741 232.558306526349 10822.2465623228
10504.0541135908 2966.29178398065 724 174.41348728879 10130.0767160033
10404.6312767168 2995.75041314434 711 277.595125560031 10753.9499356615
10655.1187852654 2996.83047586167 741 232.558306526349 10822.2465623228
9910.02853484404 2960.40254180271 574 216.07528348173 8832.43848542952
10345.0264356848 2994.07130478764 672 277.277754896581 10486.1347970482
10376.1354733333 2996.70242096318 709 246.254125438764 10737.7570213015
10113.4240399514 2996.60910651631 620 294.362249898844 8991.83020469873
10301.6616124448 2998.50507681338 667 260.586626649284 10689.3091523718
