11183.5209646803 2995.38274106415 922 234.034935664656 12886.8106000038
11532.335091495 2992.85632699297 918 283.512085314153 14209.9321271173
11032.0586521773 2976.37799567198 943 146.363112283071 12763.3251820724
11183.5209646803 2995.38274106415 922 234.034935664656 12886.8106000038
11207.2471452393 2980.1728203555 920 289.086916720779 11910.626471362
11081.8733714494 2947.5768733014 915 313.215110736409 13025.7625144942
11048.7688795211 2932.943660102 915 319.586073178479 12820.922217558
11048.7688795211 2932.943660102 915 319.586073178479 12820.922217558
11277.693857642 2998.45167697924 948 295.421918841853 14669.4900808081
11195.4997258536 2967.69608353975 935 291.347708635656 14468.9219874086
11107.7961064621 2976.27609001819 919 308.22627805718 14806.5282499111
11366.8451143528 2998.17500965019 933 218.854178660248 15238.1221788919
11217.3577803428 2997.2278522343 968 287.141124087877 16186.630603963
11324.4739320213 2997.45119929377 1016 271.832129704068 17522.6483552341
11226.5472081501 2996.74815389477 949 290.678136500033 17672.4736776873
10812.8960163464 2926.16181895493 842 325.461732277347 13226.4502137927
10764.6950897594 2965.46405710801 812 334.738004924087 12363.0544934563
10880.8464166809 2948.10902435037 867 312.384671635803 14420.3445225414
11086.5526132403 2975.82844059666 921 261.864203267569 15561.8647378626
11051.8135417827 2907.91319054961 881 132.913923993588 11528.9741846975
11157.7372455834 2993.67475517071 885 259.097006768142 14779.8063867968
11051.8135417827 2907.91319054961 881 132.913923993588 11528.9741846975
10923.4785690159 2997.2432049977 860 299.975344941798 13205.3782601493
11005.6608058111 2991.11278896433 869 288.364131248114 13744.0003599988
10754.6704358559 2977.80622976335 796 336.667250467328 12704.5744021052
11522.2424563429 2999.02773318457 957 214.957496115175 14122.2048099457
11254.3676835757 2969.6322995721 884 210.877049520044 11362.5319015809
11051.8135417827 2907.91319054961 881 132.913923993588 11528.9741846975
11076.9643431524 2912.26660447802 894 142.594471954357 11791.5614371164
11303.1631882336 2991.36997897526 894 229.658448019671 12374.2279317793
10911.7014284138 2997.33699371161 832 306.446621859185 13497.688237599
10869.9545877835 2990.96833309348 766 325.853510968251 12297.249568196
11004.7672059584 2994.56669685577 785 171.472144031648 10986.9356700234
11027.8694476548 2998.20151494161 821 167.026115544212 10405.5787751716
10998.7527713488 2928.87673420644 826 301.066288984051 12134.3951946537
11152.1131536763 2990.40987599808 1008 285.135142139265 13855.7187635728
11205.9386119896 2990.38246950685 975 305.852570703557 14483.8950639859
11325.3750578811 2998.59428978876 894 238.207800633143 12516.1319590712
11060.4769160746 2994.15497692914 822 160.750805320956 10477.2343361691
10879.0297302079 2993.1681613153 922 180.025283438805 12736.9236760702
10935.0694598033 2998.27246768974 808 394.917961335358 9557.4667742649
10822.553649659 2980.6709050293 799 351.610605818767 9076.81591891646
10662.7521675591 2998.07345491521 673 225.801924102063 9453.50618590696
10481.6320858446 2997.96367504171 659 260.658500079896 8951.29612215266
10935.0694598033 2998.27246768974 808 394.917961335358 9557.4667742649
10906.1277501073 2997.28812327337 827 190.45531616109 11898.4724460278
10659.7079412972 2972.10533832678 740 288.931263446028 8908.46897019711
10551.3794601925 2997.04513033786 700 247.235611628232 8904.46347697008
10895.8055414278 2997.54942233829 790 192.441826147662 11565.0071988646
10662.7521675591 2998.07345491521 673 225.801924102063 9453.50618590696
10297.4018520519 2997.18683375538 626 296.113625104269 8076.54391202454
10854.094904116 2998.30537590676 781 200.469042041009 10420.5866109527
10610.2714236548 2995.31065683116 677 412.663500242869 9301.54330959311
10321.6615853274 2998.09490042946 644 291.444837258576 8234.83953574885
10297.4018520519 2997.18683375538 626 296.113625104269 8076.54391202454
10383.3857590385 2998.93536173154 678 325.725983696303 10218.5095932732
10304.1112610979 2997.52762837703 605 294.822398731317 8326.97408572533
10322.9030920233 2982.45240632043 648 253.827071227597 11432.7909763056
10359.8598825713 2999.31928642611 667 246.714733570509 11417.8407955175
10328.0386360856 2998.42658626088 691 252.838735311999 11562.2516361231
10878.1028844646 2982.93753475356 751 348.534994740615 11802.6410546989
10931.1800276392 2995.75854237989 781 340.43757046689 12282.1877334357
11016.3701554358 2980.31280202862 803 324.04272272834 12360.3765663674
10570.7053575628 2998.27718957139 731 345.108426881036 10977.1147845816
10330.0006566074 2998.57616161302 690 252.461144286512 10451.6271577508
10397.5603665832 2997.96829158178 696 239.459272039559 11737.4353268971
10733.5281141395 2994.98128084184 754 316.146559127661 11102.9343616026
10498.1571858862 2990.57591086711 723 318.317395659698 11654.9281044942
10339.3084037174 2991.65448473412 623 250.669867520007 8079.40796423247
10328.0386360856 2998.42658626088 691 252.838735311999 11562.2516361231
10324.5987580862 2985.5610309316 623 253.500740141625 8623.00548898558
10405.5471213784 2998.97661282749 628 237.92222036256 8242.45272944742
10328.0386360856 2998.42658626088 691 252.838735311999 11562.2516361231
10360.2509539417 2996.22734265168 652 246.639471850186 10529.4089071432
10711.2242281846 2993.01872342779 746 320.438943981002 11670.2004376526
10348.3112890172 2993.41094065147 654 248.937261436237 10608.4314096072
10348.3112890172 2993.41094065147 654 248.937261436237 10608.4314096072
10198.2845599019 2999.20161387181 553 277.809918916352 7755.33583807058
10359.3880103166 2995.62473116491 662 246.805545428263 10669.244716038
10162.179644993 2997.23718359776 580 284.75831303026 7167.93605284301
10050.1650243616 2997.56367255877 520 306.315536821841 7000.50292401817
10313.9592487944 2995.64490347611 627 255.548314659528 9411.5194251862
10137.3897744931 2999.11948794876 558 289.529125832371 8333.38144835353
10466.6540716486 2997.26074782787 688 226.162182299938 10462.9141478388
10389.3706812704 2997.45719244283 626 427.784197147001 8917.82193203903
10469.6762370015 2995.72694989966 684 225.580566306606 10328.6053198846
10389.3706812704 2997.45719244283 626 427.784197147001 8917.82193203903
10032.4054393779 2995.12790933155 543 309.733370545519 8076.79626183683
10069.5962695458 2997.31477564648 545 302.57599194258 9216.83224718175
10069.5962695458 2997.31477564648 545 302.57599194258 9216.83224718175
10076.3458492146 2984.70432323561 548 301.277034729673 8305.3017339837
10334.4571563723 2976.50264614 674 251.603490506891 9747.37743144104
10370.2352258497 2994.946951112 674 244.717997825601 10108.3153489444
10076.3458492146 2984.70432323561 548 301.277034729673 8305.3017339837
10069.5962695458 2997.31477564648 545 302.57599194258 9216.83224718175
10099.8979328234 2996.59122044009 553 296.74443412584 7466.78597157797
9866.83983624402 2992.43351363115 546 282.134821615226 6777.35779418083
10099.8979328234 2996.59122044009 553 296.74443412584 7466.78597157797
9866.83983624402 2992.43351363115 546 282.134821615226 6777.35779418083
9866.83983624402 2992.43351363115 546 282.134821615226 6777.35779418083
10044.5198490055 2997.91357989762 572 307.401951325661 8439.32196712317
9690.80724173052 2996.47853884646 493 336.849519554055 7544.53491977405
9811.51526655622 2993.26254337869 522 314.843156239762 6889.11636872243
9866.83983624402 2992.43351363115 546 282.134821615226 6777.35779418083
10919.9202712514 2963.02496796919 939 196.999978683244 13730.7569329875
11262.5200496428 2993.67559676423 1030 249.20650056356 13855.8505663655
11082.3632761286 2983.50135821217 1009 179.864126107028 13856.848677096
11120.6216525322 2997.70054431219 1009 194.589782050613 13794.9133301314
11143.1679363179 2995.4298398423 982 154.035945509218 14440.2471223331
11232.3355111532 2983.79227157707 1009 235.691181150084 14378.6548067247
10994.3756839439 2974.76378590837 913 218.885830033468 12208.2464931596
10888.5179601254 2953.61754972687 864 301.8588996961 11268.6589990065
11305.4823477705 2995.7223247337 979 171.229978086561 13582.0895472332
11084.6601027179 2998.12594388887 933 264.111326754349 12245.9805922617
11232.3355111532 2983.79227157707 1009 235.691181150084 14378.6548067247
11125.3982231042 2992.65373827886 957 256.271271830594 12931.5679628706
11088.8984699129 2980.60150278482 967 200.69491139221 13191.9792759974
10914.1979382014 2949.29218361536 910 296.916785611113 12473.5986454347
11185.0697834849 2997.69313930564 982 244.787474680994 12781.9512530014
11098.9235218633 2949.70576793339 956 245.080132232986 12695.447705544
11277.8375369858 2998.42354713952 1001 230.544854414401 13744.3728528097
11014.3122176517 2987.70343628147 913 215.049042332489 12097.4312982869
11026.3454734693 2957.23691916187 922 136.082100636168 13365.5726962143
11113.4239838356 2997.55192829951 887 195.974974037115 10836.7372707944
11062.8002860106 2969.16935460077 936 150.113564525483 13669.5554982816
11180.2690077587 2997.37400558848 948 195.327296607212 13371.5404404817
11180.2690077587 2997.37400558848 948 195.327296607212 13371.5404404817
11064.4677355526 2970.23105124857 946 205.396608412009 10763.1959053164
11180.2690077587 2997.37400558848 948 195.327296607212 13371.5404404817
11003.953982983 2971.48289154362 879 217.042485523922 11959.0779549637
11014.3122176517 2987.70343628147 913 215.049042332489 12097.4312982869
11233.1767358263 2992.91736168788 1009 223.161739297714 13241.0370320064
11233.1767358263 2992.91736168788 1009 223.161739297714 13241.0370320064
11230.3496860493 2992.80039719572 988 223.705805280951 12254.0989162757
11233.1767358263 2992.91736168788 1009 223.161739297714 13241.0370320064
11263.8350362575 2995.04523250824 1034 236.20551083883 12971.3157366298
11211.4969939833 2993.53503178337 1013 227.334007560704 13539.3542992915
11211.4969939833 2993.53503178337 1013 227.334007560704 13539.3542992915
11233.1767358263 2992.91736168788 1009 223.161739297714 13241.0370320064
11044.2207360247 2995.39949924121 942 226.778110820619 13968.3288298026
11159.9395757498 2994.24532109829 973 237.256237325995 13180.1518403232
11032.8887456 2980.06575129498 888 211.473987861977 12085.2508325991
10953.1914802397 2957.72299894401 876 226.811733731782 11139.7607016728
11014.3122176517 2987.70343628147 913 215.049042332489 12097.4312982869
11032.8887456 2980.06575129498 888 211.473987861977 12085.2508325991
10821.1469974008 2991.80584354177 834 226.520645190668 11018.8778946068
11043.6405010982 2995.82001109269 942 226.8897770843 13940.1619790979
10835.8647008973 2993.49563989835 806 154.976639268621 11181.8593153289
10797.2263159141 2991.31791447646 811 231.124182489178 11016.805229572
10718.1204070923 2997.73209092911 764 290.539898710919 10704.9225051844
10448.7271187189 2995.534432897 644 226.508776253675 9293.52851748983
10510.5550432114 2959.7287731635 722 210.647952903518 10628.9841133674
10517.1990224865 2998.11041566062 690 213.205221718857 10112.4126432746
10447.8457203317 2988.79804970676 633 226.552270941611 9592.97823241766
10492.9275666116 2997.30508043648 702 217.876265579858 10078.6602056656
10447.8457203317 2988.79804970676 633 226.552270941611 9592.97823241766
10353.9688920281 2997.50878816439 613 244.618874972207 9242.81386311949
10164.964372752 2996.86422111781 587 280.992811666244 9229.63771443818
10317.2293038943 2991.91315478665 649 252.75022930825 11031.7547349975
10377.178696261 2990.03517499132 718 163.130041006421 12618.5067272496
11085.1396732795 2976.83814892224 779 379.734666971536 10206.2758279062
11051.0858841576 2941.63584630677 789 386.288321743684 10664.5833632423
11187.0130265079 2962.04015737302 789 360.12913100164 10183.3472867803
11406.0748420961 2953.8026407769 797 361.785175640883 11050.4370909005
11235.1146977598 2945.84276396908 795 241.755354088983 10613.1195227656
11282.6271650946 2951.5527076154 795 385.542692156781 10629.1124659291
11124.2745709282 2963.09831964453 789 372.203152407466 10615.319514839
10412.7972169387 2959.26302010814 583 304.525235426202 8656.76874758656
10412.7972169387 2959.26302010814 583 304.525235426202 8656.76874758656
11217.1511909565 2968.51395735673 789 354.329038549227 10737.6569149501
10832.3965943043 2996.25665975066 653 330.465731096225 8766.02002859047
11124.2745709282 2963.09831964453 789 372.203152407466 10615.319514839
11217.1511909565 2968.51395735673 789 354.329038549227 10737.6569149501
10412.7972169387 2959.26302010814 583 304.525235426202 8656.76874758656
10826.8098873785 2974.19449258737 671 429.450257448089 9512.67144012232
10826.8098873785 2974.19449258737 671 429.450257448089 9512.67144012232
10292.6648710529 2974.53816344241 596 204.753842264478 8465.06460444637
10340.5217362396 2986.54526959902 582 249.11076765927 7663.39708697723
10292.6648710529 2974.53816344241 596 204.753842264478 8465.06460444637
10768.0284149763 2992.09986026437 648 242.481111342752 10445.302100403
10327.6657354763 2991.39132560257 551 435.592120810163 8178.24976336182
10237.3207197239 2974.98612535354 533 400.818308033753 7506.86486023483
9994.96353564456 2978.56658364323 500 307.534984388257 7277.32779576617
11060.5056648442 2993.39981656328 764 335.343531226052 10585.8089622729
11167.2483932408 2980.43514418758 765 396.737284765192 9984.45557255099
10946.0769737885 2995.03290503104 703 208.215650223058 9870.60030679657
10988.1163102611 2986.30554428156 738 327.789313879301 10382.1139207557
10866.4036519152 2993.26588530821 685 351.212925899234 9393.85287074753
10739.4136033464 2983.51867825061 632 315.152985041579 8712.34220443605
10524.3644908958 2987.21907115979 588 294.918510564375 8451.64612534828
10626.2619053711 2980.22123941204 599 336.929039470013 8751.30281538399
11122.7038356616 2996.0711361541 789 343.55526168729 9394.66192472342
11152.6586948041 2997.13859994204 789 348.303569413713 8956.11934471133
10681.9656232031 2944.75328490108 684 264.381324673641 8160.54852330718
10420.9647672954 2996.50124257923 615 279.358686277578 8026.12660803231
10117.2015070127 2992.01901700383 504 351.136075122255 7574.36590371345
11151.4928158781 2984.15960624129 802 80.4435902683673 10908.7439674929
10959.7213306508 2997.06059992344 753 127.300732962027 10707.2643881658
10410.4301705915 2996.16118855718 585 467.448166738861 7995.2266425658
11151.4928158781 2984.15960624129 802 80.4435902683673 10908.7439674929
