10823.081869545 2996.3257873799 780 159.281390170883 10959.6858838275
10421.0824752186 2936.41448688704 733 182.605405224348 10481.0736642048
10767.1079623977 2995.72398020597 747 116.012769167897 11551.593723009
10933.5601897434 2995.21221284048 755 38.7745888362918 11326.8045995148
10461.3409890363 2951.34842464862 708 124.515289083247 9937.75654948369
10558.5115012016 2997.12867943456 694 260.186851755835 9735.63545592641
10910.2386967005 2995.46407945789 744 43.2628122650457 9679.08245659548
10876.6324253217 2995.80712138663 758 49.7303422073674 10065.8797842629
10665.8080504673 2994.41950399491 759 123.738391221709 11549.2146875811
10089.7081555419 2989.09758194894 663 139.077188715369 9403.23980855011
10665.8080504673 2994.41950399491 759 123.738391221709 11549.2146875811
10713.4025807867 2997.2802159022 715 221.533840982886 10279.0363169968
10454.2588286244 2990.51320402563 699 68.9193789695545 10174.3181549274
10372.5236490569 2954.83758888085 687 90.3294789860426 9946.23350901214
10463.2962723329 2997.45380348394 699 67.1801221169138 10338.5625832223
10372.5236490569 2954.83758888085 687 90.3294789860426 9946.23350901214
10372.5236490569 2954.83758888085 687 90.3294789860426 9946.23350901214
10428.7531769426 2994.46092045648 696 73.8279439243258 10784.6780878926
10454.2588286244 2990.51320402563 699 68.9193789695545 10174.3181549274
10430.0960026095 2993.90745025241 699 73.5695170042377 11444.201420127
10505.0352420276 2992.3438444623 725 102.413643704839 11713.611753687
10428.7531769426 2994.46092045648 696 73.8279439243258 10784.6780878926
10430.0960026095 2993.90745025241 699 73.5695170042377 11444.201420127
10372.5236490569 2954.83758888085 687 90.3294789860426 9946.23350901214
10240.4377636181 2997.25210055749 721 110.069262116145 9741.32646533982
10428.7531769426 2994.46092045648 696 73.8279439243258 10784.6780878926
10430.0960026095 2993.90745025241 699 73.5695170042377 11444.201420127
10377.2257563578 2983.75304208659 693 83.7444006394345 10173.2006989313
10428.7531769426 2994.46092045648 696 73.8279439243258 10784.6780878926
10377.2257563578 2983.75304208659 693 83.7444006394345 10173.2006989313
10239.3643584496 2991.45396510438 654 110.275839037147 9539.86875250843
10221.6191612364 2998.91923767779 682 113.690903833096 9632.7850011562
10403.8779839062 2996.98420841141 703 164.316405213856 10735.704468091
10348.4733821868 2995.0183366635 652 106.75807949095 10018.7525056307
10235.8694076079 2996.30771545015 692 110.948442640237 9775.18602545783
10407.2532170648 2993.30048611052 681 77.9656131319998 10126.6173909888
10383.6560492331 2998.35629400673 657 82.5068901985782 10123.0861337697
10318.1966458706 2996.21663302138 645 95.1045582493674 10223.8517178947
10211.1044991363 2991.22751294434 610 115.714451497736 10518.7089662981
10014.6467844371 2979.11436165577 602 153.522756319731 9247.48871503708
9965.94251803787 2999.02415336968 555 139.744776276846 8693.66920843174
10096.3231316286 2980.82198077828 608 137.804135973923 9114.47437830246
10220.1186974467 2993.72318889591 676 113.979668224069 9825.4624824412
10096.3231316286 2980.82198077828 608 137.804135973923 9114.47437830246
10281.1101698802 2995.07942090662 625 102.241853881477 10179.2264792896
10281.1101698802 2995.07942090662 625 102.241853881477 10179.2264792896
10459.4406693331 2999.04815456417 678 67.9221332602033 9910.26562788367
10149.2385929089 2990.94412949736 589 127.620550702418 8608.35401636041
10250.2783986632 2999.08468987539 637 108.17543101873 10422.6236062275
10002.5166453348 2997.4563430828 612 144.093341193575 9997.9569310344
10002.5166453348 2997.4563430828 612 144.093341193575 9997.9569310344
10145.2021588521 2992.00102360184 616 128.397362798839 9705.84875195476
9770.01695916395 2992.13849633846 542 168.799070550571 8278.39672683207
9885.07403201447 2993.77623703507 572 146.656326556432 8641.34717637786
10059.5446296719 2994.70007093491 585 119.505552276555 9327.7332721186
10852.3049969572 2997.40583892786 838 432.958098744529 10872.3938605759
10816.3908149584 2994.37189719983 796 109.528143063681 10713.6714381619
10285.5725317547 2997.31117307041 649 315.606509725347 8391.710706907
10122.4450502135 2992.40486670861 619 244.021263737017 8163.76329077444
10392.0615804423 2961.6180357923 653 375.90953334749 8871.53524263093
10731.3728340731 2992.32051985735 846 125.889861113696 11241.2590465712
10606.1239904827 2992.24091420015 820 149.994012301234 10861.2987422159
10593.7096896946 2996.43754605773 782 152.383145601833 10859.5896256392
10531.6091295664 2993.84207138518 792 164.334403970799 10604.747759832
10188.7088269829 2998.24304495221 618 230.099631295938 8365.78364056038
10623.4823758717 2972.25651391052 823 156.212281759327 10460.7075248133
10374.6900353197 2995.90744183779 701 336.752871990242 9220.90650633576
11187.9405186535 2997.64049922089 979 331.99818961102 12058.987351029
10736.8944318782 2991.82366920348 793 310.701911042138 10361.1582438975
10623.4823758717 2972.25651391052 823 156.212281759327 10460.7075248133
10571.5833809536 2961.77083138194 811 166.200247988219 9943.51539933999
10531.6091295664 2993.84207138518 792 164.334403970799 10604.747759832
10229.0966719098 2991.54321574461 658 340.121311959506 8558.9513242295
10633.4203145393 2993.19099646386 764 144.740832287254 10665.5326883918
10111.4606675376 2994.76413950913 580 246.135209168619 8010.39388388883
10154.8917109544 2992.70351181768 634 236.833704985477 9356.52036628799
10525.5780174253 2995.15268918188 773 170.312544103565 10134.3446714797
10459.7635051744 2992.06988768932 748 182.97855289177 9632.61113482871
10578.6099090872 2998.39519443737 759 153.295769893007 9026.26493183591
10237.1262981157 2994.71955252862 651 225.825103367436 8289.99742666293
10082.5515032547 2993.51088136374 599 226.532730295014 8874.9330858465
10388.7357670901 2987.91952761497 705 189.837065557721 8185.38929139013
10042.3570591172 2990.32037626336 597 266.86412668043 7808.19363445278
10420.6540720371 2944.57428552594 755 183.694384906653 9381.35999474175
10381.7326813992 2997.3192296019 762 269.53509545438 9058.31924285066
10533.417820392 2975.38180900327 767 161.992991417476 9549.81745854726
10193.2491025609 2989.14884902056 634 230.395017509519 8000.96327006968
10581.2257903189 2996.81584790943 737 152.792343315244 9571.60440665674
10491.5984296306 2980.97972064593 733 182.727921642127 8983.33589514196
10307.9235866575 2934.41974674634 692 205.389376933236 8564.36475082141
10449.9894766301 2996.54931439253 669 178.04878366047 8768.75726351202
10021.2120118919 2990.89202887173 573 260.567045223476 7937.39235416103
10538.4497173316 2991.25844215969 759 270.669492253967 9455.34696853759
10169.9003468775 2995.73525456137 642 233.945291655351 8839.68491798461
10169.9003468775 2995.73525456137 642 233.945291655351 8839.68491798461
10176.4665161874 2983.33114375423 630 232.681631782488 9086.6326873525
10020.8787077295 2990.89202887173 573 260.43875639154 7937.39235416103
10163.8299742205 2994.66035088702 650 235.11353541788 9005.99249594246
10169.9003468775 2995.73525456137 642 233.945291655351 8839.68491798461
10281.5537539454 2996.80934867821 661 217.275035506528 8455.76032450478
10163.8299742205 2994.66035088702 650 235.11353541788 9005.99249594246
10457.5254897721 2993.87301652575 668 368.264093003623 7542.47050592419
10246.5492074964 2997.50509522821 664 282.51702072621 8864.15957902624
10399.605221539 2994.51755573188 733 199.297460199128 9265.89042970578
10465.4443904107 2988.01261332549 711 240.390623132903 8885.90893666881
10465.4443904107 2988.01261332549 711 240.390623132903 8885.90893666881
10246.5492074964 2997.50509522821 664 282.51702072621 8864.15957902624
10345.016638756 2991.05243908324 680 208.617263421327 8510.15957754083
10122.3646339358 2991.76337932471 642 251.466661727514 8496.90563350206
10411.2826421271 2992.25630746094 587 131.203959689269 7542.76317625871
11169.4638152528 2984.82545233633 786 178.677141304061 9820.70727097195
11112.4216145247 2989.9765634611 784 189.654917952574 9872.21838221974
10519.1448208224 2991.00956526456 617 110.4458737209 8569.95238778035
11226.5658522421 2990.06565623635 763 267.562930899079 9435.89832937243
10821.4915198881 2990.61363545253 713 52.2592243561873 9592.59623163283
10620.3607877456 2927.86480560366 660 90.9668518044399 7993.07957138437
10672.8038812877 2990.39197453238 672 80.8741737465566 8921.04829547278
10493.3618763286 2997.38289351648 614 115.407803702241 8567.3604528688
10659.3621463102 2976.87163658203 670 83.4610368490881 8599.25096063962
10523.7970493263 2994.07350255146 586 109.550551927881 7998.16455307805
10441.0486901986 2998.81604893265 599 125.475481067008 8199.37484276795
10475.5335853018 2990.47377470361 611 118.838859910085 7710.32402977111
10425.4744688897 2988.10992409439 599 128.47274135539 8076.85556841467
10475.5335853018 2990.47377470361 611 118.838859910085 7710.32402977111
10748.3110908918 2994.54548536807 659 66.342804482987 8155.64134796901
10215.338130889 2995.16376232354 559 168.913498459134 7513.993891846
10555.0401296467 2961.71583981063 657 103.537818316788 7765.39345869695
10404.6791632319 2993.08345035093 587 132.474799795178 7516.75044085391
10414.6633693481 2971.206669459 599 234.547513524307 7597.31327470111
10455.4753147579 2988.05491148866 614 122.699075876076 7707.21945186358
10748.3110908918 2994.54548536807 659 66.342804482987 8155.64134796901
10215.338130889 2995.16376232354 559 168.913498459134 7513.993891846
10443.1887012375 2995.09796971857 613 125.063635750546 8535.16297057801
10639.9160267624 2991.219066962 636 223.01751078359 7599.4178588663
10404.6791632319 2993.08345035093 587 132.474799795178 7516.75044085391
10489.0488066772 2990.21265878531 602 116.23785434367 7950.78745797152
10404.6791632319 2993.08345035093 587 132.474799795178 7516.75044085391
10242.5708806839 2993.33068647658 564 163.672553317505 7769.38229244836
10766.9801877027 2996.62632002254 656 62.749935126566 8230.99710016716
10404.6791632319 2993.08345035093 587 132.474799795178 7516.75044085391
10450.4270342746 2995.93728717179 602 123.670617908065 7684.97368209302
10480.2582358481 2950.51430708028 629 117.929600488502 7675.55478576587
10514.2101222271 2997.1592284993 617 111.395556908359 7706.92435170678
10404.6791632319 2993.08345035093 587 132.474799795178 7516.75044085391
10436.9861750883 2997.51557397593 587 126.257312464517 8507.54703900539
10514.2101222271 2997.1592284993 617 111.395556908359 7706.92435170678
10218.2445576374 2996.63476999797 559 168.354156370602 7584.54538172316
10215.338130889 2995.16376232354 559 168.913498459134 7513.993891846
10024.6940401003 2995.31710413913 504 82.1655533173361 6192.07220035448
10004.4446789367 2995.59739244084 507 86.0625446902321 6617.30160813623
10068.1389318399 2984.7649572884 525 73.8045800037335 6827.32781465895
10255.6815840539 2994.01153281095 533 37.7119797569643 7019.75557902793
10004.4446789367 2995.59739244084 507 86.0625446902321 6617.30160813623
10218.2445576374 2996.63476999797 559 168.354156370602 7584.54538172316
10004.4446789367 2995.59739244084 507 86.0625446902321 6617.30160813623
10756.8291532999 2991.02179803002 689 58.7339149123303 9011.17428746604
10414.9968786835 2977.46807280114 590 7.05173701017009 7565.72123949986
10454.329988351 2989.81960827909 590 0.517923474690611 7735.82851719758
10414.9968786835 2977.46807280114 590 7.05173701017009 7565.72123949986
10004.4446789367 2995.59739244084 507 86.0625446902321 6617.30160813623
10634.9225142828 2990.69643300379 648 35.2729712948172 8578.30581087541
10414.9968786835 2977.46807280114 590 7.05173701017009 7565.72123949986
10541.4175941367 2991.88638508028 617 17.2779410225122 7965.59737488951
10202.424823121 2994.62750892995 535 47.9612481772246 6473.72101828535
10445.8426041983 2985.30150356412 587 1.11547436705619 7368.98626376399
10277.9951618534 2997.94452184816 539 33.4177297072608 6935.75673259989
10268.8872815106 2997.22795727351 582 187.846549877739 7712.18676016862
10277.9951618534 2997.94452184816 539 33.4177297072608 6935.75673259989
10004.4446789367 2995.59739244084 507 86.0625446902321 6617.30160813623
10185.8873140884 2990.66877566587 535 51.143893274466 6656.92913198268
10004.4446789367 2995.59739244084 507 86.0625446902321 6617.30160813623
10347.7399167648 2993.82574127259 556 218.196943337935 7028.46228585681
10334.7415186094 2994.86794210948 563 97.7440400558228 8036.45399398393
10381.4939418612 2990.41608420599 577 88.7465320059373 7473.73567468187
10405.9116264574 2996.54871967977 563 240.587244838087 6995.29279207028
10606.7056407125 2997.44152019261 771 301.953300021436 9048.83384043705
10199.7434480784 2993.72412225279 660 291.664274983905 8093.93643700318
11007.3822513606 2997.98166523244 851 368.30673086203 10866.8899627273
10199.7434480784 2993.72412225279 660 291.664274983905 8093.93643700318
10819.3012392917 2994.32744757244 866 508.122615045529 10862.8247299976
10849.3825675177 2993.85286241404 850 519.70092367807 10471.1213084842
11165.3081448742 2998.39101818545 955 478.163623801052 11524.3380635286
10359.9527272093 2988.6996304016 677 474.981877140572 8450.26387959126
10849.3825675177 2993.85286241404 850 519.70092367807 10471.1213084842
11213.07511777 2998.01042834408 852 441.605472637726 11327.6362127145
11229.0199502092 2996.29998293604 838 426.880562303908 11112.7277159371
11205.2793514922 2994.55638081605 848 455.152471853289 10706.5532500395
10856.2136307321 2993.31187694647 818 522.3302011352 9945.26194586481
10816.8996008615 2994.2083082617 770 529.896189711428 9911.9450904345
10700.2707129892 2997.30949919141 736 569.768050992858 9056.62059455497
10509.2436759189 2980.21976187694 690 517.74953068402 8510.38587263046
10722.9663052837 2997.85484618728 717 514.76301412439 8389.84051206322
10358.0542505422 2940.80424696279 686 459.556693724082 7784.69956600192
10969.3933629235 2998.09754485062 834 467.338104769727 9667.80579720448
10358.0542505422 2940.80424696279 686 459.556693724082 7784.69956600192
10620.7698567676 2971.36926284106 705 560.675977707108 7984.75107752102
10473.2618488515 2966.97466153252 690 503.900118988466 7927.62126050999
10257.2445200818 2996.99406767516 662 221.220356977891 8082.20921350903
10575.3117539549 2998.22723997094 690 543.179145776631 8325.23873087022
10718.4998064004 2998.0075594959 771 515.62259223526 9493.17603198327
