2824.57052224818 670.819170965438 328 64.5355683040627 715.644911128733
2853.95796112983 661.331280004927 357 98.676130796738 695.21746098223
2853.95796112983 661.331280004927 357 98.676130796738 695.21746098223
2841.09184393173 656.392884272505 357 97.0646255452424 636.735223597897
2830.23530371927 676.605539859675 328 63.445380601651 754.251617690941
2841.09184393173 656.392884272505 357 97.0646255452424 636.735223597897
2841.97022254345 659.961048591501 357 43.5257099948839 663.52543874007
2830.23530371927 676.605539859675 328 63.445380601651 754.251617690941
2841.97022254345 659.961048591501 357 43.5257099948839 663.52543874007
2863.34880889743 662.97267796106 357 94.4277988606448 719.569101677681
2841.97022254345 659.961048591501 357 43.5257099948839 663.52543874007
2770.20416318503 650.456700728026 328 74.9983789840526 652.810385323609
2841.97022254345 659.961048591501 357 43.5257099948839 663.52543874007
2770.20416318503 650.456700728026 328 74.9983789840526 652.810385323609
2770.20416318503 650.456700728026 328 74.9983789840526 652.810385323609
2783.37092626744 666.342200470584 322 109.819549549191 597.191290969576
2830.23530371927 676.605539859675 328 63.445380601651 754.251617690941
2830.23530371927 676.605539859675 328 63.445380601651 754.251617690941
2881.66326590539 671.128310013182 357 90.9031799661091 752.191629886169
2730.86795267572 664.116836431574 310 25.1988693525463 719.140846465964
2886.25383625594 672.90692980737 357 90.0197242902329 680.864363185535
2830.23530371927 676.605539859675 328 63.445380601651 754.251617690941
2811.19288511977 667.037990350615 355 61.1287507274988 722.725507430661
2779.90541919758 657.003269047176 328 73.1313713939448 688.422297487338
2830.23530371927 676.605539859675 328 63.445380601651 754.251617690941
2774.23646852476 675.390479830203 337 46.9042193478913 735.952461420367
2881.66326590539 671.128310013182 357 90.9031799661091 752.191629886169
2888.40443046124 672.544083112376 357 90.8474883857971 702.499349570545
2886.25383625594 672.90692980737 357 90.0197242902329 680.864363185535
2888.40443046124 672.544083112376 357 90.8474883857971 702.499349570545
2886.25383625594 672.90692980737 357 90.0197242902329 680.864363185535
2888.40443046124 672.544083112376 357 90.8474883857971 702.499349570545
2886.25383625594 672.90692980737 357 90.0197242902329 680.864363185535
2830.23530371927 676.605539859675 328 63.445380601651 754.251617690941
2886.25383625594 672.90692980737 357 90.0197242902329 680.864363185535
2881.66326590539 671.128310013182 357 90.9031799661091 752.191629886169
2832.99472856495 650.625204399023 347 100.269444344298 591.737461552148
2881.66326590539 671.128310013182 357 90.9031799661091 752.191629886169
2881.66326590539 671.128310013182 357 90.9031799661091 752.191629886169
2881.66326590539 671.128310013182 357 90.9031799661091 752.191629886169
2886.25383625594 672.90692980737 357 90.0197242902329 680.864363185535
2886.25383625594 672.90692980737 357 90.0197242902329 680.864363185535
2824.57052224818 670.819170965438 328 64.5355683040627 715.644911128733
2886.25383625594 672.90692980737 357 90.0197242902329 680.864363185535
2886.25383625594 672.90692980737 357 90.0197242902329 680.864363185535
2821.99523298853 670.644612216211 328 102.386298254963 651.158345652465
2824.57052224818 670.819170965438 328 64.5355683040627 715.644911128733
2824.57052224818 670.819170965438 328 64.5355683040627 715.644911128733
2824.57052224818 670.819170965438 328 64.5355683040627 715.644911128733
2797.50156092517 667.261739098049 328 50.8461571258132 666.752252790672
2797.50156092517 667.261739098049 328 50.8461571258132 666.752252790672
2725.20317120462 658.330467537336 310 26.2890570549579 680.534139903756
2572.65760051906 657.234498200426 267 65.0352592762988 514.299651292197
2824.57052224818 670.819170965438 328 64.5355683040627 715.644911128733
2533.04983692492 656.206573181839 250 52.1508443363782 427.593252706284
2731.32416222813 666.711339505493 310 25.3744644911418 664.509317981828
2533.04983692492 656.206573181839 250 52.1508443363782 427.593252706284
2756.00711518826 673.859279062109 310 34.8749375150928 678.805197095061
2756.00711518826 673.859279062109 310 34.8749375150928 678.805197095061
2731.32416222813 666.711339505493 310 25.3744644911418 664.509317981828
2636.29657510543 661.873064076682 276 52.7879329068343 540.940997456966
2683.39881136722 671.283453906997 285 24.2494907455773 608.392163371444
2568.56888609138 669.814013122214 250 65.8221327347859 469.042724565164
2758.90268578689 671.076694324006 310 39.2600062653774 628.370814149756
2677.51269527802 669.992123365817 285 21.9839236065224 539.716532083577
2568.56888609138 669.814013122214 250 65.8221327347859 469.042724565164
2731.32416222813 666.711339505493 310 25.3744644911418 664.509317981828
2764.56746725798 676.863063218244 310 38.1698185629658 666.977520711964
2623.81272970354 667.439495372996 273 65.2580804352218 583.968914002904
2683.39881136722 671.283453906997 285 24.2494907455773 608.392163371444
2568.56888609138 669.814013122214 250 65.8221327347859 469.042724565164
2709.75239039828 681.148063118439 294 36.0342760740549 678.556765129565
2683.39881136722 671.283453906997 285 24.2494907455773 608.392163371444
2772.65562581358 671.336233781843 323 60.2457426740024 660.559646362253
2623.81272970354 667.439495372996 273 65.2580804352218 583.968914002904
2568.56888609138 669.814013122214 250 65.8221327347859 469.042724565164
2623.81272970354 667.439495372996 273 65.2580804352218 583.968914002904
2623.81272970354 667.439495372996 273 65.2580804352218 583.968914002904
2568.56888609138 669.814013122214 250 65.8221327347859 469.042724565164
2623.81272970354 667.439495372996 273 65.2580804352218 583.968914002904
2797.83058845302 676.260334312288 302 104.944378605524 184.2009213608
2806.0520113436 673.766598199017 338 92.4494859730358 148.957778383672
2693.45664805324 657.362606989474 283 125.978547002388 105.550018749538
2745.94817626107 677.346321931483 283 115.876547688732 184.967916823555
2797.83058845302 676.260334312288 302 104.944378605524 184.2009213608
2755.82492088506 678.314461211802 283 113.975767299606 84.3258259903932
2745.94817626107 677.346321931483 283 115.876547688732 184.967916823555
2795.53980235116 677.462855345422 300 106.332634797844 190.839877724832
2755.82492088506 678.314461211802 283 113.975767299606 84.3258259903932
2715.21071745216 667.100502328513 283 121.791974394575 164.476277617615
2795.53980235116 677.462855345422 300 106.332634797844 190.839877724832
2769.7994317459 661.130608656475 303 109.591368218857 232.269923111091
2862.95539832468 678.308095871196 319 132.280909786436 191.685118250606
2792.60397066959 675.651582036267 303 105.202632656744 236.589108643835
2894.99833145658 667.653356938417 354 126.114244429993 160.255053063225
2795.53980235116 677.462855345422 300 106.332634797844 190.839877724832
2827.49871216079 668.689385127396 342 100.133628849579 161.291081252205
2894.99833145658 667.653356938417 354 126.114244429993 160.255053063225
2763.45696626214 664.824290252361 307 93.9839454296028 215.373380707611
2894.99833145658 667.653356938417 354 126.114244429993 160.255053063225
2796.68176085569 673.247653035508 320 96.9538448503275 177.457500603965
2894.99833145658 667.653356938417 354 126.114244429993 160.255053063225
2873.35651269511 673.852934717515 320 87.2335983800426 150.140322371748
2948.66981648727 677.873154813917 349 72.7395463073881 162.200982660954
2873.35651269511 673.852934717515 320 87.2335983800426 150.140322371748
2948.66981648727 677.873154813917 349 72.7395463073881 162.200982660954
2948.66981648727 677.873154813917 349 72.7395463073881 162.200982660954
2910.52288424503 676.634100787433 354 123.126542852839 166.940672492665
2948.66981648727 677.873154813917 349 72.7395463073881 162.200982660954
2825.04944891655 655.516154957542 336 139.575913151326 147.05884428384
2948.66981648727 677.873154813917 349 72.7395463073881 162.200982660954
2825.04944891655 655.516154957542 336 139.575913151326 147.05884428384
2760.6570983954 669.605443783812 321 108.922610774526 140.210681377864
2760.6570983954 669.605443783812 321 108.922610774526 140.210681377864
2760.6570983954 669.605443783812 321 108.922610774526 140.210681377864
2847.82289616272 675.794407953673 350 92.1475451728287 158.043488940467
2663.54842934238 651.873757089364 322 127.611182847329 65.9270090960126
2847.82289616272 675.794407953673 350 92.1475451728287 158.043488940467
2760.6570983954 669.605443783812 321 108.922610774526 140.210681377864
2751.52390836036 659.077521432642 320 110.680294016289 118.546548881599
2805.79517159474 661.991998774713 350 100.235784537079 97.2106104468257
2805.79517159474 661.991998774713 350 100.235784537079 97.2106104468257
2751.52390836036 659.077521432642 320 110.680294016289 118.546548881599
2843.0632990588 675.060323006692 350 93.0635300625562 156.575319046504
2843.0632990588 675.060323006692 350 93.0635300625562 156.575319046504
2843.0632990588 675.060323006692 350 93.0635300625562 156.575319046504
2843.0632990588 675.060323006692 350 93.0635300625562 156.575319046504
2841.14697201576 671.233175845267 350 92.3259354397836 166.90392003614
2802.75534233423 661.119612256296 350 100.820799951028 96.3382239284093
2740.28600707742 655.723532200475 320 112.843029126568 115.192559649432
2703.42176553775 664.251115420901 286 119.9375557187 150.731507648449
2805.79517159474 661.991998774713 350 100.235784537079 97.2106104468257
2708.3622880237 662.842051812551 286 121.839163710169 147.486464002818
2843.0632990588 675.060323006692 350 93.0635300625562 156.575319046504
2843.0632990588 675.060323006692 350 93.0635300625562 156.575319046504
2843.0632990588 675.060323006692 350 93.0635300625562 156.575319046504
2805.79517159474 661.991998774713 350 100.235784537079 97.2106104468257
2703.42176553775 664.251115420901 286 119.9375557187 150.731507648449
2805.79517159474 661.991998774713 350 100.235784537079 97.2106104468257
2843.0632990588 675.060323006692 350 93.0635300625562 156.575319046504
2703.42176553775 664.251115420901 286 119.9375557187 150.731507648449
2843.0632990588 675.060323006692 350 93.0635300625562 156.575319046504
2843.0632990588 675.060323006692 350 93.0635300625562 156.575319046504
2843.0632990588 675.060323006692 350 93.0635300625562 156.575319046504
2805.79517159474 661.991998774713 350 100.235784537079 97.2106104468257
2851.20688969012 678.212906516871 350 96.1979995579956 179.727902556683
2851.20688969012 678.212906516871 350 96.1979995579956 179.727902556683
2805.79517159474 661.991998774713 350 100.235784537079 97.2106104468257
2754.55624633593 658.309491061395 321 110.096720300799 157.288531930003
2828.57584222705 671.046849176793 350 95.8516424297852 158.023782986254
2754.55624633593 658.309491061395 321 110.096720300799 157.288531930003
2703.42176553775 664.251115420901 286 119.9375557187 150.731507648449
2843.0632990588 675.060323006692 350 93.0635300625562 156.575319046504
2754.55624633593 658.309491061395 321 110.096720300799 157.288531930003
2754.55624633593 658.309491061395 321 110.096720300799 157.288531930003
2754.55624633593 658.309491061395 321 110.096720300799 157.288531930003
2852.85876548428 676.194966306062 350 91.1783916700267 249.368245330507
2768.45475803377 667.351836752367 303 95.6650526059751 176.000948400072
2768.45475803377 667.351836752367 303 95.6650526059751 176.000948400072
2915.16572983306 666.185437668118 383 68.2040618481409 248.418937435668
2769.79458408146 668.176837580538 303 96.1807518921725 176.825949228244
2777.20457740225 668.660726520177 320 105.738046954854 162.304689214302
2822.20685158503 665.825974099859 341 97.0773552503304 136.989912809339
2776.88629219544 669.921633786364 303 105.799300971464 140.103742519835
2777.20457740225 668.660726520177 320 105.738046954854 162.304689214302
2777.20457740225 668.660726520177 320 105.738046954854 162.304689214302
2703.42176553775 664.251115420901 286 119.9375557187 150.731507648449
2703.42176553775 664.251115420901 286 119.9375557187 150.731507648449
2783.24013582007 672.309558171197 303 91.5306740971186 192.201980916013
2776.88629219544 669.921633786364 303 105.799300971464 140.103742519835
2703.42176553775 664.251115420901 286 119.9375557187 150.731507648449
2683.39400012821 670.557121246421 273 97.5670308766571 214.542065399754
2776.90049889456 672.788824855258 313 51.57813167616 315.17424649212
2708.6691631936 667.853028818539 294 64.7092583541991 238.314745102333
2680.59364933544 680.5016970833 276 70.1123935154152 250.963413367094
2708.6691631936 667.853028818539 294 64.7092583541991 238.314745102333
2683.01953367033 663.347805183706 294 69.6455318574906 267.942076890156
2640.48757406385 662.904044753774 276 57.8939838407488 196.639545178031
2680.59364933544 680.5016970833 276 70.1123935154152 250.963413367094
2679.59419541132 668.990878967895 294 70.3047385127929 313.624782808052
2640.48757406385 662.904044753774 276 57.8939838407488 196.639545178031
2680.59364933544 680.5016970833 276 70.1123935154152 250.963413367094
2680.59364933544 680.5016970833 276 70.1123935154152 250.963413367094
2594.41687550015 659.27808758578 265 66.7602939132495 187.332044188364
2708.6691631936 667.853028818539 294 64.7092583541991 238.314745102333
2640.48757406385 662.904044753774 276 57.8939838407488 196.639545178031
2708.6691631936 667.853028818539 294 64.7092583541991 238.314745102333
2680.59364933544 680.5016970833 276 70.1123935154152 250.963413367094
2704.83726155768 672.880882888191 294 65.4467081678692 269.527650795561
2640.48757406385 662.904044753774 276 57.8939838407488 196.639545178031
2672.83695506917 674.203789852729 276 70.3452663951074 229.543274762537
2640.48757406385 662.904044753774 276 57.8939838407488 196.639545178031
2707.65766363472 673.421525256961 294 64.9039215350677 270.068293164332
2655.1996812869 656.44834860946 276 108.474150543565 190.183849033717
2640.48757406385 662.904044753774 276 57.8939838407488 196.639545178031
2708.69247905234 664.303566882662 294 105.205296902963 206.076339115138
2680.59364933544 680.5016970833 276 70.1123935154152 250.963413367094
2680.59364933544 680.5016970833 276 70.1123935154152 250.963413367094
2708.69247905234 664.303566882662 294 105.205296902963 206.076339115138
2661.31763554399 674.167432862214 276 73.8220640992145 287.93290144392
