11444.129882567 2982.53086134269 1239 434.799039261141 10588.3531806877
11283.9010455833 2992.16270706078 1224 395.045149711062 13078.6432381865
11321.8645137399 2986.49543452884 1171 387.739076857867 10395.150505416
11976.7399594274 2986.70387504604 1422 394.76487319119 12903.9204985941
11585.3576412727 2995.23902462995 1284 454.002022071014 12753.7941959283
11589.971276647 2988.26715608337 1327 347.129154199464 14682.8329322162
11746.2791079853 2990.92055252465 1330 306.060450112669 12484.1961393145
11704.0302605477 2993.32473752857 1327 431.163465843069 13055.9729649516
11570.9408050137 2993.23484485416 1324 339.804322252626 14309.3684258363
11853.7723234435 2989.51344221384 1379 391.227432505456 12616.2107763253
11670.4277109925 2990.60054895437 1327 320.658058270068 12250.0271165682
11382.5174005051 2965.66846684015 1239 373.452437398885 11298.7869670445
11501.6402370504 2991.51160292482 1274 419.806634726143 12092.3376704323
11694.1043104078 2993.72322251953 1327 316.10149458809 13480.8423850866
11416.8560954491 2983.71140256636 1239 369.457938434336 12516.1393980614
11401.7114112597 2980.29766269031 1239 369.758548306885 12026.6775146687
11185.8933437227 2990.42526800018 1119 413.906740728341 11615.6366985448
11314.7222172034 2996.78030454282 1145 389.113612467195 12283.9348493662
11565.5585381556 2991.15176794744 1274 485.660557416734 12539.194890662
11304.8845275186 2987.78438100967 1145 388.392890771122 10018.5071267951
11164.0771210538 2991.1853427135 1113 479.860727471587 12431.9419036478
11222.6701431321 2983.14691618945 1139 404.215056423389 10990.1316772808
11039.4524983069 2992.01038520418 1073 439.475308610088 11296.633755524
11109.5165737143 2997.16348448867 1081 425.991471011101 12329.9603585292
11039.4524983069 2992.01038520418 1073 439.475308610088 11296.633755524
11331.3553108145 2996.80480309653 1171 395.515693183101 12778.2572035204
11237.1045997029 2987.38301219053 1116 402.22580491844 12834.8039030326
11178.9404777951 2982.82310545215 1113 411.707173915189 11971.7468067796
11469.9716442674 2980.12911660065 1239 358.374215592168 12675.2888256721
11124.515803414 2996.77294150953 1099 464.633569212379 12629.168849879
11314.7222172034 2996.78030454282 1145 389.113612467195 12283.9348493662
11466.8220004672 2982.77740365307 1239 357.161917128246 12755.8689984947
11466.8220004672 2982.77740365307 1239 357.161917128246 12755.8689984947
11239.1643752493 2980.46563980402 1180 302.673136951256 14004.2182372661
11301.146830468 2987.41984924409 1191 290.744607882739 14661.2778861385
11052.5859827851 2996.8410559883 1073 436.947768343798 12305.8657509651
11466.8220004672 2982.77740365307 1239 357.161917128246 12755.8689984947
11052.5859827851 2996.8410559883 1073 436.947768343798 12305.8657509651
11203.0413055954 2988.8086651314 1115 378.175275819484 12985.1294061584
11198.6306900373 2973.5451390853 1138 334.524733828315 12772.1495848734
11435.6024984102 2990.71441400445 1239 367.151970260046 13650.994505262
11160.8267581213 2983.32467938161 1115 317.749218396767 12488.3782469816
11103.6598634457 2987.01264465316 1112 339.923340901107 12455.4591588198
11121.6539166049 2986.7523910455 1112 325.288035261559 12679.6219047595
11156.973334348 2981.55337851551 1115 318.490810147695 12806.6587519753
10873.9305645562 2995.38657435046 805 190.583335587565 9938.65473055266
10267.3567092904 2983.67680596116 602 307.318528461263 8214.01795398681
11071.4036758445 2997.18277205366 826 152.5796176009 11823.537661732
10403.8726684568 2913.49802492188 679 281.046019870127 7736.6870995255
10928.8806129965 2998.04856371052 865 180.008193834577 10663.1467427689
10625.7165594272 2962.21757621673 780 238.352143146867 10207.7256635187
10732.3310076978 2982.61982669561 711 217.834183010674 9313.30812433555
10763.5989551005 2969.57274211623 723 211.816663727358 8766.78881756379
10834.4303134339 2997.90997847968 809 198.185162460417 9743.61899011478
10828.6627008251 2998.25763182544 809 199.295140024505 10211.5434675791
10789.7166127278 2995.65083338056 733 206.790318173457 8707.6364696664
10403.8726684568 2913.49802492188 679 281.046019870127 7736.6870995255
10439.0526497838 2991.32236697869 653 274.275629307066 9983.9243175392
10323.0334903029 2996.76677495084 661 337.37500660221 9187.49770032608
11097.1427675381 2997.00969567555 850 317.090135657646 10613.6735488042
10233.2094023523 2993.74695395302 598 313.890180745551 8337.69215239515
10694.3858394937 2997.46824519786 758 225.136734036372 9373.05062852541
10233.2094023523 2993.74695395302 598 313.890180745551 8337.69215239515
10795.9646355905 2984.3000138171 822 244.142285070066 10129.7689886463
10359.4700263765 2996.01529390332 631 289.591312322739 9460.24741676073
10865.3779029142 2982.3190820761 809 230.783695545167 10214.1938509895
10865.3779029142 2982.3190820761 809 230.783695545167 10214.1938509895
10462.7078939078 2947.63981266542 713 269.723175452819 8918.9959845164
10610.5870411586 2998.45417984882 713 241.263820295225 9097.12396858271
10421.7616935438 2997.79632289259 628 277.603275386963 8440.4253249523
10703.7601517004 2953.53022598933 772 261.887046268206 9665.25714991405
10697.8217037579 2987.67577133081 813 263.029901107606 9457.26426532458
10610.5870411586 2998.45417984882 713 241.263820295225 9097.12396858271
10498.8605420869 2992.9311015389 658 262.765595066781 8365.42479585416
10233.2094023523 2993.74695395302 598 313.890180745551 8337.69215239515
10494.1314455771 2953.68817386101 734 263.763270056434 7454.0310302542
10541.5345298264 2947.37463012288 706 254.640542239181 7025.2232457122
10406.7527231204 2997.71686454143 618 280.491753091696 8472.55414074865
10500.5375509005 2997.23466955312 680 262.530414512127 8044.00183889344
11106.5645800494 2996.59534567641 814 197.986933253829 10861.7168255636
10714.8931932258 2997.77145891714 734 221.190091970508 10074.9754784957
10919.3187592567 2998.045333488 811 215.226436038228 12189.6024204563
10500.3858926322 2997.01053438285 663 262.472041217461 8503.31021910523
10686.9999549895 2992.26182096196 779 235.013864241237 11463.787197525
10350.5431005073 2996.97058139262 608 291.309300007279 8606.45001819031
10509.8226091836 2941.00198083789 766 286.59234384328 10872.7656822581
11173.1132299326 2990.15954901738 848 422.1189510046 11210.8739288881
10242.6819768483 2997.46567574262 648 309.43866535439 8644.49325792059
10323.5774815001 2993.36188519141 604 348.672870626976 8357.14237943246
10384.5060472139 2977.2752746007 640 336.947162688239 8807.51785343631
10323.5774815001 2993.36188519141 604 348.672870626976 8357.14237943246
10645.6940684424 2996.48726962609 703 234.695796447285 10900.331928989
10128.9090952808 2992.37111309386 607 278.291688259938 10303.0962599587
10233.2094023523 2993.74695395302 598 313.890180745551 8337.69215239515
10823.081869545 2996.3257873799 780 159.281390170883 10959.6858838275
10421.0824752186 2936.41448688704 733 182.605405224348 10481.0736642048
10767.1079623977 2995.72398020597 747 116.012769167897 11551.593723009
10933.5601897434 2995.21221284048 755 38.7745888362918 11326.8045995148
10461.3409890363 2951.34842464862 708 124.515289083247 9937.75654948369
10910.2386967005 2995.46407945789 744 43.2628122650457 9679.08245659548
10876.6324253217 2995.80712138663 758 49.7303422073674 10065.8797842629
10665.8080504673 2994.41950399491 759 123.738391221709 11549.2146875811
10089.7081555419 2989.09758194894 663 139.077188715369 9403.23980855011
10665.8080504673 2994.41950399491 759 123.738391221709 11549.2146875811
10713.4025807867 2997.2802159022 715 221.533840982886 10279.0363169968
10454.2588286244 2990.51320402563 699 68.9193789695545 10174.3181549274
10372.5236490569 2954.83758888085 687 90.3294789860426 9946.23350901214
10463.2962723329 2997.45380348394 699 67.1801221169138 10338.5625832223
10372.5236490569 2954.83758888085 687 90.3294789860426 9946.23350901214
10372.5236490569 2954.83758888085 687 90.3294789860426 9946.23350901214
10428.7531769426 2994.46092045648 696 73.8279439243258 10784.6780878926
10454.2588286244 2990.51320402563 699 68.9193789695545 10174.3181549274
10430.0960026095 2993.90745025241 699 73.5695170042377 11444.201420127
10505.0352420276 2992.3438444623 725 102.413643704839 11713.611753687
10428.7531769426 2994.46092045648 696 73.8279439243258 10784.6780878926
10430.0960026095 2993.90745025241 699 73.5695170042377 11444.201420127
10372.5236490569 2954.83758888085 687 90.3294789860426 9946.23350901214
10240.4377636181 2997.25210055749 721 110.069262116145 9741.32646533982
10428.7531769426 2994.46092045648 696 73.8279439243258 10784.6780878926
10430.0960026095 2993.90745025241 699 73.5695170042377 11444.201420127
10377.2257563578 2983.75304208659 693 83.7444006394345 10173.2006989313
10428.7531769426 2994.46092045648 696 73.8279439243258 10784.6780878926
10377.2257563578 2983.75304208659 693 83.7444006394345 10173.2006989313
10239.3643584496 2991.45396510438 654 110.275839037147 9539.86875250843
10221.6191612364 2998.91923767779 682 113.690903833096 9632.7850011562
10403.8779839062 2996.98420841141 703 164.316405213856 10735.704468091
10348.4733821868 2995.0183366635 652 106.75807949095 10018.7525056307
10235.8694076079 2996.30771545015 692 110.948442640237 9775.18602545783
10407.2532170648 2993.30048611052 681 77.9656131319998 10126.6173909888
10383.6560492331 2998.35629400673 657 82.5068901985782 10123.0861337697
10318.1966458706 2996.21663302138 645 95.1045582493674 10223.8517178947
10211.1044991363 2991.22751294434 610 115.714451497736 10518.7089662981
10014.6467844371 2979.11436165577 602 153.522756319731 9247.48871503708
9965.94251803787 2999.02415336968 555 139.744776276846 8693.66920843174
10096.3231316286 2980.82198077828 608 137.804135973923 9114.47437830246
10220.1186974467 2993.72318889591 676 113.979668224069 9825.4624824412
10096.3231316286 2980.82198077828 608 137.804135973923 9114.47437830246
10281.1101698802 2995.07942090662 625 102.241853881477 10179.2264792896
10281.1101698802 2995.07942090662 625 102.241853881477 10179.2264792896
10459.4406693331 2999.04815456417 678 67.9221332602033 9910.26562788367
10149.2385929089 2990.94412949736 589 127.620550702418 8608.35401636041
10250.2783986632 2999.08468987539 637 108.17543101873 10422.6236062275
10002.5166453348 2997.4563430828 612 144.093341193575 9997.9569310344
10002.5166453348 2997.4563430828 612 144.093341193575 9997.9569310344
10145.2021588521 2992.00102360184 616 128.397362798839 9705.84875195476
9770.01695916395 2992.13849633846 542 168.799070550571 8278.39672683207
9885.07403201447 2993.77623703507 572 146.656326556432 8641.34717637786
10059.5446296719 2994.70007093491 585 119.505552276555 9327.7332721186
10852.3049969572 2997.40583892786 838 432.958098744529 10872.3938605759
10816.3908149584 2994.37189719983 796 109.528143063681 10713.6714381619
10285.5725317547 2997.31117307041 649 315.606509725347 8391.710706907
10122.4450502135 2992.40486670861 619 244.021263737017 8163.76329077444
10392.0615804423 2961.6180357923 653 375.90953334749 8871.53524263093
10731.3728340731 2992.32051985735 846 125.889861113696 11241.2590465712
10606.1239904827 2992.24091420015 820 149.994012301234 10861.2987422159
10593.7096896946 2996.43754605773 782 152.383145601833 10859.5896256392
10531.6091295664 2993.84207138518 792 164.334403970799 10604.747759832
10188.7088269829 2998.24304495221 618 230.099631295938 8365.78364056038
10623.4823758717 2972.25651391052 823 156.212281759327 10460.7075248133
10374.6900353197 2995.90744183779 701 336.752871990242 9220.90650633576
11187.9405186535 2997.64049922089 979 331.99818961102 12058.987351029
10623.4823758717 2972.25651391052 823 156.212281759327 10460.7075248133
10571.5833809536 2961.77083138194 811 166.200247988219 9943.51539933999
10531.6091295664 2993.84207138518 792 164.334403970799 10604.747759832
10229.0966719098 2991.54321574461 658 340.121311959506 8558.9513242295
10633.4203145393 2993.19099646386 764 144.740832287254 10665.5326883918
10111.4606675376 2994.76413950913 580 246.135209168619 8010.39388388883
10154.8917109544 2992.70351181768 634 236.833704985477 9356.52036628799
10525.5780174253 2995.15268918188 773 170.312544103565 10134.3446714797
10459.7635051744 2992.06988768932 748 182.97855289177 9632.61113482871
10578.6099090872 2998.39519443737 759 153.295769893007 9026.26493183591
10237.1262981157 2994.71955252862 651 225.825103367436 8289.99742666293
10082.5515032547 2993.51088136374 599 226.532730295014 8874.9330858465
10388.7357670901 2987.91952761497 705 189.837065557721 8185.38929139013
10042.3570591172 2990.32037626336 597 266.86412668043 7808.19363445278
10420.6540720371 2944.57428552594 755 183.694384906653 9381.35999474175
10381.7326813992 2997.3192296019 762 269.53509545438 9058.31924285066
10533.417820392 2975.38180900327 767 161.992991417476 9549.81745854726
10193.2491025609 2989.14884902056 634 230.395017509519 8000.96327006968
10581.2257903189 2996.81584790943 737 152.792343315244 9571.60440665674
10491.5984296306 2980.97972064593 733 182.727921642127 8983.33589514196
10307.9235866575 2934.41974674634 692 205.389376933236 8564.36475082141
10449.9894766301 2996.54931439253 669 178.04878366047 8768.75726351202
10021.2120118919 2990.89202887173 573 260.567045223476 7937.39235416103
10538.4497173316 2991.25844215969 759 270.669492253967 9455.34696853759
10169.9003468775 2995.73525456137 642 233.945291655351 8839.68491798461
10169.9003468775 2995.73525456137 642 233.945291655351 8839.68491798461
10176.4665161874 2983.33114375423 630 232.681631782488 9086.6326873525
10020.8787077295 2990.89202887173 573 260.43875639154 7937.39235416103
10163.8299742205 2994.66035088702 650 235.11353541788 9005.99249594246
10169.9003468775 2995.73525456137 642 233.945291655351 8839.68491798461
10281.5537539454 2996.80934867821 661 217.275035506528 8455.76032450478
10163.8299742205 2994.66035088702 650 235.11353541788 9005.99249594246
10457.5254897721 2993.87301652575 668 368.264093003623 7542.47050592419
10246.5492074964 2997.50509522821 664 282.51702072621 8864.15957902624
10399.605221539 2994.51755573188 733 199.297460199128 9265.89042970578
10465.4443904107 2988.01261332549 711 240.390623132903 8885.90893666881
10465.4443904107 2988.01261332549 711 240.390623132903 8885.90893666881
10246.5492074964 2997.50509522821 664 282.51702072621 8864.15957902624
10345.016638756 2991.05243908324 680 208.617263421327 8510.15957754083
