11741.6309821218 2908.99824283036 1458 235.601104878152 10955.6172122839
11610.7095895909 2990.47518413385 1328 294.098662940782 10976.7194085515
11862.922713118 2947.9766496069 1458 245.560224686941 11025.7137158102
11698.1929216875 2978.61051838214 1379 323.796207381043 10979.8938652322
11651.1067889806 2983.77494732501 1352 305.672746452071 11503.6250267038
11906.0003787188 2968.56894866351 1458 237.269924076717 11278.451586203
11617.5941551581 2987.24503482686 1330 292.773727679631 11338.0670109642
11688.2913587342 2989.35968478007 1328 349.866950366775 10097.6865783901
11569.7589874393 2989.51955514369 1328 301.979609999352 11597.8952157724
11601.1792620066 2988.40766844567 1252 366.631681198552 11127.7571361687
12022.3481411995 2968.85606909989 1458 314.301741850176 11309.6308800706
11688.2913587342 2989.35968478007 1328 349.866950366775 10097.6865783901
11505.4143141007 2983.38662224146 1300 305.32020197763 9918.56865084672
11950.942253741 2990.65107925352 1422 228.620856196075 11088.4784412774
11702.995963974 2992.75586088781 1328 347.037047768918 10541.3805129315
11580.5418669867 2996.38220859355 1309 299.90444386291 10347.3107130701
11259.7372774183 2992.03886795703 1174 361.643315911115 10017.4371030769
11345.5906706147 2984.87270719962 1192 345.120822686852 9981.12991596737
11345.5906706147 2984.87270719962 1192 345.120822686852 9981.12991596737
11887.5064646751 2991.71011838273 1399 240.829079493883 10775.630022064
11892.6479409585 2993.42394381053 1399 239.839601921796 10690.7844975546
11594.8467890567 2988.49192514895 1324 297.151460326967 11531.1647776481
11763.0387593425 2994.27276484944 1330 264.782900553617 10860.7855750747
11594.8467890567 2988.49192514895 1324 297.151460326967 11531.1647776481
11548.1042755345 2987.88218111518 1309 306.147061248516 11478.4811892115
11479.5994369133 2980.50911935312 1274 319.330823588082 10047.2203643139
11483.138806449 2978.81981884002 1274 318.649671603364 10026.9487581567
11546.1667651264 2988.72657484782 1309 306.519935300392 11533.9805740346
11529.3746095563 2988.34560935744 1324 309.751587146616 10261.3752487203
11606.7762678079 2989.14383604549 1324 294.855631070866 11292.1511014727
11541.5042875508 2995.57766505602 1300 307.417229528186 10943.5440613691
11501.0609362353 2990.05104706896 1274 315.200556117824 11033.2034692946
11442.9163749319 2988.10340788779 1239 326.390482157982 10077.3672533913
11704.7305710663 2996.19968423795 1328 276.00431661936 11301.0797643628
11512.8700105715 2987.09513951174 1300 305.525704687299 10227.9172841539
11541.87596099 2995.84590376485 1300 307.345700941471 10933.9273722739
11494.5292795512 2985.75764049763 1274 316.457574032775 10011.7825840893
11333.6949598184 2989.64027249309 1180 347.410153296992 10823.3934381797
11750.8413588529 2979.13679834896 1328 415.112139353699 9991.41706765293
11494.5292795512 2985.75764049763 1274 316.457574032775 10011.7825840893
11495.7213971369 2983.20353109304 1274 316.228150896429 10203.8080130542
11590.5404901931 2983.53946890727 1324 353.156909998553 11252.3099147353
11450.8764818124 2990.7674075156 1239 324.858558874564 10219.4559378741
11655.7704929292 2986.59867233968 1327 358.608864773575 10649.3658875577
11483.138806449 2978.81981884002 1274 318.649671603364 10026.9487581567
11494.9716388157 2985.56701775618 1274 316.372441952631 10341.5853060822
11446.7314717753 2986.98179254761 1239 325.656266428141 10168.3835228282
11444.129882567 2982.53086134269 1239 434.799039261141 10588.3531806877
11283.9010455833 2992.16270706078 1224 395.045149711062 13078.6432381865
11321.8645137399 2986.49543452884 1171 387.739076857867 10395.150505416
11589.971276647 2988.26715608337 1327 347.129154199464 14682.8329322162
11382.5174005051 2965.66846684015 1239 373.452437398885 11298.7869670445
11501.6402370504 2991.51160292482 1274 419.806634726143 12092.3376704323
11416.8560954491 2983.71140256636 1239 369.457938434336 12516.1393980614
11401.7114112597 2980.29766269031 1239 369.758548306885 12026.6775146687
11185.8933437227 2990.42526800018 1119 413.906740728341 11615.6366985448
11304.8845275186 2987.78438100967 1145 388.392890771122 10018.5071267951
11164.0771210538 2991.1853427135 1113 479.860727471587 12431.9419036478
11222.6701431321 2983.14691618945 1139 404.215056423389 10990.1316772808
11039.4524983069 2992.01038520418 1073 439.475308610088 11296.633755524
11109.5165737143 2997.16348448867 1081 425.991471011101 12329.9603585292
11039.4524983069 2992.01038520418 1073 439.475308610088 11296.633755524
11237.1045997029 2987.38301219053 1116 402.22580491844 12834.8039030326
11178.9404777951 2982.82310545215 1113 411.707173915189 11971.7468067796
11469.9716442674 2980.12911660065 1239 358.374215592168 12675.2888256721
11124.515803414 2996.77294150953 1099 464.633569212379 12629.168849879
11466.8220004672 2982.77740365307 1239 357.161917128246 12755.8689984947
11466.8220004672 2982.77740365307 1239 357.161917128246 12755.8689984947
11239.1643752493 2980.46563980402 1180 302.673136951256 14004.2182372661
11301.146830468 2987.41984924409 1191 290.744607882739 14661.2778861385
11052.5859827851 2996.8410559883 1073 436.947768343798 12305.8657509651
11466.8220004672 2982.77740365307 1239 357.161917128246 12755.8689984947
11052.5859827851 2996.8410559883 1073 436.947768343798 12305.8657509651
11203.0413055954 2988.8086651314 1115 378.175275819484 12985.1294061584
11198.6306900373 2973.5451390853 1138 334.524733828315 12772.1495848734
11435.6024984102 2990.71441400445 1239 367.151970260046 13650.994505262
11160.8267581213 2983.32467938161 1115 317.749218396767 12488.3782469816
11103.6598634457 2987.01264465316 1112 339.923340901107 12455.4591588198
11121.6539166049 2986.7523910455 1112 325.288035261559 12679.6219047595
11156.973334348 2981.55337851551 1115 318.490810147695 12806.6587519753
10873.9305645562 2995.38657435046 805 190.583335587565 9938.65473055266
10267.3567092904 2983.67680596116 602 307.318528461263 8214.01795398681
11071.4036758445 2997.18277205366 826 152.5796176009 11823.537661732
10403.8726684568 2913.49802492188 679 281.046019870127 7736.6870995255
10928.8806129965 2998.04856371052 865 180.008193834577 10663.1467427689
10625.7165594272 2962.21757621673 780 238.352143146867 10207.7256635187
10732.3310076978 2982.61982669561 711 217.834183010674 9313.30812433555
10763.5989551005 2969.57274211623 723 211.816663727358 8766.78881756379
10834.4303134339 2997.90997847968 809 198.185162460417 9743.61899011478
10828.6627008251 2998.25763182544 809 199.295140024505 10211.5434675791
10789.7166127278 2995.65083338056 733 206.790318173457 8707.6364696664
10403.8726684568 2913.49802492188 679 281.046019870127 7736.6870995255
10439.0526497838 2991.32236697869 653 274.275629307066 9983.9243175392
10323.0334903029 2996.76677495084 661 337.37500660221 9187.49770032608
11097.1427675381 2997.00969567555 850 317.090135657646 10613.6735488042
10233.2094023523 2993.74695395302 598 313.890180745551 8337.69215239515
10694.3858394937 2997.46824519786 758 225.136734036372 9373.05062852541
10233.2094023523 2993.74695395302 598 313.890180745551 8337.69215239515
10795.9646355905 2984.3000138171 822 244.142285070066 10129.7689886463
10359.4700263765 2996.01529390332 631 289.591312322739 9460.24741676073
10865.3779029142 2982.3190820761 809 230.783695545167 10214.1938509895
10865.3779029142 2982.3190820761 809 230.783695545167 10214.1938509895
10462.7078939078 2947.63981266542 713 269.723175452819 8918.9959845164
10610.5870411586 2998.45417984882 713 241.263820295225 9097.12396858271
10421.7616935438 2997.79632289259 628 277.603275386963 8440.4253249523
10703.7601517004 2953.53022598933 772 261.887046268206 9665.25714991405
10697.8217037579 2987.67577133081 813 263.029901107606 9457.26426532458
10610.5870411586 2998.45417984882 713 241.263820295225 9097.12396858271
10498.8605420869 2992.9311015389 658 262.765595066781 8365.42479585416
10233.2094023523 2993.74695395302 598 313.890180745551 8337.69215239515
10494.1314455771 2953.68817386101 734 263.763270056434 7454.0310302542
10541.5345298264 2947.37463012288 706 254.640542239181 7025.2232457122
10406.7527231204 2997.71686454143 618 280.491753091696 8472.55414074865
10500.5375509005 2997.23466955312 680 262.530414512127 8044.00183889344
11106.5645800494 2996.59534567641 814 197.986933253829 10861.7168255636
10714.8931932258 2997.77145891714 734 221.190091970508 10074.9754784957
10919.3187592567 2998.045333488 811 215.226436038228 12189.6024204563
10500.3858926322 2997.01053438285 663 262.472041217461 8503.31021910523
10686.9999549895 2992.26182096196 779 235.013864241237 11463.787197525
10350.5431005073 2996.97058139262 608 291.309300007279 8606.45001819031
10509.8226091836 2941.00198083789 766 286.59234384328 10872.7656822581
11173.1132299326 2990.15954901738 848 422.1189510046 11210.8739288881
10242.6819768483 2997.46567574262 648 309.43866535439 8644.49325792059
10323.5774815001 2993.36188519141 604 348.672870626976 8357.14237943246
10384.5060472139 2977.2752746007 640 336.947162688239 8807.51785343631
10323.5774815001 2993.36188519141 604 348.672870626976 8357.14237943246
10645.6940684424 2996.48726962609 703 234.695796447285 10900.331928989
10128.9090952808 2992.37111309386 607 278.291688259938 10303.0962599587
10233.2094023523 2993.74695395302 598 313.890180745551 8337.69215239515
10823.081869545 2996.3257873799 780 159.281390170883 10959.6858838275
10421.0824752186 2936.41448688704 733 182.605405224348 10481.0736642048
10767.1079623977 2995.72398020597 747 116.012769167897 11551.593723009
10933.5601897434 2995.21221284048 755 38.7745888362918 11326.8045995148
10461.3409890363 2951.34842464862 708 124.515289083247 9937.75654948369
10910.2386967005 2995.46407945789 744 43.2628122650457 9679.08245659548
10876.6324253217 2995.80712138663 758 49.7303422073674 10065.8797842629
10665.8080504673 2994.41950399491 759 123.738391221709 11549.2146875811
10089.7081555419 2989.09758194894 663 139.077188715369 9403.23980855011
10665.8080504673 2994.41950399491 759 123.738391221709 11549.2146875811
10713.4025807867 2997.2802159022 715 221.533840982886 10279.0363169968
10454.2588286244 2990.51320402563 699 68.9193789695545 10174.3181549274
10372.5236490569 2954.83758888085 687 90.3294789860426 9946.23350901214
10463.2962723329 2997.45380348394 699 67.1801221169138 10338.5625832223
10372.5236490569 2954.83758888085 687 90.3294789860426 9946.23350901214
10372.5236490569 2954.83758888085 687 90.3294789860426 9946.23350901214
10428.7531769426 2994.46092045648 696 73.8279439243258 10784.6780878926
10454.2588286244 2990.51320402563 699 68.9193789695545 10174.3181549274
10430.0960026095 2993.90745025241 699 73.5695170042377 11444.201420127
10505.0352420276 2992.3438444623 725 102.413643704839 11713.611753687
10428.7531769426 2994.46092045648 696 73.8279439243258 10784.6780878926
10430.0960026095 2993.90745025241 699 73.5695170042377 11444.201420127
10372.5236490569 2954.83758888085 687 90.3294789860426 9946.23350901214
10240.4377636181 2997.25210055749 721 110.069262116145 9741.32646533982
10428.7531769426 2994.46092045648 696 73.8279439243258 10784.6780878926
10430.0960026095 2993.90745025241 699 73.5695170042377 11444.201420127
10377.2257563578 2983.75304208659 693 83.7444006394345 10173.2006989313
10428.7531769426 2994.46092045648 696 73.8279439243258 10784.6780878926
10377.2257563578 2983.75304208659 693 83.7444006394345 10173.2006989313
10239.3643584496 2991.45396510438 654 110.275839037147 9539.86875250843
10221.6191612364 2998.91923767779 682 113.690903833096 9632.7850011562
10403.8779839062 2996.98420841141 703 164.316405213856 10735.704468091
10348.4733821868 2995.0183366635 652 106.75807949095 10018.7525056307
10235.8694076079 2996.30771545015 692 110.948442640237 9775.18602545783
10407.2532170648 2993.30048611052 681 77.9656131319998 10126.6173909888
10383.6560492331 2998.35629400673 657 82.5068901985782 10123.0861337697
10318.1966458706 2996.21663302138 645 95.1045582493674 10223.8517178947
10211.1044991363 2991.22751294434 610 115.714451497736 10518.7089662981
10014.6467844371 2979.11436165577 602 153.522756319731 9247.48871503708
9965.94251803787 2999.02415336968 555 139.744776276846 8693.66920843174
10096.3231316286 2980.82198077828 608 137.804135973923 9114.47437830246
10220.1186974467 2993.72318889591 676 113.979668224069 9825.4624824412
10096.3231316286 2980.82198077828 608 137.804135973923 9114.47437830246
10281.1101698802 2995.07942090662 625 102.241853881477 10179.2264792896
10281.1101698802 2995.07942090662 625 102.241853881477 10179.2264792896
10459.4406693331 2999.04815456417 678 67.9221332602033 9910.26562788367
10149.2385929089 2990.94412949736 589 127.620550702418 8608.35401636041
10250.2783986632 2999.08468987539 637 108.17543101873 10422.6236062275
10002.5166453348 2997.4563430828 612 144.093341193575 9997.9569310344
10002.5166453348 2997.4563430828 612 144.093341193575 9997.9569310344
10145.2021588521 2992.00102360184 616 128.397362798839 9705.84875195476
9770.01695916395 2992.13849633846 542 168.799070550571 8278.39672683207
9885.07403201447 2993.77623703507 572 146.656326556432 8641.34717637786
10059.5446296719 2994.70007093491 585 119.505552276555 9327.7332721186
10852.3049969572 2997.40583892786 838 432.958098744529 10872.3938605759
10816.3908149584 2994.37189719983 796 109.528143063681 10713.6714381619
10285.5725317547 2997.31117307041 649 315.606509725347 8391.710706907
10122.4450502135 2992.40486670861 619 244.021263737017 8163.76329077444
10392.0615804423 2961.6180357923 653 375.90953334749 8871.53524263093
10731.3728340731 2992.32051985735 846 125.889861113696 11241.2590465712
10606.1239904827 2992.24091420015 820 149.994012301234 10861.2987422159
10593.7096896946 2996.43754605773 782 152.383145601833 10859.5896256392
10531.6091295664 2993.84207138518 792 164.334403970799 10604.747759832
10188.7088269829 2998.24304495221 618 230.099631295938 8365.78364056038
10623.4823758717 2972.25651391052 823 156.212281759327 10460.7075248133
10374.6900353197 2995.90744183779 701 336.752871990242 9220.90650633576
11187.9405186535 2997.64049922089 979 331.99818961102 12058.987351029
10623.4823758717 2972.25651391052 823 156.212281759327 10460.7075248133
10571.5833809536 2961.77083138194 811 166.200247988219 9943.51539933999
10531.6091295664 2993.84207138518 792 164.334403970799 10604.747759832
10229.0966719098 2991.54321574461 658 340.121311959506 8558.9513242295
