11960.6122821722 2961.3246254043 1458 256.531423351972 6563.63548181381
11994.5977970937 2979.27747423164 1423 249.990907955811 7360.48251451874
12066.3227172329 2968.76216477223 1458 307.380364789614 8271.14895327317
11876.0498172703 2922.48685191731 1458 233.185618695078 6360.55072095585
12104.6013250755 2986.09811300324 1458 300.013643275588 8610.44695003694
12024.9068313937 2958.63261385818 1458 315.350855735615 8261.1123852623
11995.921622505 2948.14130858629 1458 258.1828062526 7350.20057721772
11982.0331334664 2943.10431984453 1458 283.982044133745 8305.18722630934
12104.6013250755 2986.09811300324 1458 300.013643275588 8610.44695003694
12073.2832518634 2982.50701723764 1458 301.268945176563 8544.80255447694
12050.6567415763 2966.16877418744 1458 310.395283210438 8448.83040738831
12092.5872542675 2981.54704980101 1458 302.325752280595 8629.83261671893
12055.634662555 2965.77305036811 1458 267.625470971246 7026.13749363245
11601.446826905 2843.67143822338 1458 19.2628175528537 6497.92431737823
12050.6567415763 2966.16877418744 1458 310.395283210438 8448.83040738831
11670.969581096 2878.36046975131 1458 53.1754035633599 6984.10767587958
11854.1698456676 2903.63904729173 1458 219.092060921218 7147.66765341838
11988.9345658801 2965.96097053452 1458 251.080797311029 6982.53819917572
11589.7778927146 2831.7286002192 1458 37.6131712405604 6977.72882889357
11670.969581096 2878.36046975131 1458 53.1754035633599 6984.10767587958
11914.8582969348 2966.71130500452 1458 147.048214057896 7285.53970633584
11931.3669038561 2938.57116009686 1458 262.159699033095 6513.27475717186
11896.8822963044 2955.79167256554 1458 192.140670956814 7091.79173771494
11703.6427168162 2831.73483908296 1458 377.178163413043 7361.10833775049
11944.6734253803 2945.55130626022 1458 259.598857771771 6490.10703007072
11729.5517760718 2897.93938581691 1458 75.7237009226646 6788.91363831432
11982.4917786243 2991.08947502576 1422 369.631921269346 6355.73149440272
11944.6734253803 2945.55130626022 1458 259.598857771771 6490.10703007072
11726.8775439705 2990.03876915013 1330 304.459014079004 6788.93976256666
11779.302804386 2985.57445082425 1379 291.424448620802 6365.21237821956
11712.5692027639 2983.29809692726 1328 344.804906899814 6892.98363303535
11584.4946984908 2986.62925385704 1324 327.385311919916 6975.05697596929
11648.0942469707 2983.91925109981 1327 319.98848484435 6600.76369544576
11856.5470898563 2983.35247865441 1379 400.2220214799 6659.99250207985
11566.5570517332 2979.4889468999 1309 330.837413647948 7611.04118731577
11286.7779337035 2980.51015886962 1143 420.001174745819 7239.2469730555
11504.8419083363 2981.09938526927 1274 342.714498532377 7342.94742202291
11240.5619450131 2983.19461256212 1120 402.212632404961 7228.08284156586
11512.5933441396 2983.30480505809 1274 345.69802756414 7773.20921715716
11150.4609788778 2975.90408660935 1121 320.444760858499 7155.84148579541
11300.9557128463 2984.53394926661 1149 387.997115811418 6407.13796622943
11334.5916845612 2980.20597760986 1149 438.404696031574 7485.752407058
11094.2022475374 2981.74821883248 1107 334.198523708161 7311.56682785307
11301.9027582989 2983.48008661858 1149 386.713512508832 7225.61226651988
11234.3522159111 2980.86416852543 1120 400.301902006515 6687.92752846199
11481.5181992519 2982.07405307299 1191 494.956737903427 7529.66785118852
11580.4103630509 2986.56200247436 1324 158.46435906004 11106.9594183781
11494.407245127 2985.53472623616 1239 401.409475499632 10752.6356534344
11580.4103630509 2986.56200247436 1324 158.46435906004 11106.9594183781
11404.8223159503 2986.81541736379 1239 326.62627364696 9848.77449398566
11516.5357628437 2979.5968010712 1309 212.902932418232 9345.77324840854
11104.2502420922 2982.38754085583 1127 251.23797501406 9049.62981570998
11172.2100411344 2975.57261091171 1123 238.159105590375 9909.86174404234
11453.129697015 2984.33247677145 1300 188.49792630192 9371.26467633373
11562.3624963177 2976.88707821968 1327 161.937672632274 10702.2609004828
11342.6983553202 2976.99880917651 1198 205.348614227417 9509.85940478221
11461.1456973194 2985.19959525705 1300 181.416854681666 10747.5893570015
11141.7139346208 2968.3145448272 1146 225.355810455847 8840.20716473865
11455.7561335462 2985.83429689805 1300 188.027466482037 10932.9960699775
11234.0481538875 2980.90048163843 1149 225.121797292571 10820.7907455677
11400.3547244607 2988.65449320266 1198 193.116082863102 11239.3735230438
11446.1027392966 2983.21371174765 1274 184.311873302962 10800.7586935485
11446.1027392966 2983.21371174765 1274 184.311873302962 10800.7586935485
11302.5703921026 2977.58441560874 1168 282.16996961175 8474.26752024505
11293.7377640287 2981.72783831944 1191 283.869809677126 8969.21676768533
11435.2496367899 2983.2065041475 1274 186.400553854219 11162.8177448302
11402.366963069 2983.84596751449 1198 192.728827362381 11062.9294060242
11296.9498540867 2980.56334349211 1191 213.016359445089 10575.7023578773
11178.2123122938 2977.55916002467 1153 235.86741001743 10496.1889281926
11275.8937814883 2981.70261463522 1175 217.068602506004 10740.2187956816
11259.1978365214 2983.68945758421 1149 220.281738613001 9769.90885462642
11141.7139346208 2968.3145448272 1146 225.355810455847 8840.20716473865
11237.942568761 2983.8253374393 1162 224.372316800726 10482.1349465242
11324.8675934241 2986.84395782778 1198 211.475674521503 10332.8429721407
11289.8817032563 2978.60667199224 1175 214.376625706614 9206.90503864192
11318.2302248777 2981.27671186522 1191 208.920950176864 10452.0624376568
11262.851505148 2974.26712060317 1175 219.578589757967 10481.6488001027
11297.2650235065 2980.23980904833 1175 212.95570506196 9491.26004885227
11228.9999196729 2981.70050271265 1175 237.707506776683 10415.0731759115
11208.8835761354 2974.87087735619 1169 229.964722538992 10319.5220425283
11297.2650235065 2980.23980904833 1175 212.95570506196 9491.26004885227
11275.8937814883 2981.70261463522 1175 217.068602506004 10740.2187956816
11172.0866850212 2977.52567374847 1146 237.046287535684 9070.55642113515
11235.9268772603 2980.5947727994 1149 224.760236810904 10625.7778505203
11270.0669641154 2985.36153951275 1149 218.189974032248 10232.0452607828
11398.5672040624 2989.29971355833 1239 264.285624869735 11190.254756753
11320.6163043967 2986.84042225152 1175 208.461748959329 10939.2332845603
11328.5075381491 2982.9417974269 1175 206.943080315614 10441.8864313619
11275.8937814883 2981.70261463522 1175 217.068602506004 10740.2187956816
11282.7679722922 2986.02536221974 1149 215.74566386898 10031.0788852651
11316.9655926045 2988.44231675639 1175 209.164328771311 11047.009799663
11568.4581427307 2988.87667393307 1324 175.429826177855 10038.3973703819
11568.4581427307 2988.87667393307 1324 175.429826177855 10038.3973703819
11482.1244720606 2984.5667228201 1300 192.044748845025 10290.9517972691
11394.8005772094 2984.65972847167 1239 208.850240244693 10933.8406302013
11778.3179171675 2989.37810511682 1349 361.008903664923 3416.07846957688
11888.2470102171 2991.99041361888 1410 321.594357232282 3893.48602602193
11887.1371005686 2991.99883588166 1410 321.807959443723 3893.51129281028
11699.7241429965 2992.29510587989 1327 384.297649426994 2653.22703757603
11806.2379845881 2988.56377319623 1320 358.824544270435 3197.59400979536
11932.4788125503 2981.34393200455 1410 391.461831686483 3127.74478248614
11789.7177605159 2984.54996993428 1330 418.936208960444 3668.63435864515
11596.8867688687 2979.68035629745 1292 344.715525670059 2934.80746752242
11870.9789983732 2991.28166985275 1379 343.176270272423 3626.0989219829
11596.8867688687 2979.68035629745 1292 344.715525670059 2934.80746752242
11757.1585449712 2988.04718499379 1352 365.081026742725 3833.16453825733
11840.9249888974 2988.79674085917 1352 348.96016709279 3600.26151520692
11606.5998518143 2995.12202466304 1315 394.056060750401 3609.36070501572
11589.3186813411 2990.33432232314 1315 397.381823558602 3559.66336589647
11685.5847768157 2992.35214678432 1327 378.855404846565 3548.3972799888
11685.5847768157 2992.35214678432 1327 378.855404846565 3548.3972799888
11729.9680340244 2996.03530067126 1328 370.313843014249 3473.39182407386
11589.3186813411 2990.33432232314 1315 397.381823558602 3559.66336589647
11793.5188623193 2989.63344023395 1330 358.083480406479 4038.90736385218
11522.5798482494 2971.95060992608 1317 343.815046905393 3355.48437125557
11764.6405464633 2990.83284868266 1328 400.749465473109 3495.17706768087
11674.6698190516 2988.38014135343 1327 380.955989447666 3510.7883874629
11606.5998518143 2995.12202466304 1315 394.056060750401 3609.36070501572
11779.175953339 2987.26413381722 1330 406.96473787269 3361.73815671794
11632.8739171966 2986.92174685538 1324 388.999614510008 3444.75842020368
11637.6065047077 2988.65863199113 1324 388.088827618837 3511.62385937601
11763.3070576494 2995.70590379623 1328 363.897744926114 3517.29836581862
11632.8739171966 2986.92174685538 1324 388.999614510008 3444.75842020368
11700.3669978583 2991.4745118882 1327 376.010565080518 3498.38538370859
11637.6065047077 2988.65863199113 1324 388.088827618837 3511.62385937601
11637.6065047077 2988.65863199113 1324 388.088827618837 3511.62385937601
11646.628802856 2993.48552195702 1278 455.335884212004 2530.29825740708
11637.6065047077 2988.65863199113 1324 388.088827618837 3511.62385937601
11615.9401346227 2983.25079813861 1324 392.25852248582 3543.99857338907
11846.1772643755 2996.63390225417 1352 347.949366205732 3653.33703570243
11817.032598311 2993.99327262141 1330 422.541658486366 3189.2264690756
11620.0462041646 2985.61592858714 1324 346.721560028283 2761.67911196021
11616.4912920917 2983.94664308806 1324 392.15245218145 3546.78195318686
11696.572749946 2991.21389153275 1327 376.740768431692 3505.67076939165
11555.603088697 2992.6376359477 1300 403.870392388244 3345.64225132246
11827.0186478949 2986.77259658597 1379 265.472658273987 4544.49751966154
11463.3791954625 2983.08259627026 1239 355.809114657257 3367.18673450196
11470.1492427545 2980.55181367062 1300 308.120124026417 3526.81286411379
11361.2741437418 2986.23869816247 1198 329.073146600758 3306.90306829938
11814.2533587969 2991.51375515793 1352 267.929339306331 4742.09787067769
11698.0768402031 2987.85896805977 1327 347.476399121058 4320.24448162607
11599.0227972092 2990.79255834362 1309 309.350480196491 4528.21101356984
11603.3411221972 2992.42443635018 1309 311.012604259342 4531.47476958297
11607.0943367519 2990.48687585189 1309 430.637895975373 3239.33636148278
11615.4269186886 2982.73559381134 1324 383.502637920784 3830.66978370615
11309.018682879 2983.42050065356 1190 236.169129773442 4577.09406454094
11620.0180752056 2986.55846963899 1324 324.61339278639 4353.71355124631
11228.191135878 2976.14510894404 1132 400.020522418575 3723.46259002959
11504.8636594831 2981.6951992529 1224 358.876963690712 3167.72253832048
11286.3108451234 2985.59615313886 1164 240.53925518709 4018.74531330895
11247.5161936398 2981.20290029679 1132 396.301413318281 3659.51304728359
11380.2321716485 2990.51023921532 1191 292.976137577077 3168.91531089494
11590.3300968042 2989.70481154942 1324 288.443567991074 6088.43223763837
11044.0623689682 2985.65377419205 1106 320.244843482407 6852.91100009271
11299.5905580784 2984.07154220621 1191 344.396418306874 6601.61179828535
11147.8716489428 2980.85847967648 1132 363.203884286887 7435.12497738763
11172.5827403629 2981.04458109376 1138 295.511086475382 6743.86425949331
11277.5371812527 2992.7440082159 1164 324.192972067893 7483.35972129925
11192.8738845197 2987.27784023303 1138 291.6060539617 7543.09554490755
12016.8932618809 2986.57979013868 1458 327.381381515101 6976.16718850966
11038.8613143002 2981.14688787954 1106 321.245786919967 6827.36813842683
11497.1048567106 2982.6294023241 1324 298.617359174283 6351.11051055554
11050.1459506545 2989.10722265808 1106 319.074057641014 6863.9342314909
11096.902504511 2984.81449095897 1109 337.498764254823 7062.85113954732
11173.1858270149 2982.16803526224 1138 295.395022395089 6213.12624473672
11503.7039937005 2984.8863055782 1309 286.807565314161 6834.56385294634
11049.4044585891 2989.1458253429 1106 319.216757855524 6884.53817203138
11478.8494060479 2992.05456752065 1300 291.590832938098 6910.04728941021
11072.8507973116 2986.73131526904 1109 314.704507864548 6402.33238856385
11116.2122503147 2980.48363642057 1132 306.35959234328 7323.74259827883
11072.8507973116 2986.73131526904 1109 314.704507864548 6402.33238856385
11478.8494060479 2992.05456752065 1300 291.590832938098 6910.04728941021
11218.4086317023 2989.24767069624 1138 286.691889575179 7609.14038092331
11029.7054520446 2983.32213434002 1106 323.007833432598 7011.62652527933
11036.9516156429 2979.67041995637 1101 321.613308597915 6712.83338684234
11036.9516156429 2979.67041995637 1101 321.613308597915 6712.83338684234
11049.4044585891 2989.1458253429 1106 319.216757855524 6884.53817203138
11029.7054520446 2983.32213434002 1106 323.007833432598 7011.62652527933
11091.5443175695 2984.94318032166 1109 335.837247901226 7033.52169658617
11465.5569285238 2993.77184132416 1239 336.686882873112 9030.22058668075
11300.0723084644 2986.57904468611 1180 270.975707654633 7459.89450257885
11431.0337689407 2984.54281184113 1300 273.659492983438 7984.78869208524
11225.2167757034 2993.46610015625 1138 382.940366849084 8350.8548081193
11828.2328314864 2990.87823539986 1399 448.270822252248 6377.62249779267
11475.941511747 2986.23251383402 1309 282.933516022641 7456.32733766117
11462.0660956372 2995.11116306107 1300 285.603841097994 7230.80880127278
11189.4511949323 2984.65512911014 1138 292.264750879911 7101.93108816703
11326.3733964442 2990.63605783896 1191 265.91406091292 6789.97848092998
11180.6253872433 2982.45987550913 1158 324.750839953823 7826.07277074226
11180.9362905516 2981.6748584756 1158 324.691006584244 7822.9879917345
11127.3229000715 2985.32647729607 1122 304.055202967036 6809.30496097051
11169.5882264685 2981.85704446301 1138 258.963422722527 6008.16132373126
11169.5882264685 2981.85704446301 1138 258.963422722527 6008.16132373126
11741.6309821218 2908.99824283036 1458 235.601104878152 10955.6172122839
11862.922713118 2947.9766496069 1458 245.560224686941 11025.7137158102
11906.0003787188 2968.56894866351 1458 237.269924076717 11278.451586203
11569.7589874393 2989.51955514369 1328 301.979609999352 11597.8952157724
12022.3481411995 2968.85606909989 1458 314.301741850176 11309.6308800706
11259.7372774183 2992.03886795703 1174 361.643315911115 10017.4371030769
11345.5906706147 2984.87270719962 1192 345.120822686852 9981.12991596737
