11644.0664618226 2985.46264433051 1327 241.367281776 1724.46877384482
11913.8404621725 2986.1404476949 1422 215.334553133663 2692.08551535379
11911.7688922914 2984.06632048642 1422 218.156817277553 2258.04030612318
11907.5711106955 2980.59234859768 1422 216.541090387961 2251.09236234569
11868.0367318004 2989.06035131861 1399 224.149485153728 1570.60996594643
11591.0289023777 2982.23414725099 1324 251.574364850228 1957.33928359625
11648.5340218534 2981.61802290813 1328 266.392801378977 1515.14056507638
11709.5136652196 2984.60751901502 1330 254.657263541471 2215.88391492071
11635.8635604928 2985.61593956763 1327 268.831232804751 1599.20487460552
11649.2748454609 2994.35309480479 1327 266.250229809243 2180.28002095455
11531.9247444682 2994.31134122425 1283 288.834267275105 2178.23256232431
11730.216855171 2993.702456449 1330 250.672932777628 3071.10789698193
11408.4655948528 2970.65563764851 1248 312.593991696564 2156.64536574912
11630.5445334183 2981.53646179453 1324 421.451622143616 2434.75418598314
11485.8877286382 2980.68240515261 1283 297.694095102476 2242.9772137999
11485.8877286382 2980.68240515261 1283 297.694095102476 2242.9772137999
11382.1047711442 2977.54877035642 1181 317.667134584641 2295.73342117031
11406.2832796634 2979.67092673629 1207 313.013978450583 2409.19503905535
11361.4083803606 2988.19716460868 1190 282.173789916128 2658.22862907397
11519.3251662023 2978.87457491406 1309 291.259057242925 3154.58392184277
11668.5936790813 2992.72638878308 1327 262.532318545533 2333.31068409312
11606.9484599751 2986.27754359181 1327 380.025157551903 2609.24016380997
11483.0721690802 2982.0660095371 1248 331.037734782808 2246.67366729649
11391.9429550847 2967.67247013892 1248 315.773775202503 2196.35610811574
11349.3911298334 2968.41678526718 1198 323.962877790282 2219.37521875664
11457.5847984094 2987.64780799712 1292 322.535057410495 2072.77971103215
11716.9883079801 2984.5754325812 1330 253.218767871496 2932.00424559863
11584.8288820143 2982.80649064393 1324 278.652861257281 2621.22686745697
11519.5488666934 2983.97888566082 1318 376.632917086848 2707.41554522699
11473.8355160692 2979.53989858642 1306 328.789961554099 2688.9776302978
11498.6946898105 2974.1293125449 1283 341.813669143647 2411.32822815058
11584.8288820143 2982.80649064393 1324 278.652861257281 2621.22686745697
11571.9397293776 2989.09448801559 1324 366.550290862263 2764.249358535
11468.289796122 2985.58850172549 1283 301.080818794279 2418.81291088555
11613.9285201049 2991.06186545028 1324 273.052633295632 2227.60157258514
11405.4292820563 2975.07883448849 1223 313.178330366696 1809.51033709576
11213.332008909 2985.65936584442 1147 392.354667988268 2946.45971510415
11411.5926470467 2976.49498449464 1239 307.538459711558 2225.13853458349
11349.3911298334 2968.41678526718 1198 323.962877790282 2219.37521875664
11227.7678989856 2981.23902582301 1147 397.911044669398 2214.80444759231
11463.1224092373 2983.24153808835 1248 324.666484811962 2778.22961760624
11423.9932996593 2984.21583801859 1207 309.605683513257 2153.96779332978
11156.1140707061 2987.4798504292 1141 361.159065162057 2597.24242490912
11140.2269937737 2984.27474878381 1118 364.216534543254 2186.44479627782
11278.7403966189 2996.978099097 1147 337.90548638206 2514.52001095883
11409.191242052 2977.19797664341 1199 252.390347265176 2915.5009169339
11525.9915405926 2981.47325439972 1324 474.172055714729 2993.14785820893
11357.255546085 2979.74010298313 1190 262.385376614205 2906.82108975873
11299.6012584009 2988.20661607264 1189 387.03439547118 2570.11901479726
11246.3869300113 2988.19607528205 1141 343.671767886916 2771.36795163625
11360.2184085295 2990.73676897766 1180 209.497223699507 2061.56661603807
11460.5713127041 2988.95997753042 1207 302.151633726917 2939.83970516936
11416.0686721934 2992.70695933769 1274 341.783529967297 2550.4884764671
11268.0791861019 2989.69193862897 1138 174.032820451841 1889.46675402326
11416.0686721934 2992.70695933769 1274 341.783529967297 2550.4884764671
11268.0791861019 2989.69193862897 1138 174.032820451841 1889.46675402326
12092.3418835978 2972.31634223204 1458 341.947256192358 5064.23531348984
12099.0775294265 2969.53042550253 1458 340.650980548238 6140.78213288396
12094.3025245272 2977.9078432614 1441 341.569930669562 6135.44303549738
12026.9510838065 2979.61908911848 1447 274.534723583236 5893.02085356409
12022.1822811138 2979.30530171179 1447 272.699210571005 5726.16384843341
11933.0481224281 2973.09392797516 1397 289.853087408075 5712.60153402516
12019.2380261293 2957.95624856045 1458 356.01610012176 5665.59919992857
12015.4462244167 2980.45541655615 1454 356.745832701601 6433.25415062252
12013.2936929942 2982.57136418718 1454 357.160087566995 6047.24196232245
12108.0410268792 2983.13585663002 1441 338.925954659177 5423.9050320751
12013.2936929942 2982.57136418718 1454 357.160087566995 6047.24196232245
12094.3025245272 2977.9078432614 1441 341.569930669562 6135.44303549738
12127.5066472704 2986.76247630322 1458 335.179794268232 6016.30966340194
12066.1911626654 2968.04119278359 1458 346.979964782295 5826.99973613425
12070.1747869552 2968.84206680872 1458 346.213315930281 5572.23995398911
12094.3025245272 2977.9078432614 1441 341.569930669562 6135.44303549738
11887.6693112935 2925.58354581622 1458 344.9874338005 5345.93930160432
12094.0170392287 2975.28623772391 1458 333.115016949056 6094.45552861537
11722.5228997648 2981.8145490963 1346 405.902292499481 5753.90347906319
11943.4310053382 2943.22491113964 1458 352.380091020386 5537.50932152599
11814.5188098509 2986.520424199 1350 386.904476272155 6274.26291513662
11697.5076201024 2988.83594262719 1331 409.423290238659 6804.32724030574
11730.9538185787 2972.44541627361 1346 402.986566340769 6061.55219972908
11713.5607475515 2990.66405032345 1331 406.333864420644 6749.04055122664
11933.3825394434 2923.60368589326 1458 303.181396196758 5433.77354750452
11873.9013103102 2988.39458086056 1330 375.845522259821 6293.31368732346
12075.7746389008 2984.21664878133 1458 397.358506812531 6035.38182399767
12083.274876608 2987.16184281537 1458 395.915085392783 5403.93735863551
11915.790329148 2934.23897580035 1458 287.911645585653 5523.29621637995
11958.9164434552 2941.66879508682 1458 419.847877011696 5555.82024841646
12107.234503763 2995.03238257716 1458 391.304052996908 5462.65816164792
12081.1609695068 2983.91585122931 1458 351.562834737115 6086.56602306485
12118.1965352409 2980.83841902632 1458 344.435336788384 5933.74163738059
11494.4066982042 2960.91010340838 1280 469.129510010585 5519.86282082108
11960.6122821722 2961.3246254043 1458 256.531423351972 6563.63548181381
11994.5977970937 2979.27747423164 1423 249.990907955811 7360.48251451874
12066.3227172329 2968.76216477223 1458 307.380364789614 8271.14895327317
11876.0498172703 2922.48685191731 1458 233.185618695078 6360.55072095585
12104.6013250755 2986.09811300324 1458 300.013643275588 8610.44695003694
12024.9068313937 2958.63261385818 1458 315.350855735615 8261.1123852623
11995.921622505 2948.14130858629 1458 258.1828062526 7350.20057721772
11982.0331334664 2943.10431984453 1458 283.982044133745 8305.18722630934
12104.6013250755 2986.09811300324 1458 300.013643275588 8610.44695003694
12073.2832518634 2982.50701723764 1458 301.268945176563 8544.80255447694
12050.6567415763 2966.16877418744 1458 310.395283210438 8448.83040738831
12092.5872542675 2981.54704980101 1458 302.325752280595 8629.83261671893
12055.634662555 2965.77305036811 1458 267.625470971246 7026.13749363245
11601.446826905 2843.67143822338 1458 19.2628175528537 6497.92431737823
12050.6567415763 2966.16877418744 1458 310.395283210438 8448.83040738831
11670.969581096 2878.36046975131 1458 53.1754035633599 6984.10767587958
11854.1698456676 2903.63904729173 1458 219.092060921218 7147.66765341838
11988.9345658801 2965.96097053452 1458 251.080797311029 6982.53819917572
11589.7778927146 2831.7286002192 1458 37.6131712405604 6977.72882889357
11670.969581096 2878.36046975131 1458 53.1754035633599 6984.10767587958
11914.8582969348 2966.71130500452 1458 147.048214057896 7285.53970633584
11931.3669038561 2938.57116009686 1458 262.159699033095 6513.27475717186
11896.8822963044 2955.79167256554 1458 192.140670956814 7091.79173771494
11703.6427168162 2831.73483908296 1458 377.178163413043 7361.10833775049
11944.6734253803 2945.55130626022 1458 259.598857771771 6490.10703007072
11729.5517760718 2897.93938581691 1458 75.7237009226646 6788.91363831432
11944.6734253803 2945.55130626022 1458 259.598857771771 6490.10703007072
11726.8775439705 2990.03876915013 1330 304.459014079004 6788.93976256666
11779.302804386 2985.57445082425 1379 291.424448620802 6365.21237821956
11712.5692027639 2983.29809692726 1328 344.804906899814 6892.98363303535
11584.4946984908 2986.62925385704 1324 327.385311919916 6975.05697596929
11648.0942469707 2983.91925109981 1327 319.98848484435 6600.76369544576
11856.5470898563 2983.35247865441 1379 400.2220214799 6659.99250207985
11566.5570517332 2979.4889468999 1309 330.837413647948 7611.04118731577
11286.7779337035 2980.51015886962 1143 420.001174745819 7239.2469730555
11150.4609788778 2975.90408660935 1121 320.444760858499 7155.84148579541
11300.9557128463 2984.53394926661 1149 387.997115811418 6407.13796622943
11334.5916845612 2980.20597760986 1149 438.404696031574 7485.752407058
11094.2022475374 2981.74821883248 1107 334.198523708161 7311.56682785307
11301.9027582989 2983.48008661858 1149 386.713512508832 7225.61226651988
11234.3522159111 2980.86416852543 1120 400.301902006515 6687.92752846199
11580.4103630509 2986.56200247436 1324 158.46435906004 11106.9594183781
11580.4103630509 2986.56200247436 1324 158.46435906004 11106.9594183781
11516.5357628437 2979.5968010712 1309 212.902932418232 9345.77324840854
11104.2502420922 2982.38754085583 1127 251.23797501406 9049.62981570998
11172.2100411344 2975.57261091171 1123 238.159105590375 9909.86174404234
11453.129697015 2984.33247677145 1300 188.49792630192 9371.26467633373
11562.3624963177 2976.88707821968 1327 161.937672632274 10702.2609004828
11342.6983553202 2976.99880917651 1198 205.348614227417 9509.85940478221
11461.1456973194 2985.19959525705 1300 181.416854681666 10747.5893570015
11141.7139346208 2968.3145448272 1146 225.355810455847 8840.20716473865
11455.7561335462 2985.83429689805 1300 188.027466482037 10932.9960699775
11234.0481538875 2980.90048163843 1149 225.121797292571 10820.7907455677
11400.3547244607 2988.65449320266 1198 193.116082863102 11239.3735230438
11446.1027392966 2983.21371174765 1274 184.311873302962 10800.7586935485
11446.1027392966 2983.21371174765 1274 184.311873302962 10800.7586935485
11302.5703921026 2977.58441560874 1168 282.16996961175 8474.26752024505
11293.7377640287 2981.72783831944 1191 283.869809677126 8969.21676768533
11435.2496367899 2983.2065041475 1274 186.400553854219 11162.8177448302
11402.366963069 2983.84596751449 1198 192.728827362381 11062.9294060242
11296.9498540867 2980.56334349211 1191 213.016359445089 10575.7023578773
11178.2123122938 2977.55916002467 1153 235.86741001743 10496.1889281926
11275.8937814883 2981.70261463522 1175 217.068602506004 10740.2187956816
11259.1978365214 2983.68945758421 1149 220.281738613001 9769.90885462642
11141.7139346208 2968.3145448272 1146 225.355810455847 8840.20716473865
11237.942568761 2983.8253374393 1162 224.372316800726 10482.1349465242
11324.8675934241 2986.84395782778 1198 211.475674521503 10332.8429721407
11289.8817032563 2978.60667199224 1175 214.376625706614 9206.90503864192
11318.2302248777 2981.27671186522 1191 208.920950176864 10452.0624376568
11262.851505148 2974.26712060317 1175 219.578589757967 10481.6488001027
11297.2650235065 2980.23980904833 1175 212.95570506196 9491.26004885227
11228.9999196729 2981.70050271265 1175 237.707506776683 10415.0731759115
11208.8835761354 2974.87087735619 1169 229.964722538992 10319.5220425283
11297.2650235065 2980.23980904833 1175 212.95570506196 9491.26004885227
11275.8937814883 2981.70261463522 1175 217.068602506004 10740.2187956816
11172.0866850212 2977.52567374847 1146 237.046287535684 9070.55642113515
11235.9268772603 2980.5947727994 1149 224.760236810904 10625.7778505203
11270.0669641154 2985.36153951275 1149 218.189974032248 10232.0452607828
11398.5672040624 2989.29971355833 1239 264.285624869735 11190.254756753
11320.6163043967 2986.84042225152 1175 208.461748959329 10939.2332845603
11328.5075381491 2982.9417974269 1175 206.943080315614 10441.8864313619
11275.8937814883 2981.70261463522 1175 217.068602506004 10740.2187956816
11282.7679722922 2986.02536221974 1149 215.74566386898 10031.0788852651
11316.9655926045 2988.44231675639 1175 209.164328771311 11047.009799663
11568.4581427307 2988.87667393307 1324 175.429826177855 10038.3973703819
11568.4581427307 2988.87667393307 1324 175.429826177855 10038.3973703819
11482.1244720606 2984.5667228201 1300 192.044748845025 10290.9517972691
11394.8005772094 2984.65972847167 1239 208.850240244693 10933.8406302013
11778.3179171675 2989.37810511682 1349 361.008903664923 3416.07846957688
11888.2470102171 2991.99041361888 1410 321.594357232282 3893.48602602193
11887.1371005686 2991.99883588166 1410 321.807959443723 3893.51129281028
11789.7177605159 2984.54996993428 1330 418.936208960444 3668.63435864515
11757.1585449712 2988.04718499379 1352 365.081026742725 3833.16453825733
11840.9249888974 2988.79674085917 1352 348.96016709279 3600.26151520692
11685.5847768157 2992.35214678432 1327 378.855404846565 3548.3972799888
11793.5188623193 2989.63344023395 1330 358.083480406479 4038.90736385218
11522.5798482494 2971.95060992608 1317 343.815046905393 3355.48437125557
11779.175953339 2987.26413381722 1330 406.96473787269 3361.73815671794
11615.9401346227 2983.25079813861 1324 392.25852248582 3543.99857338907
11846.1772643755 2996.63390225417 1352 347.949366205732 3653.33703570243
11817.032598311 2993.99327262141 1330 422.541658486366 3189.2264690756
11620.0462041646 2985.61592858714 1324 346.721560028283 2761.67911196021
11616.4912920917 2983.94664308806 1324 392.15245218145 3546.78195318686
11827.0186478949 2986.77259658597 1379 265.472658273987 4544.49751966154
11470.1492427545 2980.55181367062 1300 308.120124026417 3526.81286411379
11361.2741437418 2986.23869816247 1198 329.073146600758 3306.90306829938
11814.2533587969 2991.51375515793 1352 267.929339306331 4742.09787067769
11615.4269186886 2982.73559381134 1324 383.502637920784 3830.66978370615
11309.018682879 2983.42050065356 1190 236.169129773442 4577.09406454094
11620.0180752056 2986.55846963899 1324 324.61339278639 4353.71355124631
