3006.21670013801 698.634998080978 570 12.9251092865492 540.944487201878
3088.51943123145 702.462006295812 600 18.7532266813416 548.598503631546
2946.67172400132 706.679849591239 510 75.8967067008023 336.851216215688
3069.33989493458 696.447217217202 590 43.8745015795224 521.895597830759
3074.97438760042 712.429574299741 580 16.434058722055 532.837677778981
3083.91459086394 704.60004104827 590 49.4843046583056 538.201245492894
3199.19372104286 721.629509449046 620 61.3517806913368 590.095271044529
3074.97438760042 712.429574299741 580 16.434058722055 532.837677778981
3077.63681152307 716.322576893949 580 15.9216749992424 547.658499362886
3077.63681152307 716.322576893949 580 15.9216749992424 547.658499362886
3051.28134503486 708.249234412242 580 20.993786889771 524.476998003983
3074.97438760042 712.429574299741 580 16.434058722055 532.837677778981
3074.97438760042 712.429574299741 580 16.434058722055 532.837677778981
3065.91447127342 705.592054092602 580 12.9468953019012 519.162637364702
3199.19372104286 721.629509449046 620 61.3517806913368 590.095271044529
3140.21227286974 709.491150262792 610 38.649810704706 562.656791565505
3199.19372104286 721.629509449046 620 61.3517806913368 590.095271044529
3074.97438760042 712.429574299741 580 16.434058722055 532.837677778981
3074.97438760042 712.429574299741 580 16.434058722055 532.837677778981
3199.19372104286 721.629509449046 620 61.3517806913368 590.095271044529
3026.55418530211 709.093219664934 580 18.4590602492326 547.690072255128
3091.38083409279 701.95316162459 580 19.8545811561784 547.580814289101
3026.55418530211 709.093219664934 580 18.4590602492326 547.690072255128
3189.65327704587 724.23770810672 620 63.1878399946207 603.861432940693
3199.19372104286 721.629509449046 620 61.3517806913368 590.095271044529
2958.6965931122 685.338884942576 540 0.799435490268553 465.25920068107
2958.6965931122 685.338884942576 540 0.799435490268553 465.25920068107
3127.49668765805 709.222861022022 570 5.56685158386827 713.019839439625
3114.13584008633 710.729805992695 580 8.13814789791391 715.915461540986
3178.64183928886 719.9288782672 600 65.306992179013 531.21774886096
3114.96144333264 709.606161102798 580 7.97926047907931 714.936339843505
3114.96144333264 709.606161102798 580 7.97926047907931 714.936339843505
3114.96144333264 709.606161102798 580 7.97926047907931 714.936339843505
3114.96144333264 709.606161102798 580 7.97926047907931 714.936339843505
3123.16752553866 705.436110190629 570 10.9709796520069 695.469549172234
3122.87861367747 708.914429158011 570 11.0265807656163 712.861144009145
3084.73627854414 713.035473410686 580 28.8379697509265 476.596241162466
3084.73627854414 713.035473410686 580 28.8379697509265 476.596241162466
3302.27156894546 719.73921958475 660 33.7288299243413 824.766803176207
3224.05230564701 713.114810700271 610 109.002189102003 577.997465708547
3099.56597594865 684.563548571491 580 72.7395394853249 511.481280943115
2950.51715709169 700.786290873832 490 45.0587796329699 423.418415188126
3224.34121750819 709.636491732889 610 108.946587988394 567.562508806401
3171.63478953233 712.927031322102 590 110.354681894903 501.588709871567
3124.34263512027 700.088165727428 580 119.456061255022 518.910978682219
3171.63478953233 712.927031322102 590 110.354681894903 501.588709871567
3184.163516541 698.928816807038 610 107.943527257882 470.060192304894
3224.05230564701 713.114810700271 610 109.002189102003 577.997465708547
3365.21707039697 710.623843846355 690 177.873867510992 747.889069531396
3170.90028105433 703.981610971381 610 110.4960381174 502.065548915661
3293.66849047308 741.724711831142 610 86.869285198786 585.410869451845
3059.8513657522 698.263462948104 610 80.971513573419 521.451698871507
3154.52742434004 682.325335782034 610 113.6469958612 482.46727984732
3059.8513657522 698.263462948104 610 80.971513573419 521.451698871507
3160.17723917647 701.77331130285 620 98.9539996778229 672.812711656471
3183.12336813828 702.037520319582 610 108.143703911318 491.256925756561
3182.3610783411 689.804710880309 650 94.6847178400362 626.324864960599
3165.63694206672 701.400969473926 620 97.9032793666951 661.901533346782
3058.26385574241 705.230000715604 550 25.4442390315119 509.266199068269
3157.35439359636 698.298813834349 620 99.497256563009 656.084463742597
3005.67124938394 696.386189107637 560 0.354745788382077 522.764755042611
3162.08625462191 717.301612791659 590 60.7075062447196 546.513025328171
3074.16230462936 695.199899295293 600 22.137669092839 483.972019417263
3181.21313644225 697.630849544898 610 108.511328172625 478.036913432509
3160.17723917647 701.77331130285 620 98.9539996778229 672.812711656471
3308.44038523493 705.703852545522 660 176.653471784048 721.795961858745
3068.85343641378 697.036652100775 600 18.4385891969926 460.459357313367
3183.12336813828 702.037520319582 610 108.143703911318 491.256925756561
3133.66775026824 681.730934816009 600 117.623480164326 393.701876110543
3070.09546720922 695.57450046796 600 18.91664707305 457.535054047736
3070.09546720922 695.57450046796 600 18.91664707305 457.535054047736
3168.37805247646 706.838969616033 620 97.3757524223825 682.944028282838
3122.44032375448 698.841177907699 630 105.062014740696 560.461057094132
3123.64701029612 697.524617313598 630 105.526468607124 556.511375311829
3068.85343641378 697.036652100775 600 18.4385891969926 460.459357313367
3111.43079845477 680.774532971969 630 161.844462914402 454.224130617131
3123.64701029612 697.524617313598 630 105.526468607124 556.511375311829
3122.44032375448 698.841177907699 630 105.062014740696 560.461057094132
3158.0803224943 706.984120265647 620 56.0983198268574 485.618333084042
3071.33527393465 678.170720198541 630 75.3142342433555 447.980363212898
3068.85343641378 697.036652100775 600 18.4385891969926 460.459357313367
3096.54979967794 697.117236972044 620 52.5341862462393 488.075216390856
3088.1763803326 686.840697093183 630 72.0731618059191 431.659561819842
3283.91994090888 712.552660659547 669 136.005489743458 456.566971693216
2978.51944921598 682.708328080366 530 134.960273734706 584.321947268195
3320.19597862967 708.843309320549 660 128.626451299513 868.664823384643
3324.60873757914 707.248100491516 660 127.777215443732 878.018949006461
3218.6608974479 695.371753091277 650 92.5286086698722 806.125158629131
3124.89785448834 690.393248129776 600 110.573314700785 767.66659550324
3228.24041304038 701.033656880968 630 90.6850300345298 810.22823050801
3324.19895354806 707.316252281798 660 127.61948949663 902.111957871182
3324.19895354806 707.316252281798 660 127.61948949663 902.111957871182
3319.7861945986 708.911461110831 660 128.46872535241 892.757832249364
3320.19597862967 708.843309320549 660 128.626451299513 868.664823384643
2990.73901761609 686.714315000538 580 145.106565539035 588.943214806456
2997.7262474591 685.183057545361 580 147.795951559537 581.286927530571
3320.19597862967 708.843309320549 660 128.626451299513 868.664823384643
3198.98403852985 698.505222556709 630 99.9373149445044 742.587340402998
3219.20445732061 705.631975731301 630 105.172450198478 785.228933081733
3198.98403852985 698.505222556709 630 99.9373149445044 742.587340402998
3219.20445732061 705.631975731301 630 105.172450198478 785.228933081733
3219.20445732061 705.631975731301 630 105.172450198478 785.228933081733
3200.48474826079 698.269410985429 630 100.514938389261 740.315609971121
3214.79169837115 707.227184560334 630 106.021686054258 775.874807459915
3214.79169837115 707.227184560334 630 106.021686054258 775.874807459915
3141.08295054674 694.87211484962 620 78.0375028551232 656.425864295525
3153.98680232975 702.250650965614 620 83.0041977221268 681.216064748672
3207.74899226419 709.509086708621 630 103.69727427604 659.685339949786
2982.48425666904 689.494014462491 590 147.145364931722 602.92028963288
3046.67988037216 703.162169691897 590 133.277700585652 703.237257837986
3034.36142710578 683.873750317343 600 44.3358530639698 487.319737158852
3034.36142710578 683.873750317343 600 44.3358530639698 487.319737158852
3213.09132828606 715.063736046093 630 105.753540369594 700.416360212051
3034.36142710578 683.873750317343 600 44.3358530639698 487.319737158852
3028.76578291094 699.685092193878 590 91.8184085678872 437.536240203745
3034.36142710578 683.873750317343 600 44.3358530639698 487.319737158852
3034.36142710578 683.873750317343 600 44.3358530639698 487.319737158852
3015.69344343983 694.611682958296 590 96.0132107169022 411.559992314044
3170.0708815994 697.694896448087 640 70.5445535897836 681.63766909198
3039.11280818502 702.503049893599 590 91.5061518702731 445.659203140605
3031.67394687037 704.759964162658 590 92.9377613977669 462.104351572777
3034.36142710578 683.873750317343 600 44.3358530639698 487.319737158852
2954.4831112785 705.613173515005 550 107.793144633745 448.769326762011
3038.85103040274 701.73272027933 590 91.5565310279626 444.888873526336
3050.30824927598 688.063478540952 600 50.4737877790913 507.551929532917
3034.36142710578 683.873750317343 600 44.3358530639698 487.319737158852
3009.07085561854 720.64158638728 560 97.2877283373528 505.014904692425
3051.4933435129 698.339852928549 600 112.496210862412 639.16127734147
2960.01512565361 693.033040079564 560 130.101202097761 646.395575703517
3051.4933435129 698.339852928549 600 112.496210862412 639.16127734147
3051.4933435129 698.339852928549 600 112.496210862412 639.16127734147
2999.18032113196 693.388754344786 540 153.045930094977 534.962664062005
2999.18032113196 693.388754344786 540 153.045930094977 534.962664062005
3265.95924269535 705.401207041351 650 100.437866458906 768.347718750138
3053.38967062522 696.693949558793 600 113.226107508258 630.931760492691
3187.72521769597 696.960488868358 630 68.7745127133959 720.993328410673
3051.4933435129 698.339852928549 600 112.496210862412 639.16127734147
2886.0794187131 670.532894500716 530 144.330135532704 583.547360485804
3051.4933435129 698.339852928549 600 112.496210862412 639.16127734147
3051.4933435129 698.339852928549 600 112.496210862412 639.16127734147
3051.4933435129 698.339852928549 600 112.496210862412 639.16127734147
2924.07170212856 685.674468557144 520 137.018517180357 613.830508598659
3051.4933435129 698.339852928549 600 112.496210862412 639.16127734147
2992.71835148485 703.395792624733 560 89.8737058830699 616.124113107123
2992.71835148485 703.395792624733 560 89.8737058830699 616.124113107123
3051.4933435129 698.339852928549 600 112.496210862412 639.16127734147
3051.4933435129 698.339852928549 600 112.496210862412 639.16127734147
3057.35044150999 702.003337916472 600 111.369011827316 646.488247317315
3056.75799342136 702.430001733543 600 111.483028515132 647.341574951457
3056.75799342136 702.430001733543 600 111.483028515132 647.341574951457
2888.46779971011 671.055181143896 500 145.249423807073 546.029140462388
3175.11919642127 685.332010162893 630 63.92245286249 725.962891500352
3051.4933435129 698.339852928549 600 112.496210862412 639.16127734147
3051.4933435129 698.339852928549 600 112.496210862412 639.16127734147
3051.4933435129 698.339852928549 600 112.496210862412 639.16127734147
3026.58257583862 692.916511562241 560 118.669222748121 589.751801299079
2960.36849040452 667.922496751773 570 168.698514784234 590.343198427749
3220.43117655258 706.65780767376 630 81.3630421467079 810.919637966767
3214.06240742742 704.213756025051 630 78.911701767496 801.489874948986
3084.31415486589 693.285585083651 610 107.558775184075 632.09528933558
3045.20115916259 687.779572695635 610 52.8016752863247 610.071239783517
3035.53143953045 684.306186307778 610 49.5631062134744 554.84952033492
3220.43117655258 706.65780767376 630 81.3630421467079 810.919637966767
3220.43117655258 706.65780767376 630 81.3630421467079 810.919637966767
2996.93173572259 700.008652687628 560 131.177784261779 650.082858894092
2996.93173572259 700.008652687628 560 131.177784261779 650.082858894092
3167.17783585058 699.792296520635 639 74.3182023039539 756.601924109256
3089.89200918407 714.580872899664 600 21.6792764535032 388.914942892907
3146.88422763463 705.003213826805 620 12.9477778486261 445.014221215615
3146.88422763463 705.003213826805 620 12.9477778486261 445.014221215615
3156.72905281988 710.003213826805 630 11.0531403583508 454.014221215615
3146.88422763463 705.003213826805 620 12.9477778486261 445.014221215615
3162.35342871928 713.564874296654 620 9.97072871183655 393.646027902148
3146.88422763463 705.003213826805 620 12.9477778486261 445.014221215615
3134.67611553527 700.539922010826 620 15.2972301175806 398.386578406836
3162.35342871928 713.564874296654 620 9.97072871183655 393.646027902148
3146.88422763463 705.003213826805 620 12.9477778486261 445.014221215615
3105.70251971108 710.056040556617 610 18.6365422839061 382.112189363696
3084.16680556027 705.279692513833 610 22.7810924046248 359.747591775743
3161.05038198186 711.756031931519 620 9.46918578875893 376.798672786147
3161.05038198186 711.756031931519 620 9.46918578875893 376.798672786147
3084.16680556027 705.279692513833 610 22.7810924046248 359.747591775743
3162.35342871928 713.564874296654 620 9.97072871183655 393.646027902148
3076.74326896709 709.380443253206 600 24.2097526880958 380.518478873167
3162.16912800468 715.658501414463 620 7.26052621073315 383.479114590382
3102.17537676297 703.315469328314 610 19.3153412607595 353.620554073469
3095.55381901081 700.40786360685 590 20.5896606443147 333.392957034007
3013.65185514985 706.590344540106 570 36.3517009384085 329.982493395622
3315.64488528224 706.323612694059 670 66.436619289809 360.027543505865
3178.42145572944 704.851900924935 600 92.8452806202876 328.753041884476
3315.64488528224 706.323612694059 670 66.436619289809 360.027543505865
3091.82963963436 703.700634135448 610 21.3063792994811 355.134405833191
3089.98641213848 702.315469328314 610 21.6611085964567 356.005718880604
3291.64754684296 701.277187787098 660 18.4582421518438 370.898448499346
3164.3451942631 700.516435636395 630 86.8200996564948 289.823415429407
3164.3451942631 700.516435636395 630 86.8200996564948 289.823415429407
3164.3451942631 700.516435636395 630 86.8200996564948 289.823415429407
3166.20370214099 702.279623859567 600 86.4624296486305 301.527649701816
3165.79819198826 700.370452121056 590 86.5404701139087 310.453588791872
3327.34064650071 717.14286865256 650 69.0020961560491 356.225625061876
