3055.28560649095 708.611946507387 580 19.5593035628795 459.131840070862
2910.00468630133 686.40485195513 560 17.1514186112995 501.135805718106
2910.00468630133 686.40485195513 560 17.1514186112995 501.135805718106
2953.74151433877 681.496014395392 600 8.73426213099377 472.673027070764
3009.67612425333 694.129345095207 600 28.3368525120426 445.20360209358
3098.32602068546 707.560503799415 610 14.5858241543738 483.70478841375
2964.98705358215 680.520013610433 600 61.0208801248444 470.721025500845
3009.67612425333 694.129345095207 600 28.3368525120426 445.20360209358
2968.67569765604 686.671000808324 590 5.86017721154454 550.261841086693
2964.98705358215 680.520013610433 600 61.0208801248444 470.721025500845
2964.98705358215 680.520013610433 600 61.0208801248444 470.721025500845
3027.7213009128 685.891147262596 610 48.9476685969249 492.876071583727
3099.04179051608 704.388747582706 610 35.9316263141724 559.323848405753
3009.67612425333 694.129345095207 600 28.3368525120426 445.20360209358
3027.7213009128 685.891147262596 610 48.9476685969249 492.876071583727
2961.02521724795 704.759655829828 560 37.699723930667 423.472112378517
2958.39285101706 681.356903813055 590 62.2899350001941 513.723829671991
3021.27325012749 703.387000948516 600 26.1049845969514 478.88638707767
2968.67569765604 686.671000808324 590 5.86017721154454 550.261841086693
2993.78759910054 698.560346991295 590 15.5257525841111 574.040533452634
3172.5145953101 702.734028932423 620 119.234845142946 556.142870301635
3172.5145953101 702.734028932423 620 119.234845142946 556.142870301635
3172.5145953101 702.734028932423 620 119.234845142946 556.142870301635
2764.86998679315 673.967672744516 540 38.2261045816364 380.175866014483
3039.04863543713 708.264398151695 600 11.9127341137883 497.07514954373
2763.90269400676 668.366509479898 540 38.039948998101 368.77550045806
2993.78759910054 698.560346991295 590 15.5257525841111 574.040533452634
2955.04170923573 693.767913392183 540 22.9824025652586 425.813646602429
2763.90269400676 668.366509479898 540 38.039948998101 368.77550045806
2763.90269400676 668.366509479898 540 38.039948998101 368.77550045806
2860.35871862923 686.609945723357 550 46.3016246372938 410.884285421837
2970.068033437 707.782165050684 570 25.1880571583343 460.269686840415
2919.99702277032 692.477257841171 580 34.8242276540035 471.410686346847
2919.99702277032 692.477257841171 580 34.8242276540035 471.410686346847
2975.07904412917 704.538324156584 570 24.2236877009896 393.936524603295
3205.252510761 703.737000822617 650 44.0729330152221 598.937357412766
2921.96110390972 693.459298410872 560 34.4462400624886 381.37476748625
2919.99702277032 692.477257841171 580 34.8242276540035 471.410686346847
3142.17982714296 704.130157833519 640 19.796245771629 639.49873360824
3142.17982714296 704.130157833519 640 19.796245771629 639.49873360824
3142.17982714296 704.130157833519 640 19.796245771629 639.49873360824
3074.02064645303 697.700388732876 630 6.43823510775297 580.827521143545
3205.252510761 703.737000822617 650 44.0729330152221 598.937357412766
3090.85040717756 702.801988759809 620 1.5873208015468 616.505125946158
3090.85040717756 702.801988759809 620 1.5873208015468 616.505125946158
3137.04620120664 699.667808707556 640 55.165943281865 601.928968318294
3110.24066779948 689.557054349601 620 68.0197390867695 536.252255440193
2919.99702277032 692.477257841171 580 34.8242276540035 471.410686346847
3137.04620120664 699.667808707556 640 55.165943281865 601.928968318294
3102.68113900304 703.951513829189 620 0.333346907207848 580.298217783993
3098.31655016475 707.465426624608 620 0.506618606355215 590.83995617025
3110.24066779948 689.557054349601 620 68.0197390867695 536.252255440193
3136.56261017113 697.868574847057 640 55.259010420043 594.7320328763
3110.24066779948 689.557054349601 620 68.0197390867695 536.252255440193
3080.42198112678 708.750122780509 610 73.7583480125572 520.693758794589
3098.31655016475 707.465426624608 620 0.506618606355215 590.83995617025
3110.24066779948 689.557054349601 620 68.0197390867695 536.252255440193
3154.30059212661 700.189848972765 640 62.6492571904759 579.968313054208
3110.24066779948 689.557054349601 620 68.0197390867695 536.252255440193
3110.24066779948 689.557054349601 620 68.0197390867695 536.252255440193
3148.85049291581 711.233715729421 589 111.718750789151 339.336152501001
3154.30059212661 700.189848972765 640 62.6492571904759 579.968313054208
3110.24066779948 689.557054349601 620 68.0197390867695 536.252255440193
3136.56261017113 697.868574847057 640 55.259010420043 594.7320328763
3142.36241540689 710.688033306874 589 112.967381887918 346.018217169373
3051.31262475258 691.470462655578 589 130.489922269226 214.154950870625
3110.24066779948 689.557054349601 620 68.0197390867695 536.252255440193
3195.51259195038 707.908987825842 629 146.149954258557 331.389397410715
3047.76193200717 694.025199547293 589 131.173253406684 235.667548891489
3110.24066779948 689.557054349601 620 68.0197390867695 536.252255440193
3136.24318400986 711.270776173092 569 114.145028519355 352.464991050914
3123.97611199675 701.518355393794 609 118.615550286486 325.396491857537
3048.64765484535 693.741699852209 589 131.002795967001 235.384049196405
3138.59961735109 690.697097254869 629 113.691532711393 286.181316762216
3127.6890623695 712.360838370519 619 120.044665551282 333.001897069114
3139.30388563748 688.462317152422 629 113.555996216483 297.711756557322
3120.3219651641 705.200641750889 609 117.209068514829 314.420954490597
3206.94306269521 702.028341231027 639 100.538830522467 358.245997060455
3272.50125412679 707.001869854458 649 125.772190169538 376.885241722331
3120.3219651641 705.200641750889 609 117.209068514829 314.420954490597
3208.21872246229 707.250051545401 639 100.293329685828 364.286293451769
3206.94306269521 702.028341231027 639 100.538830522467 358.245997060455
3101.70687166477 704.941253203411 549 120.791544929105 312.725018929553
3101.70687166477 704.941253203411 549 120.791544929105 312.725018929553
3052.47248701539 699.429203678064 599 41.0830782220542 309.300844058277
3206.94306269521 702.028341231027 639 100.538830522467 358.245997060455
3206.94306269521 702.028341231027 639 100.538830522467 358.245997060455
3206.94306269521 702.028341231027 639 100.538830522467 358.245997060455
3206.94306269521 702.028341231027 639 100.538830522467 358.245997060455
3206.94306269521 702.028341231027 639 100.538830522467 358.245997060455
3210.80676509792 701.692133421866 639 143.484161693663 404.59103940098
3111.25839409067 696.836296667693 619 105.167975828047 358.321460583732
3135.13536876063 696.502417768878 629 114.358227663472 346.730523230917
3135.13536876063 696.502417768878 629 114.358227663472 346.730523230917
3101.94261456108 706.232549586532 620 9.81949501854236 629.029818961664
3116.21622533147 695.437722284725 619 104.213840760889 366.506352387499
3110.24066779948 689.557054349601 620 68.0197390867695 536.252255440193
3111.25839409067 696.836296667693 619 105.167975828047 358.321460583732
3110.24066779948 689.557054349601 620 68.0197390867695 536.252255440193
3116.21622533147 695.437722284725 619 104.213840760889 366.506352387499
3143.85423290188 734.516683674471 610 61.5508054666714 570.553624718905
3175.45400713347 698.790282505199 650 44.7288885702943 498.608362955412
3175.45400713347 698.790282505199 650 44.7288885702943 498.608362955412
3176.27328508059 707.453658340884 609 111.540583310504 334.443461129376
3115.60664130413 699.776938037445 620 66.9870570043114 580.191870232673
3175.45400713347 698.790282505199 650 44.7288885702943 498.608362955412
3178.30935199897 704.886624078308 650 44.1793771947201 518.392447738733
3110.24066779948 689.557054349601 620 68.0197390867695 536.252255440193
3267.35015991656 712.25823266961 660 79.6089278080654 544.381683656463
3178.30935199897 704.886624078308 650 44.1793771947201 518.392447738733
3047.40077746061 683.758876983855 590 202.652338202443 340.480128598053
3189.31616308286 702.831836588564 650 77.4670095066807 720.811432250027
3226.91534051455 697.360093670535 680 70.2310444361823 672.344967022926
3241.76309220158 709.745466632409 660 67.3735932917265 843.936162357742
3241.76309220158 709.745466632409 660 67.3735932917265 843.936162357742
3134.08156344073 688.88841480921 650 88.0969131640037 701.964198656243
3165.62624711465 693.546559055094 650 82.0261359604558 602.210400576118
3138.17635846448 685.668452699152 650 87.3088694942575 656.00491772252
3189.31616308286 702.831836588564 650 77.4670095066807 720.811432250027
3179.5312998576 698.70572474766 650 79.3501073123771 731.833896528833
3155.84652778429 693.67981598388 650 83.9082438231182 649.848706448826
3179.5312998576 698.70572474766 650 79.3501073123771 731.833896528833
3233.19981989467 683.377589163269 670 69.0215958155741 690.051697838002
3189.31616308286 702.831836588564 650 77.4670095066807 720.811432250027
3196.80277997293 705.44667178143 650 80.348609691214 731.270773021489
3189.31616308286 702.831836588564 650 77.4670095066807 720.811432250027
3026.93057775365 665.158981242028 600 109.63432653906 602.757537552352
3189.31616308286 702.831836588564 650 77.4670095066807 720.811432250027
3168.72726315972 692.57914029949 640 82.3455417092634 744.921985692735
3168.72726315972 692.57914029949 640 82.3455417092634 744.921985692735
3168.22786454014 690.296208965594 640 82.4416510184137 709.62856685314
3113.76073786225 683.953051723102 620 92.923854434902 727.183882028623
3113.76073786225 683.953051723102 620 92.923854434902 727.183882028623
3117.39907101044 700.488133127376 630 29.8869547534118 693.869516083177
3117.39907101044 700.488133127376 630 29.8869547534118 693.869516083177
3105.44210761145 684.868399241365 610 94.5247755730979 724.436077093379
3094.81043375751 688.705682197684 600 45.9763321638433 790.150719863563
3147.55694661386 696.300101989863 650 86.4197710281253 737.969238972203
3223.57691379551 701.323953430072 660 70.754825496034 786.538803184842
3218.44310753913 702.630109016523 660 71.7428269707307 789.151114357744
3040.76077761831 700.35861497273 590 3.35286629738299 757.044266392392
3220.23560003796 706.828148043708 660 72.4327576552107 805.479547404381
3225.5882155194 705.214356608771 660 71.4026463255174 807.79575503683
3160.08688189154 708.243930283294 650 46.3175008222918 675.451055831222
3180.91481352582 712.063076222485 650 42.3091635103868 683.089347709604
3160.08688189154 708.243930283294 650 46.3175008222918 675.451055831222
3224.22883978775 702.789750810692 660 71.6642583070496 793.515326135692
3220.23560003796 706.828148043708 660 72.4327576552107 805.479547404381
2994.35974499001 710.669362136905 580 78.2117031896674 422.496870956114
3041.88226436219 671.070148911489 600 106.756873109635 712.941183963764
2994.35974499001 710.669362136905 580 78.2117031896674 422.496870956114
3220.23560003796 706.828148043708 660 72.4327576552107 805.479547404381
2990.53163436553 710.04315234743 580 78.9484234228442 312.5324872804
3183.25349406636 698.028687235002 660 79.5499672678443 897.225918183861
3225.36940629434 705.521992457258 660 71.444756180514 802.86723623148
3220.23560003796 706.828148043708 660 72.4327576552107 805.479547404381
3215.35086949415 703.461008904014 660 73.3728244866719 798.745269124993
3218.54413445142 706.328131325549 660 72.7582803591149 817.368772864653
3183.25349406636 698.028687235002 660 79.5499672678443 897.225918183861
3215.35086949415 703.461008904014 660 73.3728244866719 798.745269124993
3154.95307563516 709.550085869745 650 47.3055022969885 678.063367004124
3154.95307563516 709.550085869745 650 47.3055022969885 678.063367004124
3215.35086949415 703.461008904014 660 73.3728244866719 798.745269124993
3140.86575011405 706.046207004983 650 54.5116316738285 709.04108166455
2912.26212636797 669.7360221832 580 94.011397260088 484.754688067944
3220.23560003796 706.828148043708 660 72.4327576552107 805.479547404381
3134.97146980967 701.96700205363 650 55.6459864472996 754.912820952929
3154.95307563516 709.550085869745 650 47.3055022969885 678.063367004124
3127.18586277677 700.966741763019 650 52.6493049031339 785.653502372584
3160.08688189154 708.243930283294 650 46.3175008222918 675.451055831222
3220.23560003796 706.828148043708 660 72.4327576552107 805.479547404381
3105.83202755799 692.409374207872 650 56.7588524070646 730.005802672478
3105.83202755799 692.409374207872 650 56.7588524070646 730.005802672478
3153.04151650773 704.962808347262 650 46.5697428457945 694.32497735088
3171.35806498238 711.002310250545 650 50.1320051590488 682.250992041368
3159.08252950772 707.029867920927 650 45.4071493518881 699.742272773855
3150.3116204731 701.440319484007 650 48.1987507594047 613.18523591822
3154.95307563516 709.550085869745 650 47.3055022969885 678.063367004124
3209.89351030601 697.777704304572 660 79.042195791082 855.901855934022
3105.42814817161 703.904930156286 640 56.8365790312141 713.17484933525
3103.59520451806 706.07462972564 640 57.1893292018099 782.620887493416
3225.16970875446 704.810448904022 660 74.3318969856656 783.426449985322
3225.16970875446 704.810448904022 660 74.3318969856656 783.426449985322
3154.01749901481 699.71334040535 650 46.3819149247325 681.055711852785
3136.61046648638 700.480520697886 650 50.835539073551 740.211150775688
3150.78738749556 704.098505212484 650 47.0035501764493 692.596371081323
3136.61046648638 700.480520697886 650 50.835539073551 740.211150775688
3153.04151650773 704.962808347262 650 46.5697428457945 694.32497735088
3136.61046648638 700.480520697886 650 50.835539073551 740.211150775688
3160.3056911166 707.936294434808 650 46.275390967295 680.379574636572
3153.71523757588 706.253838370339 650 47.5437243425669 681.563900120656
3132.24345915795 700.060808118994 630 24.1686086457346 708.691774130751
3154.95307563516 709.550085869745 650 47.3055022969885 678.063367004124
2954.03186895926 697.086096814314 580 85.9728065504004 381.696511227055
3154.95307563516 709.550085869745 650 47.3055022969885 678.063367004124
3136.61046648638 700.480520697886 650 50.835539073551 740.211150775688
3084.62912053669 688.318485415187 650 60.839353765848 703.140142145033
3090.86619072108 682.221680651036 630 40.0947266926399 665.329213200182
3136.61046648638 700.480520697886 650 50.835539073551 740.211150775688
3087.51270180497 692.450617276926 650 61.6850706998989 767.506797075308
