11490.1362297799 2873.73378150494 1630 242.458554080658 10056.1177753966
11332.7569017805 2873.22409161661 1590 272.74621987577 9281.91941024177
11175.0841773769 2853.07780720129 1546 303.090349835191 8572.04143136088
11134.9593452273 2857.66035686619 1526 257.990143575234 9127.7641759197
11215.1740892373 2872.66357417663 1552 250.584897739213 9078.0122291541
11300.9291867622 2865.63888580796 1577 346.756474040888 8836.04399363652
11177.605473083 2854.66084550991 1546 302.605126250307 7913.11208395615
11292.7528959885 2876.74042396383 1577 280.444994379995 9291.77943829165
11212.0519385039 2859.63148682325 1571 295.975900889186 8439.27586531101
11178.8980559678 2855.04527666959 1546 302.35636855815 8604.21340933782
11192.0337013535 2864.77901292754 1546 299.828412425017 8619.66687205879
11118.8694452387 2851.63993977939 1514 313.90888007932 8823.70661704873
10956.4760292756 2858.84039042834 1472 345.161507552967 8853.64676629722
10991.176971577 2861.38847547781 1485 338.483308093358 8377.42333527921
11207.3498731516 2866.81051568167 1546 296.880813788143 9416.75420543775
11034.5982115949 2866.18946467106 1496 330.126886555713 8954.13354301295
11095.3296851782 2874.12749891445 1512 318.439109015194 8982.4812695748
11544.2350930041 2869.4939289079 1636 232.047222998862 10384.0402213059
11293.5559835444 2867.42093024841 1577 280.290440107795 9787.4758449236
11084.0314723007 2873.63352712484 1492 314.09042485108 8708.23459182593
11125.3000945851 2863.41093884501 1514 312.671301035592 9186.88040645548
11188.0106523996 2861.45713855196 1546 300.602648557176 9182.55613798877
11125.3000945851 2863.41093884501 1514 312.671301035592 9186.88040645548
10891.4723811311 2855.80873876416 1414 273.068663284946 9365.28014106556
11215.2300941801 2852.43730660205 1546 399.652130578899 9470.15133521314
11151.0879868912 2865.74759669373 1527 307.708418847329 9191.36577653764
11115.7182082003 2860.79081318635 1515 314.515335930133 9426.65910506895
11095.3296851782 2874.12749891445 1512 318.439109015194 8982.4812695748
11038.0087329803 2866.1825312051 1492 329.470531409075 8954.06420835336
10982.6783823221 2861.24785663412 1436 310.142934951086 9500.71337142189
11184.6884752853 2868.40498003625 1546 301.242001840922 9996.13168746908
11017.0323230278 2859.09180917073 1512 333.507443386643 8883.15698800961
11011.3231510672 2859.05229546061 1489 334.606174042742 8881.59949821342
11176.4859891513 2863.24823673084 1514 272.844643626484 10068.0142137958
11072.8318055007 2862.30349735039 1479 292.792900570908 9499.10073047942
10982.6783823221 2861.24785663412 1436 310.142934951086 9500.71337142189
11034.5982115949 2866.18946467106 1496 330.126886555713 8954.13354301295
11044.1507656728 2849.09163022533 1514 311.178158310633 8301.82327014455
11073.7867410395 2861.74178112499 1514 322.58505054773 8182.62831696734
10887.4071519378 2859.4516496539 1448 328.104577037166 7093.32489552105
11135.7669732782 2845.50332869318 1546 310.933725696007 9172.78198598366
11021.4515780208 2861.70536065245 1460 140.704600462842 7704.6391668116
11443.5980354345 2869.10146443684 1607 251.450622040315 9258.54320624909
11353.9847999336 2871.08704841471 1590 268.696697253434 8351.3892081755
11274.4130170939 2871.858179771 1571 285.322857263003 7826.24715742304
11206.3962631168 2859.04200269456 1546 297.100124406931 7721.27821330887
10982.2003296989 2861.7319168836 1480 340.210829695778 7920.81637339821
10887.4071519378 2859.4516496539 1448 328.104577037166 7093.32489552105
11206.3962631168 2859.04200269456 1546 297.100124406931 7721.27821330887
10866.7302431025 2854.38919653491 1448 332.08384999785 7059.57805593299
11269.5823597102 2867.75249031534 1546 380.037684279982 8384.82218629043
11269.5823597102 2867.75249031534 1546 380.037684279982 8384.82218629043
11318.5157023477 2870.82896370066 1577 275.522728266487 8230.03031870422
11104.8682599565 2868.51235120379 1512 316.63919772523 7886.03815398905
10981.1327045207 2860.24087071291 1480 340.452116471618 7535.47959341119
10981.1327045207 2860.24087071291 1480 340.452116471618 7535.47959341119
11161.5895814886 2877.39088983093 1497 207.074447899187 7589.22305211074
10931.0613837373 2859.14870483602 1398 344.907098690996 6886.66821585109
10931.0613837373 2859.14870483602 1398 344.907098690996 6886.66821585109
10939.9672890274 2863.9534186415 1461 348.328008532695 7671.75514981803
11287.3302107283 2859.7621350129 1577 281.488556712392 8577.94741333041
10976.3106310686 2863.16769345182 1452 237.813355220514 7829.80994120599
10866.9479274004 2867.00322620475 1438 320.229817841137 7043.85984079412
11642.2856367336 2855.55636242084 1677 274.862054675046 10628.4797559212
11523.4966560077 2863.95481789909 1622 390.00808113286 10594.974645467
11566.0660028314 2870.46538441529 1645 245.525103907722 10839.497980945
11381.6902131218 2854.93007140166 1612 226.61546350277 10749.5692506217
11548.8695613825 2858.13911344996 1645 290.962824650268 11784.2409771498
11442.2154248669 2861.73964261754 1645 240.262399951135 10181.9787162164
11496.0612844679 2858.88082537348 1645 280.839784285862 10543.7153918163
11346.7114456352 2865.35825648656 1592 285.00948808455 11343.3145814682
11523.4432076221 2858.38966583416 1645 281.176216524895 11299.5947896812
11507.8797654256 2863.1085372542 1645 278.565316565096 10765.5736894566
11414.8010846472 2861.43171030217 1619 271.905630947029 11910.4670073485
11471.1720413937 2859.05874724001 1622 261.057035262999 11734.1687582955
11414.8010846472 2861.43171030217 1619 271.905630947029 11910.4670073485
11369.6719500408 2868.89667940812 1599 305.163423037259 10772.0167473504
11415.707848242 2862.2251256795 1619 271.731124211831 11952.4385810764
11414.8010846472 2861.43171030217 1619 271.905630947029 11910.4670073485
11346.7114456352 2865.35825648656 1592 285.00948808455 11343.3145814682
11624.2070632841 2867.40265933537 1651 342.442461187824 10560.3608753825
11533.5826037647 2855.90339662171 1645 309.977571524535 10463.5992401317
11346.7114456352 2865.35825648656 1592 285.00948808455 11343.3145814682
11624.2070632841 2867.40265933537 1651 342.442461187824 10560.3608753825
11474.7928374023 2862.07250259104 1622 284.932898832063 10676.4393775944
11366.4935248202 2870.50961668144 1586 281.20242517036 10867.1233052887
11317.5249901745 2876.26596389943 1572 262.354427397361 11473.6365874689
11411.279764404 2861.38466103863 1605 297.155995429598 10157.5700632202
11630.083194737 2871.73570319451 1645 377.699603577318 10273.5882304929
11426.1209904756 2870.58011720191 1605 294.29980014042 10396.9087735235
11504.4707324843 2858.73213152772 1651 283.516829765642 12082.7034288126
11392.4802833603 2841.3686206129 1613 300.773957243336 11294.4655251522
11559.8247487753 2865.66926329827 1677 268.568499858423 11673.877055747
11497.0308043603 2862.7018242825 1651 280.653200095577 11763.0692535182
11411.7304247249 2857.09069909262 1605 297.069265810414 9815.04940775691
11395.8531521488 2858.26414857079 1613 300.12484834234 11136.3722544784
10848.6961975988 2848.79680549978 1417 289.811889690446 8436.39451019675
10779.288553624 2860.20502220542 1397 303.169397001329 8646.66935067365
11402.121653657 2859.30169772287 1619 298.91847466462 11890.5034117716
10922.9965179411 2868.20759862724 1437 275.512786373612 8592.41183097665
10965.9049026877 2867.26419206572 1477 267.255063878954 9094.60885133033
11417.6430964226 2866.45929849671 1605 295.931371611653 10363.866412311
10962.9292060187 2868.40274723414 1477 267.827736969922 8686.44633866155
11415.3379357653 2867.77613003835 1595 296.374999986984 10507.4785288172
11417.6430964226 2866.45929849671 1605 295.931371611653 10363.866412311
11404.6151350582 2867.18431389784 1605 289.229378057164 10154.0669809928
11040.7233455121 2866.6942152315 1501 271.318184017735 8028.33244937824
11348.8008978161 2867.86731350158 1592 269.433997013641 10322.2800250121
11312.3416245955 2858.66467770253 1586 276.450587416443 9908.48602683873
11138.4862823304 2854.72353199019 1561 309.909063635368 10670.755026407
11098.821298307 2864.37401757285 1494 268.061286446403 9253.75816859995
11117.070737371 2845.93976580754 1501 314.030487184421 9756.24410950696
11323.6054957258 2867.01925665835 1604 333.589501476373 2544.36899338215
11457.8690557249 2868.7400301228 1607 307.382158574708 1781.14119422544
11173.032998054 2857.10426459231 1519 309.816994011326 1893.90905042915
10959.9237929155 2872.96991904393 1487 254.687507898294 2030.9146118467
11308.0255386322 2854.91014916507 1590 283.837667464185 1729.08002727181
11284.0224548754 2865.14927520885 1604 192.314691322762 2147.14635887824
11294.1223961389 2853.82335322613 1590 286.513328484546 1713.93131497606
11075.4020001859 2867.61471762735 1527 232.463716547248 2602.42501480903
11135.4931440422 2865.05673387394 1546 220.89917052013 2317.28046251845
11086.1609792979 2851.64760342125 1546 230.393150051742 2840.81539276738
11212.033815188 2863.06561354435 1571 302.311283254346 1741.65809593071
11075.4020001859 2867.61471762735 1527 232.463716547248 2602.42501480903
11264.3607267022 2866.87576295841 1577 296.411637237473 2211.91330610974
11006.5037984562 2862.83355303802 1505 245.723181652351 1721.01798013468
11409.4802720479 2863.60684882272 1607 275.897709277213 3511.40189468628
11424.834054794 2862.05414435517 1607 335.928507613493 3581.62693775727
11016.499750626 2855.86158049504 1514 243.799459760338 2065.02830166179
10856.1235482299 2862.91807259422 1480 274.028862934613 2437.41532838235
11139.5900875874 2854.42123548346 1546 249.773429942748 2175.2584385479
10799.8345383599 2855.56192730779 1427 308.696530197683 2572.74036435643
10710.8749259969 2862.70717385562 1379 274.455959434484 2261.07651082384
11124.1708740722 2862.59510383949 1546 222.518883670832 2328.7640704032
11079.2199552529 2851.61246184458 1514 291.446975972265 3392.13808759536
10863.0859063312 2855.7174543573 1457 333.041993080917 2755.43299233572
10911.8170304158 2870.21401930613 1450 263.179608051899 2372.29204278167
10665.9612875345 2853.18978146737 1379 257.168691930129 2344.50259414821
11244.5379013443 2863.44742823584 1571 293.247643620293 2278.70097462801
11071.7620871667 2866.5673594212 1514 256.462880634684 2354.86909517933
10963.7488412465 2867.41767065397 1480 276.526918074155 1912.33580879431
11137.5565467295 2868.79525439894 1527 247.808836388255 1882.01942412599
11244.2969574614 2862.76215867048 1571 293.264030546962 1808.18690951205
11071.7620871667 2866.5673594212 1514 256.462880634684 2354.86909517933
11060.4551618837 2857.67402897216 1514 262.647004820132 1794.11957474804
10965.2480127008 2855.70213430685 1494 276.96152382314 2392.27835738707
10928.6694353072 2858.78135410664 1480 284.001074324734 2387.35072647156
11084.6975800126 2845.55464773763 1546 253.58265846377 2421.12188146333
11320.0791322119 2866.78533844351 1607 208.283457622249 3090.48294054927
11081.1118898639 2840.96343503376 1546 254.272724854634 2443.03464106368
11134.8853305719 2866.64249470747 1546 252.9367478993 2139.31700275484
11159.1558061658 2865.86426183331 1546 248.265892693465 1918.57288284134
11099.6280250144 2852.03271236462 1546 250.060585469616 2431.31140549905
11003.345233314 2855.23659544368 1512 268.590217371804 1967.68539962299
11155.6433959003 2862.52576302114 1546 248.941856364229 2283.74195177417
10981.5896398685 2862.07349363788 1494 341.796384955624 1947.70861848928
10878.7787973126 2868.37780189402 1470 302.224473205453 2238.19429585459
11020.7442973111 2870.74516145438 1454 189.322521382446 2313.77187607989
11106.0029122187 2869.20885180006 1516 258.495171902976 2010.39213694218
11088.7706109454 2853.52525451082 1546 261.811529829281 1963.34134507446
10739.6685259463 2851.75662490511 1390 295.193551850711 2320.78993954102
11022.7870922232 2872.85324472283 1512 274.510063928055 2003.38852582998
10878.7787973126 2868.37780189402 1470 302.224473205453 2238.19429585459
11143.8682447466 2868.36695797746 1531 152.671412002729 3136.80267442483
10933.8546748508 2853.20891819049 1490 193.088542373678 2299.23702907121
11404.2807042629 2853.34798164565 1590 282.130434792983 5873.61405988673
11408.986040998 2855.38845229862 1590 280.556184496422 5518.917445524
11410.1442769171 2855.99321745972 1590 281.001989709544 5733.16083884202
11430.4970460672 2860.59040520978 1604 334.982599010046 7036.38193194046
11401.4138701449 2863.490443277 1604 282.682157276229 5298.83882269228
11251.0261564718 2841.80321381528 1546 311.624286266889 5811.10654201904
11066.1453024253 2840.28232211251 1486 329.143047971813 5503.50993515027
11374.0317235207 2863.34536274075 1590 345.849355400749 6422.58693359253
11225.2812447608 2866.14475289699 1546 298.517321590099 5443.93133121459
11227.9088930704 2858.07166360957 1546 298.01163043713 5718.64481796067
11212.7574005475 2857.64042844856 1546 318.989111778384 5234.4817983808
11303.3313078803 2856.16600206123 1577 283.496579939331 5924.94989051419
10812.3885089777 2856.14611392931 1405 251.555755368942 6071.10624132839
11267.0047134931 2874.97394891582 1571 289.333154803344 5704.71465798399
11428.6855590184 2866.17997127232 1604 258.724653112007 5633.93968809811
10868.5328431881 2852.05708551536 1418 275.012575243599 5061.38306230886
11538.2392740114 2870.43889307071 1636 300.891897673319 5309.04573210585
11355.5312958746 2859.32636318931 1590 270.977686365617 4728.00745367937
11431.3791298566 2866.41804082615 1604 256.380763909964 5353.88584167248
10885.8686706588 2853.46448717558 1438 310.358840117171 5636.51130156247
10947.873766774 2863.66845147571 1452 242.81310484578 4118.96861603393
10814.9500540742 2857.83489490871 1433 196.298492899825 4145.82494426492
11594.4285419842 2863.80191080083 1662 388.802360286891 8915.21368373849
11740.150187624 2865.66767917002 1706 404.160356861322 9664.10428313182
11465.2213359199 2865.36912041364 1607 413.668298687714 8873.88801766111
11585.6913548226 2860.95086292614 1636 433.885973093533 9640.27875927926
11585.7217706657 2867.54396375131 1662 390.4779792084 9543.18061018409
11614.6160729473 2859.78986474957 1662 363.583047094382 8422.40630003946
11464.0258082608 2865.87054962218 1607 413.89837809299 8877.39802212087
11474.5783943934 2869.81841196085 1607 411.867531944882 8971.20905975876
11676.9273804856 2867.74964417331 1684 384.911664682653 7445.99895493918
11651.568027741 2870.90113752335 1662 377.805861125878 8632.96715092115
11676.9273804856 2867.74964417331 1684 384.911664682653 7445.99895493918
11491.745000198 2875.54061389572 1607 408.563817117426 8893.44888279631
11682.1142199074 2868.79239407402 1684 383.913456970497 7579.88658124243
