11250.5254996812 2854.10522262661 1549 325.687273640801 7891.44250331625
11235.8390900616 2867.52936269859 1511 328.513674489892 8276.98963391409
10881.2894371874 2868.17328035703 1447 340.920179020603 5197.98009475974
11250.5254996812 2854.10522262661 1549 325.687273640801 7891.44250331625
11010.1990606048 2868.96107858112 1455 371.938118405505 6090.58015663289
10932.1821667639 2864.40220036435 1455 398.725512207211 5459.11825574287
11139.0004873932 2856.19039412993 1506 347.15027226274 6956.10453447074
11010.1990606048 2868.96107858112 1455 371.938118405505 6090.58015663289
11277.929953565 2870.59323666395 1506 452.389905774916 6891.27468267424
10993.7151182644 2854.74889243753 1465 375.110454588016 7187.58236866799
10986.7520856052 2861.09700514516 1447 376.450490848073 6307.75408500727
10715.9415054167 2858.18239655843 1408 372.741403326521 5748.63323817923
10986.7520856052 2861.09700514516 1447 376.450490848073 6307.75408500727
10881.2987271767 2864.57247635347 1447 340.918391161322 5173.49665952492
10982.2293128902 2863.61801657799 1455 377.320898862905 6457.19978200945
10830.7620708977 2843.30484176963 1422 406.470783175497 6369.24860242541
10861.7861049364 2865.32597520316 1439 344.673597062341 6357.62100762488
10829.9128216095 2864.09103291478 1426 359.362022904065 5040.45732187567
10800.9320735283 2855.3669137753 1416 412.211568845877 6323.94798102464
10746.1707236919 2862.95012584442 1415 327.129674387247 5928.6284714188
10826.0728647113 2863.34803335715 1426 351.546613348191 4983.3329246331
11260.8848085109 2860.70388631652 1554 325.918251086524 6753.08056068743
11212.3756785644 2851.35184557387 1529 335.253837497445 6923.6060830451
10911.7906709773 2859.96945966954 1455 390.876821819495 5898.82180967001
11095.0506610146 2863.43029886096 1485 299.78181231429 6258.84625915538
10935.9712413001 2860.64234328109 1455 330.396660912517 5180.05357284381
11053.1241500318 2861.23983374327 1488 333.511561507406 6761.59264185405
11070.1274156609 2862.10675962341 1508 297.31480311748 6059.10964967756
11008.6780143637 2866.42823423953 1474 316.404235912465 6445.88365566733
10815.0961495441 2861.96418920258 1426 353.659083167075 5158.45522377046
11068.962030504 2863.85392428418 1508 296.866246161474 6089.48815409184
11082.3843350008 2864.87661926275 1508 302.219447892188 5829.26046155244
11008.6780143637 2866.42823423953 1474 316.404235912465 6445.88365566733
10831.6736221296 2864.92720335773 1430 350.468747080493 5648.67460498993
10901.2941402022 2856.91618897741 1455 369.999250641931 5570.01728736035
11082.7081493837 2865.07841888092 1508 302.157129785139 6214.10738205723
11237.13518101 2870.30641621618 1506 382.912322026547 5437.86296673756
11312.6922487101 2863.32150089221 1549 369.136473607204 5454.21473632111
10651.2509687972 2850.68009190632 1342 385.191102903622 5859.38646120144
10854.732824146 2857.35616625049 1449 346.031001583331 5338.01360091512
10766.4979666019 2857.54348654859 1419 363.011807835003 5846.34660903385
11125.3332602592 2868.23859918733 1480 400.639958279245 5577.0410075578
10812.0628335541 2863.2035002127 1412 354.242845101512 5664.05165653081
11253.1189090709 2866.4472390802 1536 346.206684489076 4964.71740543444
11057.9929358731 2865.99002900909 1466 361.430524211608 4922.06915035159
10938.5366160728 2857.08096857417 1465 329.902954307327 5586.23835436936
10838.81539401 2857.95326996549 1432 349.094312441282 5623.22694810756
11016.6741926486 2865.54128805735 1442 391.710491380707 4411.99860261584
11096.6664630533 2874.95687361819 1454 376.315971763623 4777.72835700684
11130.1868094992 2869.69634633528 1479 369.864978082332 5318.92931959952
11016.6741926486 2865.54128805735 1442 391.710491380707 4411.99860261584
11249.3675573684 2844.84879829076 1549 346.928632460824 5284.49405278058
11216.4401084059 2872.79796082812 1508 353.265522968239 5025.14903370542
10844.2594763788 2858.65035455198 1449 348.046598300901 5613.80649596054
11249.3675573684 2844.84879829076 1549 346.928632460824 5284.49405278058
11216.4401084059 2872.79796082812 1508 353.265522968239 5025.14903370542
10928.5967414189 2866.33642214294 1455 331.815884076372 5787.27222314339
11067.645832051 2872.22421201269 1488 305.055874107356 5246.21715823099
11083.3404550455 2870.68793668148 1488 302.035442503793 5131.03750687713
11069.454569334 2870.08390403585 1488 304.707782454955 5317.9495125002
11069.454569334 2870.08390403585 1488 304.707782454955 5317.9495125002
10981.4326825379 2860.62395094087 1465 321.647602467061 4926.35072330935
10885.9646520537 2855.81386813575 1442 297.637362328285 5560.03772712591
10885.9646520537 2855.81386813575 1442 297.637362328285 5560.03772712591
11029.9382543681 2855.07890316304 1442 362.468342143879 5492.63364929547
10990.6311811833 2870.80193839002 1445 319.877350577365 5493.81972875055
10878.6633781593 2860.84551498484 1359 304.242615143324 5744.62891240551
11220.411638908 2865.48880701188 1514 309.060210791072 5863.88136511571
11490.1362297799 2873.73378150494 1630 242.458554080658 10056.1177753966
11332.7569017805 2873.22409161661 1590 272.74621987577 9281.91941024177
11175.0841773769 2853.07780720129 1546 303.090349835191 8572.04143136088
11134.9593452273 2857.66035686619 1526 257.990143575234 9127.7641759197
11215.1740892373 2872.66357417663 1552 250.584897739213 9078.0122291541
11300.9291867622 2865.63888580796 1577 346.756474040888 8836.04399363652
11177.605473083 2854.66084550991 1546 302.605126250307 7913.11208395615
11292.7528959885 2876.74042396383 1577 280.444994379995 9291.77943829165
11212.0519385039 2859.63148682325 1571 295.975900889186 8439.27586531101
11178.8980559678 2855.04527666959 1546 302.35636855815 8604.21340933782
11192.0337013535 2864.77901292754 1546 299.828412425017 8619.66687205879
11118.8694452387 2851.63993977939 1514 313.90888007932 8823.70661704873
10956.4760292756 2858.84039042834 1472 345.161507552967 8853.64676629722
10991.176971577 2861.38847547781 1485 338.483308093358 8377.42333527921
11207.3498731516 2866.81051568167 1546 296.880813788143 9416.75420543775
11034.5982115949 2866.18946467106 1496 330.126886555713 8954.13354301295
11095.3296851782 2874.12749891445 1512 318.439109015194 8982.4812695748
11544.2350930041 2869.4939289079 1636 232.047222998862 10384.0402213059
11293.5559835444 2867.42093024841 1577 280.290440107795 9787.4758449236
11125.3000945851 2863.41093884501 1514 312.671301035592 9186.88040645548
11188.0106523996 2861.45713855196 1546 300.602648557176 9182.55613798877
11125.3000945851 2863.41093884501 1514 312.671301035592 9186.88040645548
10891.4723811311 2855.80873876416 1414 273.068663284946 9365.28014106556
11215.2300941801 2852.43730660205 1546 399.652130578899 9470.15133521314
11151.0879868912 2865.74759669373 1527 307.708418847329 9191.36577653764
11115.7182082003 2860.79081318635 1515 314.515335930133 9426.65910506895
11095.3296851782 2874.12749891445 1512 318.439109015194 8982.4812695748
11038.0087329803 2866.1825312051 1492 329.470531409075 8954.06420835336
11184.6884752853 2868.40498003625 1546 301.242001840922 9996.13168746908
11017.0323230278 2859.09180917073 1512 333.507443386643 8883.15698800961
11011.3231510672 2859.05229546061 1489 334.606174042742 8881.59949821342
11176.4859891513 2863.24823673084 1514 272.844643626484 10068.0142137958
11072.8318055007 2862.30349735039 1479 292.792900570908 9499.10073047942
11034.5982115949 2866.18946467106 1496 330.126886555713 8954.13354301295
11044.1507656728 2849.09163022533 1514 311.178158310633 8301.82327014455
11073.7867410395 2861.74178112499 1514 322.58505054773 8182.62831696734
10887.4071519378 2859.4516496539 1448 328.104577037166 7093.32489552105
11135.7669732782 2845.50332869318 1546 310.933725696007 9172.78198598366
11021.4515780208 2861.70536065245 1460 140.704600462842 7704.6391668116
11443.5980354345 2869.10146443684 1607 251.450622040315 9258.54320624909
11353.9847999336 2871.08704841471 1590 268.696697253434 8351.3892081755
11274.4130170939 2871.858179771 1571 285.322857263003 7826.24715742304
11206.3962631168 2859.04200269456 1546 297.100124406931 7721.27821330887
10982.2003296989 2861.7319168836 1480 340.210829695778 7920.81637339821
10887.4071519378 2859.4516496539 1448 328.104577037166 7093.32489552105
11206.3962631168 2859.04200269456 1546 297.100124406931 7721.27821330887
10866.7302431025 2854.38919653491 1448 332.08384999785 7059.57805593299
11318.5157023477 2870.82896370066 1577 275.522728266487 8230.03031870422
11104.8682599565 2868.51235120379 1512 316.63919772523 7886.03815398905
10981.1327045207 2860.24087071291 1480 340.452116471618 7535.47959341119
10981.1327045207 2860.24087071291 1480 340.452116471618 7535.47959341119
11161.5895814886 2877.39088983093 1497 207.074447899187 7589.22305211074
11287.3302107283 2859.7621350129 1577 281.488556712392 8577.94741333041
10976.3106310686 2863.16769345182 1452 237.813355220514 7829.80994120599
10866.9479274004 2867.00322620475 1438 320.229817841137 7043.85984079412
11642.2856367336 2855.55636242084 1677 274.862054675046 10628.4797559212
11523.4966560077 2863.95481789909 1622 390.00808113286 10594.974645467
11566.0660028314 2870.46538441529 1645 245.525103907722 10839.497980945
11381.6902131218 2854.93007140166 1612 226.61546350277 10749.5692506217
11548.8695613825 2858.13911344996 1645 290.962824650268 11784.2409771498
11442.2154248669 2861.73964261754 1645 240.262399951135 10181.9787162164
11496.0612844679 2858.88082537348 1645 280.839784285862 10543.7153918163
11346.7114456352 2865.35825648656 1592 285.00948808455 11343.3145814682
11523.4432076221 2858.38966583416 1645 281.176216524895 11299.5947896812
11507.8797654256 2863.1085372542 1645 278.565316565096 10765.5736894566
11414.8010846472 2861.43171030217 1619 271.905630947029 11910.4670073485
11471.1720413937 2859.05874724001 1622 261.057035262999 11734.1687582955
11414.8010846472 2861.43171030217 1619 271.905630947029 11910.4670073485
11369.6719500408 2868.89667940812 1599 305.163423037259 10772.0167473504
11415.707848242 2862.2251256795 1619 271.731124211831 11952.4385810764
11414.8010846472 2861.43171030217 1619 271.905630947029 11910.4670073485
11346.7114456352 2865.35825648656 1592 285.00948808455 11343.3145814682
11624.2070632841 2867.40265933537 1651 342.442461187824 10560.3608753825
11533.5826037647 2855.90339662171 1645 309.977571524535 10463.5992401317
11346.7114456352 2865.35825648656 1592 285.00948808455 11343.3145814682
11624.2070632841 2867.40265933537 1651 342.442461187824 10560.3608753825
11474.7928374023 2862.07250259104 1622 284.932898832063 10676.4393775944
11366.4935248202 2870.50961668144 1586 281.20242517036 10867.1233052887
11317.5249901745 2876.26596389943 1572 262.354427397361 11473.6365874689
11411.279764404 2861.38466103863 1605 297.155995429598 10157.5700632202
11630.083194737 2871.73570319451 1645 377.699603577318 10273.5882304929
11426.1209904756 2870.58011720191 1605 294.29980014042 10396.9087735235
11504.4707324843 2858.73213152772 1651 283.516829765642 12082.7034288126
11392.4802833603 2841.3686206129 1613 300.773957243336 11294.4655251522
11559.8247487753 2865.66926329827 1677 268.568499858423 11673.877055747
11497.0308043603 2862.7018242825 1651 280.653200095577 11763.0692535182
11411.7304247249 2857.09069909262 1605 297.069265810414 9815.04940775691
11395.8531521488 2858.26414857079 1613 300.12484834234 11136.3722544784
10848.6961975988 2848.79680549978 1417 289.811889690446 8436.39451019675
10779.288553624 2860.20502220542 1397 303.169397001329 8646.66935067365
11402.121653657 2859.30169772287 1619 298.91847466462 11890.5034117716
10922.9965179411 2868.20759862724 1437 275.512786373612 8592.41183097665
10965.9049026877 2867.26419206572 1477 267.255063878954 9094.60885133033
11417.6430964226 2866.45929849671 1605 295.931371611653 10363.866412311
10962.9292060187 2868.40274723414 1477 267.827736969922 8686.44633866155
11415.3379357653 2867.77613003835 1595 296.374999986984 10507.4785288172
11417.6430964226 2866.45929849671 1605 295.931371611653 10363.866412311
11404.6151350582 2867.18431389784 1605 289.229378057164 10154.0669809928
11040.7233455121 2866.6942152315 1501 271.318184017735 8028.33244937824
11348.8008978161 2867.86731350158 1592 269.433997013641 10322.2800250121
11312.3416245955 2858.66467770253 1586 276.450587416443 9908.48602683873
11138.4862823304 2854.72353199019 1561 309.909063635368 10670.755026407
11098.821298307 2864.37401757285 1494 268.061286446403 9253.75816859995
11117.070737371 2845.93976580754 1501 314.030487184421 9756.24410950696
11323.6054957258 2867.01925665835 1604 333.589501476373 2544.36899338215
11457.8690557249 2868.7400301228 1607 307.382158574708 1781.14119422544
11173.032998054 2857.10426459231 1519 309.816994011326 1893.90905042915
10959.9237929155 2872.96991904393 1487 254.687507898294 2030.9146118467
11308.0255386322 2854.91014916507 1590 283.837667464185 1729.08002727181
11284.0224548754 2865.14927520885 1604 192.314691322762 2147.14635887824
11294.1223961389 2853.82335322613 1590 286.513328484546 1713.93131497606
11075.4020001859 2867.61471762735 1527 232.463716547248 2602.42501480903
11135.4931440422 2865.05673387394 1546 220.89917052013 2317.28046251845
11086.1609792979 2851.64760342125 1546 230.393150051742 2840.81539276738
11212.033815188 2863.06561354435 1571 302.311283254346 1741.65809593071
11075.4020001859 2867.61471762735 1527 232.463716547248 2602.42501480903
11264.3607267022 2866.87576295841 1577 296.411637237473 2211.91330610974
11006.5037984562 2862.83355303802 1505 245.723181652351 1721.01798013468
11409.4802720479 2863.60684882272 1607 275.897709277213 3511.40189468628
11424.834054794 2862.05414435517 1607 335.928507613493 3581.62693775727
11016.499750626 2855.86158049504 1514 243.799459760338 2065.02830166179
10856.1235482299 2862.91807259422 1480 274.028862934613 2437.41532838235
11139.5900875874 2854.42123548346 1546 249.773429942748 2175.2584385479
10799.8345383599 2855.56192730779 1427 308.696530197683 2572.74036435643
10710.8749259969 2862.70717385562 1379 274.455959434484 2261.07651082384
11124.1708740722 2862.59510383949 1546 222.518883670832 2328.7640704032
11079.2199552529 2851.61246184458 1514 291.446975972265 3392.13808759536
10863.0859063312 2855.7174543573 1457 333.041993080917 2755.43299233572
10911.8170304158 2870.21401930613 1450 263.179608051899 2372.29204278167
10665.9612875345 2853.18978146737 1379 257.168691930129 2344.50259414821
11244.5379013443 2863.44742823584 1571 293.247643620293 2278.70097462801
11071.7620871667 2866.5673594212 1514 256.462880634684 2354.86909517933
