20897.0077996057 3567.2192229285 640 229.176407904454 7378.44538053618
21120.6489198412 3649.77536906124 640 199.894258350171 7653.94860701005
20340.933631233 3525.78566814435 610 38.1621309918844 6545.03911591601
20368.4889386938 3564.23817271541 620 28.714593546197 4697.90434329272
20202.7739751884 3466.01440657148 610 213.251063938059 6103.0206622877
20690.9823141207 3521.42803458936 600 128.837193198087 6361.0813944867
20355.6383353355 3555.85816475682 610 31.187693315566 5391.81626063129
20011.6838632361 3535.41771824665 570 260.375154900243 5780.38110311019
20262.7669610502 3550.3885589046 590 123.847777757116 4403.94949578155
21044.3853808618 3557.05964826733 640 176.73674303278 6844.49614833418
21225.5598534599 3598.59679620649 660 100.85741621524 6362.7841315958
21222.7500346897 3633.44291141365 640 22.6922546730929 5221.13422666485
20639.0888623008 3518.97283773567 630 67.4805477974693 6522.05428157761
20729.8244847443 3527.35070395974 640 61.2357142357627 5388.81514887923
20899.8041256633 3578.57915577607 640 107.251386485388 5282.17179145339
20907.4073046808 3611.24325037195 630 49.6008153878132 4722.17888851776
20705.3128755179 3489.88213193707 620 177.850289382484 6413.25116141254
20781.1304828514 3509.05920512292 620 88.5714923301297 5759.39171684509
20719.6822995698 3516.20993328882 630 74.1231760909279 4587.7818199311
21609.2577069521 3571.03435419541 650 57.2329806651938 7023.92240765769
21145.3404084419 3570.43241026535 660 69.5788761420159 5739.37321461351
21195.6386069293 3581.36422334372 650 137.835906891151 5300.54807361577
21451.5466017459 3661.23836684934 650 108.642614347754 4996.54578829386
21148.6913882789 3540.05590407939 640 96.0359589266658 5017.86584712802
21356.9276342456 3609.91656613565 640 126.852043133323 4860.59324024709
20713.0162384232 3511.97222487151 630 75.4060601567368 4843.57001878924
22371.6121210603 3600.46477285737 660 362.19003803656 5726.94329104538
20422.1632559794 3579.15541368288 650 466.098143943215 6531.95267522136
20689.468910297 3491.41859719435 630 282.443131219291 6840.34634592318
20329.715439783 3544.23709255257 640 430.514962898585 6591.40024457002
20609.2452219572 3566.5025742694 630 430.26956632125 6468.9065182807
20301.0561265697 3528.58428797615 620 397.662509345004 6294.18386215971
20202.0335829946 3469.68685568906 620 163.58888226127 5042.98222694259
20287.2802840756 3491.45005710309 620 147.183146989061 4788.24715862121
20184.4502843254 3470.69440715392 590 284.387878978028 5305.0610632729
20254.9198099304 3532.0044164559 580 470.92229383182 4051.02946843745
20204.7035579507 3483.67870778559 570 418.064688483368 4993.6949889727
21778.9265477425 3647.21125391783 660 579.220624142714 6740.00255604287
21767.3246573416 3661.47090961135 660 764.191347511731 6485.87112529777
20675.0197428438 3482.2363034608 630 368.372471347074 6317.72528054484
20732.4835490312 3504.99210439947 630 375.868181388076 5822.07400436061
20848.3265979086 3569.80181836442 630 402.360295446706 4858.16740409211
20895.4466595409 3607.45383315996 620 333.369122329827 4160.27392071066
20688.2591772863 3490.97088970433 620 373.468332039948 5942.41514932258
20645.4412210967 3506.11622353523 630 367.531566444149 5104.11079534262
20337.0443588291 3515.49611698733 630 215.554554108978 4241.29051531388
20661.923193131 3483.44371746992 620 218.102500930736 4862.71749019275
21499.2650784763 3527.26328068633 640 394.844433493779 6603.23794706258
21929.0497955083 3585.95190727792 660 493.179754218085 6473.23000610711
21749.5175258363 3588.33340968126 650 429.551249144827 5723.93407205662
21378.7516240597 3511.88410558302 630 379.48221317442 5768.99044431059
20125.5916242014 3454.68587415142 630 441.40784229935 6543.89589315506
20158.2841643684 3453.56231031411 610 669.073687424567 6621.25913797323
20125.8446375721 3459.66307605237 610 505.413026048523 5101.50735797487
20015.5083289645 3479.84648389904 570 544.534284653618 4771.15705456615
21571.0260374158 3639.84151790707 650 635.841683999932 5366.36173598858
21247.4210139649 3511.91892644942 600 636.673486424003 3847.84283165919
21214.9354083012 3499.6382827687 650 454.424188608778 5435.52053406276
21831.1600037593 3602.05152093115 640 564.862901290086 4405.42849568066
21336.2889171198 3545.81875927472 630 624.499900406333 4832.7679930173
21973.741444675 3561.43008441618 670 665.700855964311 5436.3950774209
20756.5571628994 3504.69707012991 640 684.266591377161 6789.93342266911
20846.2222433935 3534.83845447511 640 701.57001378456 6228.92315419386
21563.5085562427 3663.06807828029 660 922.800442838856 4611.71043152927
20624.4265333551 3523.26680106098 630 701.948878739742 4857.8992479723
20860.8708107877 3591.31096269523 630 732.457170434755 4511.95881700081
20174.257095706 3469.58184615018 610 703.289047700393 5841.33596089377
21426.7488826045 3599.30294354693 660 843.680443417696 6264.78862043453
21046.7462013818 3558.94151831157 640 620.673420733298 4895.9078861211
20878.5418139698 3505.06125763406 620 633.379926053461 5378.84581765054
21346.3834129092 3474.53774050284 650 833.68610951095 5771.20581354974
20618.4253143917 3471.21520570247 630 737.394725494032 5243.80106510598
20947.1703654954 3553.58645814416 630 872.993376375272 4875.04872351653
20043.2236029339 3451.82351794732 610 813.801434850559 4858.03826332946
21367.3824115435 3475.66630801913 650 829.644850339529 4819.0890772151
20920.8366689013 3575.07065594348 640 238.348143972674 7261.76977353325
20285.7999576132 3510.85763137395 610 67.6823386644232 6785.38171150771
20268.6047400872 3494.21692152342 610 24.2424294008192 6378.61260381085
20262.7669610502 3550.3885589046 590 123.847777757116 4403.94949578155
21296.9201027667 3567.69765752552 640 37.4002952503566 6595.42244718052
21143.7066438286 3594.16327177369 650 280.235036749871 6337.97246695212
21222.7500346897 3633.44291141365 640 22.6922546730929 5221.13422666485
20691.6035933209 3532.77277952354 630 87.6934771914068 6579.90798608445
20813.192676122 3573.82321042908 640 45.1914983245101 5525.97889617401
21051.1830086462 3661.32957990753 630 77.2704625169323 5268.53230927631
20770.3274059761 3489.17132878395 620 150.736635489058 6905.51849540426
21169.2269397927 3562.88314024035 660 111.698690505242 5865.28026818775
21987.1346014947 3658.71216770312 660 555.761553505592 6403.17310793004
22413.3680881222 3615.56112808206 660 518.14995500238 6554.79879910426
20278.9863258647 3526.46419559532 630 458.499374963227 7269.27077484101
20609.2452219572 3566.5025742694 630 430.26956632125 6468.9065182807
20263.1563149434 3486.21654964245 620 151.825807013188 5051.51631837482
20254.9198099304 3532.0044164559 580 470.92229383182 4051.02946843745
21737.8470598728 3634.44032951208 660 587.126375269288 7271.95112665079
20675.0197428438 3482.2363034608 630 368.372471347074 6317.72528054484
20787.0690887006 3519.1072463966 630 354.452355722079 5834.89344476045
20848.9557638261 3569.52500464471 630 402.239212409435 5058.41145513839
22080.8389996565 3604.20558998485 670 662.255727658786 5891.87582265031
21231.0498801269 3503.29631508456 630 415.94746418756 6340.34652164779
20206.3265943755 3488.23086832098 630 472.482746808072 6644.53087566376
