20980.4225997802 3642.97752771171 630 484.833620754874 8791.12469376695
20712.0176440909 3583.3653059316 630 66.2000064827083 7299.21124898965
20128.9918636479 3486.82649396126 610 112.212020533149 6170.981713498
20308.0329282394 3516.33967584588 610 177.322224937718 5592.33748528875
20371.1812377394 3532.06721631803 590 166.66403235925 5685.32097254275
21053.2650324547 3578.35044123287 640 272.096419968818 7688.03909959825
21038.4013449252 3620.69066017799 650 132.193437423395 6880.51305263433
21107.8925415881 3524.20331155373 640 240.533842053725 7409.21035439915
20804.8070255936 3558.72370086092 630 242.192635990347 6901.09929379102
20836.0840828124 3597.41277833221 630 98.4307499008955 6334.80179243122
20535.5943989865 3499.49333654336 630 90.9474772788176 5906.92084757686
20387.567092223 3547.74280437557 630 159.392608258155 5369.99063994365
20688.4103748579 3506.70805266575 630 101.495291520453 5464.24202232043
20633.2014436279 3471.66161650037 610 112.120255289553 4656.22939906946
21653.951909115 3533.39553522129 640 434.964183233097 7913.43019674144
21431.796794023 3563.66381625354 650 283.611416379776 6793.40996639077
21363.9670746824 3632.99620285288 640 122.526778138622 6775.3612069813
21864.4851173735 3668.43876551441 650 46.7664575221725 6657.56152403692
21277.3406541192 3511.66808002303 640 233.684352240988 6789.45012007505
21176.0701444771 3558.75975500177 640 48.360404932573 6548.77995020235
21556.4863737397 3603.3820847158 630 332.765271370777 6139.76093252533
21936.4692518754 3573.06323986885 660 405.908631876629 7036.5015559162
21872.1639101067 3580.93528003915 650 290.181614556365 6763.52392470006
21770.306894266 3632.61335398447 650 232.460019044805 5607.33286673693
21675.8180695919 3548.61816371633 640 219.850894727055 6828.47275378237
21568.1291185827 3538.35677597562 640 154.641756901525 5302.92781464591
22184.1508800616 3579.7087759742 680 134.047899580929 7103.31240522614
20605.0805692425 3538.70018002973 630 373.400098043716 7415.62030303339
20735.8055828021 3554.91869237404 630 445.618342563404 7149.00922287572
20216.9467726385 3459.92837347212 610 448.219181050547 6868.29804404073
20213.9374153063 3486.65280051077 610 192.807655160548 5615.19682843687
20373.0057720813 3533.2668721685 610 189.064736539719 4854.11560454935
20270.2812727658 3469.03190497876 610 201.506048978517 5643.03181106176
20339.2511902973 3495.66582973608 600 309.622496220085 5047.82622687707
20326.7149892901 3456.0162842098 570 312.03508922878 5678.30031827683
21309.1883056544 3590.88833959498 640 524.016180808194 7036.10733307842
21234.7533140771 3624.95130655833 640 598.617210113764 6308.91834153777
20807.6233273596 3577.36097498658 630 393.976052326006 6337.6395432433
20601.1566417469 3445.68059532433 620 335.543972110762 6947.29353290999
20779.0698739078 3534.03083991711 630 363.098038859604 5661.63512270029
20777.163716375 3537.98468221376 630 363.46487904783 5485.18178574828
20705.5231195927 3469.91568823824 610 324.662268999754 5424.59497450185
21465.1783659896 3524.81486151741 650 496.608605154227 7028.9504467259
21476.4222722686 3567.17451789421 650 460.488642643776 6716.33457818189
21587.4459650566 3653.27261509977 650 594.885249326801 6418.54920100206
21136.209550174 3535.80844767094 640 484.886124054388 6025.146804142
21353.1521671823 3574.71647929362 640 604.152411980418 5499.12265516927
21305.3445068518 3542.47759767181 630 372.337481468571 5460.78712187884
21851.1401471355 3536.32554563385 660 699.174904323221 7424.25681584759
21838.8687951186 3532.64495925005 640 549.564939290872 6590.23658118557
21805.5074386024 3568.37094812175 640 546.758242454359 6181.79801194039
22265.407933006 3560.11126019365 650 723.77402528393 6673.75597685813
20736.2051872944 3516.21839103512 630 588.958293392887 7049.46388363693
20798.0024928011 3493.43558153883 620 607.905517866062 6828.45353647154
20101.4278871583 3464.11094723549 610 527.219543308655 6110.09403876301
20436.4785652253 3517.09865494344 620 428.842241944849 5184.5902465584
21271.1329169371 3558.08561539468 650 913.618355103929 7111.51961750437
21107.3425767223 3574.15943265602 650 642.524575679059 6350.69462116575
20864.6058388995 3527.16568298776 630 588.47491284988 5987.34065525999
20967.9996040704 3570.14651416985 630 678.275057310988 4954.16154682398
20780.0539246896 3447.53954538195 620 588.207126451755 5492.9865772279
20886.2356325787 3526.25232709616 630 694.010540961248 5136.97359663058
20252.9914901725 3455.06757979659 620 464.341871014409 4586.21306276162
21371.4213407834 3514.58796023328 640 883.611052508747 7605.96639538151
21592.3785271761 3535.94623370698 660 845.223644311765 6474.56124752674
21578.6494836379 3626.5014075133 640 916.440634331999 5910.50386300465
21221.0355807474 3471.35383511382 640 563.036944103908 6506.45089541431
21353.6177148995 3553.90215540344 630 615.396485066749 5747.72193824458
21831.9553617737 3521.00923252271 660 774.120587610484 7214.97589992599
21864.2331814544 3586.01430468339 640 797.665061944975 6013.10485949361
20906.9583388436 3578.78972488249 640 915.424891767086 6627.20112049699
20302.7359760611 3475.07809297312 630 798.455820294158 6903.07579001631
20466.3818529292 3543.67421692046 630 802.852014347194 5846.96566324087
20957.7226521681 3587.20613714223 630 916.816440071718 6054.72728422205
20450.4919815132 3501.79433873035 620 760.007748828772 5930.68529225077
21264.8447533274 3549.23930333301 660 914.828512754848 7067.28805719606
21580.7971172665 3621.6886561118 640 1127.2115649413 6036.03764814062
20864.2276927768 3508.42800311924 630 912.060680974213 6040.6585946942
20777.1411240675 3523.53289985533 630 951.569371358233 5690.28722182705
20812.207321246 3498.1764670789 620 719.590963906057 5099.24559181762
21328.6707368616 3520.29912897638 640 879.76386340114 6954.00066452171
21012.2902996906 3576.93019825888 630 1168.2898304735 6561.32874143587
21061.0509392794 3595.42055331276 630 1195.3407419692 6435.15877968535
21185.0559565761 3574.05880645546 640 1202.72619726597 6056.16831911135
21024.8925199996 3654.04282942827 630 501.95010102788 8846.45120234976
20128.9918636479 3486.82649396126 610 112.212020533149 6170.981713498
21295.7518274445 3589.63500664867 640 312.840914893041 8022.21212910128
21343.3609000074 3629.2238350324 650 331.602618739107 7036.50511997246
21107.8925415881 3524.20331155373 640 240.533842053725 7409.21035439915
20805.2921594847 3558.57018248322 630 242.379364112092 6990.57047586687
21066.2275083027 3614.51554004296 630 330.095787072004 6648.42984249021
20554.2365954978 3509.3020558419 630 87.3597848874498 6009.87198991478
20387.567092223 3547.74280437557 630 159.392608258155 5369.99063994365
20684.3499919229 3507.67419039495 630 102.276712580627 5520.49619517385
20681.7673464956 3499.49225217079 610 102.773742924847 5017.83451199834
21653.951909115 3533.39553522129 640 434.964183233097 7913.43019674144
21431.796794023 3563.66381625354 650 283.611416379776 6793.40996639077
21758.6277210172 3618.66786675975 670 391.443189280435 7064.70330760889
21277.3406541192 3511.66808002303 640 233.684352240988 6789.45012007505
21761.4389268688 3577.61704747606 640 203.373153061365 7431.27834728812
