20706.9591653145 3582.37444331213 630 176.305862446891 5514.45701157349
20335.3943899363 3522.31396509168 610 147.424219602321 5233.34085867678
20449.9330502271 3554.30661313055 610 108.001175239145 5045.74712404108
20156.5920881337 3489.44748371181 610 36.4742310278957 4309.42519034844
20574.9551263696 3587.19731244534 610 102.456305998007 3720.25654234433
21293.0082227382 3581.06099743936 640 293.32751000084 5603.73720624358
21220.6577974474 3610.1553054542 640 13.8000320398328 5156.87700625434
20703.4340727865 3498.22677377659 630 425.323959112752 5833.88854105314
20742.3097477019 3552.44409665227 630 166.569673916905 5326.38537135761
20936.1172530769 3577.32019511923 640 67.5202138878369 4852.29255226971
20777.6309127751 3479.14500734862 620 263.879605900346 4973.39914124472
20407.147576355 3500.08163383033 630 169.320475637356 4262.11172202323
20794.4189811184 3546.04013321892 630 53.7203271034332 4362.66292422666
20830.1079905713 3590.48249931568 630 260.811804047821 3661.87006625688
20266.7729095642 3501.26368387973 610 80.2370018443991 3829.77252104181
20160.2138182521 3461.74125997457 610 26.2356554169447 3937.87879845769
20167.3035167962 3470.30156789061 610 61.0941082808042 3382.24159939232
21326.6888124496 3582.51898804567 640 6.83865218294988 5094.61374338469
21228.784735831 3612.25638693528 640 173.257607937344 4690.72087555621
21315.6561994299 3532.07453472329 640 367.986474857592 5091.82614480278
21094.9144201442 3562.0113989301 640 121.730899405166 4353.2293209435
21235.21357457 3485.3572726341 610 175.817781579081 5004.46046767209
20890.654768662 3548.91968802943 640 76.2694730928297 3670.95365739657
21793.905601858 3546.39807552435 640 283.57654306246 5224.57401200569
21723.2090366962 3566.78524719013 670 400.015541903855 4450.24487860987
22086.5963878665 3639.3391650131 640 450.602345006126 4199.97772319449
21914.3138890674 3588.46861437962 640 412.322404690801 4200.16532755141
20403.8905602408 3534.72904374127 610 451.085457442592 4661.09470704276
20605.7704953263 3560.19608918706 610 430.307560452408 4245.87010959746
20251.1903532524 3460.00550103653 610 451.708441888179 4460.08942612764
20204.7063825485 3502.37831069098 610 373.342037731458 3875.57174470081
20306.7542375196 3530.09428263681 610 461.300586357366 3669.49053197045
19816.8803086789 3475.77254345799 570 555.57686791907 3294.212888547
20906.8009147308 3556.85454341012 640 571.948682340091 5608.24846236992
20815.6002242918 3580.57295438516 650 440.462812611013 4706.6725317493
21516.2346353059 3664.58724336472 660 631.381611033716 4721.14743357756
21021.1441268555 3532.73937059658 630 405.647858112656 4817.74721264152
20871.2883163782 3543.12515090249 630 428.227627757869 4240.04450385043
20682.6433193963 3461.50677302186 630 362.572748467768 4518.06782954718
20758.1603990858 3503.76184650904 630 384.684672090085 4121.95459067008
20832.1165517101 3541.90296185491 630 370.451803881456 3619.4566977267
21288.2413820734 3526.06946740083 640 498.540430173398 5457.03844673262
21234.1287309964 3493.82223658208 640 540.16852824596 4727.7081799908
21378.0680562278 3507.90228857483 630 522.112350915324 4147.82215980738
21341.8315444774 3530.7275567076 630 520.171705509935 3594.93438151671
21758.5144162708 3551.7451410094 660 623.584391418442 4912.8906424499
21799.2102492174 3528.92385673947 640 441.063498085431 4142.32751693473
20743.5556832062 3551.20638441723 640 672.707083964917 5514.09201502216
20712.9613514472 3528.36305050649 630 695.222201617038 4946.77508727299
20421.9895983945 3563.0219719488 610 720.651181873412 4109.26454051759
19994.9583652832 3437.19693800293 610 664.013473616865 3864.73525253697
20175.9760984584 3498.95433419202 610 386.699545380116 3426.3747692673
20925.7826939264 3567.85650296614 650 553.480313122872 4226.13900094933
20795.2641941389 3500.79598846497 630 593.413934226168 5125.44405287627
20615.5956727299 3519.31833623609 630 692.520068673609 4066.04508907945
21022.5560626029 3574.18638965857 630 641.441920904041 3493.40057571408
20460.1534198375 3475.46346743827 620 582.78520215525 4454.49926435051
20930.0993776295 3523.5900661011 630 565.708863517027 3335.55774422982
21733.2907874303 3522.40594538847 640 744.100102978875 5081.15907151197
21399.5019592551 3539.74242191352 640 808.865327852876 4290.95644908545
21385.170084573 3604.90761184979 650 946.530421960658 4019.62818916972
21409.5439650665 3545.31533002725 640 639.881728873007 4137.79201641143
22320.1164750219 3580.89113374632 680 950.92503062844 4284.36508074342
20635.9134854671 3519.08670507418 630 1022.47694123757 4938.88784172961
20651.0729666142 3567.87763293624 630 999.112100187149 4867.73206978478
20583.3510482822 3518.82444348417 620 1016.0807718388 3141.11246508653
20046.0293392687 3455.61242006268 620 809.265549611908 3131.35444757627
21141.5824738677 3507.91662884321 640 944.732356086454 4888.81546777767
21273.9237384688 3553.20408128002 640 919.263267839007 4941.37904857988
21293.4499742216 3619.70447170904 640 1193.66385314001 4041.00917030038
20692.477130526 3509.71622829347 630 951.891480126346 4387.56824013147
20877.5445487009 3532.58310442624 630 1070.85132089819 3194.55478084525
22237.3701855025 3533.24779739312 680 966.849561471254 4407.36775777598
20829.1674953211 3478.18594176426 630 1233.71096186251 4608.63963180861
20886.7314557003 3602.23550483132 630 359.356693163953 5573.63338669905
20246.8806264608 3515.16937359218 610 264.857661178878 5507.53256535501
20161.6792134745 3492.41859467078 610 34.5161955712688 4321.30963418432
21288.3199929788 3574.80548948913 650 312.762611290005 6065.52267666399
21324.0269519429 3617.30640194712 640 33.6934350978113 5383.56809691485
20936.1172530769 3577.32019511923 640 67.5202138878369 4852.29255226971
20407.147576355 3500.08163383033 630 169.320475637356 4262.11172202323
20800.056266997 3547.59328748296 630 52.6354309302731 4410.54166039454
20972.5330949412 3591.85549236596 630 25.9423902717807 4001.89488903699
20286.2128568896 3506.65872494813 610 15.3258819394079 3626.59875644984
20160.2138182521 3461.74125997457 610 26.2356554169447 3937.87879845769
21503.311995868 3585.61433748514 650 312.854608456341 4775.25870147753
21250.3846286064 3630.38378578183 640 169.100706634554 4623.79501684871
21313.9019825816 3542.88955255593 630 462.774483331561 5133.48300807395
21271.6363977194 3565.97837821525 640 221.500233391522 4596.42153468395
22312.8137346136 3615.2598065853 660 209.000391385141 5695.85809671029
21826.9510750529 3574.64616643298 650 257.670194225578 4907.95052849795
22381.1514186252 3662.44357299052 660 22.6711422500262 5162.38097740319
20378.1076420325 3516.92445052436 610 531.632254200214 5198.36355137707
20913.020365805 3566.31693397458 650 486.719822727834 5083.11184712971
20882.3544880881 3534.90634823169 630 576.65339934104 5415.81647005497
20822.6555884 3583.00623765348 640 443.178423522403 4343.49947996379
21840.4542563332 3543.70989360211 640 802.351830114242 6314.0416680402
21838.3134501571 3550.54324029794 650 766.098257196936 4660.35480567261
21799.2102492174 3528.92385673947 640 441.063498085431 4142.32751693473
20743.5556832062 3551.20638441723 640 672.707083964917 5514.09201502216
