10532.1840180781 2969.63691643736 716 78.9516455574547 10990.3192971965
10216.0152361482 2979.59556000408 641 178.247965644226 11636.204668987
10420.6083002267 2956.09377019368 706 136.879910083762 9579.21557535575
10274.1307476674 2996.13205486628 647 110.053565285807 8565.81110797792
10184.5956337792 2926.05057699451 619 163.502063377174 10377.2290690696
10529.8383365591 2941.03101353352 649 190.982503470204 9507.41027802985
10333.3714806652 2968.25607850073 660 109.809777768741 9220.81706683132
10142.3896910068 2939.29892708915 565 172.430620398592 7094.77437561675
10956.448096198 2992.34197622297 788 172.960073839909 13581.3029790457
10895.1047449411 2991.70142567847 756 97.4615272942265 11439.2713113704
10851.085105207 2965.60906565599 756 105.852566307431 11185.2779277339
10805.9933122833 2967.10591287629 739 67.83830170382 10178.9325910193
10769.2699281344 2996.30778354568 728 47.4298395699289 8736.51435754423
10449.9104487721 2911.11448301197 707 31.5249036102291 10510.4028346421
10643.3777021764 2956.531182691 717 5.24752419074534 9596.22924183233
10707.1596397665 2985.51072289003 687 197.574054311673 8439.51759475982
11312.8382851429 2995.66669525278 878 116.824703760334 13382.8766376996
11120.0272395546 2984.58683657343 774 205.65589559275 10221.5301384251
11044.0870991493 2993.08514307415 820 80.7831045622399 9606.99501647651
11611.9101933018 2996.56779029712 940 253.521102096155 11620.7119939192
10869.1860261417 2988.87162349854 803 263.786394218817 13042.8177209698
10406.3819767495 2990.79063054821 703 297.361877033136 12546.692712415
10754.7138396919 2988.34170425018 741 239.255520591874 11026.5131695249
10501.1111852793 2995.64686030985 710 280.030683220134 9808.4754603808
10653.6702168543 2972.41496315837 686 240.170702624387 8406.65109882326
10174.2529564255 2959.57124550657 612 190.191649828539 7874.04013612484
10171.8556809692 2924.79494881119 605 230.982166028888 8274.88717845238
10876.4570468674 2970.04678397883 761 219.215930514128 12116.1896054519
10869.8645262882 2989.07381728903 780 213.769877947805 10459.7901795543
10818.1657453545 2965.66875775834 774 230.855349053018 7859.98778796222
10552.7855439924 2953.22380201144 684 185.157615425022 7732.8807283213
11203.6519317564 2970.76113300794 850 270.276232253604 10600.5619555951
10823.420563525 2909.42409702363 751 153.961357412528 9668.84147963
10607.0831522305 2987.76656743397 757 369.764484323095 11276.7632718069
10644.3974463847 2945.30081929396 731 291.365363374559 10123.4411090873
10513.4133376281 2984.48045675781 668 368.360855277873 7963.96408857104
10405.1710342148 2915.77917063178 702 234.068860442751 9752.84394609008
10590.7232795127 2943.78584058033 708 265.002108682632 9095.81356944402
10920.3156282817 2936.20150844599 765 396.162468645553 12219.7968978401
11032.6234806345 2966.79742923362 801 303.190673018365 10216.1106926169
10538.5230477996 2921.71265967415 683 273.82752344645 8547.06661443432
10757.4768181811 2987.53994162803 735 425.575667157348 9810.16489148007
10575.969020316 2883.17404488746 726 381.329189078924 10898.2971465121
9868.92054562766 2855.65929199692 646 400.796377678874 11524.4701320684
10461.0574299284 2922.12886491358 689 418.531512575137 9280.33314793624
10060.5249503711 2906.16984965922 638 388.836732698072 8420.62921228126
11423.1961604321 2973.54817954228 830 444.452951614426 9069.73931679876
10379.8277443213 2868.47112730099 731 404.287004005399 9897.5032967429
10387.821596388 2914.76374042546 680 407.722798711286 9245.61949558222
10800.8069777491 2995.05582298048 732 158.998974787417 12215.2641430709
10492.8659743719 2980.56373767807 688 119.184199986343 10284.0694380831
10511.5047049046 2996.11065125373 702 199.667907436253 8006.36613082481
10161.7667236625 2977.51567365121 582 102.55544624439 7610.98202679759
10956.448096198 2992.34197622297 788 172.960073839909 13581.3029790457
10805.9678410537 2990.57030884865 765 208.712173898421 11097.6055204943
10674.5813655398 2972.1157826496 728 136.822624402319 10489.8698901022
10692.7979816171 2990.97860827142 715 148.38872675245 7653.36906581821
11301.9775754531 2986.49553344345 850 285.328409612908 13618.2681601855
11345.92723843 2991.21907632533 884 214.239174539734 11786.082110205
10639.0036677222 2981.20875592534 717 305.466511709061 10388.2225410844
10599.6530231483 2996.0504420914 719 285.081486716216 9627.9127017734
10473.0207092893 2975.80654516279 669 289.576301696656 8854.50091146722
10218.4530520481 2966.35628800977 640 211.010241533126 8616.74473939696
10109.6789453432 2944.54669423261 578 269.230052272539 7371.81796482833
10905.5068580267 2979.34123586494 812 285.839992040206 11735.6706581267
10845.4669065233 2985.91990431115 761 218.465202060769 10283.1208009111
10857.6015948009 2970.12522311773 782 246.034214582079 8438.02341124988
10567.343877899 2962.585661614 713 296.489217080287 10114.9291220099
10634.0792525838 2988.64506738583 709 360.33049067973 9183.33617147514
10575.1049556449 2948.46179234021 685 276.626213515908 9600.96232630592
10775.208579523 2971.02230797702 794 316.885573779891 11402.5316713855
10757.4768181811 2987.53994162803 735 425.575667157348 9810.16489148007
10461.2469648074 2941.38653694433 674 355.138486969166 9299.28121167832
10492.8659743719 2980.56373767807 688 119.184199986343 10284.0694380831
10231.4326385937 2994.41851890451 679 188.256192619535 9803.71150335092
10343.5815236475 2977.35673933833 609 140.088612372134 7799.04029136299
11119.1009607491 2997.18558860117 822 59.1907568103219 12497.8430722297
10773.4362736538 2990.29280525581 728 46.628026000878 9957.20586414834
11482.3629264647 2992.54467194111 884 249.4755491488 10880.2831109217
10460.2407171867 2994.70249477438 715 313.244804722442 10775.6445197059
10149.4250082345 2995.4883117308 622 245.128290799411 8327.01757267684
10222.9632519693 2952.15096440533 625 277.135329837775 9627.89671117342
11095.4447067222 2992.38068021719 824 370.466981435995 12561.9204541928
11011.6732666754 2979.17786081334 800 250.687013023611 10426.70217253
10728.9986103117 2980.69946425318 716 275.43496146936 7361.47205564463
10557.2068411002 2976.52608056666 745 370.150380914084 10236.1898299211
10523.3160484348 2986.69988160271 688 378.248270302526 9050.89968017128
10593.5627490018 2955.73576860422 687 322.085899138517 8568.95680365443
10794.3787903992 2974.30289946573 773 349.093209601336 11195.7326537043
10492.8659743719 2980.56373767807 688 119.184199986343 10284.0694380831
10231.4326385937 2994.41851890451 679 188.256192619535 9803.71150335092
10128.9779750429 2979.53475438909 602 137.988229401938 8535.64214833046
10965.1203724649 2994.08048879071 816 242.705322618917 11878.0564816431
10873.6954183849 2985.48753500764 753 101.581754111034 10881.1783670778
10471.5045646735 2998.45864212861 708 287.662193043618 11928.4015292089
10551.6200643993 2996.06634192051 667 260.026301060441 7871.76245126416
10063.3812781573 2966.65509062667 580 290.683641134468 8161.62250577583
11067.6522145124 2991.07066675731 874 363.467715619567 13818.6806021996
10831.3892274681 2997.04458163739 786 275.059334643933 10108.4934477611
10728.9986103117 2980.69946425318 716 275.43496146936 7361.47205564463
