9852.40734875882 2977.69656521757 650 104.41667794919 8058.6114933337
9911.02060465256 2994.16435298115 624 48.3445256760633 7687.91617064709
9768.18638337513 2967.59527564715 602 167.100750945518 6570.45607990361
10487.2802488661 2997.15053504041 818 154.260317958745 13029.5580147848
10181.3094960812 2993.82051146726 711 192.887349420187 11038.8671163478
10269.2106581992 2997.29596353543 770 16.7114160328399 8820.93648014473
10302.1168259622 3037.13193534027 701 66.9727470621283 8360.62276740259
10051.4094292588 2971.12264901504 679 148.911755151885 9250.08673156458
10177.450980466 2994.66881120206 721 163.89450582896 8456.44791441682
10186.8787247366 2974.17008687274 673 136.920665613511 8369.09160493288
10300.5304392786 2930.21713526982 813 58.7273497497975 10575.3927130087
10441.0314023159 2993.23753308273 795 89.3495176438026 10443.5246134325
10332.2724006323 2956.83271572159 769 149.791526638854 9639.44048672836
10249.0894397878 2960.91731303256 769 126.288765555266 9367.56343515869
10330.6447101393 2987.35955085246 750 134.412358807288 8365.86313523466
10059.1616961339 2978.36823424193 714 285.695809198022 11980.4402192139
10140.0087567061 2992.70594527001 717 240.10841978699 11248.4592650707
9949.84714251283 2988.45212212829 673 200.175097488637 8799.94764533277
10014.1598169087 2994.24166116517 699 209.376920380764 8175.33427496765
9987.03132903448 2945.84241298445 671 214.921541101245 8637.05229248274
9737.6768761425 2985.91522286984 620 167.370065350973 7422.00016218467
9576.82840327939 2973.57409875257 546 219.499867905825 6290.3596689749
10213.7479487254 2945.34451746132 723 205.461167149268 9934.5024238283
10197.3412321196 2999.15175050858 731 229.074779749226 10314.1647223885
10284.5093677462 2996.29547228538 776 245.184251283791 8370.2936243323
9992.49216089242 2910.14827212928 709 158.70483082889 9170.6561927663
10045.9226025622 2964.59883009503 683 246.525376671341 8617.07950889531
10081.9916136271 2980.39693311369 706 207.094306698285 7286.14378481436
10056.3395619372 2942.17211575098 686 217.491360630256 7518.99850212521
10458.8496333384 2965.37210111913 853 214.867472295135 11120.2868946002
10363.8791429032 2995.55120300936 792 229.909530933001 8987.15002339291
10401.1267678635 2947.76805313418 740 206.864720738779 10443.1923012218
10307.3709715001 2982.45909488426 749 169.180343334848 8158.74191066375
10855.0122049401 2996.43166611131 835 263.599689584828 9261.2074625522
9888.951931835 2941.28737410745 672 261.46297641576 8812.82222706178
9742.87296921492 2978.85005079618 636 289.311291046816 7729.81034339393
9767.63637377567 2976.16367494003 621 288.500831168002 8063.6788810949
9674.77963130239 2924.71763036348 587 270.443003985191 7318.89421396072
10408.1816039676 2988.36839841785 805 308.052274421308 9844.05451755527
10236.0725640614 2985.30379441001 733 332.511786890756 9553.93328854251
10099.1481545859 2994.78439965034 711 288.901925370394 8393.0669519847
10025.955851408 2887.04672720934 706 284.72070852496 9628.55267919972
10154.683229037 2959.41936598729 692 306.872281096801 9092.11582898411
10565.732957484 2979.76723423192 789 404.137051085101 10301.904183477
10461.929873897 2990.40583586996 775 310.906031425787 8155.21257755503
10295.163446356 2933.41366891317 769 329.575147157718 9970.14181439044
10461.9947329341 2952.40827107351 749 350.434861282176 8339.86195372867
10210.8437494995 2920.9581678325 712 298.855228054281 7928.94792879063
10366.0072684797 2975.3935040722 775 378.722753207408 9721.0352267563
10044.9045804512 2928.03782940257 721 369.733890228218 9070.54845851812
9995.90490248541 2895.39724898367 676 392.671938487596 7501.52696550635
10148.3912322437 2902.28449827031 751 469.004467498779 7900.17744741477
9923.98267677115 2978.29579281899 685 33.3981841485739 9107.10407948576
9752.66561322979 2993.17495758635 651 164.485481553586 7482.59361451346
9798.1934863846 2980.70594108395 613 131.562912611808 7997.48331735291
10181.3094960812 2993.82051146726 711 192.887349420187 11038.8671163478
10269.2106581992 2997.29596353543 770 16.7114160328399 8820.93648014473
10051.4094292588 2971.12264901504 679 148.911755151885 9250.08673156458
10252.0332241015 2997.85007036566 697 179.830097787155 7786.27821539103
10537.1014151317 2997.26558840624 825 70.8608350570541 11046.838234853
10354.8150682406 2986.19731682368 772 16.2377367546281 8756.07149081851
10059.1616961339 2978.36823424193 714 285.695809198022 11980.4402192139
9990.77771047438 2999.32117456298 695 268.827948024771 10843.8144798741
9905.27109808101 2992.69869203429 690 184.426086480007 9787.34562100373
9960.27914278048 2996.9334259501 653 267.40692820367 8013.6028926544
9895.16334051294 2975.55124705822 639 184.488821554775 7661.96697949365
9523.07687117587 2983.26861335496 545 294.303138755952 6047.0296320698
10168.7309010566 2996.02314844824 714 271.034781120906 9990.93339267065
10112.9757617335 2924.50493744467 710 232.580318298974 9933.32309902217
10006.475941559 2967.46584635686 690 233.379591099884 7533.75724222263
10926.7815989669 2989.25443928263 921 386.23274572868 13215.4326273512
9801.437964753 2986.92179116647 638 298.244650846976 8264.33282203264
9720.37185331285 2972.21343352086 614 332.458632091794 7687.75334835699
10270.74612264 2992.15174536083 723 402.122160032112 9233.57683336651
10784.4456104213 2982.09206223592 810 395.830844256996 10220.5345689021
10509.3201375205 2982.2727425809 788 334.270432600198 8686.64838879637
10313.0021185512 2944.96796085188 739 329.708536912956 9177.33023252776
10461.9947329341 2952.40827107351 749 350.434861282176 8339.86195372867
10307.9323381687 2889.63427408585 761 434.9153937273 10055.7043792023
9948.17998280084 2973.16766856446 628 138.645484068707 8411.0092279215
9912.75133851479 2997.77216411975 629 48.0114457889788 8828.788018101
10231.0359622733 2994.07598502375 731 183.31748653958 11349.1431229786
10258.7864691491 2994.81735252105 733 42.9217517498218 9628.0680352542
10244.5358518381 2991.69323526239 693 84.0282400222611 9532.24409075954
10150.9034470654 2995.07691990061 674 175.757493802231 8798.58093796922
10379.4370333915 2993.22483535174 779 187.564778581813 10228.2588346428
10367.9529632267 2974.01442529776 757 127.232382152948 9168.46492583114
9876.49443779085 2995.26197473579 661 279.889671146679 9306.42954713909
9826.91909973854 2971.717145942 617 215.505436268883 7535.067135593
10159.1924275266 2976.58784504622 713 238.688435340176 8103.33215989709
9886.07719877949 2991.56243633917 653 275.64404444207 8485.72114583351
10034.282993358 2949.35830939557 647 326.117381121596 8278.76057839245
10533.5732146953 2998.59726876473 797 338.481566156136 8391.1074054347
9988.73906680474 2985.10199880765 657 130.113525283247 8459.9186305246
10258.3573362556 2993.55510024304 736 43.0043384136889 9782.40479238969
10132.4750406947 2993.40542824362 670 150.109289769554 8928.96566633676
10461.4037131675 2989.23605393471 832 157.799793060272 11721.1491835863
10307.8398901321 2975.58818154936 778 186.69372635772 9673.84087653194
9857.58804894509 2974.66404452902 650 255.741107139528 6974.05214095634
10244.8629559149 2994.25373096709 670 200.385855010112 7557.2069462437
