10762.8498941892 2982.11414416104 797 289.960461206476 10844.5941470786
10272.6974394655 2979.62972028994 669 151.741613166809 9387.36532814635
10322.4369812244 2987.90838398194 710 108.380930640837 11209.9584849124
10079.8121526397 2986.49087353593 582 321.384071962752 8241.32578068346
10594.4892712373 2981.12607069004 707 116.799591450752 10550.779444625
10200.9119018224 2994.61941211949 630 250.287413126129 9350.21684907417
10051.1427863162 2986.96809187137 572 152.829913157341 8229.14645674347
10024.5703907279 2993.88811968334 623 381.089593047813 10577.6423708376
10432.5318742435 2988.52171946366 721 122.14422882959 11778.7485415515
10162.7022910181 2945.66297691007 634 221.369570591842 9394.27475997341
10084.3454035348 2977.89359187353 596 313.760187514123 9078.21537511598
10195.1231942741 2980.13835984429 709 143.20471588168 10157.7488638062
10299.5849280898 2990.78018879901 606 299.502169662253 8573.85820264481
10092.7127515588 2977.07126386101 568 109.366189340352 8558.46590036875
10279.9056474854 2986.4706920662 667 380.734531684941 9118.74313460664
10654.0383388102 2994.2224683168 779 67.1473228543485 10617.0426490296
10869.7982925638 2993.68025349522 806 269.378232342814 11693.3135787701
10435.8352573604 2998.42486592685 821 235.954481100995 11905.0002985681
10341.65416579 2993.32151080375 790 212.159866713216 11983.3631628879
10709.2341632843 2991.04666646519 778 309.477880469557 11302.9511639637
10422.5008063267 2989.14634420502 771 140.260127074968 9608.29613171778
10386.0887570664 2986.10125025816 750 225.794295666336 10910.8248371701
10854.834281856 2996.64016189786 812 350.624836318615 10946.07780877
10587.2237046042 2976.75273145659 769 220.623380162684 11109.3623029058
10530.2487653909 2996.63381342894 833 134.340645150027 11986.1805727248
10186.0433116909 2996.31464292081 734 291.955752921099 10801.0733189201
10292.9052186703 2997.02223762544 755 140.878283650187 10575.7994868843
10414.573675151 2997.51808858116 651 277.372574972385 9237.3740332329
10359.549570742 2995.4776393573 750 193.285778193793 11371.6599863163
10336.5825682612 2991.3592318266 703 390.765733541659 9390.91680580202
10759.4613102817 2988.68317725759 799 107.724643492918 11270.5540398672
10095.3607904774 2962.67934591777 701 152.162137028606 11333.4244099726
10949.0537638185 2998.46125336903 836 292.983080699635 11775.64907381
10587.9493511855 2999.11929043928 851 206.680110095179 12567.3474986672
10341.65416579 2993.32151080375 790 212.159866713216 11983.3631628879
10743.1038691697 2999.60312958113 787 292.641130135828 11659.8502568973
10255.8306269968 2939.79330088559 749 172.335818042292 9470.20112356187
10397.2266191289 2982.87968193294 722 155.841507019539 10847.7332222067
10316.5838291964 2983.0018943393 734 134.772982520458 12288.4840601253
10799.4002939253 2996.58497925831 898 281.550992933156 15088.1469139672
11182.9766349846 2996.09599655284 892 294.001749974117 13908.2074348963
11015.8771796964 2996.26848105598 873 412.610276598103 11660.670274427
10550.0952663051 2953.46755835104 746 125.391960650992 10386.2943959855
10486.6138182461 2979.79619286852 833 117.545546163281 11839.8946407652
10161.9836109628 2991.77349636628 747 166.074158801067 11973.4461595109
10588.1682630809 2980.54050062702 707 109.626124100413 10511.6228937921
10590.0840566483 2994.09654970907 771 341.979349354918 11014.8120195234
10869.9106748084 2989.26920910463 857 336.295577455219 13439.5832681438
10925.0474299838 2998.02197332332 803 297.603101800215 11501.3329436752
10153.7407502772 2882.95769360749 709 359.410962215451 11499.5814311179
10576.6448256247 2972.00211578459 856 208.855667053708 13289.7731116945
10277.0758248824 2931.47662431424 712 353.454063630231 11835.4221250778
10743.1038691697 2999.60312958113 787 292.641130135828 11659.8502568973
10427.0808547412 2868.67670187604 850 30.0685770523912 12051.6052750787
10699.5137313069 2996.46764709574 819 191.544947002282 11696.1854395168
10950.065237827 3073.25329282076 877 252.555510960132 15067.0119650719
11260.0030632228 2995.64120553609 941 279.178006948104 13605.7769603747
10749.1583774604 2994.62079546112 788 114.921239621023 11601.5157558202
11171.7547754956 2998.53479333816 887 382.611619299658 12124.5677004543
11369.8108779736 2994.95469440998 917 556.704413250367 12060.0416639872
11239.853801966 2996.41251235304 941 265.752776620285 13742.7308297223
10681.2324467757 2984.95933117749 784 264.669505194757 11353.8497025797
10606.9040862338 2996.94110165612 852 163.845291899 12562.651826921
10046.6943071115 2888.29074484976 695 31.2440148960632 9400.62955612016
11141.7164705582 2935.91943471077 861 498.553428585995 12962.1543810483
10565.3210131723 2949.71043237518 760 181.815598366929 9904.0893790867
10468.0341407678 2988.20803646847 751 72.6268181671215 10633.4544456716
10637.1575740178 2968.33320587544 791 346.51027283405 11798.4510373849
10140.2305774823 2950.51800887003 726 165.561480604071 9518.0250616358
10983.7971032749 2970.83198033495 858 134.064591850611 15194.0853900619
10152.1097484171 2821.40485155012 660 487.831850189065 10520.6658712605
10300.4199616866 2963.51139308421 756 197.768248876385 11440.2534854128
10310.3475716426 2996.63973567133 785 137.521501255568 11101.2485265288
10905.5746717242 2993.39161885164 795 61.8276813120011 11908.2513754664
11087.9974463129 2993.58043305255 935 405.349561469501 13694.2211137791
10599.1423886069 2997.10135181425 816 173.833931518156 14404.6653731891
10530.5100478779 2994.45019517531 783 252.477611655599 12719.9757226786
10425.9352360256 2991.86207246615 751 180.509850953188 11451.0505508439
10274.9937355538 2983.97804972076 736 177.10974728334 11019.4654221761
10324.7583637743 2996.720473405 686 100.200254305642 9468.65265360182
10297.429203464 2985.85248586722 672 169.461118607402 9731.35403113407
10170.737212704 2975.29026187187 588 139.757186930677 9617.81678205627
10922.7847340115 2997.50058910767 838 145.806427789989 15366.2156520904
10595.418096126 2985.71189099974 780 263.020324989135 12977.2980548627
10584.8563775993 2990.54025386838 764 132.026796223107 11850.2705265333
10545.2978303309 2963.18331177825 787 113.756752892151 13194.9540614576
10625.20392692 2980.20635042278 744 188.41069458405 11996.0151198778
10447.7807895639 2996.84330840814 730 204.436224947241 10189.2651970144
10586.9272872857 2979.31768811772 724 169.359139965282 9969.26162690591
10331.8596262535 2957.27687822364 707 170.282392535198 10722.8006752243
10743.7418669716 2978.58618910859 789 189.09913519467 13163.6218053824
10936.3660883205 2988.5573724141 804 73.6793030857218 12484.5131981085
10849.5705004131 2995.09387392262 762 137.732334343859 10914.9852633471
10685.0230454903 2990.93225723606 723 169.196525396542 10523.1043407772
10425.4319541316 2991.96328652049 761 245.885387203076 11711.9828955849
10329.8218712972 2997.00701906632 748 222.455952866542 10100.7535212847
10194.5211603592 2968.72444016242 721 286.188373723947 11812.5062798627
10302.5021332499 2969.21466916568 684 208.791183321106 9932.51982044414
10101.6389687204 2949.31565266315 667 212.721478234326 10657.4529624213
10149.7565767363 2967.73341547108 609 238.895204190168 10322.1883147331
