13869.6460004348 3985.26136567234 986 132.58728230301 9092.87686120811
13517.9128916099 3982.06571664316 1012 22.3664558527678 12122.6447060441
13943.6783150117 3979.85960847992 1122 42.469373829384 9791.24924512531
13781.6783061523 3984.85168468772 1042 9.98261060122991 9313.69153994168
14283.2177776631 3994.69885784617 1076 101.233869193092 10072.4561132653
13522.9164263467 3986.16636396644 1000 114.131621608879 11199.5721855865
13646.482384141 3980.38856500791 963 96.9034723496507 7514.11345308111
13614.5106609218 3988.73606893683 954 79.4084439654594 8491.14815340524
13378.2186749304 3991.8453424906 1017 188.424227258721 10358.6489141014
13635.4505312675 3981.81997480037 995 53.7234428148606 10831.4554675044
13306.5898773885 3988.90808562651 998 165.940220943263 9303.48128179006
13403.7870442425 3990.94978665081 1025 143.325188457895 10304.5732538169
13715.5639436926 3988.94378806444 1007 11.048619135408 9389.77553993497
13837.6871506523 3989.03188905345 1016 131.675298670922 9354.97246293197
13578.3487560914 3994.87656442443 983 44.4575730972456 8334.02098445102
13540.1853759355 3972.88230590792 964 31.7485345554608 10377.805071362
13790.9789477519 3959.57406956153 1020 247.228339918144 10686.5607326882
13912.5990506772 3983.09486272811 1076 111.977161497991 11272.3349853248
13522.8923898619 3983.07262142364 945 45.4015372758786 10247.9136194115
13608.6745155585 3978.8036963224 942 42.9827944325357 9362.82688526926
13609.8771712131 3991.3411766916 1091 150.81780378302 12104.2038871831
13787.5995819536 3987.19143453077 1032 99.2955941609389 10251.994318581
13464.2524214817 3991.80484189514 1023 72.8812679218856 12275.4653957515
13679.0767777743 3968.63263173136 1013 34.3162231828242 11304.4254459339
13702.1302494527 3992.21089657282 1048 62.7418664088091 10502.1820574456
14195.0460254478 3987.94112741761 1177 25.8764367130336 12520.3484035978
14684.1783385954 3989.26671486093 1179 29.3412210956333 13957.0637339273
13827.8153595504 3982.17519560376 1061 184.747740240609 10743.2575306309
13607.3608414579 3974.28503618511 998 141.314026690623 8058.10517036588
13632.5397674521 3987.93918854187 1016 85.9115156921234 12076.9515628069
13565.8633869935 3992.68756749738 1001 277.460127644379 8069.82986094695
13513.4402908751 3989.29735078144 981 252.756709161027 9086.77920890528
13486.4425919929 3975.76148544801 975 237.89777012478 8339.64365131503
13396.8548846077 3979.95977068187 916 113.16598902742 9698.14548387176
13733.4631117119 3981.25931182179 1062 185.642109188761 10705.8542082465
13828.4257391743 3983.55154143336 1026 139.761660463285 9669.41810327047
13991.0824536337 3983.38116101407 1084 45.9530683584662 12225.6291669019
13738.6685713148 3956.65851858428 1061 238.276665099638 11933.6163899203
13682.0188421954 3986.30589318785 1071 1.67817441845887 10542.7400936667
13582.6352330135 3985.7509116998 981 14.2000411707897 10529.1394722915
13850.033159602 3970.86401868945 1043 55.0694248067216 11553.0389300752
13652.149058349 3984.95551221155 1054 33.1018461327149 11793.9069358704
13501.6792113745 3986.41529798434 1007 199.139398739976 10639.2684579282
13989.3783226211 3984.88250394629 1080 42.8374650997102 10896.5043216418
13359.0451382229 3995.09926057691 974 81.5837594049847 11093.3043639207
13470.7509377364 3987.41401098016 1077 173.973800118268 9878.4695322603
13411.0109486586 3986.75146111985 944 34.8115401576808 10719.9382191459
13544.3152457784 3989.17355256648 963 72.4001747991565 9344.59840338551
13518.6051156038 3984.35296606535 986 80.2154286594871 10808.5005322527
13393.8753061902 3986.52594551828 948 67.2808993126196 9692.41505821705
13986.4740686679 3981.00538038067 1074 114.703184079638 10878.0451771583
13633.828478138 3984.36032731755 1089 149.841551815201 12663.5460176049
14181.3569312177 3996.54618031257 1072 10.6967598294391 10677.1366197552
13559.970891139 3996.10124465085 994 45.8563928947183 12626.8110443929
13597.0441277151 3966.18422224476 975 5.13005699686641 10368.2193686787
13576.4130104747 3988.17722266018 982 7.07799045988759 10488.0241684569
14081.0270987573 3992.68997894827 1074 0.818523757455978 11160.5591274625
13435.2871299346 3984.44845009776 996 133.492117445727 10292.0637065019
13997.580535731 3979.72401944819 1137 126.602951229152 11269.4675378167
13923.6913718069 3990.94158217981 1049 30.2527651726027 11607.580266711
13453.8905076632 3982.32987537094 963 110.779868540066 9354.48462334073
13647.9763773071 3995.11551252834 1064 268.709789676504 10510.365750677
13762.9344445601 3989.26340003609 997 42.615530634911 10231.7682505715
13520.6246732008 3988.22997367318 959 54.3552165775704 9759.43796652478
13827.7504901946 3989.89853274607 1026 21.4253611029487 10916.7873626222
14208.8483230573 3978.30117543505 1038 21.9727947192509 11235.5868820884
13497.8467857781 3988.26543768958 987 169.995644461954 9169.34091581151
13544.2082356872 3972.41564127973 995 209.930112192149 10262.3503520213
13725.278773538 3972.71767329766 1053 220.775061731652 12294.3998949884
13770.2689068172 3985.53857296415 1086 199.939730313034 11990.7477694204
14073.065610786 3988.13074089927 1108 80.4129104498261 13002.0107890752
13590.7977996449 3953.85280906035 1009 53.7862017966377 9667.37198151522
13498.3247146565 3989.7367546514 1044 114.470652596597 11812.154234656
13800.7466536675 3990.06775914724 1102 157.675264879756 10364.2145424141
13893.8546821595 3978.86752114967 1071 57.2537456300963 11838.7780223461
13790.1796874147 3967.08333797948 1050 117.535444849277 11996.3601112351
13885.4175337622 3990.51787781891 1095 55.0934922478018 10608.9662226238
13817.4712912306 3983.43696374149 1054 33.4057555022832 11040.7441928571
13567.3656834132 3990.41966414886 1003 156.757206525916 12609.7579738833
13507.3067458377 3971.69764615767 965 68.5770920994532 11031.1260422335
13451.6664630472 3989.37933706452 950 49.5327534961125 10910.6868078746
13671.0323958498 3994.79361149853 1031 24.0879353218538 12837.1563925046
13543.2542395373 3976.50838002756 990 105.161911885042 9227.3518939248
13635.3214428937 3983.14598934083 968 60.0503505158258 10169.0374576589
14076.1097082066 3988.84816995155 1046 5.95613708396809 10340.8765818192
13518.0570837407 3975.83480451561 978 114.570966494574 9729.67454919848
13708.6074536401 3986.2985870947 1006 45.3848337297782 10722.6251770423
13577.7676368557 3971.28262387097 969 96.374012047721 12334.6837700541
13678.5816553577 3964.19509827207 942 29.1475385885828 9068.40016838121
13370.807160759 3980.07627222709 985 230.265770527755 11999.5905912116
13845.5538167634 3969.76089146208 1083 87.2243745265919 11912.3805592145
13517.9749666995 3982.76554092193 983 205.003908192802 10391.4339476317
13643.7753915663 3986.91826970152 1026 212.308000969987 9186.97458114739
14005.2776230476 3995.17428335557 1041 44.1325366878211 10113.1209206963
13531.1140977325 3992.26799939424 1012 156.353565034792 10314.0154735092
13597.1059676908 3988.04351584273 1047 335.092107350219 10158.467987286
13468.4170866162 3979.0236353609 1081 189.651859895892 11602.1787212854
13647.3402556425 3989.02012249095 1024 114.445074401605 11187.4393823229
14220.1806081906 3989.79992031026 1164 16.657059447306 13056.981395329
14057.1739338712 3974.70228564741 1077 78.506579071015 11003.8068799969
13664.9402797529 3985.6783579435 951 3.12901731017951 10673.9908433023
13649.3061707317 3975.67069416007 1048 49.2908894231191 10263.0587812127
13717.5749054709 3981.76327415763 1059 204.317834712934 13180.7970793076
13911.0729597928 3987.85047957871 1072 49.494125006069 12225.4838470112
13934.1169935183 3992.98788455902 1004 43.241527583283 9310.9480036781
13837.3736213294 3994.80323334616 1056 15.5728012418426 11736.7214240545
13349.3927324633 3985.97516572111 991 314.74590988373 11805.839354722
13441.0113622667 3993.85607329888 955 271.596905216519 11356.7577214651
13623.0176843482 3994.52768833559 961 20.3880966546167 10361.8460349865
14021.0222508827 3981.38197293654 1036 276.74639222731 10668.3572626503
14219.7504517618 3985.70035586107 1084 142.608427252004 12541.0057873178
13748.9721675601 3988.33831366127 1149 170.712025167517 12642.5373298885
14259.7388547807 3988.13918749354 1090 3.79027864251657 12584.4980533407
13747.4492299066 3987.77080042411 1073 186.543904904709 14105.1702710584
13674.4366333504 3991.10760969305 1014 172.473181805818 10305.0418553836
13740.2194485005 3991.96606065487 1010 123.826551343196 10101.8572905836
13603.9487048667 3994.14596401627 1000 27.7748864392406 9693.74843391956
13485.8938829328 3987.67873185084 971 201.615770752479 10593.5971989129
13745.7438833882 3984.22191413893 1009 104.840079228456 12145.0902809893
14107.3159783672 3986.8593415387 1098 83.6620641012114 11378.1010240769
13825.4562531755 3985.00215590172 1069 45.3000626227783 10851.6069349637
13823.2284993419 3988.00387285592 1047 107.170737982292 10639.2050953477
13442.8229822741 3995.00212147662 936 200.429544315253 12262.8156323833
13963.5282284383 3979.2490536131 1082 36.9365471014376 11253.0690606902
13710.1425651857 3991.92436844071 1033 157.005804725948 10063.8338979053
13602.3030516622 3968.01818217927 983 121.153941734958 11498.5048380177
14030.3300127027 3974.68331020671 1071 71.7864764060437 12610.788857169
13503.2310641432 3983.10986425428 957 116.073243652004 10642.2924324972
13611.8949532636 3980.54944705539 992 109.080253108706 9405.59705217803
14234.6249274288 3979.17031154957 1157 43.5630844940385 10737.0286560004
13841.7762348786 3975.85258991683 1043 68.6993628633236 11027.4444176791
14226.1711268477 3990.10417937554 1085 98.2894283879466 11733.122119303
13653.4925156518 3991.95443731192 990 71.589843972175 9348.63052428717
14055.4493123472 3974.43677295136 1138 162.446023808157 10713.2312101284
13470.7576022002 3977.13953709236 968 126.273144306228 8393.65103526715
13842.1385124296 3991.52045929693 1084 28.684235704113 11359.8171635486
13577.6318597732 3988.44606284021 962 166.317172463831 9178.19270291626
13596.6176719342 3987.08837923445 976 69.2709872034952 8527.33382683475
13606.0268715787 3981.23469299567 1025 215.894794916633 9022.48129392944
14035.2480726496 3969.8301776475 1044 186.147091291291 11823.2495879482
13791.8405132151 3978.24550129332 1049 17.606820330408 12222.8447935316
14614.1337423532 3996.9102150805 1309 159.394062195677 15098.7070391554
14771.5567818058 3996.87263475452 1301 251.210770813965 11132.5802938319
14760.9300713686 3995.00373608446 1275 107.307977035903 11050.233793049
14608.1108886369 3998.1043713768 1227 133.190542115873 10096.1336550563
13600.6360888899 3997.75370121102 1099 98.9077458470954 11550.3723316281
14566.7814130134 3984.77572513043 1249 222.864670027169 12789.6119275197
13677.3462506946 4004.9719636184 1010 132.698221066708 7875.48623881563
14072.6560104282 3998.14345845336 1155 132.676612653759 10145.5743585536
13583.6035860186 3998.38965990278 1109 205.089298277087 11593.6689676019
13704.5388804654 3998.25147689184 1119 62.3594864646002 11888.0745170503
13962.2535131861 3997.81363416126 1214 230.701647463847 10887.8218199774
14294.5965122864 3996.49842140857 1224 263.951287818193 12317.5407408623
14283.9739394474 3960.24560931404 1100 189.827201026837 10575.9980356106
13937.5345909763 3993.57327988359 1119 153.234868461515 11708.7629743636
13593.8870243135 3995.93330955508 1003 46.3998566250048 8530.85999449526
14223.5916979199 3991.00528125552 1133 112.903769508388 10734.258701067
14038.0152007603 3993.54803726065 1129 81.177604219067 13408.7772726281
13678.2084613709 3994.21317397437 1132 43.9978521551859 12376.3394794229
14585.3851924954 3992.39333974457 1274 76.016660925166 12306.9340760492
14777.5554769865 3997.9443292407 1271 45.2986333262161 14213.4628716327
13679.7159356421 3995.34626727494 1085 299.067761382332 10323.7577728794
13937.0717084686 3996.8197264359 1136 18.6058212063872 11657.3142267676
13674.4339418831 3996.6705416973 1125 137.257750111682 12286.6866571393
13809.7246126943 3994.3697058622 1083 185.877757335298 10737.4776852592
14431.0245893033 3998.35373927383 1285 223.974432976467 13199.5440906114
13522.8749944049 3997.19779117025 1093 71.5488903969826 14220.2062939308
14517.1562423713 3996.47870120501 1291 146.843659495891 13035.0644433905
14209.6087014714 3996.52895788261 1227 24.0561022100778 12987.1982376629
15498.1399596198 3996.81752296871 1404 59.8508524873348 15294.4905836317
13942.8222398845 3992.25804692738 1115 181.538895195698 10530.4684812841
14602.436683277 3993.73053930069 1190 114.769922297269 10375.1977681789
14002.0563317266 3997.09092666121 1118 35.0204024699888 11663.0067966167
14126.9123423636 3994.98396391583 1083 159.222765324935 10711.9136318116
13924.636522717 3995.94483795037 1117 142.920201748099 9245.09750864196
13855.9374613768 3995.53470189636 1146 255.981018545433 11796.4424920882
14820.7775301071 3990.64050881864 1255 220.596436807022 12824.3602320674
13629.9150344697 3981.70242937584 1031 243.998519052035 9109.64217955719
13906.3279596826 3996.82980756134 1157 198.461672824103 12005.1436274727
14088.2090732451 3996.55679113539 1164 58.0938958098939 13257.255024851
13870.3203126076 3995.91843947205 1149 21.8595093830716 12148.0782362585
13716.0073804803 3997.90454300772 1075 22.3152767755248 11264.8123840341
14582.4624895604 3997.86142285101 1250 64.4690914715043 12102.0227681977
14051.6959923333 3997.10193090108 1215 95.7454974353375 12753.1255813785
15019.4458659577 3987.0930660419 1274 317.286009258236 12762.2156428645
14690.3645864668 3997.54773075197 1381 301.541251680851 15174.1142028324
14129.5025838548 3996.6643868259 1175 25.8825357024004 11989.6487173642
13558.0149807709 3995.97149311617 997 122.641577050487 10690.6362540526
14244.3257386006 3996.92213899755 1269 119.510108022627 12954.8829878097
13803.4112278499 3998.00472893523 1158 162.322273265435 13607.3200568689
14680.7568584049 3998.79121465026 1195 73.1217507278329 11497.0377639273
13775.0832601286 3998.13003592114 1052 27.2909405375081 11039.6748661951
14229.2605818479 3999.00540528237 1251 72.8320222383129 12738.1244851031
13639.9000568543 3997.69306653176 1042 0.857890337563731 11107.6245469446
14544.826740484 3976.03428274109 1171 55.5509424233182 12155.2529612565
14504.2665586013 3994.3801671329 1215 193.685591164362 12161.8764121029
14275.5422194807 3996.65892324444 1140 23.495866332966 11456.7615829801
13603.0889864415 3996.58791362667 1053 133.126310942202 10617.6420703007
14083.8724618685 3997.91622973641 1247 119.608654643685 12660.6516618648
13987.0743852134 3997.50345019271 1104 38.1756418484197 12825.2577835274
