3445.79462938249 904.266929088267 398 12.5716683713595 339.342512972272
3521.90909808116 906.836827499602 399 8.01288311097989 452.92276967029
3474.83967510094 899.015320561162 368 4.67721330551308 325.570052166091
3478.32472407951 889.385707661159 355 9.81241406252548 326.331152191496
3644.06550038339 903.059890709318 427 11.1327541588174 519.115121169321
3680.02638439894 910.148203252642 409 2.93643142382086 520.8855048548
3616.57609482083 907.08086487579 401 25.1981204096151 334.271699879904
3567.65968855398 904.375866463824 368 0.625779957806628 611.829928514077
3614.00214954564 901.259530829095 417 20.6286936219129 581.848025815488
3425.92482340727 900.527312581565 334 0.258063695801297 438.698162612369
3492.78184121616 901.77114659511 354 9.11397841990697 165.424124629245
3524.42833636132 896.560910395712 388 22.9873110213196 420.598617876975
3432.57609552717 894.545199965635 346 8.62138530125691 189.707861142899
3487.89119297313 891.460438199005 376 1.74303948305004 352.927435592889
3380.56913805153 897.619602412183 339 15.5408010596691 350.775002695119
3490.00432278759 893.36216822441 379 9.28494969195737 379.072216778818
3375.008993353 891.712659564183 361 4.27712480207106 430.768691433342
3521.58974689007 900.078076721684 385 41.2455111787899 323.603155786216
3679.92843287523 899.360942908633 390 1.39297283863914 411.099724774789
3573.58923380498 903.05963714924 403 4.65323000886337 468.61381666023
3475.01168932969 900.010605782826 367 59.7426027787054 290.779432406223
3688.17134983061 907.528778488891 389 2.04108958545578 408.30863543702
3518.56992124164 897.330639314577 354 5.50159977801752 449.962217905821
3509.29775005176 904.050123970759 399 7.25291648369648 614.824631329528
3446.38085256331 889.352548197558 393 12.8125839479638 510.409048833591
3448.09495838638 905.842416658611 356 8.66657627712533 367.979132578323
3329.80190300683 908.732908202767 328 5.86583985967025 366.8489594239
3439.79257869741 895.986498158999 364 10.0694086751798 439.391038940945
3578.56707771578 889.763978653858 390 3.09740660274099 614.470921702253
3580.86500203495 901.110423912636 381 27.6132291283125 319.258879850508
3343.16403464772 892.943891731023 306 20.5845806167513 256.284172490982
3476.04511053489 897.745172823924 386 14.0563593187502 440.562848957008
3554.39757396959 901.511884472878 400 19.8687604115869 334.20634774415
3434.11554713075 888.126963281048 361 25.8776507557088 257.340166716644
3430.46815448063 902.72630699273 364 10.5387283524749 429.771039703508
3528.80716731194 881.276555395812 381 26.5869227441643 464.431657061984
3565.27868885047 909.820147860007 370 0.136094720705955 462.026160973577
3500.0920629418 909.557263079042 347 1.82004574596584 585.905108142668
3319.82362397274 894.768422503635 344 3.16606169788088 515.240036443322
3536.91231880883 897.777896541714 365 2.0171462196339 422.913574666236
3580.15957411959 906.846968161519 399 50.0419881119836 323.108189886855
3556.2323402456 896.058134669787 375 18.1693246778473 261.113032275838
3536.1596797379 901.889244149873 362 2.53596354917534 309.579306813255
3463.05935652631 893.368798816912 355 17.4585939679096 294.978407953289
3477.58294758592 898.749498127753 383 13.9954747132707 372.027824704107
3526.12304958903 910.003392909823 373 9.35670156330275 536.485034377736
3541.16840832155 905.742238433199 393 5.06270138706981 351.353602898962
3898.473043082 892.421109920032 474 12.4099970865657 443.416608120839
3660.72315331837 896.563543463165 401 24.0009769031473 372.565269221385
3705.09828971794 901.67963236088 396 1.60923746239564 360.922353491965
3620.72382126284 908.982794378671 448 9.29448061368385 330.378716120761
3440.76140520483 897.778621760871 321 16.2021902763972 242.424152943866
3407.09362852938 876.068386871911 337 40.8017468259129 300.018003765888
3426.45200804408 863.859560550842 389 12.0288750600751 482.182379268284
3599.81051977106 893.601917672092 390 0.130380109217072 573.496166858624
3658.45254619203 904.360973976948 424 9.05504790287927 479.776419453383
3469.97654064333 862.737510330746 395 59.3319298933774 449.275487244682
3475.25826859435 884.85376473784 355 9.42910712688126 321.799209268177
3447.19703467749 881.294703019017 370 8.17713738505086 435.040470543898
3690.40319337853 903.14199237328 399 0.875413338348153 476.618836030494
3539.97596653566 899.378655410112 380 7.3966275608617 395.200076530957
3555.77544776252 908.350996477907 390 6.62057257412243 537.448656641697
3607.22593646288 874.934128098975 409 6.16362456818729 431.280866175258
3621.75884817853 910.070606452751 386 0.472677373774275 481.866267163793
3616.57609482083 907.08086487579 401 25.1981204096151 334.271699879904
3418.1671106388 867.25620058051 372 23.6020437640223 498.385637769883
3406.3704340087 896.624044543241 348 7.39238972368156 491.200001763601
3598.69734152252 891.947114449368 397 2.06714136483788 397.172448580997
3548.01432920094 898.345278365003 411 11.9538490837699 581.180327916814
3414.24421534448 878.32292973066 354 18.9311816538676 140.908989543368
3700.38804023978 894.282158632913 438 9.11619242873894 514.695627389578
3470.25121315851 878.80701213279 384 27.0503477706063 472.312750616235
3494.16634817683 895.61624216152 385 29.8251998990331 440.07628257547
3397.82315302108 877.583939657744 334 10.4723019625596 282.253548315832
3631.70102275047 894.30392126495 420 17.9699302569529 396.26026791837
3453.54983800668 894.330096472103 349 5.99966749131738 189.492757649367
3433.42311867955 885.501321695836 386 16.1195647134332 494.135948757274
3458.72698333673 881.968934979444 375 12.9584050213881 385.849657889936
3738.52035151268 883.621528345565 459 15.0912287354637 541.486494022069
3501.17057048692 896.313891826872 341 12.9161017028128 281.137092807151
3408.0111310009 891.474435337267 358 65.9056314934446 360.512835318988
3380.56913805153 897.619602412183 339 15.5408010596691 350.775002695119
3470.33713911612 885.601312149728 382 11.7433476508915 383.818351085228
3439.91331664165 891.873780310277 364 12.3901652131516 431.96827099047
3521.58974689007 900.078076721684 385 41.2455111787899 323.603155786216
3679.92843287523 899.360942908633 390 1.39297283863914 411.099724774789
3573.58923380498 903.05963714924 403 4.65323000886337 468.61381666023
3401.10119539223 869.149727814803 364 11.3210986357614 367.287455193243
3456.00689634584 892.817673309817 367 57.3670036557239 283.586499933215
3688.17134983061 907.528778488891 389 2.04108958545578 408.30863543702
3509.29775005176 904.050123970759 399 7.25291648369648 614.824631329528
3395.59648767503 885.168819889011 343 2.10426743820756 281.830831086324
3329.80190300683 908.732908202767 328 5.86583985967025 366.8489594239
3615.51514403392 895.575836611274 400 11.8959119918844 483.189487275148
3450.07289577582 897.937079573655 350 24.5868790493627 336.280274183617
3551.12706139242 898.078127171169 380 7.81223208675164 443.865122428408
3580.86500203495 901.110423912636 381 27.6132291283125 319.258879850508
3560.79220043667 899.827624209219 389 0.672247942119157 611.67939017429
3343.16403464772 892.943891731023 306 20.5845806167513 256.284172490982
3554.39757396959 901.511884472878 400 19.8687604115869 334.20634774415
3635.07102789281 902.64483987502 408 1.04131839511217 578.853031374535
3559.11913761757 892.87421664763 387 0.633849183406483 438.102368129711
3582.8756333303 900.312076847677 377 0.204784432413476 591.038611728582
3275.23294993743 879.380455828869 344 2.40777255653211 499.852069768556
3633.57088647701 902.499724442199 418 12.7212113221394 470.447483734168
3510.73479615882 896.846968161519 378 41.3638908668875 303.108189886855
3638.79871085996 906.058134669787 392 28.4901210046423 271.113032275838
3586.93186176218 890.287102890798 422 30.4560079615987 425.634900203069
3536.1596797379 901.889244149873 362 2.53596354917534 309.579306813255
3526.59105966204 897.526169794704 378 25.4000568598765 299.135778931081
3524.730959236 907.483839767962 373 8.83466768091932 545.097518971762
3625.10452715705 900.246601697993 415 15.5547162415074 298.427322367147
3440.76140520483 897.778621760871 321 16.2021902763972 242.424152943866
3753.15420606153 866.01129505644 474 30.5748517141244 481.149779119698
3705.09828971794 901.67963236088 396 1.60923746239564 360.922353491965
3646.44343768718 899.232856773723 446 12.5094326667266 375.45537703141
3417.59009229929 885.986837421386 321 13.3057761632048 230.63236860438
3407.09362852938 876.068386871911 337 40.8017468259129 300.018003765888
3602.10168692423 883.770451994104 390 16.645530473434 402.93024500692
3333.90539606377 849.156981853054 387 46.7338545526907 458.177793906585
3658.45254619203 904.360973976948 424 9.05504790287927 479.776419453383
3521.50677479801 904.221424228694 329 5.09586792052511 364.957424600236
3802.39271128851 896.706535799852 465 79.5074965603218 319.418587076732
3469.97654064333 862.737510330746 395 59.3319298933774 449.275487244682
3475.25826859435 884.85376473784 355 9.42910712688126 321.799209268177
3558.96663102403 882.564156213649 390 2.3690569627986 438.028651237267
3447.19703467749 881.294703019017 370 8.17713738505086 435.040470543898
3754.70607099852 877.325062266927 445 24.9041441366682 624.613627347262
3690.40319337853 903.14199237328 399 0.875413338348153 476.618836030494
3539.97596653566 899.378655410112 380 7.3966275608617 395.200076530957
3604.74320333979 910.38473111184 407 0.49960312696453 600.705939315315
3690.70171204052 902.869726606332 415 4.27084737901794 420.63388238623
3621.75884817853 910.070606452751 386 0.472677373774275 481.866267163793
3588.56664318965 871.285897332239 406 31.5092422043288 284.600432234069
3389.08571534675 885.854892832422 348 5.23179989093825 492.14657880532
3822.96758594228 893.363907738645 482 46.7493731714927 547.129266868229
3598.49189769487 891.232338596768 397 2.14418280020402 395.742896875799
3567.54358957188 897.809721332835 391 23.5642499983392 399.897522987743
3639.37425796225 899.713757899743 424 29.9037806139832 634.647599777728
3616.88628490178 900.882846740337 414 5.87921768667621 581.675476013156
3505.25546936736 885.288040086812 350 7.55477490100731 211.783822338179
3603.56998847272 892.545810031598 421 44.1817195429384 482.782362757667
3700.38804023978 894.282158632913 438 9.11619242873894 514.695627389578
3470.25121315851 878.80701213279 384 27.0503477706063 472.312750616235
3533.20276525646 890.472876345392 391 9.76832530628229 434.086153194194
3631.87601982255 893.230259214267 420 17.9918048909631 428.809004138505
3538.93769393569 903.091876783576 365 38.0201134646947 227.338793783541
3458.72698333673 881.968934979444 375 12.9584050213881 385.849657889936
3738.52035151268 883.621528345565 459 15.0912287354637 541.486494022069
3725.48905514507 902.679028335919 403 71.2033300439915 276.250422226316
3408.0111310009 891.474435337267 358 65.9056314934446 360.512835318988
3364.54093179036 866.51223301061 373 24.9678735666105 371.311846446196
3439.91331664165 891.873780310277 364 12.3901652131516 431.96827099047
3573.58923380498 903.05963714924 403 4.65323000886337 468.61381666023
3401.10119539223 869.149727814803 364 11.3210986357614 367.287455193243
3456.00689634584 892.817673309817 367 57.3670036557239 283.586499933215
3679.66158676936 905.6420009326 389 0.977369202799423 472.765376994297
3753.15420606153 866.01129505644 474 30.5748517141244 481.149779119698
3705.09828971794 901.67963236088 396 1.60923746239564 360.922353491965
3646.44343768718 899.232856773723 446 12.5094326667266 375.45537703141
3417.59009229929 885.986837421386 321 13.3057761632048 230.63236860438
3407.09362852938 876.068386871911 337 40.8017468259129 300.018003765888
3747.75487555376 891.213560771551 461 30.4111255174238 405.179479743011
3333.90539606377 849.156981853054 387 46.7338545526907 458.177793906585
3658.45254619203 904.360973976948 424 9.05504790287927 479.776419453383
3521.50677479801 904.221424228694 329 5.09586792052511 364.957424600236
3593.5616228262 885.585662566393 399 7.23674957923186 381.920157077383
3802.39271128851 896.706535799852 465 79.5074965603218 319.418587076732
3675.75189189648 876.527495932761 420 33.6100109867342 473.607011435986
3475.25826859435 884.85376473784 355 9.42910712688126 321.799209268177
3558.96663102403 882.564156213649 390 2.3690569627986 438.028651237267
3620.12881835562 899.536152543429 401 8.75391173820924 443.514566498579
3792.11340937928 868.650903161162 472 29.580061434263 581.103623591381
3535.89579713701 897.251514030785 380 6.88660638603039 390.945793772303
3674.92076193865 900.770626097955 429 8.27259169789352 631.392183123382
3701.83789374875 899.709725149284 431 5.66287009254654 411.153878015086
3560.85449697436 912.674728976295 370 5.09343095938124 416.345580977217
3784.82866629628 901.822817555933 459 7.78285005835988 375.672958022863
3588.56664318965 871.285897332239 406 31.5092422043288 284.600432234069
3642.46910099783 887.963743110525 399 1.33908516708135 527.724048170066
3878.80517184859 897.097541965462 493 47.1008942858639 561.378633200743
3598.49189769487 891.232338596768 397 2.14418280020402 395.742896875799
3571.05680849398 876.780358639602 407 24.0034023636015 378.86816029451
3968.88722632576 894.83873360692 499 3.60822418109581 538.376692769309
3764.96917053937 893.913404700256 422 7.2765756889433 417.551339697283
3641.45514042251 899.752699191061 369 9.56463112432505 358.995420322146
3664.79104669894 903.013925686023 402 6.66255305104045 431.895099771292
3646.44343768718 899.232856773723 446 12.5094326667266 375.45537703141
3747.75487555376 891.213560771551 461 30.4111255174238 405.179479743011
3524.63698167307 899.406420946486 380 22.8451296380459 472.164789839645
3521.50677479801 904.221424228694 329 5.09586792052511 364.957424600236
3806.66802646536 896.478263068367 456 19.4015508756638 352.447086306668
3968.88722632576 894.83873360692 499 3.60822418109581 538.376692769309
3773.20688703642 896.427385360932 449 5.43706291379556 439.485392073976
3681.78652643257 897.0391783442 385 4.52320787306684 321.496297592935
3664.79104669894 903.013925686023 402 6.66255305104045 431.895099771292
3714.85207139399 894.46531083083 462 13.1438049733266 414.867809037629
3968.88722632576 894.83873360692 499 3.60822418109581 538.376692769309
3773.20688703642 896.427385360932 449 5.43706291379556 439.485392073976
3684.80203441519 894.956460794575 385 5.65402336654927 319.413580043311
