14285.323462241 3914.128769077 1458 96.4688577956647 8218.07998689694
14534.3996966055 3953.50647875245 1458 197.704695252769 9713.6753054303
14362.3570222962 3897.36004994287 1458 34.4511009212379 9515.0213812823
14246.8795910499 3900.63330143139 1458 203.792167589031 9701.11810149111
14571.536930695 3985.84553183829 1458 3.18613169229752 8401.06500055823
14467.9431860109 3925.41597665296 1458 1.57746421567867 7911.02328900909
14312.8213858174 3900.83425514949 1458 63.5726754780394 9924.55327057173
14526.5693792717 3946.42173117908 1458 53.8795323382726 9818.69106875088
14588.3854262444 3917.24650161914 1458 45.2748341600004 9298.32470259603
14047.2982370361 3764.90563857932 1458 272.030796678171 8099.32680731192
14559.2192470876 3975.47090887775 1458 183.555229952934 9919.45755206016
14409.9838295105 3915.037942694 1458 114.155953020133 8842.69794701805
14489.3907225887 3947.9526023563 1458 177.191885021138 8683.78203116206
14466.0483881529 3971.51177433307 1458 116.949671320433 10362.2773253056
14299.913484354 3882.07028684626 1458 155.265240457521 8566.864538757
14376.1053922029 3935.23894507421 1458 107.452933600726 10184.9789875332
14399.151859328 3955.63996272498 1458 114.170732786498 8718.97717271625
14401.8151593053 3900.99868674921 1458 72.5243821237927 10059.6625904325
14431.8563423198 3931.81580484693 1458 147.464534744148 10190.0674645151
14495.4674573373 3949.23144086338 1458 156.240087620881 10589.6758587842
14299.0679953816 3974.32018434382 1364 1.18764088698663 9620.97105909643
14423.0962705943 3883.03782476151 1458 121.824365339614 10049.2900552722
14153.2771817997 3883.694052282 1458 223.400438410276 8249.5859813555
14192.0484149359 3977.57223024457 1327 17.1370242977564 6034.79833017443
14166.6821778805 3846.79823551571 1458 169.548544038296 8255.78280009054
14235.4249010838 3874.59762140251 1458 119.053649792007 9775.1076362362
14506.5615859517 3935.76895609697 1458 41.7034849626643 9035.841159156
14255.3271384962 3825.0646016506 1458 193.519715161191 9296.67660429838
14309.7393073851 3878.41489213201 1458 129.34121338694 7904.72813945434
14362.2667125307 3893.77327319177 1458 149.720275331607 9157.51652347269
14128.7584807561 3830.21769369713 1458 24.8922968971269 8831.44739902191
14293.4217754563 3869.22224832902 1458 137.214762789556 8955.36719825557
14372.7823679836 3890.16502194927 1458 41.8257100826509 8649.94188833173
14591.6215579305 3967.72719507698 1458 103.739457095367 11204.1046115051
14574.8769074244 3902.52377789357 1458 108.466762295588 8828.71105912577
14429.6911543345 3933.99485963904 1458 129.273729062126 8884.32755990652
14617.7399281892 3990.94966830606 1458 59.2678166594196 9922.85667736069
14485.0312513073 3950.14853215909 1458 107.782566829313 10161.7618124106
14484.877102547 3945.09369831378 1458 174.709457141092 9998.67557667924
14302.5478845787 3832.10249843146 1458 125.951034420506 8742.37145606285
14049.1706634743 3838.86199012264 1458 138.610303971938 8244.25606838791
14249.4853142907 3898.54168555467 1458 182.163288815126 10001.8960738691
14113.8281727768 3851.46844710632 1458 72.8467595925003 8355.54073662085
14410.8776080287 3937.04684646417 1458 148.686094072252 10560.2222912702
14263.8025708351 3912.34366731437 1458 137.960223758072 9899.03707271952
14483.6717770812 3978.11792749801 1458 183.491573259904 10103.867176565
14215.493520646 3859.60159866476 1458 122.749578589589 8673.07326163241
14188.9659856239 3878.31590127735 1458 143.072767227336 9002.77173361269
13609.4075294448 3663.25853822696 1458 76.4105447708148 7032.59223187606
14489.3077100345 3980.61540758047 1458 219.761378413052 10661.4097575004
14525.3929149564 3947.03234788373 1458 100.946122675957 10244.3473872241
13937.4071676963 3781.62684813881 1458 52.9793209775744 6497.15960740526
14518.0934589093 3943.3282720742 1458 195.666415540745 9519.80489216066
14328.6754461871 3859.44473297831 1458 58.1450961829198 8531.77192422423
14739.3682487811 3949.23605757558 1458 57.3260887660949 9770.64854683847
13742.0359802092 3662.95749114066 1448 32.7280555705515 6963.97110674865
13929.6200798245 3739.94639903549 1458 157.12436565047 7943.32541014859
14309.1466456446 3877.50902268491 1458 151.971100326096 8389.51923804904
13864.9838785858 3719.13503558812 1458 62.3143258781008 7494.20261648618
14589.0595341592 3925.22840219624 1458 52.9543713375735 8487.46985466521
13241.308163712 3517.76086835612 1458 283.698941252347 8518.19454613777
14404.5676583054 3920.92060619398 1458 15.5379197816603 9424.07812928292
13634.0056079834 3603.64009063983 1458 72.0080205659369 7353.00137609765
14376.3490277454 3904.8377269411 1458 210.4136039428 7324.81205523884
14141.3844688373 3779.04338789149 1458 211.393789711125 7406.17144510988
14587.1761246191 3987.62015031755 1458 56.7192658934009 8686.01624700336
13828.9502372792 3594.16367627989 1458 355.80649039091 7063.38515093445
14416.4573416346 3927.41811850179 1458 108.846353992201 10501.869604438
13604.0773131031 3574.57085004088 1458 595.508856313897 8672.74896095992
14625.1642968604 3968.33658695195 1458 96.347361625626 9610.96936843877
14398.2439245658 3906.97355311066 1458 93.9463776618359 8953.71800394404
14443.5777821778 3914.81518560463 1458 12.8087618723609 8017.92864562631
14478.1641029309 3920.37236510216 1458 41.7018764606823 7656.79722218674
14103.789564746 3799.64678754103 1458 15.7456527973311 9580.22445216047
14460.6139944633 3974.6198569341 1441 1.08733132936482 9115.95345880456
14574.5101815997 3965.07282901457 1458 160.283700398164 9386.38351846256
14281.8337218358 3858.35219739936 1458 98.5615922107925 8081.97744361809
14322.2771543973 3894.59157804731 1458 20.3279260470681 9968.0472694294
14320.0764345194 3869.98774123329 1458 114.235568589241 9184.70847336739
14408.1548586217 3851.16727143716 1458 67.8036551128416 9043.00626753308
14047.2982370361 3764.90563857932 1458 272.030796678171 8099.32680731192
14615.5994523551 3971.05869603806 1458 162.736211379313 8994.19776124842
14520.7864204484 3951.28956049805 1458 207.859228255808 8654.5480356785
13474.311732503 3569.5311254143 1458 91.4611349943903 7934.76754270454
14109.0625247516 3726.93777267181 1458 352.364000828922 7991.32229482718
13945.7316686742 3660.49019335147 1458 313.729457922577 7084.90533933104
14117.7398735862 3714.01509090476 1458 76.8320891740982 6488.41789690658
14641.9350639335 3940.21408856489 1458 16.6446083166347 9084.97686232741
13118.2780533994 3423.77573189108 1448 246.634898559299 8409.39239332274
14332.913049808 3790.00103874053 1458 5.70304299896338 8289.66156698896
14171.6166530867 3777.30033676413 1458 7.31017162653143 7858.27025430517
14054.7371974424 3676.41526324724 1458 73.1936404345392 7124.65905804456
13738.752152326 3671.41235681098 1458 168.319769996564 7844.47533100695
14557.6962356561 3945.24586189945 1458 112.903911688844 9612.56285365604
14567.9263460203 3963.52489846116 1458 37.7353994287814 9176.48722614843
13976.5545443405 3777.40983986754 1458 40.6890294626598 9101.46637010498
13752.2640817778 3695.05151832511 1458 2.48609460934699 7220.37970724312
14514.6304009354 3913.36117589242 1458 74.4485581332069 8497.91642986555
14361.7388704631 3800.34798525688 1458 60.7139680339385 7648.83537343352
14513.4663667126 3924.9141118469 1458 134.655278233532 8712.45188494723
14360.1439281642 3878.62314814947 1458 161.036035718077 8405.74638201197
14198.8939303883 3874.44910821537 1458 233.920017437062 9188.27464541438
14304.2329277979 3854.96176537102 1458 51.1313660567478 9396.43642661255
14471.4927690236 3918.35820628562 1458 175.858840562425 8559.38758199037
14056.6885422544 3840.25394012845 1458 175.371930513218 6479.1510628776
14406.2929872571 3928.02016109675 1458 131.15598280908 8737.21581238007
13924.0349773006 3754.1157770339 1458 108.280427075847 8412.69070522982
14370.4396479419 3920.22061621306 1458 62.1423560959111 9482.74596799896
13725.4192298326 3708.00729833932 1458 118.054135404715 7419.06994811779
14295.9671187348 3885.90688332236 1458 70.4897439061324 8792.42702520968
14296.2641824827 3902.74996712315 1458 166.519405606906 9288.11461596232
14365.7105764049 3947.02713002417 1458 161.899302809852 8350.14185484509
14402.5963294011 3890.90108967321 1458 23.9563123433468 10060.2196114092
14528.7818957034 3912.38498060651 1458 136.356417479823 11119.9835045216
14021.8933634675 3765.94566126191 1458 75.2777087221234 8486.07053077909
13584.069518604 3617.01095458308 1458 8.23336324989828 9834.98050265861
13393.956768296 3555.26424769601 1458 41.0197743505103 6821.84903609481
13894.0729182062 3653.79921745994 1458 91.7442151612147 6994.69169484128
13899.5487641664 3728.93378395949 1458 22.4497533324679 9959.33051823038
13918.8344096839 3582.61699510471 1458 169.790810980574 6799.96782999917
14247.9030341608 3850.35175939869 1458 83.3598169723346 7774.6982617173
14299.0679953816 3974.32018434382 1364 1.18764088698663 9620.97105909643
14162.751380973 3843.9022577661 1458 41.5878369038089 9717.51680331751
14623.4173381273 3972.86267849413 1458 113.886077458603 9880.53912729858
14423.0962705943 3883.03782476151 1458 121.824365339614 10049.2900552722
14520.8861232435 3975.58941353709 1458 100.600632209929 8910.71149551111
13589.0304602943 3645.96792862104 1458 106.848639340406 6543.44641396981
14653.9892930045 3974.03000070739 1458 62.7178602496281 9236.02497323265
14299.7727672066 3891.66687757342 1458 224.975469536157 9128.29440376709
14626.2191066587 3973.18143223151 1458 1.05795998217172 10495.3293636761
14498.3628212944 3974.95048243682 1458 149.201466229272 10506.3982159
14509.0915728147 3925.37901250399 1458 78.4433044174125 7936.26191526123
14286.670630831 3988.25751200482 1330 5.30924731086543 6228.44689812735
14166.6821778805 3846.79823551571 1458 169.548544038296 8255.78280009054
14544.9865157144 3907.55323986875 1458 50.425457090294 9050.82534693638
14592.4190947789 3983.98194370481 1458 183.015405470027 9325.67238517686
14452.5789730692 3869.31981146833 1458 31.5045018482715 9351.80459572593
14605.3205895496 3930.61262628456 1458 105.456735602359 9253.02795315742
13584.67003113 3556.56539924318 1458 575.756365936169 8526.38392235995
13533.6400316545 3590.34382200031 1458 24.1135140053236 7162.38646997559
14061.5025989386 3778.89419246741 1458 78.8315907279434 8495.4006988667
13777.9578544682 3716.73947634335 1458 32.1727006267602 9058.04971409456
13918.3622125358 3713.15853703454 1458 88.3350704813115 8880.22361204115
13526.8236970909 3563.91260482689 1458 4.44766232901088 7126.85040509323
14566.047395467 3984.11034144056 1458 202.188668603439 8911.91390647665
14309.7292485676 3878.4115392127 1458 129.339956034748 7904.70131609986
13960.5371744584 3756.20557326478 1458 6.95906701963463 8636.2691943368
14371.9687584346 3799.19905596797 1458 89.8746997214421 8119.16484073884
14591.8283064487 3957.98988773629 1458 59.6492223755363 9733.81658899671
13507.9159305606 3652.15470436871 1458 42.5712621558132 7740.39099245157
13164.7147176099 3505.56879947983 1458 75.3760461245943 7580.1659340807
14023.727670681 3797.1961129837 1458 38.0211481565241 8516.98111085379
14149.7785729513 3788.69458829996 1458 201.808529601238 8060.50024958109
13267.1633798382 3558.67906116155 1458 33.9092478409975 6425.49372138948
14426.0831224069 3950.80314080193 1458 253.185303053097 9634.60722216188
14152.4046805332 3798.63674054994 1458 14.2784991513527 7030.73413342765
14115.842541079 3703.06956686901 1458 174.528509039862 8225.49949794516
13765.9719914622 3599.64300575002 1458 27.9531513166107 7177.22064223495
14072.5814623828 3664.50371304755 1458 133.126048304379 6659.79831414771
13944.6431844741 3730.71819769996 1458 138.751039339521 6612.58356854824
14258.0542702145 3819.09923113444 1458 147.097342391275 7000.63595058627
14312.2410135937 3973.47419191907 1352 7.48220204761219 8726.15750144248
13945.0002560467 3752.84456566571 1458 99.296058811409 7099.7566940264
14319.7374126301 3883.80616833266 1458 65.5385500623249 8125.06626534129
13745.2071565431 3520.69988147949 1458 209.5412572688 8390.37521835991
13936.3265720139 3722.83681075625 1458 75.6679037196477 7350.00374999679
14354.6839216414 3916.54917407901 1458 184.841747223511 8577.60830140464
14387.7944880435 3904.76954524833 1458 137.413058552129 9474.20348400895
14458.8379718542 3873.95364308053 1458 75.3648117909945 8141.61872701856
14348.8434999293 3869.56662905192 1458 29.0001843662649 8481.42636508449
13890.837350407 3548.82753901058 1458 198.157560912243 8236.09187327055
13799.8385318948 3564.63409078125 1458 20.9009194046478 6403.99465524227
13798.3744428787 3618.60511416288 1458 110.387346037488 8019.89990367481
14429.6911543345 3933.99485963904 1458 129.273729062126 8884.32755990652
14450.8695680461 3837.02617102625 1458 11.2497113521349 7474.38568809699
14607.9321380173 3987.65583774299 1458 58.0418428879238 9584.46406284873
14635.6433523678 3958.33171875765 1458 72.736060226656 9041.13257076256
13268.8274999575 3551.94461074567 1458 29.4514032187976 8055.1666487359
14369.8052265003 3841.43610465824 1458 107.79671361638 9430.39689673335
14409.6398375738 3913.73792345499 1458 74.6557976238764 8095.97198025968
14078.1174716664 3709.99746406893 1458 33.1685791411667 9127.61465532555
13920.9866463468 3655.28607646622 1458 89.5689433081764 8935.6500319787
14040.5553059342 3748.01416802217 1458 48.5083117273732 8028.26624937551
13480.0429174129 3618.78163016796 1448 67.4693357142628 7172.27597006378
14064.8797568809 3832.04715205998 1458 182.911201716655 8403.42358796126
13578.3041257736 3674.47588852137 1458 22.1807571518793 8428.2059978385
14171.8500241579 3806.09221957308 1458 113.811004549694 8030.95734502513
14312.3558077404 3873.88350827753 1458 239.410555052893 8212.65404661587
14335.0654079536 3862.40650294151 1458 161.181574065492 8730.11468224293
14561.6919078643 3950.46038583943 1458 29.4429840956716 8797.17042892296
14669.1104387376 3964.88775895177 1458 15.8986847691338 11418.1947419545
14240.2133489818 3884.23273621501 1458 151.312046261195 9368.66160081809
13606.6077851375 3627.06938303463 1458 9.44421113758517 7400.01579180405
14042.4749435998 3703.62412974781 1458 102.635761018637 8967.20637043334
14133.3147564201 3746.59998506174 1458 36.9823144792967 7757.31291438556
14260.4985527085 3850.29876381369 1458 103.24168088502 8512.40791543638
13963.320700518 3811.73430382959 1458 100.399989968443 8990.41643854131
14339.8135181283 3883.66082421064 1458 120.907509903059 9000.27093004592
14091.0949573229 3830.86413492238 1458 182.618325280803 8269.95346522251
14466.4434039207 3906.38247608589 1458 112.046963431491 9644.98402979275
