14319.0433755032 3868.2709012216 1458 78.9241932528146 7747.71367022577
14285.4599415858 3878.75277890612 1458 81.3441863192199 7750.96127429276
14407.6191269041 3936.47991208965 1458 175.668661593329 8751.95709844593
14413.375419735 3888.15299741485 1458 19.1978833232401 6525.15336714124
14366.8512275482 3931.37552472443 1458 140.04044004894 10733.7690578834
14538.8077904014 3975.86595349613 1458 67.2570440908635 9266.4408404248
14339.2409429485 3843.17759508834 1458 155.451251502815 9075.98096200862
14564.0729342893 3971.2752649525 1458 13.9510976378019 8132.72688602498
14536.620486853 3984.02203145297 1431 1.78742436659741 8663.43671173817
14617.0981951897 3969.20707063869 1458 137.192261609552 9388.14955012346
14507.94694516 3917.39554478559 1458 34.6654925552971 7226.54324230819
14476.6926250106 3961.32266272664 1458 113.038847961536 8559.6268172921
14605.0960957811 3965.2420899653 1458 80.9500140040695 8199.47743969855
14213.7143319772 3985.19179720992 1330 1.89900197114298 7611.52193139694
14593.2610025875 3969.41510189328 1458 88.571300057866 8899.49596715065
14418.9996426575 3925.00590658541 1458 175.680259867143 8163.34551699924
14304.8645123667 3849.21555892938 1458 185.635248256839 8631.09167296303
14399.8151616251 3911.49756399016 1458 127.655862272446 6617.25108646561
14551.6386972332 3968.65283901321 1458 34.0290542401658 11473.301095137
14353.211292435 3893.72077005744 1458 36.7733419230076 8079.00975001506
13933.6541734709 3803.49119966803 1458 93.0012128299638 6423.64418360096
14291.3169734011 3972.92046756816 1340 0.103347502996712 7072.37938463578
14220.8806943144 3875.62607261188 1458 107.016244851107 7715.20518523621
13923.1496147224 3753.64760430561 1458 15.0416811050488 7212.78442322083
14304.0891057454 3912.47515946636 1458 91.588789138752 7669.58449975246
14494.647582479 3972.80274497918 1458 44.5505104028407 7091.21053019583
14516.4480847878 3962.8757218243 1458 116.62354459462 8222.94626762173
14469.3805623058 3965.58468169633 1458 181.403345437433 9165.39596704959
14402.6057357217 3915.99454877688 1458 117.729479153747 7856.9586898939
14426.4732346382 3915.72668007828 1458 147.974300563661 8551.61047647657
14461.9067729311 3915.32981120823 1458 60.2483771610844 8163.54994572897
14421.3784040756 3968.85183817754 1458 42.4767458360436 6634.92660662577
14351.8818266492 3984.7455773014 1379 1.14154917511405 8137.64291228958
14293.7407380009 3897.64917632762 1458 112.59816601388 7863.310154347
14521.4085358269 3972.07269240933 1458 121.661876190272 8723.79539989063
14527.976155563 3969.6741237676 1458 195.112765036794 8974.27425157758
14314.0237134233 3903.44170515748 1458 133.320345647891 8295.42049579992
14486.9400197269 3933.60837746208 1458 77.599645808343 7617.75723856174
14588.2958604122 3954.08623908587 1458 116.247729985384 8024.4693773881
14151.3703578404 3767.74080029664 1458 243.178455075622 7120.85387281891
14562.9598915441 3976.7688547894 1458 132.006293666776 8265.60787388548
14529.1178305655 3948.15912811251 1458 40.8874821318086 9299.44345363108
14378.6659491156 3909.92019338546 1458 82.1935639154976 7261.24355687367
14733.2716911081 3972.6528730194 1458 84.4290294167395 7925.29498748679
14258.9450601588 3778.80130899907 1458 107.361549661254 5997.34286421775
14302.5342321922 3854.11028313564 1458 196.137628639802 8660.03146229927
14209.0352848768 3819.69393255178 1458 48.6942944131445 7617.01495762454
14068.5407024355 3718.91275318383 1458 144.439838957334 6853.22329239532
14074.1466212039 3780.4784750816 1458 3.59888906212359 7340.5623463691
14338.7465153663 3848.25769025716 1458 38.5531330839613 6523.03765799651
13257.3086802989 3509.84238520666 1458 145.561653405392 7243.48626790459
13891.7672863304 3589.50540010393 1458 337.579910420584 4358.76887679786
14436.5233886776 3879.78309745303 1458 108.750037606609 7852.03622970153
14306.5688931497 3897.40643471897 1458 58.7344606791137 8312.21449442274
14495.5063671878 3982.65663714657 1458 245.331400194353 9388.96546433929
14285.4599415858 3878.75277890612 1458 81.3441863192199 7750.96127429276
13449.5574275749 3439.32175640355 1458 55.9109491771746 7667.10318151406
13684.5757239664 3624.24240067703 1458 5.9132968463141 6737.21152097684
14351.5362878175 3925.16963664014 1458 139.676015809524 8280.86652297793
13510.5516019654 3591.52411908582 1458 163.660334733117 7188.38779982472
14413.375419735 3888.15299741485 1458 19.1978833232401 6525.15336714124
14401.0835138399 3849.18572138184 1458 26.6212237397649 9833.55284252398
14409.9226589975 3906.45269299523 1458 202.269454623095 7370.34567383968
14369.9149176907 3914.39653625844 1458 123.171284964271 6334.03615894495
14435.8006703056 3956.2829882133 1458 144.020272953816 7956.15012789843
14191.5513488249 3796.45000815032 1458 210.32987694311 6763.79685145213
13443.9910964028 3578.16037601073 1458 32.2690208180302 8365.51714890017
14220.7362738959 3834.1501469035 1458 304.165582406494 10353.9226008512
14539.2791646509 3898.98375371765 1458 25.1948003032649 7963.27835529962
14167.7142284365 3830.39150032784 1458 64.1265096954769 7044.07948541888
13947.853976682 3661.51374177184 1458 63.4077716517684 8029.65982376251
14538.8077904014 3975.86595349613 1458 67.2570440908635 9266.4408404248
14273.6433660977 3806.67276266589 1458 147.25155439647 8691.5313333516
13889.0319196827 3592.7350320707 1458 426.603395810068 7509.80554305162
14572.0580047845 3971.07577477565 1458 42.6653528062895 8083.75642308244
14632.1194584653 3982.22263366189 1458 10.1499470849417 8656.07644035072
13489.1876606632 3614.9819822667 1458 71.0969020532375 6876.02645923982
13800.8150180316 3614.53725100492 1458 47.2582363387683 6712.92618471799
14447.5508161417 3881.36270221999 1458 242.036490225124 8887.26837544751
14639.3647770377 3979.05977361558 1458 2.3573750248097 6589.71220446018
14500.1259937357 3913.48506907342 1458 33.6878736272547 7352.43998023478
14464.8661120925 3896.06956040726 1458 30.1305433228815 8334.95391771423
14132.3126449109 3719.68940492528 1458 188.718455441943 7565.56586564797
13740.877578898 3647.65323731545 1458 47.7179205143657 7449.47906238146
14479.3081487501 3944.04544419346 1458 126.425914739694 7245.571836375
14252.2980054437 3809.85277124417 1458 78.9571232219394 6587.15580696646
14312.443983595 3823.03803304696 1458 144.522932876263 6381.87294118871
14483.4073853929 3922.18515283762 1458 173.085286071382 6927.09447567697
14588.6010788033 3958.94743456752 1458 34.4443123807532 8126.30740326837
14449.9570932282 3872.57204132099 1458 26.5592336332243 6843.23309564348
14613.6250329624 3945.42714155409 1458 39.115430507426 7355.90314032979
13981.3365099399 3615.37255305618 1458 89.7712696360713 6357.01602252087
14472.8691089787 3908.97626414814 1458 33.4801606252672 7993.57213524998
13863.0186785841 3604.54401168693 1458 41.9379547029957 6379.15110151375
14073.1759266603 3757.1747270139 1458 298.091699085558 7190.98707521137
14378.3588568407 3893.38182997606 1458 15.4550020944932 8383.54661287092
14331.6384967508 3775.95037989986 1458 88.3785238809505 6718.35073656888
14072.8399150339 3684.61290812087 1458 97.7401063281116 6526.7029073562
13859.1356199487 3755.22721432508 1458 105.697257028538 7185.18075581077
14677.6873967228 3974.61065597915 1458 216.370925795781 9538.68284415946
13974.63656394 3729.04599278854 1458 144.356754703504 7733.91246558486
13872.7657637798 3616.91095672584 1458 61.7746875417831 5389.4900709093
14539.9746229895 3965.9448244521 1458 121.095796013711 7582.71785663188
14536.8165613065 3973.10946629416 1458 185.277676513769 8111.3263437147
14548.8363361518 3984.40097995755 1458 221.677333337291 6407.62319964756
13541.4278460652 3608.3553295081 1458 160.305410636166 10504.7821982296
13932.9161314095 3769.73540839144 1458 175.849097837589 7007.98587237254
14114.5334055692 3680.53437683282 1458 146.316391541596 7621.69835125321
14502.0214292187 3853.56538712712 1458 12.5097903023907 6467.23515146246
14577.0308020408 3864.52225420719 1458 177.170084705153 7217.71213273887
14519.7100841578 3826.64811567262 1458 39.6588989315158 8656.10860509347
14439.7213227301 3987.16558006592 1458 211.8947603853 9320.14761853512
13913.3507867308 3764.42251434505 1458 90.4632894874444 6114.20743931356
14484.8464183995 3925.94083859121 1458 86.8364607106123 7442.37657555721
14253.7957276247 3877.43089173027 1458 83.5620754199183 7344.27498890845
13962.961640868 3626.27319271448 1458 166.050358574031 6920.70385345186
14719.994391413 3979.32580376234 1458 84.0307377610093 6590.64696746103
14389.2768085548 3980.38297447963 1458 185.230712865535 9135.851245918
14166.4136532398 3833.45922012143 1458 130.680146261849 7501.76945155092
14084.9914017166 3793.60672339182 1458 23.098052355972 7784.69133748333
13920.9488395335 3751.04494700364 1458 15.8669718008773 7050.47437967304
14059.1972891061 3703.98644105136 1458 206.361067200259 7507.73689600718
14479.7865548716 3961.11423915094 1458 91.2048331142878 6828.85523920614
14149.3277659353 3719.526325871 1458 306.072978124035 6673.88224960249
14376.26842701 3835.21798798146 1458 85.0030917404765 8768.84995077878
14025.745475703 3727.15547230025 1458 391.317111340514 7675.09865204087
14132.4070419934 3826.57795949097 1458 60.9326882133505 6726.1454232063
14168.6060388505 3839.46836110746 1458 148.792974184101 8328.37186855575
14335.7351783137 3819.12044207433 1458 62.627345802367 6628.97547221897
14402.6057357217 3915.99454877688 1458 117.729479153747 7856.9586898939
13976.7337999729 3661.55121825278 1458 122.680376210817 5827.71964799324
14209.8740363729 3767.16261555516 1458 166.52005168081 7401.31130313767
14426.4732346382 3915.72668007828 1458 147.974300563661 8551.61047647657
14140.1650603562 3719.78988613339 1458 24.8354465120613 6473.41449944676
13770.9905198396 3697.14333415215 1458 184.42189236633 7259.49548003199
14444.7568915154 3922.33102731857 1458 9.02282958978162 8520.37857946588
14013.5143219327 3779.98834262471 1458 158.508248815083 7348.37545083658
14318.2585870296 3875.24388274356 1458 111.463563159459 8311.44986411043
13837.5683903978 3610.12390796795 1458 355.91302670321 6914.38966596473
14504.0960275005 3911.78395310333 1458 83.9405937814158 7248.77705052432
13967.5317874227 3746.49787135203 1458 138.348356199201 6961.00906015398
14304.1836595352 3859.75575388487 1458 40.5329879866022 7845.70194633137
13929.922452106 3740.02770475766 1458 39.2619746733717 7472.80379472824
14257.7991011638 3893.66869830362 1458 156.412805790942 8231.36085637411
13772.5754277415 3536.95404267453 1458 23.9592333131145 6748.90599140526
13521.5592732491 3644.60546079147 1458 94.3638685747483 5543.27736632734
13853.9885660994 3758.47366594725 1458 47.9740089549207 5854.48734742312
14196.6442109164 3817.07441862033 1458 18.2631527914846 6764.0334475313
14509.5347395808 3977.73709502957 1458 159.210191137448 8421.78267661757
13899.074348337 3694.20609661222 1458 400.832414806205 6990.48562599959
14254.1509162556 3836.86012054795 1458 182.213570624001 8106.22794575056
14417.3597869006 3919.36319796893 1458 134.615364597883 8666.67556973043
13768.8852406541 3579.24733873927 1458 420.10465399416 7798.66428249164
14388.4517356041 3900.32688240057 1458 116.120152592006 9311.54288536124
14407.0922838759 3890.32804730722 1458 110.402575000147 7579.57197228935
14606.6282377771 3980.20348497876 1458 105.703873370707 8604.83097005927
14222.3343181042 3857.81871725225 1458 119.353281975517 8031.23743911354
14370.6725645259 3883.37365849825 1458 118.007357002149 7438.95587294803
13835.7698436272 3612.04437844566 1458 474.448721435808 7488.86547919195
14196.5807434506 3833.9094390285 1458 118.639974401302 8066.21412070751
14486.9400197269 3933.60837746208 1458 77.599645808343 7617.75723856174
14167.5692133231 3774.64852216701 1458 362.181968729354 6792.15163563905
14238.3039604971 3829.24016300346 1458 96.4607644579532 7042.77677691961
14494.1845911503 3981.96282434045 1458 139.077586549365 7513.8348506642
14637.1621412722 3985.48978231322 1458 42.8335141207695 8113.88869725026
14352.7760020697 3894.36851358887 1458 169.162050212247 7440.6100059143
14039.3399493712 3792.70781020742 1458 17.3059958025842 5625.55189206415
14376.9015491585 3909.46886442067 1458 52.1485801310687 8327.64118795072
14460.1461740957 3944.35637928357 1458 128.387869456889 8016.52943322959
14305.7972485579 3859.94043467981 1458 150.42570027526 8545.16326155904
14576.3504220844 3932.96315213615 1458 105.657183798121 7539.02671823976
14242.263138093 3780.21866401388 1458 179.269608539938 7383.12345744462
13872.8683378014 3706.87400333171 1458 38.3426719540025 6726.94802822908
14145.7814778287 3791.88642386211 1458 34.4931637873015 7444.76413056809
14208.3259437212 3812.08420310402 1458 100.54377671152 7528.76721645956
14357.9260299884 3830.942435578 1458 155.053876477647 7475.03853931222
13363.2947798767 3539.85175916942 1458 74.9082804936297 6921.63647931906
14024.1476872232 3792.89023950067 1458 44.0445114419331 7417.57328542597
14264.7097475609 3813.31873117359 1458 8.92746643257988 8500.98414737499
13483.5594285551 3355.68612568537 1458 24.5625972887103 5125.76690666019
14427.6741823087 3925.64571891264 1458 115.095580012348 7859.29724384629
14057.1181499644 3694.33416646639 1458 217.887362357209 7112.20639207016
14248.4885043909 3832.50434045036 1458 176.33552151341 7848.43521658193
14509.0564836485 3953.68761307333 1458 77.3353107521216 8051.28909474929
14512.5546273676 3979.56417307009 1458 120.619210237317 8209.52854539906
14333.7740593237 3890.76782245656 1458 140.71809701312 7028.28793303168
14457.45828214 3923.65543817825 1458 208.959234109134 8904.10163701014
13795.1729304881 3563.26160585776 1458 52.5025741500292 5222.32186586812
14449.8184605669 3930.22270829628 1458 99.950452087525 9155.36730422315
14733.2716911081 3972.6528730194 1458 84.4290294167395 7925.29498748679
14456.20960004 3927.48320432628 1458 51.3822006674479 7380.3518475413
14428.1179259762 3900.86191349893 1458 167.827859411569 7129.75942006885
14033.7608749327 3838.38634508888 1458 141.036364027429 7065.78792200029
14216.9713801684 3745.76440985271 1458 102.114839662457 5651.9976743271
13341.2274553956 3572.64346937184 1458 75.9742815402321 7137.09747813224
13728.010411593 3530.24374664544 1458 108.822403573618 6600.33589168887
13974.4771295613 3669.5631701596 1458 132.681892348061 6485.34408104634
13879.8498924135 3696.82330101861 1458 65.1307844912101 7146.94935291554
13496.7158146452 3514.05625931719 1458 341.60309616444 4912.14596670669
13257.3086802989 3509.84238520666 1458 145.561653405392 7243.48626790459
