13144.8958493069 3829.45056148978 1363 170.549103120756 829.247603523464
13198.5265200985 3795.81949947952 1375 126.460150854173 1871.31756311987
12865.3612375266 3820.07652375345 1311 215.710329373093 1671.80875985725
12956.0073289638 3806.0213666731 1337 159.755156765294 2877.00316488155
13004.4437564839 3806.35055664011 1339 105.978466470638 3359.83156479455
12972.7898114741 3821.82697287814 1336 13.4663378907244 3784.28367633448
12773.8395576299 3807.56604510225 1275 36.4073704318548 2836.51718773774
13168.5325848174 3819.48425536388 1390 222.374645597254 1862.23664378451
12959.9269284651 3817.88585353985 1355 164.378226667835 3248.39793029354
12849.0848544231 3818.04304143347 1311 155.092461265462 1648.27537940587
13063.3923551747 3805.09231336779 1416 270.966061871232 2227.46526580035
13024.0613886633 3816.38324882187 1345 8.53568512787933 1729.93474864439
13230.6067898981 3796.98653564445 1461 10.7654884890994 2364.17106817423
12806.6616925847 3813.37590792808 1288 33.7665185559351 2169.44797294529
13070.4999881202 3809.43542744315 1383 36.6597308470648 2722.5568139643
13183.2448812806 3804.22419905901 1351 69.0907760173595 1518.46303956069
13029.6071842662 3825.53968521144 1358 154.850735096692 2387.39806963282
13177.1552618125 3827.89775349762 1365 90.9107200934891 1210.12300330291
13054.6466383746 3815.85261186079 1338 144.564493312349 1667.8404543128
12968.3492105125 3821.75328054371 1328 68.3435641751855 2659.5661338033
13160.9548680842 3811.97955513419 1381 51.700156856464 3557.66765592791
13218.253877 3811.42164706943 1447 178.62324796947 3011.51976331687
13236.8063742061 3817.14900176591 1412 76.9106639725878 2510.44063735885
12899.2316768021 3812.50432658991 1304 104.96011183561 3030.99943597334
13144.3705659518 3793.30804017139 1438 145.727657608787 2629.72404065091
13208.4669603484 3822.7354543784 1402 71.6093471115237 4341.17504945635
12897.2401304174 3804.37733660358 1309 190.527122680388 2713.92751894106
13247.185345055 3811.40663140933 1421 193.017759704328 2050.84024494482
12969.7728647092 3797.45321124057 1341 171.418910772732 2510.72634713381
13069.4165006157 3814.4786977357 1389 47.6706419046322 2024.68912209892
13002.3440919133 3830.04927836558 1336 115.707036288252 2437.0813171709
12923.2311854871 3820.8398830412 1317 169.292565929092 2041.96990875329
12678.3651319651 3813.13346439034 1251 107.461926354811 1983.49798431688
13225.6393346754 3816.73965314181 1423 111.690655464951 3341.83296741992
12725.2497119602 3825.72191050853 1221 44.065780640866 2674.18631596659
12842.8327201783 3819.81773222658 1322 167.731192014874 2657.93256386701
13165.3829413345 3812.10397951297 1371 39.2403289742863 1581.75397308799
12875.8123903801 3811.2088853989 1320 209.84360115125 3187.72135109862
13409.3023284592 3815.93767709759 1477 31.2361385405 2981.41805614111
12675.6619528507 3805.90683469338 1251 151.35078593216 1412.71594358752
12674.0134026558 3813.00561289137 1234 51.0251072875315 1791.08063682306
12819.3622853197 3804.86188647697 1293 135.118647557618 2890.28481108972
12901.47949397 3827.88598912192 1327 174.092438824456 3746.06247383948
12913.1634585631 3817.99688281007 1345 92.7597297520483 2637.61563365018
12791.0461730813 3819.31756978849 1301 134.199196674946 2376.30426593668
12902.8521035665 3814.68321660242 1301 131.189089926128 2217.3718561785
12909.7662203851 3821.63003698193 1329 78.1373210396137 3250.55635416301
12763.784985657 3825.07775237505 1274 196.728694797719 3429.35005771267
12910.8900575907 3802.53131890979 1335 191.153049349542 1453.31367662141
12873.3481834292 3790.87259045011 1296 6.12743657237434 2517.6759033363
12939.2033303977 3831.48520255077 1313 81.9236314391189 2312.4776702932
12602.0266680301 3816.03121074248 1208 145.864011674927 1019.753158616
13046.8932541772 3812.50065335238 1361 82.5417920530708 2485.63639209696
13166.0401611824 3823.83515842636 1349 50.3686477938477 1718.8335707283
12839.2066003181 3818.00651401811 1302 98.4763888164143 2527.42495966926
12921.1472676863 3818.44786194383 1314 179.832364663715 3304.8243718844
13215.283394174 3816.9497685383 1391 54.0941112901885 1838.16979685709
12687.2822128232 3813.39065194745 1274 238.330137753407 3054.13878871996
13094.5805820021 3820.66505480469 1370 185.548263260365 2292.16830128172
12939.2136878823 3809.5436437653 1330 104.880181896603 2563.67345193692
12938.6457156101 3817.60057224047 1301 75.3052439914331 2483.79900335041
13131.4146699024 3805.79712520395 1417 142.320662872659 2696.60371572758
13212.2288836518 3800.14971474834 1400 205.070512300001 1567.00191177748
13050.2732500561 3819.52865015214 1329 19.339974320297 3153.87537925519
13024.2770127242 3797.42790504925 1337 24.138791180203 3310.65163864967
13187.9590643267 3825.92299750305 1390 237.014805291095 1897.67806945764
13033.452156081 3820.66746289108 1350 62.144558716376 3740.82384973721
13056.5720158633 3798.23099418301 1363 16.0852925412373 2026.43618103368
13190.7397165363 3798.59123477385 1428 114.924394075713 2561.9407135675
12785.6799747397 3816.54930903061 1301 55.7840993892999 1967.27456456652
13013.4847175212 3811.01276472246 1405 198.26206937903 3119.64266559699
12931.5022675101 3816.96524238999 1309 162.259793510495 1931.78399312779
13098.6904113272 3805.8445095307 1383 201.585644403516 2218.29302047722
12962.8227473394 3821.62109268658 1328 178.390814224742 1685.44803715703
13123.2859422644 3814.51985361734 1350 37.9607508715751 2613.30515656452
13020.2907054188 3816.10544107389 1337 141.623461414036 1152.55600037471
12899.9601898282 3814.73945397051 1315 242.542123172205 3376.2232942879
12766.5907662949 3813.46641257187 1277 155.683073502156 1787.65521305844
13204.1810932909 3817.38583035447 1431 126.196680052068 2704.11907391896
13118.764180087 3825.31790401051 1327 61.4882607426305 1615.03079123143
12639.2288066149 3816.5963455745 1248 167.490774270992 2010.69975582058
13012.800252308 3826.41028991111 1330 161.358437434438 1990.51227672256
13080.3887155639 3801.52855480344 1356 38.9627795271645 2790.94445885188
13113.5583353557 3807.53394166413 1385 99.5317480388251 4007.47426906376
13207.3339313594 3819.36715771273 1402 225.141647362762 2755.17294002473
12998.7451951876 3824.30180393061 1327 56.4753921645756 3248.87990072818
13211.3889068375 3820.78832826406 1362 104.33535615922 1855.79456231669
12943.6610880931 3812.50356621486 1337 227.590622337794 1358.47187349019
12943.9540946689 3828.95046789502 1331 123.641001708225 3925.57612105602
12916.0673666837 3817.81125516607 1327 212.387014951094 1859.91372810495
13131.2313397797 3803.7662592676 1359 134.479648238193 2042.89532114993
12932.9891361129 3806.40475611349 1318 126.4852311571 2850.91528658884
12776.2052267449 3819.91684065344 1283 88.1088661443096 2074.68220708301
12967.0636427706 3813.70669235686 1349 174.482831355978 3269.55629963497
13184.7740234251 3835.66084584461 1376 122.051453967003 1077.66787346395
12976.8147067566 3802.1927279426 1349 145.803131698801 2890.63037005325
13107.4941918547 3823.09408219038 1340 33.2490930909084 2307.27868375453
12789.0150111511 3813.59672930848 1291 162.463283032808 1805.24710807508
12673.5758991545 3802.75276607182 1257 120.143577527982 1582.98982761538
12899.9569208867 3818.56110033971 1296 36.2782154440208 2227.63432060695
13002.2077346951 3794.39954657598 1375 133.842936794871 2496.45968534748
13253.1052391769 3823.37940953726 1403 110.589011881 3268.60057858489
13086.7048734933 3805.63079814859 1355 21.0806204633548 2650.64661137706
12581.1519141392 3818.15610507899 1187 115.567582766827 2286.66746475646
13028.5810665913 3825.65073377178 1354 110.300336221919 1761.50091935181
12760.5058224646 3815.29704351268 1321 208.495185144351 1943.01363355559
13150.5745456473 3816.23804887191 1344 34.8166737437996 1675.93649688155
12663.7425896399 3818.75793249824 1230 161.646085575284 2219.88858423702
12927.3354423704 3817.5287611679 1301 113.189376194343 3041.56999695722
13101.3866803026 3825.47318159316 1338 104.903096017475 2174.51900581445
13004.3745085487 3809.11457135622 1309 1.08642889165844 2954.04474335094
13147.9852218763 3826.13519630469 1351 5.54431657577538 2869.87793693386
13158.1591647628 3831.58907372878 1394 151.748854550359 2627.24780661411
12839.4200581669 3807.95999880079 1300 132.11381991464 2871.25514894861
13147.4572553146 3820.30918862484 1365 110.055701375851 2705.24890594681
12834.5489769417 3805.50458121809 1282 96.532679730426 2922.88199943873
13035.7437241481 3826.89830142483 1301 6.42368102081582 3474.66880809303
13025.152159419 3822.22419022612 1336 108.344621102646 2824.80939256537
13060.4990418035 3811.27278201978 1346 187.236798507393 1297.73069593062
12847.6024845059 3808.38339964608 1301 154.965907548315 1679.26902857897
12794.3476541582 3815.28098754673 1277 193.000055791946 2474.38469061663
12843.926534315 3799.84787252806 1291 77.0587726581593 3276.94856073042
13218.515790604 3790.93197914143 1421 155.854871667828 2472.409876641
13045.7199347075 3820.40281304287 1337 89.0639161025242 2581.34734347718
12994.8337078813 3801.68328606896 1360 250.781504326184 2324.98827224534
12952.735087744 3818.57295353805 1315 195.497825076508 1952.7387657775
13201.7891814765 3809.6818558198 1423 182.833581734682 3169.43704743879
12979.6749559847 3824.51847928068 1325 69.0184462383361 1705.69121887744
13063.6234271829 3796.51872628191 1370 142.263959681352 1382.38527226405
12938.174981927 3825.80269501951 1309 108.730758571965 1618.29723054528
13124.0482177184 3822.82141543938 1398 123.757928410802 3227.30927573356
13072.6542190512 3812.4528021743 1359 114.635353048098 1980.41282256953
12904.8333200594 3805.52406367336 1301 58.5214264805859 1195.67810917179
12801.5458361527 3820.43180614681 1288 141.576226646074 2542.59329222035
14065.6877940387 3827.36742919886 1721 285.648096212228 1873.19912833093
13663.5575048312 3807.41696001145 1546 14.5385105898577 2251.34403653939
12938.3639270862 3805.61444480392 1315 293.420255459655 2527.31800237724
13097.7387458636 3820.41445885583 1386 100.104061673209 2600.71798120643
13454.1819281093 3822.14018636194 1466 128.704687875131 1998.70085113945
13301.2821677603 3826.05754315727 1441 75.610281258015 3626.29945966239
13143.842233892 3824.45070914738 1379 250.520453918775 1696.3799442614
13437.3590653413 3821.96688901527 1473 140.7871526071 3580.44554975132
13281.6923822453 3818.91622795249 1433 179.939721561785 2080.99462426012
12935.9543443852 3826.23776658171 1319 122.516402529662 1656.47010455411
13447.937575081 3801.75977253101 1549 319.034214359517 2742.70789015383
14309.4714599411 3770.10089185924 1724 169.2119440376 2465.48916879564
12983.5446708408 3813.23507550792 1309 75.5104784719338 1987.51918777918
14105.9688425555 3816.09631278485 1724 120.185745071274 3179.45245759053
13784.0765737532 3831.43339327324 1604 155.943378702 3339.24431439613
13772.5718735093 3816.99064635489 1546 76.9719169271682 2818.03251287427
13256.6527626203 3816.21575074844 1382 78.2667611848128 1566.4292463184
13009.4452479177 3801.29201876987 1366 152.330493053122 2389.63852580701
14459.6560686691 3817.98358051549 1724 398.037461666834 2621.8076994037
13177.1552618125 3827.89775349762 1365 90.9107200934891 1210.12300330291
14384.1359700767 3812.14767565484 1697 353.994006075939 2182.72577057517
13391.9537485401 3827.57543129715 1429 75.1478149495329 3263.06148943189
12672.9592019229 3818.89993721372 1210 209.684743397605 3117.71833397253
13864.6228666662 3746.23994262571 1724 327.908939026295 3141.46831753062
13483.0318697199 3822.26335162753 1486 132.485259485761 2794.87639243732
13350.3408894616 3825.0978396619 1466 150.392593561976 3067.34480071197
13059.2477523142 3808.80066881023 1348 105.023746339048 2609.28348573145
13783.2621379468 3824.53027778015 1514 130.832929099545 1756.32280080023
14116.1863755644 3796.68507681473 1724 186.833164142376 3710.3145553733
14133.8690507085 3826.7405643158 1724 187.284608406532 5381.08266001055
14280.4989816236 3813.87351852248 1724 289.498122838204 3138.72825596954
13524.6947678348 3828.21631320281 1498 183.007417278577 2465.25951719812
13994.8226002374 3782.32668771347 1724 299.550127713756 2953.17220640035
14564.0021159485 3787.21448700659 1724 477.79896384517 1621.70975978099
13002.3440919133 3830.04927836558 1336 115.707036288252 2437.0813171709
13952.8723758562 3823.97313412066 1590 198.637422254604 3134.49665933645
13632.7952456664 3827.0923645731 1514 75.472232601443 2702.65321260401
13055.996878886 3807.05248091065 1356 154.665894719924 2274.13600203179
13441.2022627182 3823.87759402417 1487 158.002249869459 3328.0033969237
13225.6393346754 3816.73965314181 1423 111.690655464951 3341.83296741992
13832.2721434978 3811.60902545487 1571 182.443584583069 3365.34585958525
13080.2625219284 3820.61239831106 1358 158.566671967004 2434.17583490115
13403.6910591138 3824.74197557765 1461 59.9719177164236 3846.79935643763
13724.826574724 3828.74258763364 1562 8.20439224259485 3371.65273043062
13462.0258753254 3816.94542077764 1486 205.141729236907 1784.81868723527
13555.9031508951 3813.77808106122 1452 275.583935579747 2397.8055659506
13654.833233758 3820.40225569006 1577 239.552516112404 3438.02659572999
12882.6883566718 3818.21844081121 1327 171.74354666218 3749.71379528846
13821.5189437866 3823.07148726343 1697 224.535708082991 3355.8020832533
14105.3617742614 3816.7446181181 1724 222.063784230324 3990.32316008798
12837.1711266703 3789.49139704137 1309 146.016570720635 2620.13779770229
12816.6499958653 3801.01404654121 1309 137.399674522945 2049.6948687166
13849.185177128 3809.50968922252 1677 195.564690632476 3716.88309130461
13876.2798463404 3830.19262886922 1630 267.100953925032 2953.213398979
14011.6540079631 3811.2361008694 1607 148.415664639108 3086.23544439178
12939.2033303977 3831.48520255077 1313 81.9236314391189 2312.4776702932
13844.1751628847 3760.15350052822 1724 73.1327009019601 4082.25311751674
13618.6040740828 3828.261093852 1577 272.936187431516 1900.62992979982
13046.8932541772 3812.50065335238 1361 82.5417920530708 2485.63639209696
14161.2336726369 3794.84094893857 1724 252.928273968738 3139.31663535805
13818.0718068558 3828.22574014498 1546 56.2691027406224 2863.51741931308
13622.1713755871 3814.90484959344 1569 235.976518633845 2566.169313995
14278.6379361456 3801.14251723276 1724 257.939100684252 2436.81186870229
13532.0054734426 3829.27412721319 1461 64.9417893018597 1838.09587175758
14459.2049960362 3796.84275099233 1724 350.645456622717 4877.51068576091
13402.6435829558 3814.33962709066 1442 77.5141348879195 2083.15159843208
