31076.9560670544 4784.41616084712 850 460.859362259841 9700.06461504695
32382.1091040103 4823.12595008096 880 587.187809468675 11180.2800296859
30560.0438507001 4745.15138304077 840 525.473389304126 9233.82038359778
30239.0481395811 4662.80433164673 840 243.484133962306 9517.3911693312
30682.6267873647 4783.52592737805 840 503.961447048111 10057.5637659307
31412.5505748902 4872.05674300922 840 418.928074156152 10602.8546715619
30244.2339303263 4667.3818713221 840 245.428805491741 9263.10672089093
30560.0438507001 4745.15138304077 840 525.473389304126 9233.82038359778
29973.8472052076 4689.96245295733 830 258.015673729289 9862.38084746887
30793.7445267454 4797.45302949852 840 484.236501964373 8617.45149002534
31784.4590600732 4897.06093735412 860 384.175834439779 11221.421816028
31837.828414775 4913.59320362187 860 377.504665102054 10975.8078720035
29677.1036374208 4710.42518354153 810 336.413510818404 8860.56947471332
31844.0685806123 4912.17321246827 860 376.724644372388 11165.6157708502
31328.1823618172 4843.50722465527 840 451.235535130424 11392.5263708418
31452.4632205094 4895.5965493221 850 416.529226659869 10681.7247060008
30514.0244963934 4714.31690738853 840 188.716434403126 10323.5799156015
30538.6781180328 4724.70535590298 840 191.222633709676 10294.497401738
30134.7734800941 4691.18076075071 830 436.838955017202 9478.73439242284
31113.6132278776 4811.43741229967 850 420.172506117541 9729.71327160917
30525.2003004163 4720.93274360125 840 192.907360911734 10281.3170229633
30134.7734800941 4691.18076075071 830 436.838955017202 9478.73439242284
30514.7460801612 4756.0410839117 840 534.9313635777 8589.09042832035
30207.3419934476 4782.2840295662 830 299.006826583726 10480.4334916405
29554.743912623 4700.40454739191 800 327.460414679151 9307.32117879906
29578.0342374558 4694.55420400401 810 310.706727546297 10075.3427230273
0 0 0 0 0
540 90 20 67.5 0
0 0 0 0 0
0 0 0 0 0
9269.20611476852 1231.64774027993 210 3475.95229303819 3426.91630120501
1260 180 40 157.5 0
9272.68296023711 1230.6990786431 210 3477.25611008892 3374.08219576033
0 0 0 0 0
10062.3363509717 1344.80715955608 220 3010.3781207729 2849.30379717204
1260 180 40 157.5 0
540 90 10 67.5 0
1350 180 50 168.75 0
630 90 20 78.75 0
1153.93068315534 214 30 144.241335394417 0
9804.56743689487 1318.26257547279 230 3406.71278883558 3491.60531236221
630 90 30 78.75 0
9256.34032928873 1226.50521615991 210 3111.12762348327 2849.30379717204
0 0 0 0 0
0 0 0 0 0
0 0 0 0 0
9166.34032928873 1226.50521615991 210 3122.37762348327 2849.30379717204
0 0 0 0 0
25311.0447178098 3593.82712397161 680 1468.40312872121 7177.92141830391
0 0 0 0 0
0 0 0 0 0
0 0 0 0 0
0 0 0 0 0
0 0 0 0 0
0 0 0 0 0
0 0 0 0 0
17888.9269647522 2401.96719176724 440 2398.24144043537 5552.9798876643
14506.100768934 2470.36479719968 420 1813.26259611676 5711.56676526476
25661.4414963325 3648.30903846563 680 1433.11493306638 7354.88936984185
0 0 0 0 0
17888.9269647522 2401.96719176724 440 2398.24144043537 5552.9798876643
0 0 0 0 0
17888.9269647522 2401.96719176724 440 2398.24144043537 5552.9798876643
14457.4770812126 2453.22272632717 400 1807.18463515158 5443.9106074995
18019.3024255018 2443.53576910831 460 2390.13003966961 4985.34392035758
7735.13523021096 1235.69475082197 240 966.89190377637 2687.5464869985
25619.9150097992 3635.58835000725 680 1429.79434222253 8226.01122658905
6770.96553872308 1234.67004637771 180 846.370692340385 3024.02027826626
9281.59024021587 1234.33750224041 240 3480.59634008095 3208.96472047734
16489.2230287592 2450.76213167897 470 2061.1528785949 5363.41574721739
25619.9150097992 3635.58835000725 680 1429.79434222253 8226.01122658905
6770.96553872308 1234.67004637771 180 846.370692340385 3024.02027826626
9281.59024021587 1234.33750224041 240 3480.59634008095 3208.96472047734
23042.505617672 3617.64340202635 650 2880.313202209 7008.07699441838
32279.2662570093 4833.87033275333 860 605.886837981775 10772.6957010612
32432.4070350555 4882.97908484334 860 586.744240725994 10378.9096481081
32390.8805485223 4870.25839638496 860 583.423649882146 11250.0315048553
32390.8805485223 4870.25839638496 860 583.423649882146 11250.0315048553
32390.8805485223 4870.25839638496 860 583.423649882146 11250.0315048553
32502.9829371879 4909.98522107726 860 569.410851298945 11528.9161538692
32279.2662570093 4833.87033275333 860 605.886837981775 10772.6957010612
32390.8805485223 4870.25839638496 860 583.423649882146 11250.0315048553
32307.0730545669 4845.90597749914 860 593.899586626572 10499.6823067806
32279.2662570093 4833.87033275333 860 605.886837981775 10772.6957010612
32390.8805485223 4870.25839638496 860 583.423649882146 11250.0315048553
32307.0730545669 4845.90597749914 860 593.899586626572 10499.6823067806
32390.8805485223 4870.25839638496 860 583.423649882146 11250.0315048553
32307.0730545669 4845.90597749914 860 593.899586626572 10499.6823067806
32307.0730545669 4845.90597749914 860 593.899586626572 10499.6823067806
32390.8805485223 4870.25839638496 860 583.423649882146 11250.0315048553
32307.0730545669 4845.90597749914 860 593.899586626572 10499.6823067806
32307.0730545669 4845.90597749914 860 593.899586626572 10499.6823067806
32307.0730545669 4845.90597749914 860 593.899586626572 10499.6823067806
32307.0730545669 4845.90597749914 860 593.899586626572 10499.6823067806
32307.0730545669 4845.90597749914 860 593.899586626572 10499.6823067806
32279.2662570093 4833.87033275333 860 605.886837981775 10772.6957010612
32390.8805485223 4870.25839638496 860 583.423649882146 11250.0315048553
32307.0730545669 4845.90597749914 860 593.899586626572 10499.6823067806
32307.0730545669 4845.90597749914 860 593.899586626572 10499.6823067806
32279.2662570093 4833.87033275333 860 605.886837981775 10772.6957010612
32307.0730545669 4845.90597749914 860 593.899586626572 10499.6823067806
32279.2662570093 4833.87033275333 860 605.886837981775 10772.6957010612
32279.2662570093 4833.87033275333 860 605.886837981775 10772.6957010612
32390.8805485223 4870.25839638496 860 583.423649882146 11250.0315048553
32307.0730545669 4845.90597749914 860 593.899586626572 10499.6823067806
32457.8238143975 4895.97418663812 860 583.567143308252 10561.2277182602
32390.8805485223 4870.25839638496 860 583.423649882146 11250.0315048553
32390.8805485223 4870.25839638496 860 583.423649882146 11250.0315048553
32279.2662570093 4833.87033275333 860 605.886837981775 10772.6957010612
32307.0730545669 4845.90597749914 860 593.899586626572 10499.6823067806
32279.2662570093 4833.87033275333 860 605.886837981775 10772.6957010612
32279.2662570093 4833.87033275333 860 605.886837981775 10772.6957010612
32390.8805485223 4870.25839638496 860 583.423649882146 11250.0315048553
32307.0730545669 4845.90597749914 860 593.899586626572 10499.6823067806
32307.0730545669 4845.90597749914 860 593.899586626572 10499.6823067806
32279.2662570093 4833.87033275333 860 605.886837981775 10772.6957010612
32390.8805485223 4870.25839638496 860 583.423649882146 11250.0315048553
32279.2662570093 4833.87033275333 860 605.886837981775 10772.6957010612
32279.2662570093 4833.87033275333 860 605.886837981775 10772.6957010612
32377.3171602137 4865.26134855115 860 585.119073420723 11431.080316329
32390.8805485223 4870.25839638496 860 583.423649882146 11250.0315048553
32307.0730545669 4845.90597749914 860 593.899586626572 10499.6823067806
32390.8805485223 4870.25839638496 860 583.423649882146 11250.0315048553
32307.0730545669 4845.90597749914 860 593.899586626572 10499.6823067806
32377.3171602137 4865.26134855115 860 585.119073420723 11431.080316329
32495.5378014434 4908.49825265025 860 570.341493267005 11028.0345105349
32345.2812949305 4857.57481926678 860 589.123556581123 10639.9154837687
32367.7751979295 4865.10601865781 860 586.311818706251 10797.4006300226
32382.0496875298 4869.6787801478 860 584.527507506216 10949.8410815912
32279.2662570093 4833.87033275333 860 605.886837981775 10772.6957010612
32279.2662570093 4833.87033275333 860 605.886837981775 10772.6957010612
32390.8805485223 4870.25839638496 860 583.423649882146 11250.0315048553
32390.8805485223 4870.25839638496 860 583.423649882146 11250.0315048553
32450.872223925 4888.52174526526 870 575.924690456806 11160.9778354498
32390.8805485223 4870.25839638496 860 583.423649882146 11250.0315048553
32390.8805485223 4870.25839638496 860 583.423649882146 11250.0315048553
32390.8805485223 4870.25839638496 860 583.423649882146 11250.0315048553
32390.8805485223 4870.25839638496 860 583.423649882146 11250.0315048553
32390.8805485223 4870.25839638496 860 583.423649882146 11250.0315048553
32390.8805485223 4870.25839638496 860 583.423649882146 11250.0315048553
32390.8805485223 4870.25839638496 860 583.423649882146 11250.0315048553
32393.0486556135 4870.01431411598 860 583.15263649575 11033.6861904279
32390.8805485223 4870.25839638496 860 583.423649882146 11250.0315048553
31214.9544252297 4775.47836337836 840 446.03074894668 10468.5193871468
31277.6102913978 4791.14346834632 840 438.198765675667 10391.8446548479
29960.4654011736 4642.18859128254 820 261.164588651653 8541.2615566182
30795.1543747498 4778.87600686058 830 367.055389297436 10186.5164070307
31402.4993355513 4858.70575724646 840 291.137269197245 9899.11337619056
31975.040882592 4923.05686099978 850 354.765006484378 9774.61198762583
30875.777499681 4799.12561874366 840 347.567185595675 10097.6951068696
31981.2231169837 4925.23782708222 850 353.992227185417 9722.08098982005
31420.5968850801 4846.630083052 840 382.873386715146 9698.04408490744
31407.8744558989 4858.2976001452 840 290.465379153804 10569.3807419721
30394.5739759395 4778.23567679156 820 207.653832269712 8421.08985937566
30394.5739759395 4778.23567679156 820 207.653832269712 8421.08985937566
0 0 0 0 0
7735.13523021096 1235.69475082197 240 966.89190377637 2687.5464869985
7735.13523021096 1235.69475082197 240 966.89190377637 2687.5464869985
540 90 20 67.5 0
0 0 0 0 0
630 90 20 78.75 0
7735.13523021096 1235.69475082197 240 966.89190377637 2687.5464869985
0 0 0 0 0
630 90 20 78.75 0
14246.400049152 2439.87398314279 480 1420.800006144 4725.69712788664
630 90 20 78.75 0
8865.07765595047 1440.10786205344 300 1108.13470699381 2687.5464869985
9287.5484119259 1281.8724380017 220 3167.83065447221 2217.70354700707
9697.49197661798 1353.49480526745 200 1212.18649707725 485.406908375173
1440 180 50 180 0
1179.7708282682 229.739320461784 40 147.471353533525 0
8275.13523021096 1325.69475082197 260 1034.39190377637 2687.5464869985
630 90 20 78.75 0
17826.2720813531 2422.40043557841 370 1735.52600033653 2928.70776684453
13877.121172326 2349.85982247082 470 1374.64014654074 3960.90685913129
17742.017126094 2421.41138957646 370 2111.0220652012 2703.11045538225
0 0 0 0 0
0 0 0 0 0
7735.13523021096 1235.69475082197 240 966.89190377637 2687.5464869985
25661.3357024786 3658.50058912297 610 1121.10724315313 5709.84028855436
0 0 0 0 0
17926.2004722676 2422.80583830099 370 2087.9991469295 3022.29380155586
13700.8347188429 2437.09131798825 480 1712.60433985536 5169.82079707189
25661.3357024786 3658.50058912297 610 1121.10724315313 5709.84028855436
5873.53852827746 1155.31608698904 230 734.192316034683 2287.55618935851
17926.2004722676 2422.80583830099 370 2087.9991469295 3022.29380155586
0 0 0 0 0
8657.5484119259 1191.8724380017 200 3246.58065447221 2217.70354700707
22805.7319353391 3595.47843147112 640 2850.71649191739 5731.78951938905
25661.3357024786 3658.50058912297 610 1121.10724315313 5709.84028855436
5791.26481894102 1114.17923232082 230 723.908102367627 2038.15064088814
17924.2192221611 2424.2398167012 370 2088.24680319281 3109.06924483237
7735.13523021096 1235.69475082197 240 966.89190377637 2687.5464869985
25661.3357024786 3658.50058912297 610 1121.10724315313 5709.84028855436
0 0 0 0 0
22841.7159363855 3607.20183216662 640 2855.21449204818 5572.8989462831
17926.2004722676 2422.80583830099 370 2087.9991469295 3022.29380155586
13509.8500462258 2343.76791973991 470 1688.73125577823 4805.09531505094
25661.3357024786 3658.50058912297 610 1121.10724315313 5709.84028855436
5796.33543369441 1119.92929751982 230 724.541929211802 1885.82532848239
