62649.0311039911 10559.3894133294 1800 1939.3611517756 44336.5374083363
63913.8136052574 10710.2955974048 1800 1115.68566374825 34994.1805748572
63913.8136052574 10710.2955974048 1800 1115.68566374825 34994.1805748572
63913.8136052574 10710.2955974048 1800 1115.68566374825 34994.1805748572
62649.0311039911 10559.3894133294 1800 1939.3611517756 44336.5374083363
63818.9557795267 10680.277346384 1800 1136.10098526635 34927.032622556
63818.9557795267 10680.277346384 1800 1136.10098526635 34927.032622556
63818.9557795267 10680.277346384 1800 1136.10098526635 34927.032622556
63913.8136052574 10710.2955974048 1800 1115.68566374825 34994.1805748572
64358.9958410372 10905.7356578581 1800 1181.58087054711 35726.8718663223
63198.565491288 10784.6741326025 1800 1985.8930620267 45247.926585264
63976.2756091106 10739.6378658602 1800 1143.35063568692 35313.9161977697
63818.9557795267 10680.277346384 1800 1136.10098526635 34927.032622556
63819.9212593085 10683.2069000549 1800 1137.52923561293 34946.5697062088
64016.7327233286 10721.4511062353 1800 1351.77561559178 35025.5205623372
63908.2211953248 10972.5677800507 1800 2467.16947739496 39817.5137072532
63925.5239736433 10872.2760481256 1800 2465.00663010514 39371.3121410737
63815.0049215282 10678.2106978957 1800 1135.68560894532 34911.5962910941
63815.0049215282 10678.2106978957 1800 1135.68560894532 34911.5962910941
62649.0311039911 10559.3894133294 1800 1939.3611517756 44336.5374083363
63815.0049215282 10678.2106978957 1800 1135.68560894532 34911.5962910941
63815.0049215282 10678.2106978957 1800 1135.68560894532 34911.5962910941
63520.0929815286 10490.3052564732 1800 2805.94831922329 35198.9846648712
63925.5239736433 10872.2760481256 1800 2465.00663010514 39371.3121410737
63803.9575018601 10798.2271385991 1800 2496.59592713761 36133.0802408575
62649.0311039911 10559.3894133294 1800 1939.3611517756 44336.5374083363
63520.0929815286 10490.3052564732 1800 2805.94831922329 35198.9846648712
63160.6573488098 10462.0399131856 1800 2875.63158907958 34242.9933102692
63347.699650965 10471.4350926761 1800 2852.25130131018 36576.30012766
63870.1838510601 10661.8719749769 1800 678.612571401411 35007.615518718
63544.404261275 10508.1735343322 1800 2827.66322502143 35561.1663798294
64694.2958020123 10176.2349213228 1800 2683.92678242926 35149.3750957958
63815.0049215282 10678.2106978957 1800 1135.68560894532 34911.5962910941
63159.3095476478 10466.0553989685 1800 2875.80006422482 34371.8062091822
64357.2602341368 10842.8140687324 1800 2411.03959754346 36823.2315551257
63728.2306194425 10812.8619449251 1800 2619.89884279072 39156.1540525894
63879.3462864779 10853.8485546543 1800 2470.77884100082 39371.1138555683
63808.6834776509 10796.8822368957 1800 2430.49406943208 37240.4077809929
63895.3858706545 10856.8135729755 1800 2468.77389297874 39371.3121410737
63845.1959889255 10838.5485838182 1800 2475.04762819488 39184.6254370799
65205.8794087163 10817.9470455561 1800 2462.93178276447 31922.550025284
62644.5101959253 10426.419432893 1800 4823.33320502559 43659.4848963557
62577.4291234171 10387.5043452397 1800 4816.76002034878 43182.0034053944
63834.1748739942 10793.758406654 1800 2476.42526756129 42141.3207467669
64387.2253966173 10884.7990147322 1800 2565.26353427684 33728.7314516664
63835.9545540544 10810.7909846754 1800 2427.08518488164 37240.4077809929
64296.2360527536 10885.4795165926 1800 2576.6372022598 33472.8589504162
63925.5239736433 10872.2760481256 1800 2465.00663010514 39371.3121410737
63934.1897993986 10870.9042846584 1800 2463.92340188573 39371.3121410737
66764.9397812105 11584.1578929096 1800 1888.87484188037 37434.6574270215
66628.6708873233 11667.7312264031 1800 1208.770493779 36075.621506296
67308.2795531074 11442.9175643965 1800 2200.13176471557 33516.3645891279
68682.0659737773 11596.2789805039 1800 2038.6630577117 34953.5380607012
64349.7473711268 10986.0113239848 1800 2411.97870541971 38900.2650036337
69218.1776513832 11608.215537138 1800 1971.64909801096 39701.9891255752
63949.2133444387 10881.9972911684 1800 2462.04545875573 38991.7668883315
69156.761661517 11445.1693262838 1800 1979.32609674423 39953.1389127465
67102.4623749839 11439.0749383397 1800 2225.85891198101 33452.1914164302
69218.8052504444 11517.3597509855 1800 1971.57064812831 39610.9688498208
68923.5314395095 11412.0779996502 1800 2008.47987449518 39876.2007226335
68585.3440557514 11429.9708138063 1800 2050.75329746493 38081.6838811148
68842.5250976595 11375.0307334268 1800 2018.60566722642 39365.7870805522
68842.5250976595 11375.0307334268 1800 2018.60566722642 39365.7870805522
67750.9071338659 11415.2367090333 1800 2123.48269459831 35666.4661581099
69089.5962660443 11424.7095011326 1800 1987.72177117833 39283.591719437
68692.6909714372 11560.9015050592 1800 1770.52345996451 37286.2007813464
68874.5021962618 11558.318083564 1800 2014.60852990113 37905.683800141
64299.2244799053 10888.1548761421 1800 2151.35051420304 37759.715175759
68395.7993542049 11255.8227948267 1800 2391.31697993636 38509.62491515
69342.2063716247 11580.5496665793 1800 1571.72757987203 39263.0886210378
65990.2132727631 11073.9640277925 1800 2939.23409770593 36008.1222417333
63925.5239736433 10872.2760481256 1800 2465.00663010514 39371.3121410737
0 0 0 0 0
0 0 0 0 0
0 0 0 0 0
0 0 0 0 0
0 0 0 0 0
0 0 0 0 0
0 0 0 0 0
720 90 10 90 0
720 90 40 270 0
630 90 10 78.75 0
630 90 30 78.75 0
720 90 10 270 0
720 90 10 90 0
1170 180 30 146.25 0
540 90 10 67.5 0
630 90 10 78.75 0
0 0 0 0 0
0 0 0 0 0
0 0 0 0 0
0 0 0 0 0
0 0 0 0 0
35189.9057353883 6249.39331554573 1200 4398.73821692354 9876.61928081194
0 0 0 0 0
0 0 0 0 0
0 0 0 0 0
0 0 0 0 0
0 0 0 0 0
0 0 0 0 0
0 0 0 0 0
0 0 0 0 0
15256.5408561516 3358.35740130127 670 1907.06760701896 8744.05228119141
37478.1796097278 4925.85512808225 880 8191.96924596373 18173.0688838625
0 0 0 0 0
25753.4833943594 3331.15786406782 600 9657.55627288478 18173.0688838625
0 0 0 0 0
37333.9586399217 4884.68037591407 880 8224.00671428408 18279.4903864662
15256.5408561516 3358.35740130127 670 1907.06760701896 8744.05228119141
0 0 0 0 0
0 0 0 0 0
37305.9389457326 4865.7689174854 880 8213.49932896313 18183.6799372801
15256.5408561516 3358.35740130127 670 1907.06760701896 8744.05228119141
25753.4833943594 3331.15786406782 600 9657.55627288478 18173.0688838625
720 90 10 90 0
37305.9389457326 4865.7689174854 880 8213.49932896313 18183.6799372801
0 0 0 0 0
720 90 10 90 0
0 0 0 0 0
720 90 10 90 0
60828.1166903091 9510.34645226198 1800 5273.22711089106 28033.891279851
720 90 10 90 0
60929.9906827954 9543.69186387975 1800 5260.49286183028 28067.2366914687
720 90 10 90 0
720 90 10 270 0
720 90 10 90 0
720 90 10 270 0
720 90 10 90 0
720 90 10 90 0
720 90 10 90 0
62161.6372516264 9789.20641018084 1800 5106.5370407264 27674.7739425449
62039.9845309918 9716.3132068496 1800 5121.74363080573 27356.9761123295
720 90 10 270 0
60980.9153620422 9532.32973307848 1800 5254.12727692443 27924.6996995183
61045.4223496235 9594.27939771358 1800 5246.06390347677 28388.0000334469
61045.4223496235 9594.27939771358 1800 5246.06390347677 28388.0000334469
61292.820070894 9646.74530480377 1800 5215.13918831795 28312.4474605269
720 90 10 270 0
61045.4223496235 9594.27939771358 1800 5246.06390347677 28388.0000334469
61045.4223496235 9594.27939771358 1800 5246.06390347677 28388.0000334469
540 90 10 67.5 0
61045.4223496235 9594.27939771358 1800 5246.06390347677 28388.0000334469
720 90 10 270 0
720 90 10 270 0
60828.1166903091 9510.34645226198 1800 5273.22711089106 28033.891279851
60828.1166903091 9510.34645226198 1800 5273.22711089106 28033.891279851
61045.4223496235 9594.27939771358 1800 5246.06390347677 28388.0000334469
61045.4223496235 9594.27939771358 1800 5246.06390347677 28388.0000334469
720 90 10 270 0
720 90 10 270 0
61045.4223496235 9594.27939771358 1800 5246.06390347677 28388.0000334469
61045.4223496235 9594.27939771358 1800 5246.06390347677 28388.0000334469
720 90 10 270 0
61416.3302016985 9716.06718686539 1800 5199.70042196738 28342.4438635457
61472.8966522444 9741.74159168139 1800 5192.62961564916 28318.3882168294
61026.3807319059 9581.23057323353 1800 5248.44410569146 28157.8771983816
60828.1166903091 9510.34645226198 1800 5273.22711089106 28033.891279851
61452.2638186991 9726.17414543833 1800 5195.20871984232 28464.1471659076
62018.622848892 9722.20856560832 1800 5151.89245152604 27924.0904809975
61894.1021093196 9656.6303684848 1800 5139.97893351475 27328.0356931536
61894.1021093196 9656.6303684848 1800 5139.97893351475 27328.0356931536
60828.1166903091 9510.34645226198 1800 5273.22711089106 28033.891279851
61894.1021093196 9656.6303684848 1800 5139.97893351475 27328.0356931536
61894.1021093196 9656.6303684848 1800 5139.97893351475 27328.0356931536
60828.1166903091 9510.34645226198 1800 5273.22711089106 28033.891279851
720 90 10 270 0
60828.1166903091 9510.34645226198 1800 5273.22711089106 28033.891279851
61894.1021093196 9656.6303684848 1800 5139.97893351475 27328.0356931536
61866.9901371277 9656.31475761903 1800 5143.36793003874 27341.047193415
61984.157642061 9690.88566807087 1800 5128.58482320053 26845.1543588959
65114.4736055842 9615.77718209799 1800 4758.11749913248 27130.6724404712
61865.8490263585 9649.65120205545 1800 5143.51056888489 27321.0565267243
61225.3010714609 9586.55332275954 1800 5223.57906324708 27907.2230924136
61010.5188112154 9573.24535880378 1800 4885.81270118836 27341.3919338126
60865.0379960264 9547.42182778618 1800 4901.92021128211 27204.6430134156
61742.5585590952 9602.5793400474 1800 4792.06425788345 27144.3713807951
60828.1166903091 9510.34645226198 1800 5273.22711089106 28033.891279851
61892.4285727541 9648.92370485336 1800 5140.18812558544 26303.0110117711
60828.1166903091 9510.34645226198 1800 5273.22711089106 28033.891279851
67806.5577804836 11642.8016836266 1800 2350.67000251946 37571.1422612193
60820.5396583119 9476.63917234347 1800 5274.17423989072 27869.0091387833
60820.5396583119 9476.63917234347 1800 5274.17423989072 27869.0091387833
67829.790238657 11618.8135365215 1800 2347.76594524778 37651.6183495858
67733.9437583331 11619.941919533 1800 2030.74704153762 38498.3242668164
68184.4428704184 11742.5637688527 1800 2303.4343662776 38442.0835154282
67973.8692523236 11670.4293295268 1800 2329.75606853946 37463.034849331
68970.7045695428 11454.3292007134 1800 2205.15165388705 35183.8382000059
60820.5396583119 9476.63917234347 1800 5274.17423989072 27869.0091387833
60820.5396583119 9476.63917234347 1800 5274.17423989072 27869.0091387833
60820.5396583119 9476.63917234347 1800 5274.17423989072 27869.0091387833
65154.2398882458 11017.057947584 1800 1011.92520350698 41279.1974791712
66066.0310153809 10995.7611105278 1800 3483.83551721371 40091.2111454443
65793.7798189705 11312.252840817 1800 338.310737207967 41555.8989590097
65715.9466566203 11283.9284203787 1800 348.039882501746 42135.2964258508
65447.0325206994 11240.4917983355 1800 403.225426685638 40096.9345285911
65243.0287637166 11303.0112948522 1800 392.16916290412 40093.2251061129
65119.534188345 11234.2134832317 1800 18.4225322008087 41032.1777227291
65526.8733587878 11238.4717411686 1800 393.245321924593 39178.6841941295
68184.4428704184 11742.5637688527 1800 2303.4343662776 38442.0835154282
65392.3137518587 11344.6210800481 1800 480.16262518538 41637.4126585811
