7200.57937939023 2070.16808905264 645 821.529793171276 5098.9596512111
6823.20208816978 1870.20438872677 645 575.434051760639 2754.25967206123
7321.20032790006 2066.11087775965 645 799.29906448199 4415.74350790903
7169.97888083362 2022.2219633947 645 758.225359608609 4189.54020727135
7172.22742453419 2004.34893483774 645 741.477074325166 3876.53301422443
7567.54363231785 2165.64412314479 645 722.407433761678 3109.22014971355
7321.20032790006 2066.11087775965 645 799.29906448199 4415.74350790903
7331.9388355892 1796.79222495967 645 846.647919437188 2929.4514544373
7435.9541790237 2174.92627210991 645 777.952091191402 4305.07887954771
7375.63711162037 2168.85630757386 645 642.262369483443 5450.12720959533
7244.10327338028 2091.04424261342 645 658.704099263454 4825.18393319065
6916.60953841481 1951.61576824169 645 692.056960257205 3532.13970635944
7010.80357841859 1949.98121303704 645 838.098658167173 4357.2386728964
7095.2808356165 1996.67995381249 645 801.883883865198 4334.75527478837
7095.2808356165 1996.67995381249 645 801.883883865198 4334.75527478837
6138.21463400664 1618.48481234508 645 24.3090539910038 3463.42567996511
7197.53793781775 1723.55625185551 645 829.847807215756 2898.19393406782
7304.14025190054 1782.07233932243 645 711.658183876784 2671.27546513897
7095.2808356165 1996.67995381249 645 801.883883865198 4334.75527478837
8083.98386422282 2171.12954631854 645 653.838828267846 2337.23941234512
7915.52198573039 2013.02274154607 645 788.080900605516 3165.7420507793
7594.9567542936 1926.39638858786 645 748.010246675917 2289.01673111957
7879.7598071467 2015.96818047998 645 783.610628282555 3094.02780675838
7873.34793847085 1999.34175072479 645 782.809144698073 3103.45091577953
7245.79611118835 2074.38763472783 645 801.72184967082 4305.07887954771
7968.22412891588 2044.1799717341 645 687.143331041825 3057.71082156347
7259.80159498862 2082.68831534753 645 806.97390609592 4192.59917069793
6982.33688056036 1992.4057568867 645 783.485425514156 4914.79413515187
7423.87559411972 2256.67692787811 645 735.752231668671 6744.98458487259
7603.96571330341 2150.76383075432 645 716.858883034896 3778.77210443549
7142.16614018264 2050.17025215622 645 662.528070684739 4709.04308299331
7129.54641751706 2055.84428979139 645 823.255803279864 4580.67133810347
7004.4910037876 2000.94249801379 645 791.793221724372 4364.70272890803
8237.12910562556 2114.79712193739 645 708.366525295602 3208.11499548604
8151.32983530577 2090.56010107259 645 817.556881802438 3333.61248435002
7045.1614391943 2011.76890503341 645 861.050435636058 4975.55500117011
7126.54473406419 2014.83700348975 645 823.631013711473 4571.60394574966
7879.7598071467 2015.96818047998 645 783.610628282555 3094.02780675838
8067.80527075991 2058.58448723755 645 807.116311234205 3016.78812039691
7124.6421083427 2014.63328771086 645 823.86884192666 4571.60394574966
7336.37096921898 2041.98652439229 645 363.537406281595 3813.18738538517
8342.37364058316 2149.20087838115 645 804.819622950418 2786.24873106238
8034.03742985379 2045.87462855172 645 766.277596609246 2628.78516586588
7677.45030388454 2172.75615357367 645 795.533665659066 4397.21555952548
7393.98705345738 2076.78281270985 645 790.200723787324 4155.49324388199
8190.37954860692 2162.83194445057 645 785.820361453387 2826.36353676856
8034.03742985379 2045.87462855172 645 766.277596609246 2628.78516586588
7124.6421083427 2014.63328771086 645 823.86884192666 4571.60394574966
2622.58336319862 546.032125901297 222 212.008760086218 0
0 0 0 0 0
0 0 0 0 0
5391.62436076367 1323.1925397737 584 673.953045095459 3576.31797623694
0 0 0 0 0
0 0 0 0 0
2628.20654820185 553.054214387944 222 209.801644733596 0
343.405464429852 121.046863561493 13 42.9256830537315 0
211 27 35 26.375 0
343.405464429852 121.046863561493 13 42.9256830537315 0
90 15 17 11.25 0
3052.55589113704 861.100608495358 429 381.569486392131 4019.83765695131
176 22 15 22 0
333.851901611298 141.653384066904 28 41.7314877014123 0
605.901956905879 246.972725495729 59 227.213233839705 0
3063.61424303863 868.715233184784 443 382.951780379829 3010.28226409432
174.334293849625 35.068402259089 61 59.3753601936093 0
0 0 0 0 0
3205.71903758685 837.952456291452 215 121.743130260058 100.684365979714
2824.28269446765 751.193807968087 423 353.035336808457 2526.66747092387
3294.29910093015 784.863495388424 222 293.063213824633 110.524877711979
0 0 0 0 0
2235.59835198096 576.148260365495 168 17.621413408625 0
592.861426867051 99.4017542509914 47 74.1076783583814 0
0 0 0 0 0
2824.28269446765 751.193807968087 423 353.035336808457 2526.66747092387
2942.68338706731 704.004943135451 215 91.9712511354603 0
2824.28269446765 751.193807968087 423 353.035336808457 2526.66747092387
0 0 0 0 0
0 0 0 0 0
2545.40029283178 684.144593099665 177 101.554314410432 23.2782570389186
0 0 0 0 0
0 0 0 0 0
0 0 0 0 0
0 0 0 0 0
0 0 0 0 0
0 0 0 0 0
0 0 0 0 0
0 0 0 0 0
0 0 0 0 0
0 0 0 0 0
0 0 0 0 0
0 0 0 0 0
0 0 0 0 0
0 0 0 0 0
0 0 0 0 0
0 0 0 0 0
0 0 0 0 0
0 0 0 0 0
0 0 0 0 0
0 0 0 0 0
0 0 0 0 0
0 0 0 0 0
5452.68608462233 1302.5681235343 645 562.861586786155 2526.66747092387
0 0 0 0 0
0 0 0 0 0
5850.90928916357 1429.4989250268 645 612.63948735381 2356.66734086907
0 0 0 0 0
0 0 0 0 0
0 0 0 0 0
0 0 0 0 0
5739.13608623209 1396.46360791014 645 598.667836987375 2198.18496322542
0 0 0 0 0
6122.85378423057 1521.63278751694 645 695.512288017358 2608.0220679512
0 0 0 0 0
0 0 0 0 0
0 0 0 0 0
0 0 0 0 0
0 0 0 0 0
0 0 0 0 0
0 0 0 0 0
5452.68608462233 1302.5681235343 645 562.861586786155 2526.66747092387
0 0 0 0 0
5452.68608462233 1302.5681235343 645 562.861586786155 2526.66747092387
5452.68608462233 1302.5681235343 645 562.861586786155 2526.66747092387
5452.68608462233 1302.5681235343 645 562.861586786155 2526.66747092387
5452.68608462233 1302.5681235343 645 562.861586786155 2526.66747092387
0 0 0 0 0
0 0 0 0 0
0 0 0 0 0
0 0 0 0 0
6642.50954671803 1706.0296714241 645 711.589519548118 2716.64975002258
0 0 0 0 0
0 0 0 0 0
0 0 0 0 0
0 0 0 0 0
0 0 0 0 0
5803.35720896711 1461.4742986417 645 606.695477329252 4321.19634659992
0 0 0 0 0
0 0 0 0 0
0 0 0 0 0
0 0 0 0 0
0 0 0 0 0
5452.68608462233 1302.5681235343 645 562.861586786155 2526.66747092387
5452.68608462233 1302.5681235343 645 562.861586786155 2526.66747092387
0 0 0 0 0
5452.68608462233 1302.5681235343 645 562.861586786155 2526.66747092387
5863.5765950846 1444.1446743509 645 594.228919414195 2563.7131440033
5492.67404698182 1317.42291267893 645 547.866100901347 2526.66747092387
5452.68608462233 1302.5681235343 645 562.861586786155 2526.66747092387
5563.70016979613 1325.89454438487 645 410.102559667263 2526.66747092387
5971.46925397791 1513.84905346712 645 655.484422921672 4062.47105875341
5783.61798389875 1399.76473008635 645 607.138087673735 2263.33507817248
5550.51171198039 1412.74394674936 645 602.864730171982 4853.31956655078
5654.18669823093 1382.84076524212 645 422.585879903269 2355.03892154009
5782.0026217724 1402.68488022655 645 606.936167407941 2474.66747092387
5899.34158367299 1525.12612780433 645 280.289762191464 2563.33170044838
5687.75571212227 1429.10878464781 645 620.020230189718 4383.8073297248
6029.942400629 1535.0444842706 645 603.427682979936 3945.86847071278
5472.190734601 1291.47282938328 645 386.63579813293 2526.66747092387
6029.942400629 1535.0444842706 645 603.427682979936 3945.86847071278
5446.86605766627 1297.22593386938 645 565.044096894675 2526.66747092387
5854.79693598195 1506.69678212213 645 616.035456684134 4231.80436018479
6587.5663531968 1714.54092570454 645 707.631633835991 4011.88101780252
6056.80135948073 1544.35653067517 645 606.785052836403 3945.86847071278
5902.81702721937 1481.22343868186 645 622.037968088812 3945.86847071278
5446.86605766627 1297.22593386938 645 565.044096894675 2526.66747092387
5446.86605766627 1297.22593386938 645 565.044096894675 2526.66747092387
5446.86605766627 1297.22593386938 645 565.044096894675 2526.66747092387
5446.86605766627 1297.22593386938 645 565.044096894675 2526.66747092387
8442.96506723244 2330.96864125136 645 75.1799158285181 3048.27096707867
7636.3657582632 2098.09315742347 645 660.48617208808 4484.77445145859
8705.13997589294 2463.58615232709 645 564.547473585956 4420.77616291256
7567.89975005171 2056.35189364726 645 580.80551064584 4245.15831423484
7750.27370433944 2404.86904213701 645 545.049368534766 7263.32075333215
8086.99046635075 2449.57788235396 645 261.168610030069 5649.50344477221
8511.72028746902 2613.99390924836 645 246.627722831759 7309.00896139221
7908.4799057556 2414.7313474943 645 360.93919381083 6050.31888361009
7765.14651099542 2208.70782880492 645 507.137826993821 4000.79856279575
7405.68991768336 2049.64811260431 645 855.866804698958 5410.70276782989
7053.36701403172 1916.28765879667 645 811.826441742502 5491.02704698559
7188.73952884645 1973.37806527462 645 828.748006094344 5367.76294091545
8573.75075713745 2265.66059797339 645 547.248463170238 7385.49220792755
8573.75075713745 2265.66059797339 645 547.248463170238 7385.49220792755
7094.15600064291 1902.71861442436 645 474.961672640167 5270.46952004765
8573.75075713745 2265.66059797339 645 547.248463170238 7385.49220792755
7597.98063454127 2055.85001157392 645 615.322707825123 4719.19236750954
8573.75075713745 2265.66059797339 645 547.248463170238 7385.49220792755
6904.71409840792 1899.46188692955 645 595.231881399256 6100.90248055321
8573.75075713745 2265.66059797339 645 547.248463170238 7385.49220792755
8573.75075713745 2265.66059797339 645 547.248463170238 7385.49220792755
8149.41847394206 2365.27546832039 645 631.879543594324 3707.44601557678
8389.17521765882 2233.37603825355 645 451.593782001518 6170.94407507314
8573.75075713745 2265.66059797339 645 547.248463170238 7385.49220792755
1547.50643442312 530.928661918029 140 580.31491290867 234.928661918029
0 0 0 0 0
4249.86871875418 1212.37581734353 279 270.961538337643 647.543136731137
0 0 0 0 0
4317.81597900539 1251.9963806026 279 304.12159382034 472.984351654905
0 0 0 0 0
0 0 0 0 0
0 0 0 0 0
