15763.520362931 3994.94063367316 1141 49.0258298636018 15952.3617212635
15560.3796566149 3996.8995305607 1167 234.821146295485 17205.709850207
15792.1319148265 3992.29510650874 1146 52.6022738505385 15921.3418254547
15416.0345885058 3997.0456846863 1135 216.778012781846 16718.115161093
15806.4924937361 3981.2394783008 1152 11.7705557969512 16332.3575847243
15354.0783497271 3993.55842257988 1032 118.311504414434 15250.2355706908
15724.4143864446 3995.79648368813 1096 22.0303192083884 15610.6790678715
15114.3764221538 3998.06359549773 1044 179.070741987851 14921.9501382228
15078.2698108201 3997.74729973852 976 162.107827847876 15252.6602150118
15458.2843631233 3979.58485292244 1134 222.059234609032 17681.250324628
15786.4429395592 3995.70232691721 1106 4.92760477560773 17997.6031882941
15479.3473031062 3990.24276051806 1139 224.692102106902 17438.0464845708
15416.0345885058 3997.0456846863 1135 216.778012781846 16718.115161093
15484.0781753169 3995.42292169655 1144 191.261667727682 18058.5913318815
15479.3473031062 3990.24276051806 1139 224.692102106902 17438.0464845708
15416.0345885058 3997.0456846863 1135 216.778012781846 16718.115161093
0 0 0 0 0
0 0 0 0 0
0 0 0 0 0
0 0 0 0 0
0 0 0 0 0
161 23 13 20.125 0
0 0 0 0 0
0 0 0 0 0
35 5 1 4.375 0
161 23 13 20.125 0
154 22 13 19.25 0
524.278874682108 98.2634959423431 19 65.5348593352635 0
168 21 5 21 0
3263.42711685734 1016.97251111228 253 407.928389607168 4389.63531220466
133 19 22 16.625 0
40 5 11 5 0
0 0 0 0 0
3124.47551790781 960.276608962928 240 390.559439738476 3693.49414674047
0 0 0 0 0
0 0 0 0 0
0 0 0 0 0
0 0 0 0 0
8478.68381946888 1990.13182259909 643 737.94385031443 9646.16697907117
0 0 0 0 0
0 0 0 0 0
0 0 0 0 0
3781.81034284705 998.455171301739 418 1418.17887856764 5057.13401792228
11761.2458110663 2973.54830587208 793 1470.15572638329 12958.5183191342
0 0 0 0 0
11761.2458110663 2973.54830587208 793 1470.15572638329 12958.5183191342
8788.72599707794 1981.58778119808 676 904.446260362587 7509.30004804606
7337.58958643835 1997.96634974263 593 917.198698304794 8556.47940914078
0 0 0 0 0
0 0 0 0 0
0 0 0 0 0
0 0 0 0 0
4006.07401999466 998.974743990045 357 1502.277757498 3255.47138257872
12120.2415635216 2980.57938695067 912 1515.0301954402 12810.3080746081
0 0 0 0 0
0 0 0 0 0
3781.81034284705 998.455171301739 418 1418.17887856764 5057.13401792228
3094.31341422641 968.351075297651 235 386.789176778301 3947.58313540092
8795.40947820795 1998.53135582677 584 903.610825221335 8237.85481734075
3094.31341422641 968.351075297651 235 386.789176778301 3947.58313540092
8795.40947820795 1998.53135582677 584 903.610825221335 8237.85481734075
7337.58958643835 1997.96634974263 593 917.198698304794 8556.47940914078
4006.07401999466 998.974743990045 357 1502.277757498 3255.47138257872
11761.2458110663 2973.54830587208 793 1470.15572638329 12958.5183191342
15924.7105941309 3965.71078108003 1141 12.4481857309627 15744.7219797856
15924.7105941309 3965.71078108003 1141 12.4481857309627 15744.7219797856
16126.3155835163 3979.55413094071 1269 12.7524379422073 16065.7794571868
15924.7105941309 3965.71078108003 1141 12.4481857309627 15744.7219797856
15924.7105941309 3965.71078108003 1141 12.4481857309627 15744.7219797856
16126.3155835163 3979.55413094071 1269 12.7524379422073 16065.7794571868
15543.0561539134 3972.00347717382 1211 51.9768478156466 18015.6523370565
16126.3155835163 3979.55413094071 1269 12.7524379422073 16065.7794571868
16126.3155835163 3979.55413094071 1269 12.7524379422073 16065.7794571868
15924.7105941309 3965.71078108003 1141 12.4481857309627 15744.7219797856
15543.0561539134 3972.00347717382 1211 51.9768478156466 18015.6523370565
16126.3155835163 3979.55413094071 1269 12.7524379422073 16065.7794571868
16126.3155835163 3979.55413094071 1269 12.7524379422073 16065.7794571868
15924.7105941309 3965.71078108003 1141 12.4481857309627 15744.7219797856
15924.7105941309 3965.71078108003 1141 12.4481857309627 15744.7219797856
16126.3155835163 3979.55413094071 1269 12.7524379422073 16065.7794571868
15543.0561539134 3972.00347717382 1211 51.9768478156466 18015.6523370565
16126.3155835163 3979.55413094071 1269 12.7524379422073 16065.7794571868
16126.3155835163 3979.55413094071 1269 12.7524379422073 16065.7794571868
16126.3155835163 3979.55413094071 1269 12.7524379422073 16065.7794571868
16126.3155835163 3979.55413094071 1269 12.7524379422073 16065.7794571868
16126.3155835163 3979.55413094071 1269 12.7524379422073 16065.7794571868
15543.0561539134 3972.00347717382 1211 51.9768478156466 18015.6523370565
15924.7105941309 3965.71078108003 1141 12.4481857309627 15744.7219797856
15680.2092810428 3993.42724965791 1214 69.1209887068317 18427.4089393234
15543.0561539134 3972.00347717382 1211 51.9768478156466 18015.6523370565
15680.2092810428 3993.42724965791 1214 69.1209887068317 18427.4089393234
15680.2092810428 3993.42724965791 1214 69.1209887068317 18427.4089393234
15680.2092810428 3993.42724965791 1214 69.1209887068317 18427.4089393234
15678.4355646127 3992.33637967342 1214 69.78613236812 18443.500487833
16126.3155835163 3979.55413094071 1269 12.7524379422073 16065.7794571868
15680.2092810428 3993.42724965791 1214 69.1209887068317 18427.4089393234
15924.7105941309 3965.71078108003 1141 12.4481857309627 15744.7219797856
15680.2092810428 3993.42724965791 1214 69.1209887068317 18427.4089393234
15678.4355646127 3992.33637967342 1214 69.78613236812 18443.500487833
15680.2092810428 3993.42724965791 1214 69.1209887068317 18427.4089393234
15680.2092810428 3993.42724965791 1214 69.1209887068317 18427.4089393234
15678.4355646127 3992.33637967342 1214 69.78613236812 18443.500487833
15678.4355646127 3992.33637967342 1214 69.78613236812 18443.500487833
15678.4355646127 3992.33637967342 1214 69.78613236812 18443.500487833
15924.7105941309 3965.71078108003 1141 12.4481857309627 15744.7219797856
15924.7105941309 3965.71078108003 1141 12.4481857309627 15744.7219797856
15924.7105941309 3965.71078108003 1141 12.4481857309627 15744.7219797856
15706.9801189309 3994.49097110924 1220 73.354201657894 18899.6818750819
15706.9801189309 3994.49097110924 1220 73.354201657894 18899.6818750819
15774.0401452565 3995.06797907895 1237 73.1549404271836 19338.6612899827
15964.3761812294 3985.30423415906 1156 7.48998734365546 15829.3643002962
15952.7812424844 3992.12262993319 1177 8.93935468678205 15694.7284004706
16125.5429097232 3978.10126551416 1204 30.158142705463 16736.5188075045
16125.5429097232 3978.10126551416 1204 30.158142705463 16736.5188075045
16046.1156319445 3996.33265202037 1157 2.01854585770525 16177.2312138694
16125.5429097232 3978.10126551416 1204 30.158142705463 16736.5188075045
15951.6531991894 3970.17538848573 1202 8.42192888874706 16521.7714555157
15939.5779834779 3996.97286239353 1156 41.97016403268 16352.7248134939
16641.8238701194 3988.20602118375 1340 77.1909737675976 19931.2430873382
15804.6746969204 3991.06860073247 1237 85.5660239065742 20605.4964497366
15833.3728550848 3991.19566526674 1171 104.2416127595 15682.743124237
16096.8532705079 3997.0121716932 1201 9.06964881615681 16274.7456083609
16382.2954862041 3991.3027609618 1366 44.7499257781849 19511.9604356004
16270.7569236601 3984.87449713112 1298 30.80760546018 19428.0806682165
15706.9801189309 3994.49097110924 1220 73.354201657894 18899.6818750819
15996.3849244276 3995.18707209972 1145 3.48889444387828 16663.094102311
16140.3975990863 3996.79845602407 1291 14.5126898884598 19423.5553378125
16024.596534773 3983.38649842547 1249 0.0375568492929688 19153.1959424419
15636.2065017237 3994.2458437594 1146 48.5111972818713 15988.1720643223
15706.9801189309 3994.49097110924 1220 73.354201657894 18899.6818750819
15401.4007593393 3993.01292310026 1159 118.081479577043 19539.0304381775
15678.4355646127 3992.33637967342 1214 69.78613236812 18443.500487833
15487.1846029383 3994.60739863946 1167 124.788766351092 18427.8071771767
15474.2360095164 3990.22731348001 1150 139.810699491943 18288.5470865911
15879.0311794986 3994.2445802718 1170 96.5071159781262 16139.605783979
15470.8203550487 3993.69401743862 1064 176.428695268055 16342.6097877879
15924.7105941309 3965.71078108003 1141 12.4481857309627 15744.7219797856
15176.5262808255 3996.10992761127 1048 139.641935990154 15427.2796538147
15388.2306723373 3991.96047449115 1047 166.104984929132 16937.1035974345
15451.11407807 3988.13426080697 1064 173.96541064572 15642.0052982709
15662.8142381734 3992.20805969022 1115 200.42793065865 16805.5198844592
15662.8142381734 3992.20805969022 1115 200.42793065865 16805.5198844592
15967.8242967619 3996.33221689466 1146 7.058972902096 16186.7741565893
15400.1461043473 3993.38017452743 1047 167.594413930379 16090.7962480321
14694.7550134237 3995.76584514885 955 121.9342149842 16298.9839300264
14646.0315521061 3998.32052645652 970 8.4650220842359 15770.0830378396
0 0 0 0 0
192 24 6 24 0
192 24 6 24 0
0 0 0 0 0
0 0 0 0 0
6 1 23 0.75 0
0 0 0 0 0
0 0 0 0 0
6 1 23 0.75 0
196 26 15 55.5 0
96 12 5 36 0
36 6 4 4.5 0
42 7 19 5.25 0
91 13 8 11.375 0
192 24 6 24 0
0 0 0 0 0
0 0 0 0 0
12398.2534208699 2970.84964805722 891 1469.78167760874 14917.2453196606
0 0 0 0 0
7820.33763264732 1959.33630142352 722 977.542204080915 11760.3516285149
0 0 0 0 0
7883.44023192176 1996.99017471803 722 921.43002899022 12024.3612028514
8054.58015007891 1982.23531230707 463 742.660161541711 7157.11702443321
7860.97158285311 1997.35346417898 722 982.621447856638 12269.8105447657
0 0 0 0 0
0 0 0 0 0
0 0 0 0 0
7940.19702487063 1961.34934287478 460 756.958052192746 6906.48539124567
7860.97158285311 1997.35346417898 722 982.621447856638 12269.8105447657
3498.96536060315 982.563489277664 294 1312.11201022618 3838.03624190772
0 0 0 0 0
3498.96536060315 982.563489277664 294 1312.11201022618 3838.03624190772
3498.96536060315 982.563489277664 294 1312.11201022618 3838.03624190772
4555.61478947576 999.671823029408 169 569.45184868447 3319.08078252549
3627.81768815272 998.628323209099 303 1360.43163305727 4240.96785103037
3230.54826026447 998.710220240685 336 403.818532533058 5228.83010006911
12685.0034726676 2980.87855624537 849 163.857246218131 14198.0974691298
0 0 0 0 0
8054.58015007891 1982.23531230707 463 742.660161541711 7157.11702443321
3627.81768815272 998.628323209099 303 1360.43163305727 4240.96785103037
12561.586704096 2982.3284513407 917 1570.198338012 15822.7423820968
12685.0034726676 2980.87855624537 849 163.857246218131 14198.0974691298
3224.14128720848 996.778752621701 330 403.01766090106 5026.03520805121
14832.8054577802 3990.33502596831 971 202.449353413725 15699.177862244
14832.8054577802 3990.33502596831 971 202.449353413725 15699.177862244
14832.8054577802 3990.33502596831 971 202.449353413725 15699.177862244
14832.8054577802 3990.33502596831 971 202.449353413725 15699.177862244
14832.8054577802 3990.33502596831 971 202.449353413725 15699.177862244
14832.8054577802 3990.33502596831 971 202.449353413725 15699.177862244
14832.8054577802 3990.33502596831 971 202.449353413725 15699.177862244
14832.8054577802 3990.33502596831 971 202.449353413725 15699.177862244
15269.7656015472 3992.04583062678 1058 257.069371384607 16843.7206819606
15094.1641577924 3994.78848873729 1066 235.119190915253 16135.5524389341
15094.1641577924 3994.78848873729 1066 235.119190915253 16135.5524389341
