16756.239347164 3991.3765395054 1714 246.503439159474 21961.2791959429
15790.7765087818 3993.80384370651 1510 312.140865971501 19485.3035175328
16852.7548605773 3993.59538392762 1714 258.567878336142 22001.2183955429
16045.748901991 3989.91480203849 1608 344.01241512265 20517.8419721788
16852.7548605773 3993.59538392762 1714 258.567878336142 22001.2183955429
16489.6520996526 3991.49871036027 1675 373.653790208919 22179.1107746608
16489.6520996526 3991.49871036027 1675 373.653790208919 22179.1107746608
16489.6520996526 3991.49871036027 1675 373.653790208919 22179.1107746608
15879.7494422719 3997.47878931155 1563 297.415958036338 20632.0476973678
17110.8617684602 3992.61945082577 1781 327.138687485343 22530.4488401053
16538.7655736462 3991.81487497802 1669 255.626663133591 21015.0105857524
16537.7087404558 3991.59394631984 1669 255.49455898479 21011.2547985634
15898.3700395899 3997.09441078467 1524 325.590057322517 20415.817402141
16417.3030501097 3993.33760663871 1657 87.7541830466266 20944.0926246879
16567.2155101452 3992.01875922758 1656 248.741839183612 21483.7432308589
16195.5278216158 3988.78860974328 1613 362.734780075754 20465.6797845788
16436.3801422138 3991.68709033428 1669 392.841320150506 20427.8870681006
15790.7765087818 3993.80384370651 1510 312.140865971501 19485.3035175328
16436.3801422138 3991.68709033428 1669 392.841320150506 20427.8870681006
15718.5028526536 3991.15920567246 1491 303.106658955476 18269.6974178489
15803.9991382565 3992.81811889391 1510 286.322482686954 18777.2517703218
15351.212944638 3961.04352476657 1440 287.482569658381 18334.2404251649
15956.0962613811 3993.36662903427 1558 332.805835046418 19663.0697717062
15749.0567143188 3993.15253514024 1488 306.925891663622 18068.6636717137
15790.7765087818 3993.80384370651 1510 312.140865971501 19485.3035175328
16648.6183059342 3972.11172698659 1693 426.75271987644 22299.3796151344
16622.1748538285 3985.9686664715 1658 355.346913428654 21582.2420670008
16501.5023269061 3992.79301382735 1690 400.981593237036 21288.7002211657
16607.6373376234 3994.68858473423 1697 428.848266478497 22065.2450384404
16648.6183059342 3972.11172698659 1693 426.75271987644 22299.3796151344
16923.8146268719 3993.68966873244 1749 393.051885059087 23349.0079135536
16795.7744544936 3991.79469793439 1744 403.958306500597 22131.2466197007
16864.042590324 3987.274673287 1726 412.328539725202 23054.7871401821
16780.6507540534 3986.81696954178 1726 401.904560191386 22994.5349384468
16737.6387311396 3990.7383388921 1721 418.034068784086 21876.6263672524
16687.9336908142 3992.65402202594 1739 438.058195928162 21221.6949441396
16822.7475058086 3994.04237511826 1744 417.103761781417 22436.370973701
16143.415145385 3986.45436796955 1514 269.261754003894 18150.2931899312
16591.0994192663 3995.57569333954 1695 472.986310736562 21979.8752217384
16758.0593245506 3993.20376313745 1754 397.044987751893 22306.5778423071
16161.2208057473 3989.91018578302 1529 300.072913333675 18898.1418413208
16755.3372353849 3993.32138077227 1732 396.704726606182 22103.3516976805
4337.32239531304 990.062174719553 526 1570.49589824239 6471.68533078772
0 0 0 0 0
4337.32239531304 990.062174719553 526 1570.49589824239 6471.68533078772
9078.98446194483 1997.18866080423 1137 1134.8730577431 14303.5797255726
4337.32239531304 990.062174719553 526 1570.49589824239 6471.68533078772
168 24 17 21 0
14333.4557673451 2995.47100267696 1468 354.319934612263 19860.3378804577
0 0 0 0 0
4337.32239531304 990.062174719553 526 1570.49589824239 6471.68533078772
72 9 16 9 0
4460.0038110608 1022.24348561873 534 1588.5014291478 6830.98310131577
200 25 9 11 0
4225.32239531304 976.062174719553 505 1584.49589824239 6471.68533078772
48 6 22 6 0
9519.25461182865 2003.78930168526 970 956.095079051818 13801.8741686528
9047.12965004941 1987.9736438369 1135 1130.89120625618 13842.4193183567
128 16 4 16 0
8967.12965004941 1977.9736438369 1133 1120.89120625618 13842.4193183567
0 0 0 0 0
9095.12965004941 1993.9736438369 1137 1072.89120625618 13842.4193183567
4246.32239531304 979.062174719553 517 1581.87089824239 6471.68533078772
0 0 0 0 0
4282.67150745399 997.753829776174 517 1586.00181529525 6704.72101693689
0 0 0 0 0
0 0 0 0 0
0 0 0 0 0
5191.25080076785 999.545816066523 431 648.906350095981 6970.89106733699
0 0 0 0 0
4292.0038110608 998.243485618734 517 1609.5014291478 6830.98310131577
10041.4519562843 1997.22751705822 951 1255.18149453554 13029.354779142
4292.0038110608 998.243485618734 517 1609.5014291478 6830.98310131577
14270.2352627127 2996.73447687075 1568 1783.77940783909 21274.4707929095
4292.0038110608 998.243485618734 517 1609.5014291478 6830.98310131577
5191.25080076785 999.545816066523 431 648.906350095981 6970.89106733699
9483.25461182865 1997.78930168526 948 960.595079051818 13801.8741686528
0 0 0 0 0
14333.4557673451 2995.47100267696 1468 354.319934612263 19860.3378804577
0 0 0 0 0
9483.25461182865 1997.78930168526 948 960.595079051818 13801.8741686528
0 0 0 0 0
9523.35566689121 1997.25337436936 969 968.481017490761 13854.000818854
0 0 0 0 0
9523.35566689121 1997.25337436936 969 968.481017490761 13854.000818854
9078.98446194483 1997.18866080423 1137 1134.8730577431 14303.5797255726
9483.25461182865 1997.78930168526 948 960.595079051818 13801.8741686528
9078.98446194483 1997.18866080423 1137 1134.8730577431 14303.5797255726
14373.5568224076 2994.93507536107 1489 362.205873051206 19912.464530659
4228.7833064284 999.506959812528 617 528.597913303549 8245.11601376758
18602.340128836 3994.44203517359 2106 166.392040252344 28157.5805444266
18505.5639109551 3979.39531586474 2087 167.193583338983 27914.1645717988
18602.340128836 3994.44203517359 2106 166.392040252344 28157.5805444266
18505.5639109551 3979.39531586474 2087 167.193583338983 27914.1645717988
18602.340128836 3994.44203517359 2106 166.392040252344 28157.5805444266
18505.5639109551 3979.39531586474 2087 167.193583338983 27914.1645717988
18602.340128836 3994.44203517359 2106 166.392040252344 28157.5805444266
18602.340128836 3994.44203517359 2106 166.392040252344 28157.5805444266
18602.340128836 3994.44203517359 2106 166.392040252344 28157.5805444266
18602.340128836 3994.44203517359 2106 166.392040252344 28157.5805444266
18602.340128836 3994.44203517359 2106 166.392040252344 28157.5805444266
18602.340128836 3994.44203517359 2106 166.392040252344 28157.5805444266
18602.340128836 3994.44203517359 2106 166.392040252344 28157.5805444266
18602.340128836 3994.44203517359 2106 166.392040252344 28157.5805444266
18602.340128836 3994.44203517359 2106 166.392040252344 28157.5805444266
18602.340128836 3994.44203517359 2106 166.392040252344 28157.5805444266
18602.340128836 3994.44203517359 2106 166.392040252344 28157.5805444266
18602.340128836 3994.44203517359 2106 166.392040252344 28157.5805444266
18505.5639109551 3979.39531586474 2087 167.193583338983 27914.1645717988
18602.340128836 3994.44203517359 2106 166.392040252344 28157.5805444266
18505.5639109551 3979.39531586474 2087 167.193583338983 27914.1645717988
18602.340128836 3994.44203517359 2106 166.392040252344 28157.5805444266
18505.5639109551 3979.39531586474 2087 167.193583338983 27914.1645717988
18505.5639109551 3979.39531586474 2087 167.193583338983 27914.1645717988
18505.5639109551 3979.39531586474 2087 167.193583338983 27914.1645717988
18505.5639109551 3979.39531586474 2087 167.193583338983 27914.1645717988
18505.5639109551 3979.39531586474 2087 167.193583338983 27914.1645717988
18602.340128836 3994.44203517359 2106 166.392040252344 28157.5805444266
18505.5639109551 3979.39531586474 2087 167.193583338983 27914.1645717988
18602.340128836 3994.44203517359 2106 166.392040252344 28157.5805444266
18505.5639109551 3979.39531586474 2087 167.193583338983 27914.1645717988
18505.5639109551 3979.39531586474 2087 167.193583338983 27914.1645717988
18505.5639109551 3979.39531586474 2087 167.193583338983 27914.1645717988
18505.5639109551 3979.39531586474 2087 167.193583338983 27914.1645717988
18505.5639109551 3979.39531586474 2087 167.193583338983 27914.1645717988
18505.5639109551 3979.39531586474 2087 167.193583338983 27914.1645717988
18602.340128836 3994.44203517359 2106 166.392040252344 28157.5805444266
18469.928767876 3965.10587189942 2087 213.934423842702 27750.3188810799
18615.8425054367 3990.64174256556 2095 180.978407649182 28189.1876001276
18505.5639109551 3979.39531586474 2087 167.193583338983 27914.1645717988
18527.693057458 3975.61189479919 2085 187.23273480959 27981.1725341529
18505.5639109551 3979.39531586474 2087 167.193583338983 27914.1645717988
15273.0281071299 3994.10729001916 1311 9.8386330348626 16217.0270830986
18518.0371287001 3995.09744671232 2082 168.752735557114 27664.3054320336
14514.6398249812 3993.00707490033 1122 283.509641411099 13918.1524846299
14233.5623215397 3974.13815968728 1061 248.374953480905 14558.4901085379
18485.3795180482 3994.52761560186 2072 164.670534225627 28554.5721842315
14233.5623215397 3974.13815968728 1061 248.374953480905 14558.4901085379
14400.8353318878 3983.18212526632 1110 269.284079774416 14617.5101245303
18485.3795180482 3994.52761560186 2072 164.670534225627 28554.5721842315
18485.3795180482 3994.52761560186 2072 164.670534225627 28554.5721842315
14603.9493186924 3986.22433442858 1198 230.141625788013 14860.473681748
14603.9493186924 3986.22433442858 1198 230.141625788013 14860.473681748
18485.3795180482 3994.52761560186 2072 164.670534225627 28554.5721842315
14784.7803473286 3993.96558745081 1202 141.510471298871 14938.018242637
14476.9144604251 3994.35500138585 1119 278.793970841577 15138.7835804023
14444.2894457279 3977.86503105791 1132 285.231856484338 14516.4753770911
14465.3214706877 3997.42621212778 1112 277.34484712441 14825.6481405945
14288.054211421 3959.60637770956 1064 282.404576073158 14297.5065443566
14090.1876903832 3992.89386352613 975 132.506397127826 14252.586891019
14602.7041790783 3998.04401451152 1159 294.517685673234 17536.8235671833
14413.2997461546 3965.61540333369 1115 270.842131557765 15343.0417433099
14427.897809632 3969.9229029697 1115 272.666889492444 15535.8701434295
14376.6725100113 3993.62774710397 1040 58.611659336693 13684.6724826404
14427.897809632 3969.9229029697 1115 272.666889492444 15535.8701434295
14428.6601930466 3994.66247907816 1145 259.015763550429 15310.8122245869
14435.1100670463 3967.30711544686 1126 7.35051183584778 14941.4455084999
14641.5576621968 3994.60354516385 1201 299.37437106304 15954.5128729475
14233.5623215397 3974.13815968728 1061 248.374953480905 14558.4901085379
14057.1318524377 3996.13011675701 1048 218.895637377086 12927.006618118
14233.5623215397 3974.13815968728 1061 248.374953480905 14558.4901085379
14222.185959909 3955.65554670173 1061 278.971577918462 14573.5433594874
14231.8112879582 3994.20830177406 1029 275.362079900036 14532.1744429382
13691.323015252 3993.12917728803 887 114.010571837062 11981.2244534209
14286.2232991918 3997.26812062866 1061 254.957575687421 15187.6850683893
14286.2232991918 3997.26812062866 1061 254.957575687421 15187.6850683893
14286.2232991918 3997.26812062866 1061 254.957575687421 15187.6850683893
0 0 0 0 0
0 0 0 0 0
4296.15285987283 1008.09860100392 456 1534.05732245231 5609.87634823625
0 0 0 0 0
32 4 4 4 0
0 0 0 0 0
0 0 0 0 0
154 22 20 19.25 0
106 15 36 13.25 0
187 30 42 23.375 0
4335.12784345509 1010.08837917352 456 1565.67294129566 5777.07606779013
202 31 38 25.25 0
32 4 4 4 0
214 33 20 26.75 0
4296.15285987283 1008.09860100392 456 1534.05732245231 5609.87634823625
11687.6138456348 3012.53836650857 997 1400.95173070435 10904.2404221752
4206.15285987283 994.098601003924 454 1545.30732245231 5609.87634823625
0 0 0 0 0
0 0 0 0 0
0 0 0 0 0
0 0 0 0 0
0 0 0 0 0
8242.35682485842 1990.49824059267 697 1000.64312515444 8025.12173395538
7516.23086866435 1997.47628526665 745 939.528858583044 7907.54858761251
4215.12784345509 995.088379173524 454 1580.67294129566 5777.07606779013
0 0 0 0 0
0 0 0 0 0
0 0 0 0 0
0 0 0 0 0
0 0 0 0 0
4215.12784345509 995.088379173524 454 1580.67294129566 5777.07606779013
8494.39429640301 1998.86484743019 639 1061.79928705038 7473.91169765199
12228.7252419231 2961.73249388334 1005 420.71699900148 11702.807836444
