14683.269222198 3995.98054198008 1101 114.931104153792 13975.3765626172
14375.885840281 3991.9908845472 975 95.5208609080735 13136.934072166
14546.2473310329 3994.76306652064 1064 97.8033677581529 13472.8109694021
14244.3462184175 3992.1738473168 1038 41.3941931012887 13250.4252637403
14402.079875428 3990.12927419803 1043 61.1109002276085 13290.1206137377
14176.7005896813 3992.93625818559 985 242.224253376467 13528.237058056
14402.079875428 3990.12927419803 1043 61.1109002276085 13290.1206137377
14721.3538185772 3990.54805663637 1105 71.1531771873492 16109.4823493653
14103.6310756329 3986.64886245777 971 50.1671759732067 11588.8809408224
14603.8197987192 3992.43197902342 1082 60.8859063419918 15260.8559366851
14574.2857566305 3966.11090067729 1090 57.1941510808997 16350.6049190252
14511.038850772 3997.71408477051 1045 47.3601108649568 13802.6705787275
14559.2477652859 3994.08228864776 1108 20.6028657599927 12072.0405323469
14511.038850772 3997.71408477051 1045 47.3601108649568 13802.6705787275
14677.8124528003 3997.17850312234 1120 68.0510285052783 16814.1650404048
14050.7926322427 3989.29090220874 962 139.624150291022 12904.4864929394
14172.2754549514 3990.93422140205 982 154.80950312961 13458.383896785
14006.2212256009 3993.3151646193 961 134.052724460798 12525.4733204711
14549.8295783486 3993.89418622893 1104 39.1496473604154 12579.4815978661
0 0 0 0 0
120 15 2 15 0
0 0 0 0 0
0 0 0 0 0
0 0 0 0 0
0 0 0 0 0
3757.24402339468 1018.90072581241 291 1332.966508773 3980.37032630339
0 0 0 0 0
3701.24402339468 1015.90072581241 296 1339.966508773 3980.37032630339
98 14 17 12.25 0
133 19 16 16.625 0
147 21 11 18.375 0
3757.24402339468 1018.90072581241 291 1332.966508773 3980.37032630339
611.220968356056 164.523849580203 7 76.402621044507 0
3725.24402339468 1014.90072581241 291 1336.966508773 3980.37032630339
88 11 16 33 0
8811.4579222801 1995.45558328756 652 701.189771412325 7885.12106894178
0 0 0 0 0
0 0 0 0 0
0 0 0 0 0
3605.24402339468 999.90072581241 289 1351.966508773 3980.37032630339
0 0 0 0 0
3588.05792291373 996.02006455232 289 1325.52172109265 3408.7257044098
0 0 0 0 0
8811.4579222801 1995.45558328756 652 701.189771412325 7885.12106894178
0 0 0 0 0
3605.24402339468 999.90072581241 289 1351.966508773 3980.37032630339
12510.7368074699 2983.95133880067 1081 1563.84210093374 12542.280202667
0 0 0 0 0
0 0 0 0 0
0 0 0 0 0
0 0 0 0 0
12087.7463529245 2980.2443007723 927 282.191534887632 11375.4780758891
0 0 0 0 0
0 0 0 0 0
7304.52290858447 1988.39648132552 718 913.065363573058 8637.52946002856
7740.26484393134 1995.02069974831 549 825.626723511779 6102.01302251534
4347.48150899317 985.223601023986 378 543.435188624146 5273.46505337373
12087.7463529245 2980.2443007723 927 282.191534887632 11375.4780758891
0 0 0 0 0
3586.31965800639 998.150932098653 279 1344.8698717524 3598.27008458999
8501.42669491812 1982.09336867364 648 1062.67833686477 7777.20799129907
7726.57427425819 1991.5804487076 504 818.556997203582 6061.57940766231
7052.495219749 1926.52752354384 712 881.561902468625 7340.07878624212
12087.7463529245 2980.2443007723 927 282.191534887632 11375.4780758891
2928.99446934573 998.588907074529 320 366.124308668216 3227.71262354605
3568.75756297171 996.082273561698 260 1338.28408611439 3573.44618214653
11210.3119310355 2922.02569868975 956 1401.28899137943 9828.2120117579
14779.0694940072 3918.10797225144 1216 63.0049052650425 13401.6581939044
14779.0694940072 3918.10797225144 1216 63.0049052650425 13401.6581939044
15016.7408222702 3978.83320784683 1247 83.9327737805834 14603.1906994351
14779.0694940072 3918.10797225144 1216 63.0049052650425 13401.6581939044
14779.0694940072 3918.10797225144 1216 63.0049052650425 13401.6581939044
16115.9808308646 3983.85206461308 1370 211.875592160733 16522.6505289703
15016.7408222702 3978.83320784683 1247 83.9327737805834 14603.1906994351
14779.0694940072 3918.10797225144 1216 63.0049052650425 13401.6581939044
16115.9808308646 3983.85206461308 1370 211.875592160733 16522.6505289703
16115.9808308646 3983.85206461308 1370 211.875592160733 16522.6505289703
14869.9406790165 3955.97617115439 1216 74.3638033912007 13823.0789272478
16115.9808308646 3983.85206461308 1370 211.875592160733 16522.6505289703
14779.0694940072 3918.10797225144 1216 63.0049052650425 13401.6581939044
15016.7408222702 3978.83320784683 1247 83.9327737805834 14603.1906994351
14779.0694940072 3918.10797225144 1216 63.0049052650425 13401.6581939044
16115.9808308646 3983.85206461308 1370 211.875592160733 16522.6505289703
14779.0694940072 3918.10797225144 1216 63.0049052650425 13401.6581939044
14779.0694940072 3918.10797225144 1216 63.0049052650425 13401.6581939044
16115.9808308646 3983.85206461308 1370 211.875592160733 16522.6505289703
15016.7408222702 3978.83320784683 1247 83.9327737805834 14603.1906994351
14779.0694940072 3918.10797225144 1216 63.0049052650425 13401.6581939044
16115.9808308646 3983.85206461308 1370 211.875592160733 16522.6505289703
16115.9808308646 3983.85206461308 1370 211.875592160733 16522.6505289703
16115.9808308646 3983.85206461308 1370 211.875592160733 16522.6505289703
15016.7408222702 3978.83320784683 1247 83.9327737805834 14603.1906994351
14779.0694940072 3918.10797225144 1216 63.0049052650425 13401.6581939044
16115.9808308646 3983.85206461308 1370 211.875592160733 16522.6505289703
16115.9808308646 3983.85206461308 1370 211.875592160733 16522.6505289703
16115.9808308646 3983.85206461308 1370 211.875592160733 16522.6505289703
16115.9808308646 3983.85206461308 1370 211.875592160733 16522.6505289703
16115.9808308646 3983.85206461308 1370 211.875592160733 16522.6505289703
14779.0694940072 3918.10797225144 1216 63.0049052650425 13401.6581939044
16115.9808308646 3983.85206461308 1370 211.875592160733 16522.6505289703
16115.9808308646 3983.85206461308 1370 211.875592160733 16522.6505289703
16115.9808308646 3983.85206461308 1370 211.875592160733 16522.6505289703
14779.0694940072 3918.10797225144 1216 63.0049052650425 13401.6581939044
16115.9808308646 3983.85206461308 1370 211.875592160733 16522.6505289703
14779.0694940072 3918.10797225144 1216 63.0049052650425 13401.6581939044
14779.0694940072 3918.10797225144 1216 63.0049052650425 13401.6581939044
14813.8032690768 3932.37531463872 1216 67.3466271487464 13530.5559649736
16115.9808308646 3983.85206461308 1370 211.875592160733 16522.6505289703
15295.4143980994 3978.42299669302 1272 123.096559255208 15569.2365909293
14779.0694940072 3918.10797225144 1216 63.0049052650425 13401.6581939044
14813.8032690768 3932.37531463872 1216 67.3466271487464 13530.5559649736
16115.9808308646 3983.85206461308 1370 211.875592160733 16522.6505289703
15835.0645178627 3992.19084581355 1332 190.79511852256 15274.0231906375
15107.8020998247 3988.92725397701 1228 104.096480992226 14564.6455133259
15219.8194688942 3981.78810748356 1249 118.098652125921 14808.2495715077
15271.934162547 3977.44688919864 1264 120.161529811163 14803.2528371781
15223.8043921126 3991.12076170223 1238 124.118442976866 14590.6299682442
14813.8032690768 3932.37531463872 1216 67.3466271487464 13530.5559649736
14644.3772692532 3977.90040388789 1138 51.6900526194477 13269.504101755
15645.749254773 3994.52661632568 1300 149.684598421805 16295.9856324473
15707.2278555756 3975.74801925647 1315 119.941475811564 15262.0022223409
15446.517503774 3987.91931107887 1282 110.137096375312 15602.3462969644
14902.5156880187 3948.40221195196 1217 110.042588844282 14390.2347335094
14632.9645816375 3990.12034057357 1119 50.2634666674796 13320.9143130158
14905.2569024498 3949.94102104373 1216 78.7783313203677 13292.4795780486
14633.4431902167 3990.30633467471 1119 50.3232927398822 13550.1064078231
14813.8032690768 3932.37531463872 1216 67.3466271487464 13530.5559649736
15125.7829066144 3990.80985478512 1234 107.471599573182 14371.9916053897
14633.4431902167 3990.30633467471 1119 50.3232927398822 13550.1064078231
14234.4134264567 3938.52545265617 1073 9.01761042425915 12089.6493666941
14670.071111509 3984.20973570077 1172 49.3801074527637 13581.0382012948
14413.5421701909 3976.62332151576 1046 22.835665236662 12081.2892652917
14596.798599309 3992.98104487484 1076 45.7427188764186 12960.5133895488
14739.8059529457 3992.16617069378 1167 63.6186380810038 13435.1644088416
14623.4496560247 3982.0946062034 1135 97.2481403710099 12688.5298068071
14637.2130100585 3985.82108902401 1135 50.7945202201036 13164.9779878756
14401.6136551375 3994.1738574878 1073 21.3446008549809 12269.4430750837
14751.2097786508 3991.72106219126 1108 56.5926572727867 12742.2200846243
14401.6136551375 3994.1738574878 1073 21.3446008549809 12269.4430750837
14670.9073698708 3992.44245351939 1115 55.0063151966515 12974.4716033865
14628.0774271751 3990.34544752539 1089 49.6525723596874 12069.4001208319
14533.4622775192 3969.73273888652 1116 37.8256786526972 12298.7226245898
14401.6136551375 3994.1738574878 1073 21.3446008549809 12269.4430750837
14139.998934708 3994.91551074969 992 171.43300927608 12852.5913379997
14289.631467575 3979.36139352325 1073 258.124943477893 14199.4334714427
14058.1811090101 3994.7779635492 976 42.8929135922301 12947.7998516338
15131.4263892093 3993.62161892394 1221 56.0354522474252 16988.7473252029
14304.2770973385 3988.8214124028 1073 259.955647198326 14623.5140638128
0 0 0 0 0
102 17 17 12.75 0
0 0 0 0 0
3254.31528044387 998.529797870803 354 406.789410055484 4952.98398818575
0 0 0 0 0
105 15 12 13.125 0
0 0 0 0 0
60 10 9 7.5 0
60 10 9 7.5 0
118 19 19 6.75 0
192 24 21 24 0
3310.31528044387 1005.5297978708 365 385.789410055484 4952.98398818575
105 15 12 13.125 0
3350.31528044387 1010.5297978708 363 370.789410055484 4952.98398818575
102 17 17 12.75 0
80 10 22 10 0
0 0 0 0 0
3704.99649221645 1092.8939955681 408 463.124561527056 7005.348138166
0 0 0 0 0
0 0 0 0 0
0 0 0 0 0
7901.7961847485 1972.85215740788 738 895.724523093562 8162.11468398193
0 0 0 0 0
0 0 0 0 0
0 0 0 0 0
3486.40951797947 991.908515442303 408 435.801189747433 5139.45604475492
0 0 0 0 0
0 0 0 0 0
0 0 0 0 0
7874.84626056481 1987.03981433063 738 984.355782570601 8914.35121224893
0 0 0 0 0
3254.31528044387 998.529797870803 354 406.789410055484 4952.98398818575
0 0 0 0 0
0 0 0 0 0
0 0 0 0 0
3254.31528044387 998.529797870803 354 406.789410055484 4952.98398818575
0 0 0 0 0
3254.31528044387 998.529797870803 354 406.789410055484 4952.98398818575
3366.151531514 999.794175032784 347 1262.30682431775 4785.79939022886
4451.83416144223 996.330034721691 266 556.479270180279 4516.85556575458
0 0 0 0 0
3254.31528044387 998.529797870803 354 406.789410055484 4952.98398818575
12242.6876229959 2992.50949137807 954 152.739812882509 13689.6434253498
3254.31528044387 998.529797870803 354 406.789410055484 4952.98398818575
7817.98569295623 1996.12420975447 613 705.827554137471 9302.65495598345
3366.151531514 999.794175032784 347 1262.30682431775 4785.79939022886
15692.831953521 3983.1640240851 1351 278.52822843313 18217.0061682324
15692.831953521 3983.1640240851 1351 278.52822843313 18217.0061682324
15692.831953521 3983.1640240851 1351 278.52822843313 18217.0061682324
15459.4645054075 3985.00063629273 1292 249.357297418942 18555.9582087636
15692.831953521 3983.1640240851 1351 278.52822843313 18217.0061682324
15459.4645054075 3985.00063629273 1292 249.357297418942 18555.9582087636
