8695.35627246446 1995.67246102358 643 793.30336899398 6822.03182128921
6933.02867255538 1975.23257159167 625 866.628584069423 6905.83838160661
12407.0741715836 2994.44153946532 926 329.338631604091 9108.75940125541
0 0 0 0 0
3760.44580610408 999.177177482353 310 1410.16717728903 3575.86714759528
0 0 0 0 0
11945.2108685209 2936.12433582284 914 387.071544486926 9313.90726385753
0 0 0 0 0
3760.44580610408 999.177177482353 310 1410.16717728903 3575.86714759528
11795.2290143671 2993.08703558775 917 1474.40362679588 9551.77186338254
11945.2108685209 2936.12433582284 914 387.071544486926 9313.90726385753
3044.35300384473 977.471605224905 282 380.544125480591 3795.0178575438
3760.44580610408 999.177177482353 310 1410.16717728903 3575.86714759528
11795.2290143671 2993.08703558775 917 1474.40362679588 9551.77186338254
3760.44580610408 999.177177482353 310 1410.16717728903 3575.86714759528
11229.1180662615 2914.4187635654 886 1403.63975828269 9533.05797380606
15555.6748204711 3992.2642130701 1227 64.2364495068546 13127.6390109778
15101.6085992925 3951.89439045751 1196 7.47817185952908 13135.8579132353
15555.6748204711 3992.2642130701 1227 64.2364495068546 13127.6390109778
14989.5638723656 3913.59594104775 1196 6.52741900633464 13108.9251214013
15555.6748204711 3992.2642130701 1227 64.2364495068546 13127.6390109778
14989.5638723656 3913.59594104775 1196 6.52741900633464 13108.9251214013
15144.6077271131 3963.90535579543 1196 12.8530628371061 13360.8029937619
14989.5638723656 3913.59594104775 1196 6.52741900633464 13108.9251214013
14989.5638723656 3913.59594104775 1196 6.52741900633464 13108.9251214013
14989.5638723656 3913.59594104775 1196 6.52741900633464 13108.9251214013
14989.5638723656 3913.59594104775 1196 6.52741900633464 13108.9251214013
15211.7978961954 3990.92624154896 1205 21.251833972382 13902.5791947933
14989.5638723656 3913.59594104775 1196 6.52741900633464 13108.9251214013
15555.6748204711 3992.2642130701 1227 64.2364495068546 13127.6390109778
15211.7978961954 3990.92624154896 1205 21.251833972382 13902.5791947933
15211.7978961954 3990.92624154896 1205 21.251833972382 13902.5791947933
14989.5638723656 3913.59594104775 1196 6.52741900633464 13108.9251214013
15555.6748204711 3992.2642130701 1227 64.2364495068546 13127.6390109778
15211.7978961954 3990.92624154896 1205 21.251833972382 13902.5791947933
15211.7978961954 3990.92624154896 1205 21.251833972382 13902.5791947933
15555.6748204711 3992.2642130701 1227 64.2364495068546 13127.6390109778
15211.7978961954 3990.92624154896 1205 21.251833972382 13902.5791947933
15555.6748204711 3992.2642130701 1227 64.2364495068546 13127.6390109778
14955.7346634884 3916.65822823072 1196 10.756070115985 13159.8990616109
15555.6748204711 3992.2642130701 1227 64.2364495068546 13127.6390109778
14955.7346634884 3916.65822823072 1196 10.756070115985 13159.8990616109
15555.6748204711 3992.2642130701 1227 64.2364495068546 13127.6390109778
15555.6748204711 3992.2642130701 1227 64.2364495068546 13127.6390109778
15023.8614116611 3994.33698305689 1140 2.24022659440334 12714.7775963786
15211.7978961954 3990.92624154896 1205 21.251833972382 13902.5791947933
15555.6748204711 3992.2642130701 1227 64.2364495068546 13127.6390109778
15555.6748204711 3992.2642130701 1227 64.2364495068546 13127.6390109778
15555.6748204711 3992.2642130701 1227 64.2364495068546 13127.6390109778
15555.6748204711 3992.2642130701 1227 64.2364495068546 13127.6390109778
15211.7978961954 3990.92624154896 1205 21.251833972382 13902.5791947933
15211.7978961954 3990.92624154896 1205 21.251833972382 13902.5791947933
15555.6748204711 3992.2642130701 1227 64.2364495068546 13127.6390109778
15555.6748204711 3992.2642130701 1227 64.2364495068546 13127.6390109778
15555.6748204711 3992.2642130701 1227 64.2364495068546 13127.6390109778
15555.6748204711 3992.2642130701 1227 64.2364495068546 13127.6390109778
15023.8614116611 3994.33698305689 1140 2.24022659440334 12714.7775963786
15211.7978961954 3990.92624154896 1205 21.251833972382 13902.5791947933
15211.7978961954 3990.92624154896 1205 21.251833972382 13902.5791947933
15023.8614116611 3994.33698305689 1140 2.24022659440334 12714.7775963786
15555.6748204711 3992.2642130701 1227 64.2364495068546 13127.6390109778
15555.6748204711 3992.2642130701 1227 64.2364495068546 13127.6390109778
15555.6748204711 3992.2642130701 1227 64.2364495068546 13127.6390109778
15211.7978961954 3990.92624154896 1205 21.251833972382 13902.5791947933
15023.8614116611 3994.33698305689 1140 2.24022659440334 12714.7775963786
15694.1043429264 3994.96304173799 1235 81.5401398137581 13098.7414229215
15555.6748204711 3992.2642130701 1227 64.2364495068546 13127.6390109778
15695.7327161713 3988.96082971201 1235 142.249371390711 14326.6175527666
16021.6371979675 3993.66720072115 1323 122.4817466939 13373.8278328598
15427.0075284268 3994.57106435793 1246 48.1530380013137 14164.0330588865
15695.7327161713 3988.96082971201 1235 142.249371390711 14326.6175527666
15555.6748204711 3992.2642130701 1227 64.2364495068546 13127.6390109778
15449.8521054178 3991.7757118368 1218 51.0086101251813 14100.8618846398
15590.9942343262 3984.17462072215 1279 120.94679282669 15268.1778933832
15646.3192118695 3992.63785674612 1260 75.5669984316492 13552.5275307573
15449.8521054178 3991.7757118368 1218 51.0086101251813 14100.8618846398
15100.5855571406 3993.10260393625 1166 7.35029159053624 12957.351400963
15021.6356149815 3993.34032081543 1157 2.51845117934772 12908.5631932797
15023.8614116611 3994.33698305689 1140 2.24022659440334 12714.7775963786
15023.8614116611 3994.33698305689 1140 2.24022659440334 12714.7775963786
15023.8614116611 3994.33698305689 1140 2.24022659440334 12714.7775963786
15285.3976706499 3990.82779308295 1208 30.4518057791963 14634.2844488405
15211.7978961954 3990.92624154896 1205 21.251833972382 13902.5791947933
15365.4806692203 3995.20115062708 1220 40.4621806004964 14736.4971061345
15365.4806692203 3995.20115062708 1220 40.4621806004964 14736.4971061345
15365.4806692203 3995.20115062708 1220 40.4621806004964 14736.4971061345
15173.3541672332 3989.37255906763 1218 35.6682323331911 14276.0192438435
15211.7978961954 3990.92624154896 1205 21.251833972382 13902.5791947933
15359.9684033844 3993.40021820296 1243 39.7731473710128 14376.6870815191
15023.8614116611 3994.33698305689 1140 2.24022659440334 12714.7775963786
15211.7978961954 3990.92624154896 1205 21.251833972382 13902.5791947933
15433.841338588 3993.21333739859 1220 49.0072642714679 14109.6096581288
15322.8886548953 3991.71008849904 1245 60.8603370999172 14852.4841053465
15290.1396266382 3992.11295166276 1145 31.0445502777436 12563.1179667806
15322.8886548953 3991.71008849904 1245 60.8603370999172 14852.4841053465
16537.8803561189 3989.47569804002 1435 188.771232687911 17485.2602368031
15090.2239344572 3986.79336550336 1116 59.760508991877 12134.6975954331
15376.7402732351 3990.2815134702 1264 39.4699761154357 15419.8696120836
15213.2175600748 3980.16663212313 1217 47.1514502473542 14424.9979114421
15647.354899044 3991.42831138517 1234 53.3030219379098 12628.6193996829
15659.0665656253 3995.52064900366 1234 51.8390636152535 12357.7252940152
15659.0665656253 3995.52064900366 1234 51.8390636152535 12357.7252940152
0 0 0 0 0
133 19 2 16.625 0
13241.8014414092 2994.92581429647 1132 600.781097026623 14499.5658452557
0 0 0 0 0
4512.01255440553 997.188938956478 421 1692.00470790208 4052.71138054539
4470.12434571389 999.229170432341 402 558.765543214236 6392.78760136385
8771.67709569527 1995.69664386413 730 1159.54664024086 8106.77824389181
24 4 1 3 0
133 19 2 16.625 0
8233.24927480115 2011.5732632014 838 1029.15615935014 10821.6315563902
24 4 1 3 0
8265.24927480115 2015.5732632014 831 1033.15615935014 10821.6315563902
4566.12434571389 1011.22917043234 419 522.765543214236 6392.78760136385
127 21 22 15.875 0
8740.99930969984 1968.67034627369 733 1163.38136349029 7544.27053898416
8121.24927480115 1997.5732632014 825 1015.15615935014 10821.6315563902
8771.67709569527 1995.69664386413 730 1159.54664024086 8106.77824389181
4590.12434571389 1019.22917043234 418 573.765543214236 6392.78760136385
8764.28863573986 1994.71480286681 730 1144.77596775758 7869.33942815851
0 0 0 0 0
13259.1236554137 2975.89951670603 1132 598.615820276051 13937.058140348
0 0 0 0 0
0 0 0 0 0
3672.12175941837 990.773039180771 423 459.015219927297 4003.89438543008
0 0 0 0 0
12380.9138160909 2996.08096810905 1134 1547.61422701136 14875.6984197366
0 0 0 0 0
8771.67709569527 1995.69664386413 730 1159.54664024086 8106.77824389181
0 0 0 0 0
12292.5996390712 2990.37142049944 1096 1536.57495488391 14097.0232747602
12380.9138160909 2996.08096810905 1134 1547.61422701136 14875.6984197366
12292.5996390712 2990.37142049944 1096 1536.57495488391 14097.0232747602
7473.58879848787 1996.56243082102 617 801.757345087492 7635.63021945571
4257.09850641249 975.638062102091 339 532.137313301561 5020.19539121804
7473.58879848787 1996.56243082102 617 801.757345087492 7635.63021945571
8032.93509778151 1991.86371559178 787 1004.11688722269 10042.9564114138
8771.67709569527 1995.69664386413 730 1159.54664024086 8106.77824389181
4257.09850641249 975.638062102091 339 532.137313301561 5020.19539121804
11730.6873049004 2972.20049292311 956 269.62003178593 12655.8256106737
3089.8173456409 999.810357436495 281 386.227168205112 3449.1116224895
7473.58879848787 1996.56243082102 617 801.757345087492 7635.63021945571
8121.24927480115 1997.5732632014 825 1015.15615935014 10821.6315563902
14874.631161704 3990.14137007412 1237 123.372950314529 15981.9690681221
14820.5046505413 3972.0108503596 1237 116.607136419182 16104.9372331632
14820.5046505413 3972.0108503596 1237 116.607136419182 16104.9372331632
14820.5046505413 3972.0108503596 1237 116.607136419182 16104.9372331632
14820.5046505413 3972.0108503596 1237 116.607136419182 16104.9372331632
14820.5046505413 3972.0108503596 1237 116.607136419182 16104.9372331632
14820.5046505413 3972.0108503596 1237 116.607136419182 16104.9372331632
16804.6121934768 3987.56035945592 1517 155.42975301817 18149.7346553056
16892.9263704964 3993.26990706553 1555 144.390480890715 18928.409800282
16892.9263704964 3993.26990706553 1555 144.390480890715 18928.409800282
16804.6121934768 3987.56035945592 1517 155.42975301817 18149.7346553056
16892.9263704964 3993.26990706553 1555 144.390480890715 18928.409800282
16892.9263704964 3993.26990706553 1555 144.390480890715 18928.409800282
16892.9263704964 3993.26990706553 1555 144.390480890715 18928.409800282
16804.6121934768 3987.56035945592 1517 155.42975301817 18149.7346553056
14820.5046505413 3972.0108503596 1237 116.607136419182 16104.9372331632
16804.6121934768 3987.56035945592 1517 155.42975301817 18149.7346553056
16892.9263704964 3993.26990706553 1555 144.390480890715 18928.409800282
16892.9263704964 3993.26990706553 1555 144.390480890715 18928.409800282
16892.9263704964 3993.26990706553 1555 144.390480890715 18928.409800282
16892.9263704964 3993.26990706553 1555 144.390480890715 18928.409800282
14820.5046505413 3972.0108503596 1237 116.607136419182 16104.9372331632
16892.9263704964 3993.26990706553 1555 144.390480890715 18928.409800282
16892.9263704964 3993.26990706553 1555 144.390480890715 18928.409800282
16892.9263704964 3993.26990706553 1555 144.390480890715 18928.409800282
16892.9263704964 3993.26990706553 1555 144.390480890715 18928.409800282
16892.9263704964 3993.26990706553 1555 144.390480890715 18928.409800282
16892.9263704964 3993.26990706553 1555 144.390480890715 18928.409800282
16892.9263704964 3993.26990706553 1555 144.390480890715 18928.409800282
16804.6121934768 3987.56035945592 1517 155.42975301817 18149.7346553056
16804.6121934768 3987.56035945592 1517 155.42975301817 18149.7346553056
16804.6121934768 3987.56035945592 1517 155.42975301817 18149.7346553056
16892.9263704964 3993.26990706553 1555 144.390480890715 18928.409800282
16804.6121934768 3987.56035945592 1517 155.42975301817 18149.7346553056
16804.6121934768 3987.56035945592 1517 155.42975301817 18149.7346553056
14820.5046505413 3972.0108503596 1237 116.607136419182 16104.9372331632
16804.6121934768 3987.56035945592 1517 155.42975301817 18149.7346553056
16892.9263704964 3993.26990706553 1555 144.390480890715 18928.409800282
16804.6121934768 3987.56035945592 1517 155.42975301817 18149.7346553056
14820.5046505413 3972.0108503596 1237 116.607136419182 16104.9372331632
16804.6121934768 3987.56035945592 1517 155.42975301817 18149.7346553056
16892.9263704964 3993.26990706553 1555 144.390480890715 18928.409800282
14820.5046505413 3972.0108503596 1237 116.607136419182 16104.9372331632
16804.6121934768 3987.56035945592 1517 155.42975301817 18149.7346553056
16804.6121934768 3987.56035945592 1517 155.42975301817 18149.7346553056
14820.5046505413 3972.0108503596 1237 116.607136419182 16104.9372331632
14820.5046505413 3972.0108503596 1237 116.607136419182 16104.9372331632
16867.6222938388 3979.09030757222 1555 147.553490472918 19199.1416539163
16804.6121934768 3987.56035945592 1517 155.42975301817 18149.7346553056
16835.0171890284 3993.71734393266 1522 151.629128574215 19007.2341315128
16867.6222938388 3979.09030757222 1555 147.553490472918 19199.1416539163
16892.9263704964 3993.26990706553 1555 144.390480890715 18928.409800282
15192.980353222 3996.36300875563 1310 163.166599254277 16896.4276488844
16018.4200712913 3989.86630663786 1372 195.251947908971 17040.1372129037
15842.8499051507 3994.05297049126 1324 217.198218676554 17021.7558485246
16712.1609840489 3991.65321308753 1510 166.986154196657 18547.8582154229
