15631.9328977138 3997.21243423147 1329 39.2830484869346 15425.4054187964
15441.0388487161 3995.88875821234 1292 117.633973624654 15252.0266750086
15197.3816961053 3989.1501410247 1226 87.1768295483048 14127.6765928159
15341.7843880681 3995.82971726575 1228 132.950919308943 14959.9775715352
16117.3038952805 3997.38321365283 1442 229.89085771049 16978.1872307713
15242.1422277759 4004.17091736294 1226 102.919058987487 14302.8740876534
15529.3580009268 3996.4570408605 1292 156.397620916282 15435.6406367732
15410.3387676086 3986.25377654404 1252 145.71311988735 15713.2288333962
15177.1185637897 3993.90678053184 1193 160.852469787871 13062.9198797672
15185.4499783758 3991.9823997824 1216 161.89389661113 13533.4375230054
15089.8105975296 3984.2142334023 1186 168.838992938082 13243.8527315475
15234.5106271585 3989.98514042419 1199 186.926496641683 13198.3930459307
14953.0363061671 3996.91889678821 1191 200.023168014992 16523.6560100463
15257.1421022046 3991.54317568534 1253 26.7543663418548 16345.9079436948
15226.2813369782 3994.69727922183 1214 22.8967706885471 15678.2948147355
14888.5291861765 3967.58842000031 1121 71.0616114414556 13572.2507822828
15527.2162212057 3995.66553118973 1220 64.2142408549812 13708.8726775946
15057.4821089675 3994.61018093251 1175 228.110416615638 14366.1311092534
15025.5291894613 3998.73300009014 1146 19.6866102096317 14322.0038308023
15034.7084239042 3994.69774726919 1143 94.7366130912915 14713.4065464632
14886.0850356293 3997.25916471999 1109 211.604423393396 16014.5369999094
16201.6817266602 3990.44832761054 1484 182.252774860926 18393.9188788811
15527.2663696515 3991.69526006661 1351 112.903187740838 17937.2006654369
15186.8617048649 3965.52239970273 1153 85.27089332523 16062.2049987929
15477.305115585 3996.09365283337 1254 101.480593508522 13900.4958377483
15176.9491904558 3997.76501309677 1148 84.0318290240925 15544.1774477037
16114.6591678335 3994.71881636633 1435 166.975619006309 17919.4256583573
0 0 0 0 0
0 0 0 0 0
0 0 0 0 0
36 6 19 4.5 0
0 0 0 0 0
7754.58118924146 1996.2790656747 750 969.322648655183 9917.58265354458
3551.43572556635 973.994512588926 317 1331.78839708738 3661.61601870342
4797.18565547556 1003.48917417892 387 599.648206934445 4243.29071068266
8295.69531998105 1974.45549330687 684 746.863808469068 7472.25166055207
167.562749428027 33.4852813742386 16 20.9453436785033 0
8364.83710240896 1984.26518781909 704 738.221085665579 7993.0662430523
7802.58118924146 2002.2790656747 751 951.322648655183 9917.58265354458
8421.43019677262 2006.7613861828 692 731.146948870122 7472.25166055207
3387.59216969656 1012.04917186275 347 423.44902121207 4032.87046708902
3751.6514469334 1003.77601364017 319 1314.86929260002 3749.77553236964
5247.3949318214 1141.54864459818 392 655.924366477675 3722.47612818243
3530.53448419043 972.529802388938 317 1271.45043157141 3447.57478610358
4740.04387304765 995.679479666699 368 592.505484130956 3722.47612818243
8309.69531998105 1976.45549330687 685 745.113808469068 7472.25166055207
0 0 0 0 0
3567.6514469334 980.776013640173 317 1337.86929260002 3749.77553236964
4761.18565547556 997.489174178918 368 595.148206934445 4243.29071068266
3546.36530049418 980.771389392492 317 1277.38698768532 3315.72678868555
4752.52749065568 958.591873501364 368 514.06593633196 3754.80153650374
4761.18565547556 997.489174178918 368 595.148206934445 4243.29071068266
3275.59216969656 998.049171862749 345 409.44902121207 4032.87046708902
3567.6514469334 980.776013640173 317 1337.86929260002 3749.77553236964
0 0 0 0 0
3567.6514469334 980.776013640173 317 1337.86929260002 3749.77553236964
4761.18565547556 997.489174178918 368 595.148206934445 4243.29071068266
8328.83710240896 1978.26518781909 685 742.721085665579 7993.0662430523
0 0 0 0 0
3567.6514469334 980.776013640173 317 1337.86929260002 3749.77553236964
4761.18565547556 997.489174178918 368 595.148206934445 4243.29071068266
8217.15506722336 1966.76101947571 697 756.681340063778 7916.21434801757
0 0 0 0 0
8328.83710240896 1978.26518781909 685 742.721085665579 7993.0662430523
0 0 0 0 0
12515.766844717 2993.76823985362 1118 1564.47085558963 14160.8733642272
8328.83710240896 1978.26518781909 685 742.721085665579 7993.0662430523
7754.58118924146 1996.2790656747 750 969.322648655183 9917.58265354458
12515.766844717 2993.76823985362 1118 1564.47085558963 14160.8733642272
11431.8163447113 2937.77384359203 863 1428.97704308892 9664.68878943281
3567.6514469334 980.776013640173 317 1337.86929260002 3749.77553236964
12404.0848095314 2982.26407151023 1130 1550.51060119143 14084.0214691925
15306.6556656833 3937.69914421652 1201 24.0877022755549 13766.919872018
15971.7362564648 3963.04008515041 1447 212.641308591405 17833.7970015622
15971.7362564648 3963.04008515041 1447 212.641308591405 17833.7970015622
15971.7362564648 3963.04008515041 1447 212.641308591405 17833.7970015622
15978.190800655 3963.04008515041 1447 197.457300812706 17832.6880499966
15971.7362564648 3963.04008515041 1447 212.641308591405 17833.7970015622
15306.6556656833 3937.69914421652 1201 24.0877022755549 13766.919872018
15971.7362564648 3963.04008515041 1447 212.641308591405 17833.7970015622
15450.2811159837 3989.599464468 1212 6.13452098800781 14198.198367662
15306.6556656833 3937.69914421652 1201 24.0877022755549 13766.919872018
15449.7327930763 3989.65815116569 1212 6.20306135142755 14269.6238371095
15331.7544807285 3975.14417719409 1202 20.9503503948972 14138.9980713651
15449.7327930763 3989.65815116569 1212 6.20306135142755 14269.6238371095
15449.7327930763 3989.65815116569 1212 6.20306135142755 14269.6238371095
15449.7327930763 3989.65815116569 1212 6.20306135142755 14269.6238371095
15449.7327930763 3989.65815116569 1212 6.20306135142755 14269.6238371095
15449.7327930763 3989.65815116569 1212 6.20306135142755 14269.6238371095
15450.2811159837 3989.599464468 1212 6.13452098800781 14198.198367662
15449.7327930763 3989.65815116569 1212 6.20306135142755 14269.6238371095
16168.862221564 3993.26621845059 1433 194.560089272003 17951.0391769236
16168.862221564 3993.26621845059 1433 194.560089272003 17951.0391769236
15449.7327930763 3989.65815116569 1212 6.20306135142755 14269.6238371095
15450.2811159837 3989.599464468 1212 6.13452098800781 14198.198367662
16168.862221564 3993.26621845059 1433 194.560089272003 17951.0391769236
16168.862221564 3993.26621845059 1433 194.560089272003 17951.0391769236
15450.2811159837 3989.599464468 1212 6.13452098800781 14198.198367662
15907.4309417842 3998.03940344567 1369 51.0092072370653 16911.0959438763
15449.7327930763 3989.65815116569 1212 6.20306135142755 14269.6238371095
15883.2070358718 3988.08111595576 1341 47.9812189980148 15216.1602715204
15892.3435217975 3932.2906161597 1364 49.1232797387192 15586.0305222674
15907.4309417842 3998.03940344567 1369 51.0092072370653 16911.0959438763
15449.7327930763 3989.65815116569 1212 6.20306135142755 14269.6238371095
15813.783169425 3996.64191675037 1302 39.3032356921617 16030.1076772345
15829.0161955683 3989.88186378064 1335 41.2073639600717 15934.8703509234
15628.0037327056 3993.51808818233 1331 126.952778164704 15534.1412098324
16168.862221564 3993.26621845059 1433 194.560089272003 17951.0391769236
15833.6183057486 3997.48475573783 1358 41.7826277326089 15453.8994731599
15766.9256223862 3989.58242152868 1351 144.318014374778 15538.4517524096
15676.3488292965 3994.93361466173 1343 132.99591523856 15811.241221581
15545.392298366 3987.81220239115 1329 116.626348872244 15519.0646622342
15450.2811159837 3989.599464468 1212 6.13452098800781 14198.198367662
15545.392298366 3987.81220239115 1329 116.626348872244 15519.0646622342
15452.9905343775 3990.92412754932 1236 5.79584368878068 14797.4412074643
15449.7327930763 3989.65815116569 1212 6.20306135142755 14269.6238371095
15449.7327930763 3989.65815116569 1212 6.20306135142755 14269.6238371095
15153.0554882613 3986.21943569194 1178 91.7242988253313 14088.8506492574
15452.9905343775 3990.92412754932 1236 5.79584368878068 14797.4412074643
15491.8059348173 3996.23506522787 1274 109.928053428663 14745.4136803609
15539.1672694284 3995.87460254015 1322 115.848220255051 15294.7467520066
15442.9754757347 3996.83900130137 1272 110.797570116555 14507.0611418469
15153.0554882613 3986.21943569194 1178 91.7242988253313 14088.8506492574
15238.2481923076 3979.44277057354 1201 102.373386831109 14570.6188610584
15250.2092248935 3988.57825223664 1179 103.86851590435 14050.6441812445
15075.9898779451 3996.96191296646 1161 148.545294463556 14340.92090468
15371.650434385 3995.8118505163 1253 97.7755561420449 16523.8856310756
14703.1653519227 3996.79930348599 1117 182.229507926453 14976.1326607434
14767.187396494 3994.26127182443 1127 180.964676199594 14773.19538726
14653.6198734189 3996.36047394249 1094 176.03632311349 14197.3722091492
15252.4562959783 3994.86509785742 1253 34.6208016709534 15594.1280454639
15486.499260853 3994.53250307553 1269 57.7334120408743 16214.2494867621
14414.2015169138 3996.55773164741 1033 255.768324201408 13449.3672801381
15078.5202101149 3994.92829510246 1151 117.278404196461 14848.6890200023
14843.3635414463 3995.59870621983 1122 164.45048418045 14833.6851252271
15086.1932468145 3998.4234625441 1133 87.0986388570323 14745.8593597564
15078.5202101149 3994.92829510246 1151 117.278404196461 14848.6890200023
14977.0692683062 3995.96173965214 1225 137.890937047981 15704.9418301043
15160.8322369474 3996.90737024907 1158 56.4274230826941 15389.2577559543
15661.7439102332 3993.94602508602 1328 79.6389932133932 18025.4870540531
15555.9123773682 3993.27910903601 1312 66.4100516052683 17521.4136325564
15264.7418164571 3994.48561150458 1240 30.0137314913864 15943.6748383224
0 0 0 0 0
0 0 0 0 0
3707.55575500448 989.783919364091 341 1390.33340812668 3544.17678684028
0 0 0 0 0
3707.55575500448 989.783919364091 341 1390.33340812668 3544.17678684028
0 0 0 0 0
3730.55575500448 992.783919364091 356 1387.45840812668 3544.17678684028
0 0 0 0 0
3899.55575500448 1013.78391936409 364 1366.33340812668 3544.17678684028
11692.6562636648 3017.77137951116 858 1381.58203295811 10489.6461210451
3730.55575500448 992.783919364091 356 1387.45840812668 3544.17678684028
7117.38655491015 2005.24977667326 612 865.673319363769 7487.8168373882
3707.55575500448 989.783919364091 341 1390.33340812668 3544.17678684028
3883.97355806561 1018.03937078837 364 1399.4900842746 3673.75310678023
163 23 34 20.375 0
3744.55575500448 994.783919364091 360 1385.70840812668 3544.17678684028
66 11 9 8.25 0
8129.82046125874 1974.60882864387 592 868.759221375464 6370.01308559549
0 0 0 0 0
3760.52000931931 998.922636044838 360 1402.19500349474 3644.11882037073
0 0 0 0 0
3769.97355806561 999.039370788374 360 1413.7400842746 3673.75310678023
0 0 0 0 0
3769.97355806561 999.039370788374 360 1413.7400842746 3673.75310678023
0 0 0 0 0
8233.2432668203 1997.56097362627 592 855.831370680268 6675.58239043711
0 0 0 0 0
3769.97355806561 999.039370788374 360 1413.7400842746 3673.75310678023
8172.98901480953 1997.97967405718 584 833.236026176229 6737.85675908603
4281.01659042294 999.684797468626 369 535.127073802868 5170.27492467935
8233.2432668203 1997.56097362627 592 855.831370680268 6675.58239043711
7069.38655491015 1999.24977667326 611 883.673319363769 7487.8168373882
8233.2432668203 1997.56097362627 592 855.831370680268 6675.58239043711
7069.38655491015 1999.24977667326 611 883.673319363769 7487.8168373882
12514.2598572432 2997.2457710949 961 320.7042968774 11845.8573151165
0 0 0 0 0
126 18 4 15.75 0
0 0 0 0 0
12514.2598572432 2997.2457710949 961 320.7042968774 11845.8573151165
2788.36996448721 999.564979204633 242 348.546245560901 2317.54191270886
12454.0056052325 2997.6644715258 953 298.108952373361 11908.1316837654
2788.36996448721 999.564979204633 242 348.546245560901 2317.54191270886
126 18 4 15.75 0
2788.36996448721 999.564979204633 242 348.546245560901 2317.54191270886
8233.2432668203 1997.56097362627 592 855.831370680268 6675.58239043711
126 18 4 15.75 0
126 18 4 15.75 0
15302.6298217305 3996.81075029953 1203 27.8419486835005 14163.3992278253
126 18 4 15.75 0
15242.3755697197 3997.22945073043 1195 50.4372931875403 14225.6735964742
126 18 4 15.75 0
15198.8541041144 3974.07807171485 1195 44.997109986876 14264.8927594245
15113.1921374757 3929.70354611816 1195 34.2893641570456 13747.7636721208
15302.6298217305 3996.81075029953 1203 27.8419486835005 14163.3992278253
15242.3755697197 3997.22945073043 1195 50.4372931875403 14225.6735964742
15302.6298217305 3996.81075029953 1203 27.8419486835005 14163.3992278253
15242.3755697197 3997.22945073043 1195 50.4372931875403 14225.6735964742
15302.6298217305 3996.81075029953 1203 27.8419486835005 14163.3992278253
