4063.53151365042 876.687630415396 560 9.56853425955813 1378.65753968625
4110.25783868382 908.398996403052 538 4.53081921454543 1338.89016822389
4162.19784277963 889.37422635535 569 2.76475688159258 1418.00504160458
4162.19784277963 889.37422635535 569 2.76475688159258 1418.00504160458
4063.53151365042 876.687630415396 560 9.56853425955813 1378.65753968625
4063.53151365042 876.687630415396 560 9.56853425955813 1378.65753968625
4162.19784277963 889.37422635535 569 2.76475688159258 1418.00504160458
4162.19784277963 889.37422635535 569 2.76475688159258 1418.00504160458
4110.25783868382 908.398996403052 538 4.53081921454543 1338.89016822389
4110.25783868382 908.398996403052 538 4.53081921454543 1338.89016822389
4110.25783868382 908.398996403052 538 4.53081921454543 1338.89016822389
4107.57340514275 905.112992723399 538 4.86637340717948 1286.81136917775
4025.90261825419 880.477189743085 528 15.0752217682493 1321.25533808596
4011.02912547143 866.193919163069 513 15.2734967378115 1489.85700027453
4110.25783868382 908.398996403052 538 4.53081921454543 1338.89016822389
3991.72590383699 894.145678825804 515 19.3473110703999 1267.4164889015
3991.72590383699 894.145678825804 515 19.3473110703999 1267.4164889015
3991.72590383699 894.145678825804 515 19.3473110703999 1267.4164889015
3991.72590383699 894.145678825804 515 19.3473110703999 1267.4164889015
3991.72590383699 894.145678825804 515 19.3473110703999 1267.4164889015
4069.60582209993 879.365676333571 538 8.80924570336953 1379.47503115418
3991.72590383699 894.145678825804 515 19.3473110703999 1267.4164889015
4162.19784277963 889.37422635535 569 2.76475688159258 1418.00504160458
4039.27074736253 894.671390821569 524 13.4042056297066 1268.81492400742
4110.25783868382 908.398996403052 538 4.53081921454543 1338.89016822389
3991.72590383699 894.145678825804 515 19.3473110703999 1267.4164889015
4039.27074736253 894.671390821569 524 13.4042056297066 1268.81492400742
3977.59030825712 884.730583734956 515 21.1142605178833 1197.55854071069
3991.72590383699 894.145678825804 515 19.3473110703999 1267.4164889015
3977.59030825712 884.730583734956 515 21.1142605178833 1197.55854071069
3977.59030825712 884.730583734956 515 21.1142605178833 1197.55854071069
3978.05138121871 898.444474020424 489 15.5344606450219 1353.27185348993
3980.98630298098 887.208401074543 515 20.6897611774015 1196.67477133564
3886.13108957632 879.505227993049 484 33.3767850157492 1160.10653330136
3982.82098396901 891.40395468053 515 20.4604260538973 1252.40177525756
3978.05138121871 898.444474020424 489 15.5344606450219 1353.27185348993
3991.72590383699 894.145678825804 515 19.3473110703999 1267.4164889015
3947.54030902983 891.165808736416 516 13.0629700129734 1321.3943711947
3991.72590383699 894.145678825804 515 19.3473110703999 1267.4164889015
3886.54233732701 872.985700193837 484 32.4952568841472 1234.20763688716
3886.54233732701 872.985700193837 484 32.4952568841472 1234.20763688716
3919.48349333639 902.255399757694 476 27.5745367988122 1093.45342122874
3922.66876949113 900.448112818118 476 27.1763772794693 1118.59698788306
3787.41726268476 894.800251258891 451 35.8270246305885 1120.4838442055
3912.58662341897 898.592915843846 476 28.4366455384894 1134.44279310392
2251.04270078866 450.759095109782 293 236.129635867279 504.874933617953
0 0 0 0 0
1035.01994693172 221.64186060314 115 388.132480099396 238.79496774
2877.56667648725 676.951055240706 361 359.695834560906 895.647825363916
0 0 0 0 0
70 10 1 8.75 0
0 0 0 0 0
1276.02275385694 239.117234506642 184 159.502844232117 266.079965877953
232.464743984477 47.2946881279124 16 29.0580929980596 0
60 10 19 7.5 0
2311.04270078866 460.759095109782 299 228.629635867279 504.874933617953
130 20 4 16.25 0
70 10 1 8.75 0
159.684852532732 39.6977156035922 15 19.9606065665915 0
1105.01994693172 231.64186060314 128 379.382480099396 238.79496774
160 20 32 20 0
1035.01994693172 221.64186060314 115 388.132480099396 238.79496774
60 10 19 7.5 0
1026.45679396777 220.681730274545 115 344.921297737912 157.514027307811
2135.93136246911 438.680669830788 247 266.991420308639 376.851497466918
3128.22596730529 664.365009038581 362 126.4817275527 655.42189743799
731.663448131288 226.274632390705 114 91.4579310164111 362.497995364309
3131.19843023304 665.471699068877 362 126.110169686731 728.931926691134
0 0 0 0 0
2251.04270078866 450.759095109782 293 236.129635867279 504.874933617953
3196.56488467218 678.499455446197 362 117.939362881838 769.076917575096
0 0 0 0 0
1035.01994693172 221.64186060314 115 388.132480099396 238.79496774
0 0 0 0 0
2251.04270078866 450.759095109782 293 236.129635867279 504.874933617953
0 0 0 0 0
1035.01994693172 221.64186060314 115 388.132480099396 238.79496774
2893.20838587175 683.132227233761 361 361.651048233968 892.779945199405
1035.01994693172 221.64186060314 115 388.132480099396 238.79496774
2877.56667648725 676.951055240706 361 359.695834560906 895.647825363916
1035.01994693172 221.64186060314 115 388.132480099396 238.79496774
2877.56667648725 676.951055240706 361 359.695834560906 895.647825363916
2251.04270078866 450.759095109782 293 236.129635867279 504.874933617953
0 0 0 0 0
1035.01994693172 221.64186060314 115 388.132480099396 238.79496774
3196.56488467218 678.499455446197 362 117.939362881838 769.076917575096
0 0 0 0 0
1035.01994693172 221.64186060314 115 388.132480099396 238.79496774
2947.21704672159 682.567340203041 369 368.402130840198 838.746204240709
1035.01994693172 221.64186060314 115 388.132480099396 238.79496774
2947.21704672159 682.567340203041 369 368.402130840198 838.746204240709
3928.22833280347 904.774087836901 476 26.4814318654272 1131.5749129394
3982.23699365331 904.209200806181 484 19.7303492591972 1077.54117198071
3982.23699365331 904.209200806181 484 19.7303492591972 1077.54117198071
3992.09347997685 905.21757351975 484 18.4982884687542 1088.6096676859
3982.23699365331 904.209200806181 484 19.7303492591972 1077.54117198071
3897.70412923155 864.872371401597 484 30.2969573119167 1147.57211919087
3912.58662341897 898.592915843846 476 28.4366455384894 1134.44279310392
3912.58662341897 898.592915843846 476 28.4366455384894 1134.44279310392
3950.74672971623 891.229708709906 484 23.6666322513323 1038.60269569188
3912.58662341897 898.592915843846 476 28.4366455384894 1134.44279310392
3950.74672971623 891.229708709906 484 23.6666322513323 1038.60269569188
3912.58662341897 898.592915843846 476 28.4366455384894 1134.44279310392
3912.58662341897 898.592915843846 476 28.4366455384894 1134.44279310392
3950.74672971623 891.229708709906 484 23.6666322513323 1038.60269569188
3950.74672971623 891.229708709906 484 23.6666322513323 1038.60269569188
3912.58662341897 898.592915843846 476 28.4366455384894 1134.44279310392
3912.58662341897 898.592915843846 476 28.4366455384894 1134.44279310392
3912.58662341897 898.592915843846 476 28.4366455384894 1134.44279310392
3912.58662341897 898.592915843846 476 28.4366455384894 1134.44279310392
3912.58662341897 898.592915843846 476 28.4366455384894 1134.44279310392
3912.58662341897 898.592915843846 476 28.4366455384894 1134.44279310392
3950.74672971623 891.229708709906 484 23.6666322513323 1038.60269569188
3982.23699365331 904.209200806181 484 19.7303492591972 1077.54117198071
3950.74672971623 891.229708709906 484 23.6666322513323 1038.60269569188
3982.23699365331 904.209200806181 484 19.7303492591972 1077.54117198071
3950.74672971623 891.229708709906 484 23.6666322513323 1038.60269569188
3950.74672971623 891.229708709906 484 23.6666322513323 1038.60269569188
3950.74672971623 891.229708709906 484 23.6666322513323 1038.60269569188
3982.23699365331 904.209200806181 484 19.7303492591972 1077.54117198071
3878.5417816368 885.733357336393 496 32.6922507612609 1083.0045590741
3873.21487534768 882.446872496394 471 33.3581140474013 1086.00466306156
3916.64975970818 898.968164383399 461 27.9287535023387 1157.77083522049
3912.58662341897 898.592915843846 476 28.4366455384894 1134.44279310392
3912.58662341897 898.592915843846 476 28.4366455384894 1134.44279310392
3950.74672971623 891.229708709906 484 23.6666322513323 1038.60269569188
3912.58662341897 898.592915843846 476 28.4366455384894 1134.44279310392
3912.58662341897 898.592915843846 476 28.4366455384894 1134.44279310392
3912.58662341897 898.592915843846 476 28.4366455384894 1134.44279310392
3912.58662341897 898.592915843846 476 28.4366455384894 1134.44279310392
3950.74672971623 891.229708709906 484 23.6666322513323 1038.60269569188
3982.23699365331 904.209200806181 484 19.7303492591972 1077.54117198071
3982.23699365331 904.209200806181 484 19.7303492591972 1077.54117198071
3950.74672971623 891.229708709906 484 23.6666322513323 1038.60269569188
3950.74672971623 891.229708709906 484 23.6666322513323 1038.60269569188
3912.58662341897 898.592915843846 476 28.4366455384894 1134.44279310392
3982.23699365331 904.209200806181 484 19.7303492591972 1077.54117198071
3912.58662341897 898.592915843846 476 28.4366455384894 1134.44279310392
3982.23699365331 904.209200806181 484 19.7303492591972 1077.54117198071
3912.58662341897 898.592915843846 476 28.4366455384894 1134.44279310392
3912.58662341897 898.592915843846 476 28.4366455384894 1134.44279310392
3912.58662341897 898.592915843846 476 28.4366455384894 1134.44279310392
3912.58662341897 898.592915843846 476 28.4366455384894 1134.44279310392
3950.74672971623 891.229708709906 484 23.6666322513323 1038.60269569188
3982.23699365331 904.209200806181 484 19.7303492591972 1077.54117198071
3912.58662341897 898.592915843846 476 28.4366455384894 1134.44279310392
3953.89995555373 895.562027405244 484 27.1243898702658 1064.31161799355
3899.92761327831 888.435739645193 476 30.0190218060719 1051.99444089124
3982.23699365331 904.209200806181 484 19.7303492591972 1077.54117198071
3954.62450190931 897.362863619975 484 27.0338215758192 1073.3157990672
3950.74672971623 891.229708709906 484 23.6666322513323 1038.60269569188
3911.8620770634 896.792079629115 476 28.527213832936 1125.43861203026
4040.70892128567 907.73646715109 492 16.2732691537732 1108.10686197732
4040.70892128567 907.73646715109 492 16.2732691537732 1108.10686197732
3928.72028793681 879.660011174106 484 27.8108803007618 987.899166461435
3928.72028793681 879.660011174106 484 27.8108803007618 987.899166461435
3948.22924616572 882.68698623092 484 25.3722605221486 1020.0086293297
3948.22924616572 882.68698623092 484 25.3722605221486 1020.0086293297
3950.74672971623 891.229708709906 484 23.6666322513323 1038.60269569188
3950.74672971623 891.229708709906 484 23.6666322513323 1038.60269569188
3982.23699365331 904.209200806181 484 19.7303492591972 1077.54117198071
3982.23699365331 904.209200806181 484 19.7303492591972 1077.54117198071
3912.58662341897 898.592915843846 476 28.4366455384894 1134.44279310392
3982.23699365331 904.209200806181 484 19.7303492591972 1077.54117198071
3912.58662341897 898.592915843846 476 28.4366455384894 1134.44279310392
3912.58662341897 898.592915843846 476 28.4366455384894 1134.44279310392
3892.73268857901 892.296600680072 476 30.918387393485 1123.34086377159
3912.58662341897 898.592915843846 476 28.4366455384894 1134.44279310392
3950.74672971623 891.229708709906 484 23.6666322513323 1038.60269569188
3970.58932387985 893.704339838824 483 21.1863079808801 1073.56849811557
3970.58932387985 893.704339838824 483 21.1863079808801 1073.56849811557
3970.58932387985 893.704339838824 483 21.1863079808801 1073.56849811557
3912.58662341897 898.592915843846 476 28.4366455384894 1134.44279310392
3970.58932387985 893.704339838824 483 21.1863079808801 1073.56849811557
3821.60676449516 890.335974524088 442 39.8091279039654 1138.03515082513
3970.58932387985 893.704339838824 483 21.1863079808801 1073.56849811557
3836.33211043358 886.616055081973 462 34.9163290583587 1210.29053982706
3902.01405546299 893.779158563492 475 29.7582165329871 1115.1877639825
3912.58662341897 898.592915843846 476 28.4366455384894 1134.44279310392
3837.05665678915 888.416891296704 462 34.8257607639121 1219.29472090071
4037.00152924595 896.377801739298 522 9.83265170681216 1427.24896243271
3968.54671069899 887.604940535593 506 18.3895040251816 1410.46540362969
3819.26877491002 895.657032845733 462 1.84952688398653 1141.54382736497
3992.40712915795 883.223701363699 519 71.3643288411624 1156.04273173181
3804.56537024741 886.892378161665 462 38.8871715816302 1183.23848334864
3992.40712915795 883.223701363699 519 71.3643288411624 1156.04273173181
2130.88293138087 445.508719588063 269 248.097476439947 586.414692864102
70 10 35 8.75 0
1028.91568572511 221.466299787219 127 385.843382146917 353.64828673046
1171.96724565576 234.042419800844 177 146.49590570697 232.766406133641
2200.88293138087 455.508719588063 304 239.347476439947 586.414692864102
0 0 0 0 0
80 10 19 10 0
70 10 35 8.75 0
80 10 16 10 0
1410.99052884142 300.122719372083 213 176.373816105177 232.766406133641
80 10 13 30 0
168.157027182698 43.3452350598575 54 21.0196283978373 0
60 10 27 7.5 0
60 10 18 7.5 0
