3802.18888753526 879.390839560195 498 23.581492023408 707.943050770121
3802.18888753526 879.390839560195 498 23.581492023408 707.943050770121
4044.2838573759 887.380341516747 532 3.15349563803841 828.867301725342
3818.50431767973 877.581092560431 462 19.1571274792124 896.812938064611
4261.38973682978 902.141860017326 587 31.7975809436982 1020.33894556149
3887.0376380564 883.564497662499 484 28.0675717283398 704.993944493684
4261.38973682978 902.141860017326 587 31.7975809436982 1020.33894556149
3808.1266451243 873.649707603784 498 22.8392723247779 675.224260084414
3841.15478174999 894.011341263508 476 4.34605586040948 894.473240010476
3802.18888753526 879.390839560195 498 23.581492023408 707.943050770121
3858.26409187725 894.080926822984 498 16.5720914806591 705.610485954409
3854.4120557941 896.441606597982 498 17.0535959910528 692.692525279403
4268.21513642933 905.854374042581 590 30.9444059937546 1036.11389188451
3854.4120557941 896.441606597982 498 17.0535959910528 692.692525279403
3995.75348015884 887.879342537429 518 23.7220522150648 826.832184924853
4059.94743879305 899.592746022185 547 30.2549383498681 905.951346553858
4268.21513642933 905.854374042581 590 30.9444059937546 1036.11389188451
3925.37197016465 876.974562569897 520 44.2722658496916 681.167924079933
4036.76085358812 899.125529384968 524 2.12595039570721 889.79123120405
3856.30452152452 879.166003120898 512 15.1319418600663 642.649960862234
4268.21513642933 905.854374042581 590 30.9444059937546 1036.11389188451
0 0 0 0 0
80 10 20 10 0
0 0 0 0 0
0 0 0 0 0
1149.78889548175 218.773744403238 174 391.170835805655 272.285822158233
0 0 0 0 0
0 0 0 0 0
1970.50637951426 451.923612509817 264 246.313297439282 620.967004515246
1149.78889548175 218.773744403238 172 391.170835805655 272.285822158233
3228.20218036861 673.510288235958 417 403.525272546077 804.07785477767
80 10 9 30 0
135.698986617092 27.2801098892805 41 16.9623733271365 0
1149.78889548175 218.773744403238 174 391.170835805655 272.285822158233
943.137764384018 232.911220626892 130 117.892220548002 277.195865998311
3494.00701207944 669.912388197944 463 127.720421537491 851.639436269033
943.137764384018 232.911220626892 116 77.8922205480023 277.195865998311
0 0 0 0 0
1988.19279252058 444.643502620537 264 248.524099065073 598.954612632321
1129.78889548175 218.773744403238 159 393.670835805655 272.285822158233
0 0 0 0 0
0 0 0 0 0
3228.20218036861 673.510288235958 417 403.525272546077 804.07785477767
1128.94259609484 219.313320588879 159 423.353473535566 324.757447489675
0 0 0 0 0
0 0 0 0 0
0 0 0 0 0
0 0 0 0 0
1970.50637951426 451.923612509817 264 246.313297439282 620.967004515246
2386.6383969492 440.899996315019 312 266.141498428771 507.868297752099
0 0 0 0 0
1128.94259609484 219.313320588879 159 423.353473535566 324.757447489675
0 0 0 0 0
0 0 0 0 0
0 0 0 0 0
3494.00701207944 669.912388197944 463 127.720421537491 851.639436269033
0 0 0 0 0
3494.00701207944 669.912388197944 463 127.720421537491 851.639436269033
0 0 0 0 0
3494.00701207944 669.912388197944 463 127.720421537491 851.639436269033
863.137764384018 222.911220626892 113 107.892220548002 277.195865998311
3494.00701207944 669.912388197944 463 127.720421537491 851.639436269033
0 0 0 0 0
3494.00701207944 669.912388197944 463 127.720421537491 851.639436269033
863.137764384018 222.911220626892 113 107.892220548002 277.195865998311
2386.6383969492 440.899996315019 312 266.141498428771 507.868297752099
1965.44960321002 445.327769200171 264 245.681200401253 563.992896023623
1128.94259609484 219.313320588879 159 423.353473535566 324.757447489675
3232.26053063601 671.472008212127 417 404.032566329501 750.213257654326
4357.14477646346 892.823608824836 576 19.828200989489 1128.83530226734
4352.08800015922 886.22776551519 576 20.4602980275187 1071.86119377572
4352.08800015922 886.22776551519 576 20.4602980275187 1071.86119377572
0 0 0 0 0
4352.08800015922 886.22776551519 576 20.4602980275187 1071.86119377572
4357.14477646346 892.823608824836 576 19.828200989489 1128.83530226734
4357.14477646346 892.823608824836 576 19.828200989489 1128.83530226734
4352.08800015922 886.22776551519 576 20.4602980275187 1071.86119377572
0 0 0 0 0
4352.08800015922 886.22776551519 576 20.4602980275187 1071.86119377572
4352.08800015922 886.22776551519 576 20.4602980275187 1071.86119377572
4352.08800015922 886.22776551519 576 20.4602980275187 1071.86119377572
4352.08800015922 886.22776551519 576 20.4602980275187 1071.86119377572
4352.08800015922 886.22776551519 576 20.4602980275187 1071.86119377572
4352.08800015922 886.22776551519 576 20.4602980275187 1071.86119377572
0 0 0 0 0
4352.08800015922 886.22776551519 576 20.4602980275187 1071.86119377572
4352.08800015922 886.22776551519 576 20.4602980275187 1071.86119377572
4352.08800015922 886.22776551519 576 20.4602980275187 1071.86119377572
4352.08800015922 886.22776551519 576 20.4602980275187 1071.86119377572
4352.08800015922 886.22776551519 576 20.4602980275187 1071.86119377572
4357.14477646346 892.823608824836 576 19.828200989489 1128.83530226734
4357.14477646346 892.823608824836 576 19.828200989489 1128.83530226734
4352.08800015922 886.22776551519 576 20.4602980275187 1071.86119377572
0 0 0 0 0
0 0 0 0 0
0 0 0 0 0
4352.08800015922 886.22776551519 576 20.4602980275187 1071.86119377572
4357.14477646346 892.823608824836 576 19.828200989489 1128.83530226734
4357.14477646346 892.823608824836 576 19.828200989489 1128.83530226734
4352.08800015922 886.22776551519 576 20.4602980275187 1071.86119377572
4352.08800015922 886.22776551519 576 20.4602980275187 1071.86119377572
4352.08800015922 886.22776551519 576 20.4602980275187 1071.86119377572
4352.08800015922 886.22776551519 576 20.4602980275187 1071.86119377572
0 0 0 0 0
4357.14477646346 892.823608824836 576 19.828200989489 1128.83530226734
4352.08800015922 886.22776551519 576 20.4602980275187 1071.86119377572
4357.14477646346 892.823608824836 576 19.828200989489 1128.83530226734
4357.14477646346 892.823608824836 576 19.828200989489 1128.83530226734
0 0 0 0 0
4357.14477646346 892.823608824836 576 19.828200989489 1128.83530226734
4357.14477646346 892.823608824836 576 19.828200989489 1128.83530226734
0 0 0 0 0
4352.08800015922 886.22776551519 576 20.4602980275187 1071.86119377572
4357.14477646346 892.823608824836 576 19.828200989489 1128.83530226734
4357.14477646346 892.823608824836 576 19.828200989489 1128.83530226734
4357.14477646346 892.823608824836 576 19.828200989489 1128.83530226734
4352.08800015922 886.22776551519 576 20.4602980275187 1071.86119377572
4357.14477646346 892.823608824836 576 19.828200989489 1128.83530226734
4357.14477646346 892.823608824836 576 19.828200989489 1128.83530226734
4352.08800015922 886.22776551519 576 20.4602980275187 1071.86119377572
4352.08800015922 886.22776551519 576 20.4602980275187 1071.86119377572
4357.14477646346 892.823608824836 576 19.828200989489 1128.83530226734
4352.08800015922 886.22776551519 576 20.4602980275187 1071.86119377572
4352.08800015922 886.22776551519 576 20.4602980275187 1071.86119377572
4357.14477646346 892.823608824836 576 19.828200989489 1128.83530226734
4357.14477646346 892.823608824836 576 19.828200989489 1128.83530226734
4352.08800015922 886.22776551519 576 20.4602980275187 1071.86119377572
4357.14477646346 892.823608824836 576 19.828200989489 1128.83530226734
4357.14477646346 892.823608824836 576 19.828200989489 1128.83530226734
4357.14477646346 892.823608824836 576 19.828200989489 1128.83530226734
4357.14477646346 892.823608824836 576 19.828200989489 1128.83530226734
4357.14477646346 892.823608824836 576 19.828200989489 1128.83530226734
4357.14477646346 892.823608824836 576 19.828200989489 1128.83530226734
4357.14477646346 892.823608824836 576 19.828200989489 1128.83530226734
3956.67995456105 891.53165114967 492 12.8295622780044 726.339734891133
3872.93571812598 873.67610632632 484 25.3521746988263 599.678931542801
3823.83932815588 897.940205624499 462 6.51815056137434 727.264020826385
3875.04041676208 873.763203981177 484 26.1414366873618 592.475099592086
4045.5837893883 901.986085049366 520 2.69511155567244 852.149901538768
3894.51665163863 889.470979973816 484 10.8909557113225 807.618314115619
3872.93571812598 873.67610632632 484 25.3521746988263 599.678931542801
3872.93571812598 873.67610632632 484 25.3521746988263 599.678931542801
3879.39069693091 896.865378273437 476 2.40565172524015 623.492519340879
3848.5885243816 908.004751945702 476 69.8170932605289 443.270846180963
3848.5885243816 908.004751945702 476 69.8170932605289 443.270846180963
3890.29517712621 886.140038669548 484 4.6282922916493 772.914773190591
3848.5885243816 908.004751945702 476 69.8170932605289 443.270846180963
3834.27963153748 890.04675521982 462 8.86320065213431 723.607687878139
3814.9194049616 891.197915937324 462 31.0990359902262 642.41768822771
3625.66353127224 870.458212393759 428 41.9514691218579 439.028285913115
3625.66353127224 870.458212393759 428 41.9514691218579 439.028285913115
1249.31785602017 262.127302613528 143 318.573861142406 119.768454398722
0 0 0 0 0
0 0 0 0 0
0 0 0 0 0
949.477186289855 196.029580327063 108 356.053944858696 119.768454398722
369.840669730317 76.0977222864644 57 46.2300837162897 0
80 10 9 10 0
0 0 0 0 0
80 10 13 30 0
369.840669730317 76.0977222864644 57 46.2300837162897 0
1309.31785602017 272.127302613528 158 311.073861142406 119.768454398722
80 10 9 10 0
1309.31785602017 272.127302613528 162 311.073861142406 119.768454398722
80 10 27 10 0
1249.31785602017 262.127302613528 143 318.573861142406 119.768454398722
140 20 38 17.5 0
940.139861775974 191.073307050508 108 322.55244816599 69.9195051834406
60 10 26 7.5 0
1009.47718628986 206.029580327063 134 348.553944858696 119.768454398722
1965.85635353676 456.522935715734 283 245.732044192094 561.042575388995
1029.47718628986 206.029580327063 134 346.053944858696 119.768454398722
3027.54495524032 676.364384595154 400 378.44311940504 667.533506925122
1998.95487672883 406.029594756217 251 291.349670668802 138.820750271331
0 0 0 0 0
1082.43806051981 228.052295872609 134 405.914272694929 138.820750271331
1965.85635353676 456.522935715734 283 245.732044192094 561.042575388995
1082.43806051981 228.052295872609 134 405.914272694929 138.820750271331
0 0 0 0 0
0 0 0 0 0
0 0 0 0 0
0 0 0 0 0
0 0 0 0 0
0 0 0 0 0
0 0 0 0 0
1063.98741821465 216.029580327063 134 398.995281830494 286.944778367085
0 0 0 0 0
1063.98741821465 216.029580327063 134 398.995281830494 286.944778367085
1061.68860170356 219.84144887942 117 132.711075212945 106.490931536127
2125.67601991821 435.871029206483 251 266.284206617548 393.435709903212
0 0 0 0 0
2125.67601991821 435.871029206483 251 266.284206617548 393.435709903212
0 0 0 0 0
3193.73218176081 674.528757445777 350 142.002507539804 461.228955980771
0 0 0 0 0
2125.67601991821 435.871029206483 251 266.284206617548 393.435709903212
1965.85635353676 456.522935715734 283 245.732044192094 561.042575388995
2144.12666222337 447.893744752028 251 273.203197481984 245.311681807458
1965.85635353676 456.522935715734 283 245.732044192094 561.042575388995
3979.85863570419 878.886504582397 520 1.63477555049224 886.081047367032
