4050.1976631048 890.914166361929 490 13.1375347700312 903.323225701834
4003.44334901744 898.705885734194 482 18.9818240309507 783.126900369414
4003.44334901744 898.705885734194 482 18.9818240309507 783.126900369414
4047.44753838057 863.519479244888 501 13.4813003605595 784.565910753367
4138.8177315551 908.223027727352 498 2.06002621374307 850.974860066052
3874.91092678869 859.504598536498 468 35.0483768095446 644.297305030179
4138.8177315551 908.223027727352 498 2.06002621374307 850.974860066052
4073.32097739438 883.569060216389 499 10.2471204838334 811.762996518537
4073.32097739438 883.569060216389 499 10.2471204838334 811.762996518537
4073.32097739438 883.569060216389 499 10.2471204838334 811.762996518537
4138.8177315551 908.223027727352 498 2.06002621374307 850.974860066052
4073.32097739438 883.569060216389 499 10.2471204838334 811.762996518537
3874.91092678869 859.504598536498 468 35.0483768095446 644.297305030179
4006.654225407 901.667441530313 482 18.5804644822562 949.438853706275
3898.95923081652 879.762449776047 468 32.0423388060657 768.955344007697
3919.85359936539 909.036632452744 479 41.5649835338422 647.005846937082
4111.86376889967 904.143891359087 517 38.7289760512468 615.292574916162
4111.86376889967 904.143891359087 517 38.7289760512468 615.292574916162
4111.86376889967 904.143891359087 517 38.7289760512468 615.292574916162
4111.86376889967 904.143891359087 517 38.7289760512468 615.292574916162
3818.07399996627 890.949162399989 461 77.4724626479561 667.977847545617
3846.19344015107 873.090550889779 484 69.1875432392135 504.548479070996
3915.33385804428 905.09656652923 479 41.0000158687028 696.221665130588
3846.19344015107 873.090550889779 484 69.1875432392135 504.548479070996
3919.85359936539 909.036632452744 479 41.5649835338422 647.005846937082
3854.91472075959 879.474816939984 456 38.0631438312743 676.897315447567
3911.38940866328 902.568539193252 484 44.7390550471345 566.618951892253
3916.98542064214 907.372679020498 484 42.6405505550607 643.67794007259
3850.5961506093 890.217333046156 457 37.5233225624876 601.814166635785
3985.15420799647 894.161661304336 482 21.2679666585725 831.787303657974
3941.56340303849 886.84863398428 482 9.15559594105719 614.620333237964
3916.98542064214 907.372679020498 484 42.6405505550607 643.67794007259
3862.47889864879 890.06183142998 457 30.0456795711895 552.116003964861
3999.31784803885 898.626672104871 497 47.1505482449461 779.449037384704
3862.47889864879 890.06183142998 457 30.0456795711895 552.116003964861
3862.47889864879 890.06183142998 457 30.0456795711895 552.116003964861
1038.82448531626 227.455162977566 130 389.559181993598 240.634681225307
1191.55513817366 220.153516674986 145 148.944392271707 241.037612501662
2230.37962348992 447.608679652552 275 240.614789721891 481.672293726969
1763.72035544532 452.755035750772 218 220.465044430665 175.211850220196
2230.37962348992 447.608679652552 275 240.614789721891 481.672293726969
60 10 18 7.5 0
1038.82448531626 227.455162977566 130 389.559181993598 240.634681225307
2950.54651171553 667.662176474765 363 368.818313964441 383.701771753519
967.943058604593 204.834362361142 138 287.978646976722 171.488384834786
807.879779572485 238.155499452077 83 100.984972446561 130.310998904154
2290.37962348992 457.608679652552 293 233.114789721891 481.672293726969
140 20 24 22.5 0
2290.37962348992 457.608679652552 293 233.114789721891 481.672293726969
1085.21017844174 223.828601314029 170 135.651272305217 21.1871809553381
183.522898190824 50.8058436014987 35 22.9403622738531 0
887.943058604593 194.834362361142 121 297.978646976722 171.488384834786
0 0 0 0 0
986.946630686355 216.014702248641 130 340.104986507383 171.488384834786
0 0 0 0 0
3235.58980193166 661.437280966582 429 114.963517416674 502.859474682307
0 0 0 0 0
2191.37605140816 436.428339765053 275 190.98845019123 463.217130749403
0 0 0 0 0
0 0 0 0 0
0 0 0 0 0
2230.37962348992 447.608679652552 275 240.614789721891 481.672293726969
727.879779572485 228.155499452077 64 90.9849724465606 130.310998904154
3235.58980193166 661.437280966582 429 114.963517416674 502.859474682307
727.879779572485 228.155499452077 64 90.9849724465606 130.310998904154
0 0 0 0 0
0 0 0 0 0
3267.56935828061 676.126294501974 426 110.966072873055 532.237501753092
0 0 0 0 0
727.879779572485 228.155499452077 64 90.9849724465606 130.310998904154
3235.58980193166 661.437280966582 429 114.963517416674 502.859474682307
727.879779572485 228.155499452077 64 90.9849724465606 130.310998904154
3267.56935828061 676.126294501974 426 110.966072873055 532.237501753092
727.879779572485 228.155499452077 64 90.9849724465606 130.310998904154
3235.58980193166 661.437280966582 429 114.963517416674 502.859474682307
0 0 0 0 0
2073.81634847382 452.291539464687 222 219.478424513134 399.198158902767
1733.08995801422 441.984100766107 218 216.636244751777 151.498179859492
957.410936144722 225.709820262544 124 359.029101054271 231.820461701383
2924.64509618788 662.137617441093 363 365.580637023485 392.535792361154
3963.46958150414 889.592780418659 493 23.9785449701136 633.170473586462
3855.64157519243 894.285781736934 466 3.24972882669317 550.71662177454
3855.64157519243 894.285781736934 466 3.24972882669317 550.71662177454
3963.46958150414 889.592780418659 493 23.9785449701136 633.170473586462
3855.64157519243 894.285781736934 466 3.24972882669317 550.71662177454
3855.64157519243 894.285781736934 466 3.24972882669317 550.71662177454
3963.46958150414 889.592780418659 493 23.9785449701136 633.170473586462
3855.64157519243 894.285781736934 466 3.24972882669317 550.71662177454
3855.64157519243 894.285781736934 466 3.24972882669317 550.71662177454
3855.64157519243 894.285781736934 466 3.24972882669317 550.71662177454
3855.64157519243 894.285781736934 466 3.24972882669317 550.71662177454
3995.44913785309 904.281793954051 490 19.9811004264947 662.548500657246
3855.64157519243 894.285781736934 466 3.24972882669317 550.71662177454
3995.44913785309 904.281793954051 490 19.9811004264947 662.548500657246
3855.64157519243 894.285781736934 466 3.24972882669317 550.71662177454
3963.46958150414 889.592780418659 493 23.9785449701136 633.170473586462
3963.46958150414 889.592780418659 493 23.9785449701136 633.170473586462
3995.44913785309 904.281793954051 490 19.9811004264947 662.548500657246
3963.46958150414 889.592780418659 493 23.9785449701136 633.170473586462
3855.64157519243 894.285781736934 466 3.24972882669317 550.71662177454
3855.64157519243 894.285781736934 466 3.24972882669317 550.71662177454
3827.24314909881 880.014840761545 460 0.300074435009606 554.246351546576
3827.24314909881 880.014840761545 460 0.300074435009606 554.246351546576
3995.44913785309 904.281793954051 490 19.9811004264947 662.548500657246
3995.44913785309 904.281793954051 490 19.9811004264947 662.548500657246
3855.64157519243 894.285781736934 466 3.24972882669317 550.71662177454
3963.46958150414 889.592780418659 493 23.9785449701136 633.170473586462
3963.46958150414 889.592780418659 493 23.9785449701136 633.170473586462
3827.24314909881 880.014840761545 460 0.300074435009606 554.246351546576
3960.57584736768 888.548245698204 507 24.3402617371715 715.387957350968
3855.64157519243 894.285781736934 466 3.24972882669317 550.71662177454
3882.0560323326 887.847437703637 487 6.55153596921411 624.356254062537
3882.0560323326 887.847437703637 487 6.55153596921411 624.356254062537
3855.64157519243 894.285781736934 466 3.24972882669317 550.71662177454
3855.64157519243 894.285781736934 466 3.24972882669317 550.71662177454
3963.46958150414 889.592780418659 493 23.9785449701136 633.170473586462
3855.64157519243 894.285781736934 466 3.24972882669317 550.71662177454
3963.46958150414 889.592780418659 493 23.9785449701136 633.170473586462
3963.46958150414 889.592780418659 493 23.9785449701136 633.170473586462
3963.46958150414 889.592780418659 493 23.9785449701136 633.170473586462
3882.0560323326 887.847437703637 487 6.55153596921411 624.356254062537
3963.46958150414 889.592780418659 493 23.9785449701136 633.170473586462
3963.46958150414 889.592780418659 493 23.9785449701136 633.170473586462
3855.64157519243 894.285781736934 466 3.24972882669317 550.71662177454
3963.46958150414 889.592780418659 493 23.9785449701136 633.170473586462
3963.46958150414 889.592780418659 493 23.9785449701136 633.170473586462
3963.46958150414 889.592780418659 493 23.9785449701136 633.170473586462
3882.0560323326 887.847437703637 487 6.55153596921411 624.356254062537
3963.46958150414 889.592780418659 493 23.9785449701136 633.170473586462
3954.65177071593 890.773602090694 523 15.62600326713 718.247853093229
3954.65177071593 890.773602090694 523 15.62600326713 718.247853093229
3963.46958150414 889.592780418659 493 23.9785449701136 633.170473586462
3908.76449281608 893.623904106005 491 9.89009352964865 701.145585750899
3882.0560323326 887.847437703637 487 6.55153596921411 624.356254062537
3927.64243692147 890.629309317202 482 23.7505943216945 571.765415292723
3964.97648557769 899.999642639707 526 16.91659262485 802.148365827782
3882.0560323326 887.847437703637 487 6.55153596921411 624.356254062537
3865.74589989228 887.74135243879 523 4.51276941417473 713.157544792226
3865.74589989228 887.74135243879 523 4.51276941417473 713.157544792226
4014.3613935779 895.241729112749 506 16.9851927448116 710.188328204673
3885.79986844782 873.887286200796 522 7.01951548361603 683.423463956319
3931.47117495324 892.599536188423 482 25.1863710836113 517.989151825098
3916.36877824102 883.548667704934 483 16.0373962107544 660.875841423873
3929.39967409387 890.366953837886 523 12.4694911893732 733.717302740442
3942.42189619373 894.350015191358 537 14.0972689518554 612.800330953752
3888.15172925745 898.923510264432 493 7.31349808481986 595.320766901106
3881.87943575109 893.739238295142 497 6.52946139652482 653.47435875549
3855.64157519243 894.285781736934 466 3.24972882669317 550.71662177454
4291.76072158128 917.963274308985 568 35.3177425098997 1061.49968565623
4013.30041082724 886.785348581321 514 4.9480876664154 899.578565728296
3864.3321258709 895.061003472806 487 4.33604766150211 497.628616702023
4013.30041082724 886.785348581321 514 4.9480876664154 899.578565728296
3918.36588053768 889.609239005925 497 18.7145419823024 494.783689389158
3858.80213526362 872.900207229672 470 24.9029197574515 660.811385301556
3858.75626258337 892.273071829041 489 3.63906475056092 524.646528659757
3952.27551361324 898.908958893864 486 2.68002448533423 771.082302999838
3976.89270534565 887.628703108387 498 0.397124481216792 799.81290912859
3939.19660206851 891.574428816878 518 21.258261469527 525.160783248893
3848.65726714519 896.46427685341 463 6.50248115721467 680.443999910757
3848.65726714519 896.46427685341 463 6.50248115721467 680.443999910757
3855.06779392461 897.424407182006 463 7.30379700464238 714.03969802341
3869.29186475705 894.348460119018 501 4.95601502227026 534.424059793616
3797.7650289416 887.294793611906 460 24.5419985586052 569.237806950027
3785.79568183651 887.015650776829 454 1.35521700637003 658.879363464704
3974.94747148483 887.666188407667 498 0.153970248613859 807.789397785027
3876.0570137781 893.766982266296 493 5.80165864990198 578.201161582203
3977.12165877057 887.193847369061 498 0.311266946870319 784.386676533342
3977.14754112276 888.519431032753 498 0.428978953355454 713.375820826056
3876.0570137781 893.766982266296 493 5.80165864990198 578.201161582203
3976.89270534565 887.628703108387 498 0.397124481216792 799.81290912859
4002.84846737716 896.768565527191 498 3.64159473515565 806.812672922012
3876.0570137781 893.766982266296 493 5.80165864990198 578.201161582203
962.447593813913 201.710175330279 106 285.917847680217 74.0348664425339
60 10 9 7.5 0
0 0 0 0 0
0 0 0 0 0
0 0 0 0 0
0 0 0 0 0
892.447593813913 191.710175330279 103 294.667847680217 74.0348664425339
130 20 28 16.25 0
892.447593813913 191.710175330279 103 294.667847680217 74.0348664425339
130 20 11 16.25 0
892.447593813913 191.710175330279 103 294.667847680217 74.0348664425339
70 10 9 8.75 0
1046.83938407068 224.498257138211 131 327.564769026504 142.399111866329
60 10 26 7.5 0
962.447593813913 201.710175330279 106 285.917847680217 74.0348664425339
70 10 18 8.75 0
892.447593813913 191.710175330279 103 294.667847680217 74.0348664425339
80 10 19 30 0
988.737057706209 210.929719787572 122 330.776396639829 131.693499814413
0 0 0 0 0
986.839384070677 214.498257138211 122 335.064769026504 142.399111866329
1893.95306639599 449.231909556491 249 236.744133299499 355.483875893004
985.950020922852 209.575665971773 122 329.73125784607 155.339943642704
0 0 0 0 0
0 0 0 0 0
2975.536513974 667.285855484587 367 371.94206424675 497.614576171513
0 0 0 0 0
859.560424559657 224.874184301048 136 107.445053069957 261.062572301667
