3850.11521052739 906.31448531229 462 0.4741572207584 426.837697848855
3963.62390014573 884.222757932551 489 5.73284662543665 489.393046632118
3968.84897820457 898.43532086015 489 16.7484299705116 430.176842956159
3948.6461201044 892.511012951669 484 7.81124355546103 333.990315341323
3783.08743581163 882.717003033709 462 8.82996724970741 310.609753230861
3887.01399653369 889.006657813349 484 23.6981336630263 348.478479415541
3971.62316265719 900.942666237481 489 17.0952030270888 507.789530900688
3859.05069889328 897.173929207171 484 5.7489913902391 308.016455018631
4027.31793807398 892.004070925633 497 3.79033775420498 430.183751458337
3971.62316265719 900.942666237481 489 17.0952030270888 507.789530900688
3538.91360313518 879.172219904442 369 7.28807310626576 300.54522873845
3886.69652642308 873.745200659154 484 27.7942848623363 389.799663886869
3955.64287357298 905.061406689108 485 13.0838429142697 227.655476588084
3886.69652642308 873.745200659154 484 27.7942848623363 389.799663886869
3540.52025801036 879.438009358329 380 7.08724124686904 300.811018192337
3903.57939051262 884.071288808889 501 24.7240935808955 316.11261383025
3700.89511220889 893.633970369484 412 31.4305879703953 391.798431683682
3903.57939051262 884.071288808889 501 24.7240935808955 316.11261383025
3658.1805900455 890.51148658911 401 20.9697390697995 271.980322973531
0 0 0 0 0
0 0 0 0 0
0 0 0 0 0
0 0 0 0 0
0 0 0 0 0
0 0 0 0 0
0 0 0 0 0
60 10 16 7.5 0
60 10 13 7.5 0
70 10 7 8.75 0
70 10 2 8.75 0
140 20 32 17.5 0
70 10 13 8.75 0
80 10 7 30 0
60 10 16 7.5 0
70 10 26 8.75 0
0 0 0 0 0
0 0 0 0 0
0 0 0 0 0
0 0 0 0 0
0 0 0 0 0
2245.77882721291 444.121687022087 274 280.722353401614 286.654721779033
0 0 0 0 0
0 0 0 0 0
0 0 0 0 0
823.538246375934 224.154714237552 130 102.942280796992 27.8754473430474
0 0 0 0 0
1882.32176043871 443.838455454643 284 235.290220054839 138.088258644145
3338.37030521913 665.515515144952 422 128.999450850718 415.768598612388
0 0 0 0 0
0 0 0 0 0
0 0 0 0 0
0 0 0 0 0
823.538246375934 224.154714237552 130 102.942280796992 27.8754473430474
0 0 0 0 0
1882.32176043871 443.838455454643 284 235.290220054839 138.088258644145
0 0 0 0 0
823.538246375934 224.154714237552 130 102.942280796992 27.8754473430474
1092.59147800622 221.393828122865 148 409.721804252332 129.113876833355
0 0 0 0 0
0 0 0 0 0
0 0 0 0 0
1092.59147800622 221.393828122865 148 409.721804252332 129.113876833355
0 0 0 0 0
1092.59147800622 221.393828122865 148 409.721804252332 129.113876833355
2889.95588586079 672.716502808788 363 361.244485732599 289.987959224054
2978.05571252622 660.029355959107 334 103.858844714401 375.082774307216
818.409217839032 222.363462593111 128 102.301152229879 92.0540752587675
4161.90855159506 889.670229382504 552 26.0571700537264 443.644045955436
3842.18750342115 899.075213661153 462 4.15762914746529 447.758431431904
3842.18750342115 899.075213661153 462 4.15762914746529 447.758431431904
3796.46493036525 882.392818552217 462 1.55769248452191 467.136849565984
3796.46493036525 882.392818552217 462 1.55769248452191 467.136849565984
3782.20066577846 878.198154701094 462 3.34072555787043 529.36467100087
3842.18750342115 899.075213661153 462 4.15762914746529 447.758431431904
3842.18750342115 899.075213661153 462 4.15762914746529 447.758431431904
3788.48749202188 871.552715632672 462 2.55487227744231 444.739874779637
3842.18750342115 899.075213661153 462 4.15762914746529 447.758431431904
4161.90855159506 889.670229382504 552 26.0571700537264 443.644045955436
3842.18750342115 899.075213661153 462 4.15762914746529 447.758431431904
3796.46493036525 882.392818552217 462 1.55769248452191 467.136849565984
3842.18750342115 899.075213661153 462 4.15762914746529 447.758431431904
3796.46493036525 882.392818552217 462 1.55769248452191 467.136849565984
3796.46493036525 882.392818552217 462 1.55769248452191 467.136849565984
4161.90855159506 889.670229382504 552 26.0571700537264 443.644045955436
3796.46493036525 882.392818552217 462 1.55769248452191 467.136849565984
4161.90855159506 889.670229382504 552 26.0571700537264 443.644045955436
3842.18750342115 899.075213661153 462 4.15762914746529 447.758431431904
4161.90855159506 889.670229382504 552 26.0571700537264 443.644045955436
4161.90855159506 889.670229382504 552 26.0571700537264 443.644045955436
3842.18750342115 899.075213661153 462 4.15762914746529 447.758431431904
4161.90855159506 889.670229382504 552 26.0571700537264 443.644045955436
4143.95913672354 880.862017462477 553 28.3008469126673 426.027622115382
4161.90855159506 889.670229382504 552 26.0571700537264 443.644045955436
4161.90855159506 889.670229382504 552 26.0571700537264 443.644045955436
4161.90855159506 889.670229382504 552 26.0571700537264 443.644045955436
3796.46493036525 882.392818552217 462 1.55769248452191 467.136849565984
3796.46493036525 882.392818552217 462 1.55769248452191 467.136849565984
4161.90855159506 889.670229382504 552 26.0571700537264 443.644045955436
4161.90855159506 889.670229382504 552 26.0571700537264 443.644045955436
3842.18750342115 899.075213661153 462 4.15762914746529 447.758431431904
3796.46493036525 882.392818552217 462 1.55769248452191 467.136849565984
3796.46493036525 882.392818552217 462 1.55769248452191 467.136849565984
3796.46493036525 882.392818552217 462 1.55769248452191 467.136849565984
3842.18750342115 899.075213661153 462 4.15762914746529 447.758431431904
4161.90855159506 889.670229382504 552 26.0571700537264 443.644045955436
4161.90855159506 889.670229382504 552 26.0571700537264 443.644045955436
4161.90855159506 889.670229382504 552 26.0571700537264 443.644045955436
3796.46493036525 882.392818552217 462 1.55769248452191 467.136849565984
3796.46493036525 882.392818552217 462 1.55769248452191 467.136849565984
3796.46493036525 882.392818552217 462 1.55769248452191 467.136849565984
3796.46493036525 882.392818552217 462 1.55769248452191 467.136849565984
3842.18750342115 899.075213661153 462 4.15762914746529 447.758431431904
3796.46493036525 882.392818552217 462 1.55769248452191 467.136849565984
3842.18750342115 899.075213661153 462 4.15762914746529 447.758431431904
3796.46493036525 882.392818552217 462 1.55769248452191 467.136849565984
3796.46493036525 882.392818552217 462 1.55769248452191 467.136849565984
3843.61131763107 901.262734800579 462 4.33560592370566 411.885659463504
3842.18750342115 899.075213661153 462 4.15762914746529 447.758431431904
3796.46493036525 882.392818552217 462 1.55769248452191 467.136849565984
3835.02270502251 892.726709906585 462 3.26202934763569 400.881211342524
3835.02270502251 892.726709906585 462 3.26202934763569 400.881211342524
3842.52299065544 899.799759021916 462 4.19956505175173 435.345291514272
3800.93510795257 890.596657490109 462 0.998920286106909 393.745721464406
3835.02270502251 892.726709906585 462 3.26202934763569 400.881211342524
3695.49237683245 875.716393492243 428 14.1792616761213 355.272354503909
4009.27675071444 898.909163982791 523 12.2554220793417 336.853347885211
4009.27675071444 898.909163982791 523 12.2554220793417 336.853347885211
4161.90855159506 889.670229382504 552 26.0571700537264 443.644045955436
3842.52299065544 899.799759021916 462 4.19956505175173 435.345291514272
4002.83113368425 889.014846757487 529 33.5968616628311 326.268614619929
3915.96077897255 889.938838323051 515 22.7380673238691 235.088841373735
4002.83113368425 889.014846757487 529 33.5968616628311 326.268614619929
4015.13803422289 898.981314411812 533 10.3718249993206 348.419816546636
4018.23620899814 900.986972857771 523 29.6741357639461 277.512362478657
3915.96077897255 889.938838323051 515 22.7380673238691 235.088841373735
4006.97487743151 897.628995489955 533 11.3922195982429 345.715178702922
3695.49237683245 875.716393492243 428 14.1792616761213 355.272354503909
3695.49237683245 875.716393492243 428 14.1792616761213 355.272354503909
3924.12393576393 891.291157244907 515 23.7584619227915 237.793479217449
3870.41529240556 860.291905729541 515 85.1069794861662 296.888907073243
4004.79326690066 894.950449882031 533 11.6649209146003 394.97688825092
3695.49237683245 875.716393492243 428 14.1792616761213 355.272354503909
3924.12393576393 891.291157244907 515 23.7584619227915 237.793479217449
3741.41569312855 901.907620325278 428 8.43884713910961 368.879448417432
4015.13803422289 898.981314411812 533 10.3718249993206 348.419816546636
3695.49237683245 875.716393492243 428 14.1792616761213 355.272354503909
3741.41569312855 901.907620325278 428 8.43884713910961 368.879448417432
3924.12393576393 891.291157244907 515 23.7584619227915 237.793479217449
3824.36653477194 894.099497413713 476 36.3670103113626 293.918446182708
3878.87910783906 895.127825038498 486 14.1733227507822 398.996040878882
3874.85979465862 885.494000742431 484 13.6709086032279 393.693143331433
4083.73436225979 896.681549274197 536 7.32480858898657 418.57191954374
3898.57122834213 880.236478879533 479 25.8967783482644 307.868561981264
3684.36881992893 883.98505547396 428 18.6803094067014 367.694304298575
3765.4720231387 896.398081645974 451 4.69383955109288 570.796028633806
3763.66043168681 891.485128598348 451 2.72092559183989 509.841723850603
3765.34887012934 897.069705720519 451 4.7092336772638 513.299827415905
3909.83944657977 893.905380386208 507 13.284260349303 477.601014701932
3778.94285983565 902.990750684614 451 3.00998496397506 544.358590109403
80 10 16 10 0
0 0 0 0 0
80 10 16 10 0
0 0 0 0 0
80 10 16 10 0
0 0 0 0 0
0 0 0 0 0
60 10 9 7.5 0
2108.45632568272 437.087841904841 276 253.479110587144 275.985797763989
60 10 2 7.5 0
2168.45632568272 447.087841904841 286 245.979110587144 275.985797763989
80 10 15 10 0
2108.45632568272 437.087841904841 276 253.479110587144 275.985797763989
70 10 3 8.75 0
80 10 16 10 0
130 20 36 16.25 0
0 0 0 0 0
1144.38402308776 218.894970414893 160 143.048002885969 223.580570218431
2168.45632568272 447.087841904841 285 245.979110587144 275.985797763989
0 0 0 0 0
2223.29940041921 456.015586642863 285 239.123726245083 351.696776716075
1900.26357774607 445.094731798102 264 197.532947218258 180.457188176106
0 0 0 0 0
0 0 0 0 0
0 0 0 0 0
0 0 0 0 0
0 0 0 0 0
997.924796879722 221.815464321163 106 374.221798829896 43.0278203767723
0 0 0 0 0
0 0 0 0 0
3165.0884185381 675.205340117638 433 395.636052317263 458.516654312824
820.916170914036 224.745315350653 139 102.614521364254 157.318773980282
820.916170914036 224.745315350653 139 102.614521364254 157.318773980282
3165.0884185381 675.205340117638 433 395.636052317263 458.516654312824
2154.4497992448 426.309339121474 254 269.3062249056 141.824372846381
3108.12984452491 680.144789291465 424 388.516230565614 514.462359752141
3188.52210183977 654.502210611422 379 118.470888567513 194.229600391939
820.916170914036 224.745315350653 139 102.614521364254 157.318773980282
2090.53552605314 426.925451823525 254 255.719210540842 136.377563790597
4184.77972371068 902.539671405245 558 13.2518128775484 489.373928587197
4009.4382727538 879.247525962076 518 15.8563672032589 351.548374372221
