4352.08800015922 886.22776551519 576 20.4602980275187 553.088652761825
4352.08800015922 886.22776551519 576 20.4602980275187 553.088652761825
4067.64653210345 902.70374965451 520 60.5978407260827 723.277696273429
4357.14477646346 892.823608824836 576 19.828200989489 601.706689043456
4352.08800015922 886.22776551519 576 20.4602980275187 553.088652761825
4357.14477646346 892.823608824836 576 19.828200989489 601.706689043456
4067.64653210345 902.70374965451 520 60.5978407260827 723.277696273429
4352.08800015922 886.22776551519 576 20.4602980275187 553.088652761825
4357.14477646346 892.823608824836 576 19.828200989489 601.706689043456
4357.14477646346 892.823608824836 576 19.828200989489 601.706689043456
4357.14477646346 892.823608824836 576 19.828200989489 601.706689043456
4067.64653210345 902.70374965451 520 60.5978407260827 723.277696273429
4357.14477646346 892.823608824836 576 19.828200989489 601.706689043456
4067.64653210345 902.70374965451 520 60.5978407260827 723.277696273429
4067.64653210345 902.70374965451 520 60.5978407260827 723.277696273429
4067.64653210345 902.70374965451 520 60.5978407260827 723.277696273429
4352.08800015922 886.22776551519 576 20.4602980275187 553.088652761825
4349.32286210923 884.845196490195 570 20.8059402837674 539.409184129494
4067.64653210345 902.70374965451 520 60.5978407260827 723.277696273429
4352.08800015922 886.22776551519 576 20.4602980275187 553.088652761825
4067.64653210345 902.70374965451 520 60.5978407260827 723.277696273429
4021.31396653084 888.425613265226 529 66.3894114226589 680.448498567012
4067.64653210345 902.70374965451 520 60.5978407260827 723.277696273429
4067.64653210345 902.70374965451 520 60.5978407260827 723.277696273429
4067.64653210345 902.70374965451 520 60.5978407260827 723.277696273429
4352.08800015922 886.22776551519 576 20.4602980275187 553.088652761825
4357.14477646346 892.823608824836 576 19.828200989489 601.706689043456
4067.64653210345 902.70374965451 520 60.5978407260827 723.277696273429
4067.64653210345 902.70374965451 520 60.5978407260827 723.277696273429
4357.14477646346 892.823608824836 576 19.828200989489 601.706689043456
4352.08800015922 886.22776551519 576 20.4602980275187 553.088652761825
4352.08800015922 886.22776551519 576 20.4602980275187 553.088652761825
4067.64653210345 902.70374965451 520 60.5978407260827 723.277696273429
4357.14477646346 892.823608824836 576 19.828200989489 601.706689043456
4067.64653210345 902.70374965451 520 60.5978407260827 723.277696273429
4352.08800015922 886.22776551519 576 20.4602980275187 553.088652761825
4067.64653210345 902.70374965451 520 60.5978407260827 723.277696273429
4357.14477646346 892.823608824836 576 19.828200989489 601.706689043456
4357.14477646346 892.823608824836 576 19.828200989489 601.706689043456
4357.14477646346 892.823608824836 576 19.828200989489 601.706689043456
4067.64653210345 902.70374965451 520 60.5978407260827 723.277696273429
4352.08800015922 886.22776551519 576 20.4602980275187 553.088652761825
4008.51120839135 899.703516110116 512 67.9897561900947 638.529710354576
4008.51120839135 899.703516110116 512 67.9897561900947 638.529710354576
4357.14477646346 892.823608824836 576 19.828200989489 601.706689043456
4008.51120839135 899.703516110116 512 67.9897561900947 638.529710354576
4008.51120839135 899.703516110116 512 67.9897561900947 638.529710354576
4357.14477646346 892.823608824836 576 19.828200989489 601.706689043456
4008.51120839135 899.703516110116 512 67.9897561900947 638.529710354576
3976.8665315797 882.690396278333 512 71.9453407915506 580.369737126497
3907.43890142946 872.688970183596 503 80.623794560331 570.36831103176
3975.20090167995 880.384103731964 512 72.1535445290192 556.868270552
4357.14477646346 892.823608824836 576 19.828200989489 601.706689043456
4357.14477646346 892.823608824836 576 19.828200989489 601.706689043456
4359.0252063894 892.823608824836 576 20.5333622117162 601.706689043456
4359.0252063894 892.823608824836 576 20.5333622117162 601.706689043456
4357.14477646346 892.823608824836 576 19.828200989489 601.706689043456
4357.14477646346 892.823608824836 576 19.828200989489 601.706689043456
4359.0252063894 892.823608824836 576 20.5333622117162 601.706689043456
3984.68561289595 882.479734635622 512 74.877496285144 576.334499950863
4352.08800015922 886.22776551519 576 20.4602980275187 553.088652761825
4357.14477646346 892.823608824836 576 19.828200989489 601.706689043456
4357.14477646346 892.823608824836 576 19.828200989489 601.706689043456
4357.14477646346 892.823608824836 576 19.828200989489 601.706689043456
3914.04332962925 897.198964226891 489 48.2333628820011 649.381049508052
4089.88322708442 913.506321818045 520 57.8182538534609 709.211650883356
3892.21698541751 892.337475275748 489 82.5265340618249 561.986159418347
3958.4197939059 887.62661933574 484 55.6310941648532 714.704628490829
3976.8665315797 882.690396278333 512 71.9453407915506 580.369737126497
3732.32663747607 880.284313884 462 23.2185158673179 635.23519501698
3892.21698541751 892.337475275748 489 82.5265340618249 561.986159418347
3892.21698541751 892.337475275748 489 82.5265340618249 561.986159418347
3898.31793269578 882.697726006419 498 81.7639156520414 553.089490712779
3840.54621809925 901.288509945683 478 88.9853799766066 513.95916326313
3892.21698541751 892.337475275748 489 82.5265340618249 561.986159418347
3840.54621809925 901.288509945683 478 88.9853799766066 513.95916326313
3845.19021781552 891.400086098098 462 66.2010691447768 657.389481703642
3840.54621809925 901.288509945683 478 88.9853799766066 513.95916326313
3982.23101859202 907.656324401273 521 67.7743916258066 737.180950790794
3989.23179517043 910.434928186889 503 70.3996828427096 658.848070701194
3989.23179517043 910.434928186889 503 70.3996828427096 658.848070701194
3885.65308575791 892.286690713589 489 83.3470215192744 576.590683783264
3840.54621809925 901.288509945683 478 88.9853799766066 513.95916326313
3840.54621809925 901.288509945683 478 88.9853799766066 513.95916326313
3725.45844437654 895.837080236906 428 18.9689645545154 558.54135763447
3975.52198136949 897.470717105199 524 13.6288964762135 731.85568030078
3921.19669057558 899.170648746606 463 21.8391911555045 570.141956105235
3725.45844437654 895.837080236906 428 18.9689645545154 558.54135763447
2234.43291694927 454.841128980675 265 198.888120091131 259.581584928856
0 0 0 0 0
0 0 0 0 0
0 0 0 0 0
80 10 7 30 0
0 0 0 0 0
959.175571770719 229.361976534504 107 359.69083941402 134.895221505324
0 0 0 0 0
1016.38446941958 235.118007176828 123 351.144176032343 126.40728278997
80 10 18 30 0
1026.38446941958 235.118007176828 108 349.894176032343 126.40728278997
70 10 19 8.75 0
80 10 7 30 0
3122.55120330025 670.542131351494 441 390.318900412531 586.97971959192
160 20 41 20 0
3122.55120330025 670.542131351494 441 390.318900412531 586.97971959192
0 0 0 0 0
1844.50275577056 440.819009547647 283 230.56284447132 453.805417453035
0 0 0 0 0
792.572398420941 203.901360103382 111 59.0715498026177 203.012078991484
0 0 0 0 0
0 0 0 0 0
0 0 0 0 0
3122.55120330025 670.542131351494 441 390.318900412531 586.97971959192
0 0 0 0 0
1278.04844752969 229.723121803847 158 159.756055941211 133.174302138885
0 0 0 0 0
0 0 0 0 0
0 0 0 0 0
3098.74011076287 658.44932865282 450 387.342513845359 510.318718386289
0 0 0 0 0
810.191076188318 223.585069370504 111 101.27388452354 291.524260387322
956.38446941958 225.118007176828 107 358.644176032343 126.40728278997
810.191076188318 223.585069370504 111 101.27388452354 291.524260387322
0 0 0 0 0
1278.04844752969 229.723121803847 158 159.756055941211 133.174302138885
956.38446941958 225.118007176828 107 358.644176032343 126.40728278997
0 0 0 0 0
0 0 0 0 0
0 0 0 0 0
956.38446941958 225.118007176828 107 358.644176032343 126.40728278997
0 0 0 0 0
2234.43291694927 454.841128980675 265 198.888120091131 259.581584928856
1854.13382163277 443.378703038736 283 231.766727704096 343.776939380129
956.38446941958 225.118007176828 107 358.644176032343 126.40728278997
3077.18785490349 657.974469842445 426 384.648481862936 551.630792601089
956.38446941958 225.118007176828 107 358.644176032343 126.40728278997
3077.18785490349 657.974469842445 426 384.648481862936 551.630792601089
4078.93567271983 895.660138528321 548 31.6747243801883 713.387002381891
4010.47929408663 884.959964833009 540 23.1176770510388 670.58630760064
4078.93567271983 895.660138528321 548 31.6747243801883 713.387002381891
4033.57232432307 883.092477019273 533 26.0043058305934 678.038075391059
4033.57232432307 883.092477019273 533 26.0043058305934 678.038075391059
4033.57232432307 883.092477019273 533 26.0043058305934 678.038075391059
4033.57232432307 883.092477019273 533 26.0043058305934 678.038075391059
4030.00270602131 897.929247618165 540 25.5581035428735 722.463438741265
4033.57232432307 883.092477019273 533 26.0043058305934 678.038075391059
4078.93567271983 895.660138528321 548 31.6747243801883 713.387002381891
4010.47929408663 884.959964833009 540 23.1176770510388 670.58630760064
4010.47929408663 884.959964833009 540 23.1176770510388 670.58630760064
4033.57232432307 883.092477019273 533 26.0043058305934 678.038075391059
4078.93567271983 895.660138528321 548 31.6747243801883 713.387002381891
4033.57232432307 883.092477019273 533 26.0043058305934 678.038075391059
4010.47929408663 884.959964833009 540 23.1176770510388 670.58630760064
4033.57232432307 883.092477019273 533 26.0043058305934 678.038075391059
4078.93567271983 895.660138528321 548 31.6747243801883 713.387002381891
4033.57232432307 883.092477019273 533 26.0043058305934 678.038075391059
4033.57232432307 883.092477019273 533 26.0043058305934 678.038075391059
4112.77067916346 900.791230235405 545 35.9041001856426 655.207296544576
4040.74427396002 885.833366823083 539 26.9007995352125 572.459709590715
4010.47929408663 884.959964833009 540 23.1176770510388 670.58630760064
4033.57232432307 883.092477019273 533 26.0043058305934 678.038075391059
4033.57232432307 883.092477019273 533 26.0043058305934 678.038075391059
4010.47929408663 884.959964833009 540 23.1176770510388 670.58630760064
4004.51232114716 885.237081814807 514 22.3718054336046 671.971892509632
4010.47929408663 884.959964833009 540 23.1176770510388 670.58630760064
4033.57232432307 883.092477019273 533 26.0043058305934 678.038075391059
4033.57232432307 883.092477019273 533 26.0043058305934 678.038075391059
4078.93567271983 895.660138528321 548 31.6747243801883 713.387002381891
4033.57232432307 883.092477019273 533 26.0043058305934 678.038075391059
4078.93567271983 895.660138528321 548 31.6747243801883 713.387002381891
4033.57232432307 883.092477019273 533 26.0043058305934 678.038075391059
4078.93567271983 895.660138528321 548 31.6747243801883 713.387002381891
4033.57232432307 883.092477019273 533 26.0043058305934 678.038075391059
4078.93567271983 895.660138528321 548 31.6747243801883 713.387002381891
4010.47929408663 884.959964833009 540 23.1176770510388 670.58630760064
4010.47929408663 884.959964833009 540 23.1176770510388 670.58630760064
4033.57232432307 883.092477019273 533 26.0043058305934 678.038075391059
4033.57232432307 883.092477019273 533 26.0043058305934 678.038075391059
4078.93567271983 895.660138528321 548 31.6747243801883 713.387002381891
4078.93567271983 895.660138528321 548 31.6747243801883 713.387002381891
4078.93567271983 895.660138528321 548 31.6747243801883 713.387002381891
4033.57232432307 883.092477019273 533 26.0043058305934 678.038075391059
4318.19224882254 908.989077682752 567 9.93991760254482 793.942273895158
4162.24512350781 894.323288659011 553 7.48867632527481 699.312955252645
4096.44401914701 897.149168204696 548 0.885390438201625 753.280996343714
4318.19224882254 908.989077682752 567 9.93991760254482 793.942273895158
4241.10457532216 908.443854808893 562 18.9679599600954 792.306605273583
3960.47117647213 875.147186482978 565 31.8447813683725 671.767750124492
4165.45948790628 900.354833888234 564 9.51232403310974 774.508105590179
4010.47929408663 884.959964833009 540 23.1176770510388 670.58630760064
4165.45948790628 900.354833888234 564 9.51232403310974 774.508105590179
4089.06263803951 892.562980856187 548 3.65340835351441 740.342430760678
4096.44401914701 897.149168204696 548 0.885390438201625 753.280996343714
4032.8491708633 881.696133958787 513 29.8679576490831 490.354041638822
3912.64588911791 881.4016057643 492 14.8425474309099 583.29048068725
4022.58017265432 892.51650478076 540 28.5843328729611 713.224886873386
3857.08796418044 879.751964309186 484 7.89780681372605 559.826912713568
4058.56465229692 896.690977170009 547 33.0823928282863 637.571630166354
3843.00513712562 870.701432068988 484 6.13745343187304 551.189959601312
3709.06086704719 867.421778253046 462 15.1477286620403 602.905911243038
3859.97364184914 881.706337124201 484 8.25851652231376 626.514846140268
