3475.56935524588 670.711550363614 492 133.241421448882 465.697722694687
904.048134828443 228.869829819967 115 113.006016853555 200.273994432482
2343.51022932008 449.148526262942 307 274.748812189606 387.774092539952
0 0 0 0 0
1135.37518170923 221.586675726141 153 425.765693140962 140.110850262424
2055.70756314312 453.6846257821 300 256.963445392891 293.423783378801
1135.37518170923 221.586675726141 153 425.765693140962 140.110850262424
2036.10726075424 450.432853920639 300 254.51340759428 278.197624587218
1135.25916842567 221.438512320076 171 425.722188159625 139.518196638165
0 0 0 0 0
3244.24230836509 677.994704457441 454 405.530288545636 525.860866864746
1135.25916842567 221.438512320076 171 425.722188159625 139.518196638165
1078.78408172046 210.98663698412 138 134.848010215057 115.06428583946
2144.04325014613 422.425149304196 293 299.624177944568 254.582482477625
177.74762051269 31.1803398874989 30 22.2184525640863 0
2264.55768255416 460.957299053508 309 255.943279841234 283.989721924875
4379.61749007432 899.581380183581 607 20.2354045953264 665.97171712717
4379.61749007432 899.581380183581 607 20.2354045953264 665.97171712717
2214.04325014613 432.425149304196 309 290.874177944568 254.582482477625
4379.61749007432 899.581380183581 607 20.2354045953264 665.97171712717
2271.74434499894 461.019450756752 309 232.07869607133 368.387190358822
2238.90295233008 445.022350614409 309 219.763173820508 320.395889931791
4379.61749007432 899.581380183581 607 20.2354045953264 665.97171712717
2217.50154551024 435.517208760169 309 238.297228449765 197.73699323924
2224.46737922808 436.587362920457 309 208.384582244068 269.652414529859
2214.04325014613 432.425149304196 309 290.874177944568 254.582482477625
2222.13592714235 439.360306442875 309 259.74880959265 308.601728694025
2213.6299443324 426.477890298186 309 210.285795821379 269.433469285317
4379.61749007432 899.581380183581 607 20.2354045953264 665.97171712717
2168.41995301172 417.008553128501 309 296.577090086369 230.851847225218
4379.61749007432 899.581380183581 607 20.2354045953264 665.97171712717
4379.61749007432 899.581380183581 607 20.2354045953264 665.97171712717
2231.96165386247 426.587362920457 309 252.160186895154 295.090926849935
4366.27162726566 894.099366224996 626 15.2307060420785 654.903027442444
2244.91003503221 436.587362920457 309 287.015829833807 337.529439170011
2212.36349459713 436.587322952439 309 291.084147388192 297.529279297939
4183.57029386309 893.581671720799 552 44.7413041217299 578.203108679052
4366.27162726566 894.099366224996 626 15.2307060420785 654.903027442444
2244.91003503221 436.587362920457 309 287.015829833807 337.529439170011
4197.50071787943 895.155425153821 542 43.0000011196869 556.884061934767
4197.50071787943 895.155425153821 542 43.0000011196869 556.884061934767
4197.50071787943 895.155425153821 542 43.0000011196869 556.884061934767
4197.50071787943 895.155425153821 542 43.0000011196869 556.884061934767
4197.50071787943 895.155425153821 542 43.0000011196869 556.884061934767
4197.50071787943 895.155425153821 542 43.0000011196869 556.884061934767
4277.87623415426 876.058401079688 563 32.9530615853342 636.007523842978
4277.87623415426 876.058401079688 563 32.9530615853342 636.007523842978
4277.87623415426 876.058401079688 563 32.9530615853342 636.007523842978
4277.87623415426 876.058401079688 563 32.9530615853342 636.007523842978
4277.87623415426 876.058401079688 563 32.9530615853342 636.007523842978
4277.87623415426 876.058401079688 563 32.9530615853342 636.007523842978
4277.87623415426 876.058401079688 563 32.9530615853342 636.007523842978
4277.87623415426 876.058401079688 563 32.9530615853342 636.007523842978
4290.11199584682 882.157799829948 563 31.4235913737643 655.403773033872
4204.81812364647 902.906111458776 533 42.0853253988073 553.953678894003
4204.81812364647 902.906111458776 533 42.0853253988073 553.953678894003
4204.81812364647 902.906111458776 533 42.0853253988073 553.953678894003
4204.81812364647 902.906111458776 533 42.0853253988073 553.953678894003
4277.87623415426 876.058401079688 563 32.9530615853342 636.007523842978
4204.81812364647 902.906111458776 533 42.0853253988073 553.953678894003
4092.95481096627 882.995941903428 525 56.068239483832 483.109810390714
4092.95481096627 882.995941903428 525 56.068239483832 483.109810390714
3917.41054559294 862.960712077698 475 78.0112726554987 429.997179870226
4204.01611446389 879.911675649151 542 42.1855765466298 492.560104357048
3847.1073420695 900.09382913324 447 29.8086836920574 559.314373458626
4184.3961438856 893.183844893679 534 44.6380728689157 531.465122621103
3917.41054559294 862.960712077698 475 78.0112726554987 429.997179870226
4220.43028563078 892.410547276899 550 8.49906907481943 613.645338534426
4176.96597259937 886.101413486008 534 45.5668442796953 651.989776049384
4220.43028563078 892.410547276899 550 8.49906907481943 613.645338534426
4210.20828440662 904.630114353154 534 41.4115553037888 727.322415756602
4210.20828440662 904.630114353154 534 41.4115553037888 727.322415756602
4139.56357847867 902.099323850988 525 50.2421435447827 648.333030112486
4114.96291644069 905.569265909421 526 20.8185622080981 598.371732567384
4139.56357847867 902.099323850988 525 50.2421435447827 648.333030112486
4178.82211331868 896.284167849955 543 45.3348266897814 535.624290541337
4120.29748780834 875.1775324042 529 52.6504048785735 540.403525326225
4178.82211331868 896.284167849955 543 45.3348266897814 535.624290541337
4082.59064037919 881.537216256787 538 57.3637608072172 523.588858688866
4305.97579124394 905.459403400983 558 29.440616949124 611.766067770528
4138.72210639942 888.556208267449 529 50.3473275546886 555.989495939587
3841.53777393208 886.072179797621 484 39.217096648185 484.676514128904
4160.17532288386 891.426332559919 546 47.6656754941343 501.180957591338
3841.53777393208 886.072179797621 484 39.217096648185 484.676514128904
3841.53777393208 886.072179797621 484 39.217096648185 484.676514128904
4080.56043392395 884.329993456663 538 57.6175366141229 527.143598871956
150 20 12 21.25 0
0 0 0 0 0
60 10 3 7.5 0
80 10 10 30 0
70 10 2 8.75 0
150 20 12 21.25 0
0 0 0 0 0
150 20 12 21.25 0
140 20 25 17.5 0
3221.21094202007 642.121297844964 407 115.95219181698 482.410268620273
140 20 13 22.5 0
80 10 12 30 0
2305.02604831578 446.735526326521 309 279.559334815144 338.12209279427
70 10 13 8.75 0
3283.34159618506 655.288482114967 410 157.269891331484 496.458484648377
0 0 0 0 0
3281.21094202007 652.121297844964 410 108.45219181698 482.410268620273
0 0 0 0 0
3046.32137717072 661.688423448417 405 380.79017214634 534.474906404083
1031.86947053977 195.273275427005 126 128.983683817471 90.7401198242143
0 0 0 0 0
3046.32137717072 661.688423448417 405 380.79017214634 534.474906404083
0 0 0 0 0
2142.71250883482 436.656448706771 245 267.839063604352 394.914795958369
0 0 0 0 0
3319.37900459033 658.539889814331 410 152.765215280825 536.21270774647
862.317554289627 224.735209360226 148 107.789694286203 138.373048920037
3304.09548150303 657.677105564969 410 167.679551146229 593.45962735285
862.317554289627 224.735209360226 148 107.789694286203 138.373048920037
1201.04549601178 227.450812200098 149 150.130687001472 247.219088930713
0 0 0 0 0
1045.95040374846 211.586675726141 142 392.231401405674 104.524174536283
0 0 0 0 0
1045.95040374846 211.586675726141 142 392.231401405674 104.524174536283
3137.71600657596 673.990385048134 416 392.214500821995 583.682752802951
1045.95040374846 211.586675726141 142 392.231401405674 104.524174536283
3137.71600657596 673.990385048134 416 392.214500821995 583.682752802951
1936.67051056418 446.539572848036 267 242.083813820522 336.463663872237
60 10 17 7.5 0
4183.66641032442 885.577060774275 558 0.016900583679103 688.206927339234
4183.66641032442 885.577060774275 558 0.016900583679103 688.206927339234
4183.66641032442 885.577060774275 558 0.016900583679103 688.206927339234
4183.66641032442 885.577060774275 558 0.016900583679103 688.206927339234
4183.66641032442 885.577060774275 558 0.016900583679103 688.206927339234
4183.66641032442 885.577060774275 558 0.016900583679103 688.206927339234
4183.66641032442 885.577060774275 558 0.016900583679103 688.206927339234
4183.66641032442 885.577060774275 558 0.016900583679103 688.206927339234
4181.69655887996 883.275099174558 558 44.9755209946218 674.585756666507
60 10 17 7.5 0
4183.66641032442 885.577060774275 558 0.016900583679103 688.206927339234
4181.69655887996 883.275099174558 558 44.9755209946218 674.585756666507
4181.69655887996 883.275099174558 558 44.9755209946218 674.585756666507
4183.66641032442 885.577060774275 558 0.016900583679103 688.206927339234
4183.66641032442 885.577060774275 558 0.016900583679103 688.206927339234
4181.69655887996 883.275099174558 558 44.9755209946218 674.585756666507
4183.66641032442 885.577060774275 558 0.016900583679103 688.206927339234
4181.69655887996 883.275099174558 558 44.9755209946218 674.585756666507
70 10 17 8.75 0
4181.69655887996 883.275099174558 558 44.9755209946218 674.585756666507
70 10 17 8.75 0
4181.69655887996 883.275099174558 558 44.9755209946218 674.585756666507
4183.66641032442 885.577060774275 558 0.016900583679103 688.206927339234
4180.88136550813 882.854844335916 560 45.0774201661001 672.904737311939
70 10 19 8.75 0
4181.69655887996 883.275099174558 558 44.9755209946218 674.585756666507
70 10 20 8.75 0
70 10 19 8.75 0
70 10 3 8.75 0
70 10 10 8.75 0
4181.69655887996 883.275099174558 558 44.9755209946218 674.585756666507
70 10 17 8.75 0
4183.66641032442 885.577060774275 558 0.016900583679103 688.206927339234
4183.66641032442 885.577060774275 558 0.016900583679103 688.206927339234
70 10 17 8.75 0
4183.66641032442 885.577060774275 558 0.016900583679103 688.206927339234
4181.69655887996 883.275099174558 558 44.9755209946218 674.585756666507
70 10 17 8.75 0
4183.66641032442 885.577060774275 558 0.016900583679103 688.206927339234
70 10 17 8.75 0
4181.69655887996 883.275099174558 558 44.9755209946218 674.585756666507
4181.69655887996 883.275099174558 558 44.9755209946218 674.585756666507
70 10 17 8.75 0
4183.66641032442 885.577060774275 558 0.016900583679103 688.206927339234
4181.69655887996 883.275099174558 558 44.9755209946218 674.585756666507
70 10 17 8.75 0
4181.69655887996 883.275099174558 558 44.9755209946218 674.585756666507
4183.66641032442 885.577060774275 558 0.016900583679103 688.206927339234
4183.66641032442 885.577060774275 558 0.016900583679103 688.206927339234
4183.66641032442 885.577060774275 558 0.016900583679103 688.206927339234
4181.69655887996 883.275099174558 558 44.9755209946218 674.585756666507
4183.66641032442 885.577060774275 558 0.016900583679103 688.206927339234
4183.66641032442 885.577060774275 558 0.016900583679103 688.206927339234
4181.69655887996 883.275099174558 558 44.9755209946218 674.585756666507
4183.66641032442 885.577060774275 558 0.016900583679103 688.206927339234
4183.66641032442 885.577060774275 558 0.016900583679103 688.206927339234
3793.72656671634 893.594369046516 459 3.35079188707118 454.360141181112
4094.96465814824 882.33996140326 544 19.7465690320054 376.326241802399
4181.69655887996 883.275099174558 558 44.9755209946218 674.585756666507
4181.69655887996 883.275099174558 558 44.9755209946218 674.585756666507
4181.69655887996 883.275099174558 558 44.9755209946218 674.585756666507
4191.41343669218 908.711658082809 544 7.69047171401235 455.441331841044
4191.41343669218 908.711658082809 544 7.69047171401235 455.441331841044
4057.26831036654 894.364911240089 521 10.9679453166872 380.490263386699
4018.41758634105 894.915037818068 520 6.1116048135014 432.863659143801
4060.1917075894 882.621743960337 528 16.4300757498784 387.131994862264
4018.41758634105 894.915037818068 520 6.1116048135014 432.863659143801
3917.34166016614 897.795618290878 479 12.1010947941535 500.558370516313
4060.1917075894 882.621743960337 528 16.4300757498784 387.131994862264
4004.66481615055 885.283989404725 520 4.39250853968935 391.276669490223
3958.47677739561 900.123326896108 484 17.2429844478366 461.012650348193
3793.72656671634 893.594369046516 459 3.35079188707118 454.360141181112
4004.66481615055 885.283989404725 520 4.39250853968935 391.276669490223
3793.72656671634 893.594369046516 459 3.35079188707118 454.360141181112
3793.72656671634 893.594369046516 459 3.35079188707118 454.360141181112
