0 0 0 0 0
0 0 0 0 0
0 0 0 0 0
0 0 0 0 0
0 0 0 0 0
3083.62045682606 974.499281954767 486 385.452557103258 2103.65349575442
0 0 0 0 0
7454.10241855862 1829.29506247799 1015 931.762802319828 2249.43272236299
3964.59423407701 785.841870220331 447 495.574279259626 366.40153395693
3083.62045682606 974.499281954767 486 385.452557103258 2103.65349575442
4064.60789102209 828.574268216342 447 508.075986377762 457.726875108719
3539.06307521082 1067.80413733886 561 442.382884401353 2103.65349575442
3962.22020941408 785.490925139126 447 495.27752617676 365.699643794521
0 0 0 0 0
8323.91899540365 1855.17691297823 962 912.638209376953 2746.45872394907
0 0 0 0 0
3841.40925226767 981.098676009746 463 1440.52846960038 1968.91200378165
3962.22020941408 785.490925139126 447 495.27752617676 365.699643794521
3841.40925226767 981.098676009746 463 1440.52846960038 1968.91200378165
7891.45232141584 1776.19596365228 887 978.184515823901 2860.44186946415
4652.19561050038 1320.38645313605 686 581.524451312547 2341.1793221027
8346.8949398006 1869.50081903637 962 921.254188525807 2860.44186946415
3170.09190262 996.774422354177 506 396.2614878275 2341.1793221027
11430.5153966267 2844.00010099114 1448 535.801631422548 4964.09536521857
11417.7500068042 2838.31570169978 1448 537.397305150358 4125.50872621928
11035.9663554443 2777.38871897259 1448 541.208831703304 4310.09132588435
11423.3090572324 2836.7331297521 1448 536.702423846833 4949.5614227405
11120.9387101585 2808.74307315427 1448 530.587287364024 4310.09132588435
11406.2269283519 2838.8150383474 1448 538.837689956891 4953.7252399311
11851.2937663036 2965.32812129852 1448 447.59709758384 5278.18048927606
11023.9348925025 2773.50518438851 1448 542.712764571027 4487.57315224802
11074.9445117816 2780.69618546752 1448 506.453705376689 4221.75991688205
11459.4461871542 2857.72643000056 1448 532.185282606601 4951.93300133481
11851.2937663036 2965.32812129852 1448 447.59709758384 5278.18048927606
11201.0328876444 2830.61176977149 1448 520.575515178292 4315.82914189271
11851.2937663036 2965.32812129852 1448 447.59709758384 5278.18048927606
11115.9869679915 2791.41875859843 1448 501.323398350463 4221.75991688205
11519.8117993833 2867.73602857702 1448 489.032343448876 5006.25086608881
11079.0100035194 2782.29448936751 1448 497.904442483274 4172.48312151036
11074.9445117816 2780.69618546752 1448 506.453705376689 4221.75991688205
10952.2908888926 2742.49752114624 1448 551.133330916358 4307.34256307535
11002.7050936395 2766.06596027462 1448 545.366489428897 4310.09132588435
11315.7522003419 2876.78048628065 1448 506.235601091096 4310.09132588435
11519.8117993833 2867.73602857702 1448 489.032343448876 5006.25086608881
10952.2908888926 2742.49752114624 1448 551.133330916358 4307.34256307535
11560.525240069 2896.45681104931 1448 475.104037019298 4435.5163805216
11485.4451689555 2843.40265226059 1448 528.93540988144 4767.64893732886
11430.5153966267 2844.00010099114 1448 535.801631422548 4964.09536521857
11430.5153966267 2844.00010099114 1448 535.801631422548 4964.09536521857
11073.0687121874 2786.03798893397 1448 536.571037110408 4310.09132588435
11073.0687121874 2786.03798893397 1448 536.571037110408 4310.09132588435
11430.5153966267 2844.00010099114 1448 535.801631422548 4964.09536521857
10952.2908888926 2742.49752114624 1448 551.133330916358 4307.34256307535
10952.2908888926 2742.49752114624 1448 551.133330916358 4307.34256307535
11110.4916494527 2801.88254466284 1448 531.893169952254 4310.09132588435
11430.5153966267 2844.00010099114 1448 535.801631422548 4964.09536521857
11430.5153966267 2844.00010099114 1448 535.801631422548 4964.09536521857
11341.6231884109 2826.22836899745 1448 546.913157449516 4974.40894415169
11073.0687121874 2786.03798893397 1448 536.571037110408 4310.09132588435
11110.4916494527 2801.88254466284 1448 531.893169952254 4310.09132588435
11036.0144841284 2774.32071694787 1448 540.667881511873 4307.34256307535
10952.2908888926 2742.49752114624 1448 551.133330916358 4307.34256307535
10857.2669954582 2703.28963126026 1448 559.379511855724 4427.44410447353
10952.2908888926 2742.49752114624 1448 551.133330916358 4307.34256307535
11333.5827385896 2826.22836899745 1448 547.91821367718 4974.40894415169
11430.5153966267 2844.00010099114 1448 535.801631422548 4964.09536521857
10952.2908888926 2742.49752114624 1448 551.133330916358 4307.34256307535
10952.2908888926 2742.49752114624 1448 551.133330916358 4307.34256307535
11333.5827385896 2826.22836899745 1448 547.91821367718 4974.40894415169
11037.7304869222 2747.47122416452 1448 486.833246934706 4263.70780763893
11037.7304869222 2747.47122416452 1448 486.833246934706 4263.70780763893
11333.5827385896 2826.22836899745 1448 547.91821367718 4974.40894415169
11333.5827385896 2826.22836899745 1448 547.91821367718 4974.40894415169
11037.7304869222 2747.47122416452 1448 486.833246934706 4263.70780763893
11430.5153966267 2844.00010099114 1448 535.801631422548 4964.09536521857
11002.1766499712 2653.35056634677 1448 603.640414245033 3742.34821523691
10913.9379074188 2680.03880768852 1448 560.975027985214 4083.16151732584
11026.2241834826 2722.68292493421 1448 600.634472556118 4660.92435628559
10808.0962741517 2681.4203521776 1448 613.604021731913 4835.92154777233
10952.2908888926 2742.49752114624 1448 551.133330916358 4307.34256307535
11396.9141432581 2848.81972817412 1448 490.090766250855 4808.65764719269
10848.1599178732 2697.18139095429 1448 608.596066266736 4835.92154777233
11495.8658949322 2714.02235321962 1448 454.943930162246 3451.7833218409
10828.0521366152 2449.21656830219 1448 611.109538923978 2581.74297351228
11368.4221467348 2834.11523096378 1448 482.248989731739 4880.49058306786
11285.1091074528 2594.05148490941 1448 553.977417569282 3761.1067467639
11214.6997935076 2711.16785055781 1448 562.778581812431 4035.96455812441
11435.104394072 2856.78541488618 1448 535.228006741875 5080.77886960049
11453.3226525243 2877.59202891876 1448 532.950724435341 5052.9715541531
11342.6114016658 2825.63891060135 1448 546.789630792659 4974.40894415169
11114.8589180632 2745.91074671769 1448 575.258691242979 5150.77498111571
11873.710164295 2723.86521923032 1448 237.308762760217 3169.66836783298
11422.7330666972 2852.79587246631 1448 536.774422663736 5159.85581268555
12321.2794241983 2883.19148355308 1448 102.727250750143 3584.08062313575
12589.682120802 3032.04355138517 1448 313.575332219283 4982.90811413021
11730.1028235621 2924.09723219091 1448 498.353203055623 4886.88503201622
11813.9562156372 2960.90155161474 1448 487.87152904623 5098.98808920741
12589.682120802 3032.04355138517 1448 313.575332219283 4982.90811413021
11874.739180247 2938.70943790637 1448 98.7613114449985 3250.44150484532
11730.1028235621 2924.09723219091 1448 498.353203055623 4886.88503201622
12433.8897152251 3087.64051814917 1448 220.457143353423 2063.3909722032
12365.1622287828 3120.29429498794 1448 341.640318721692 4389.75760607288
11430.5153966267 2844.00010099114 1448 535.801631422548 4964.09536521857
11143.8593841432 2760.00633476499 1448 410.372928394882 3821.87806812884
12375.6900597749 3106.9495738335 1448 340.32433984768 4428.02140341576
12434.2228814528 3145.89355505487 1448 333.007737137934 4319.80109857714
12266.2653546824 3022.9270754304 1448 354.002427984241 5488.36388313309
12188.1287068448 2949.71940064311 1448 489.886042783397 2606.05182796302
11896.0493003555 2951.57203990187 1448 96.0975464314388 2202.51146603119
12075.7636107745 2917.99435222067 1448 412.829164226743 2385.73411710641
12165.4080975688 2915.45823742547 1448 71.4549913806113 2840.59951445816
12495.9334820768 3104.62930499027 1448 191.517122670296 3435.89666393985
11837.1004519449 2906.71074829601 1448 103.46615248276 2356.06344093629
11999.828397078 2863.36971385802 1448 147.120100905252 2430.55515246764
12165.4080975688 2915.45823742547 1448 71.4549913806113 2840.59951445816
12931.3584847973 3039.58753550487 1448 202.017556340902 4329.04165452855
11720.2978274203 2912.26145403387 1448 45.0933555765671 3089.14496292692
11735.4695201741 2979.32883907921 1448 443.938158926365 5526.67501384396
11564.9265996542 2807.90004348695 1448 561.756717693809 3259.22523226011
3193.32900187106 754.279981375687 391 1197.49837570165 576.666858245434
0 0 0 0 0
3184.26200715342 744.351887991633 391 1194.09825268253 876.909965501682
150 20 29 18.75 0
3197.92492658574 748.975542750408 391 1199.22184746965 979.2248156257
150 20 29 18.75 0
3184.26200715342 744.351887991633 391 1194.09825268253 876.909965501682
150 20 29 18.75 0
6419.77213499274 1506.36874483934 736 899.904642114479 576.666858245434
150 20 29 18.75 0
3254.26200715342 754.351887991633 404 1185.34825268253 876.909965501682
166.651862876376 42.3606797749979 42 20.831482859547 0
3244.26200715342 754.351887991633 410 1186.59825268253 876.909965501682
7382.89277499659 1662.94919601567 856 922.861596874573 1908.06195518224
6268.34881888666 1425.90184244725 740 813.1208985747 576.666858245434
6199.8499159166 1569.91464796885 725 774.981239489575 1477.77643355767
6008.86954680364 1345.86651703162 733 787.677992801979 1284.1147912005
6052.13741185209 1535.29872646878 715 756.517176481511 1293.91019563343
6176.38504924365 1412.76937610436 733 824.616369780076 576.666858245434
4279.77158632112 981.254248066268 494 534.97144829014 931.791889771367
10410.9073560319 2369.09692268517 1227 290.767584072725 2699.01762106715
1845.24055000746 563.840683117642 221 230.655068750933 128.777134752182
3127.88451359502 726.686431065285 391 1142.95669259813 654.457262102627
7359.88757353714 1671.29537299586 817 919.985946692143 1307.24812687836
3184.26200715342 744.351887991633 391 1194.09825268253 876.909965501682
7367.68175096494 1694.76482931654 822 920.960218870618 1348.99929880548
10576.799701209 2429.49241168059 1208 274.564538284407 1925.66615705092
1804.29673875518 558.18537679323 221 225.537092344397 118.518294750286
6437.35845927476 1495.24369516396 733 791.994693526187 588.037569475134
0 0 0 0 0
3184.26200715342 744.351887991633 391 1194.09825268253 876.909965501682
9344.01877114528 2285.1769065743 1057 1168.00234639316 1473.44568960454
6119.8499159166 1559.91464796885 715 764.981239489575 1477.77643355767
3186.73594286153 744.886474848464 391 1195.02597857307 879.048312929004
3244.02945740369 740.96371378827 342 405.503682175462 11.3707112297001
6437.35845927476 1495.24369516396 733 791.994693526187 588.037569475134
4303.00450276717 991.470431173725 494 537.875562845896 1348.99929880548
3200.51762792675 748.001615602649 391 1200.19411047253 891.542661746902
7164.30067726594 1602.66213263871 836 895.537584658243 1834.9124142043
3184.26200715342 744.351887991633 391 1194.09825268253 876.909965501682
7316.95048946439 1651.68659471835 836 914.618811183049 1932.96133836358
10348.5626844194 2347.01402063034 1227 298.56066802429 2711.82237970598
1804.29673875518 558.18537679323 221 225.537092344397 118.518294750286
10348.5626844194 2347.01402063034 1227 298.56066802429 2711.82237970598
1949.52420160975 634.756036663226 221 243.690525201219 193.990381976524
6045.55818165219 1355.54358945662 733 836.436230870187 1362.82308090049
6119.8499159166 1559.91464796885 715 764.981239489575 1477.77643355767
12315.650060409 2965.5576504142 1448 57.2082433844062 2044.18445180121
12277.436008556 2951.83766440655 1448 57.4515025072108 2699.82354637336
12208.8396639842 2940.39895466002 1448 70.5595429375105 2555.36903105241
12161.9264178922 2915.12749080762 1448 76.4236986990093 2530.09756720002
12174.4750922864 2925.38633080952 1448 74.8551143997274 2540.35640720191
12354.9409330156 2978.35715469008 1448 47.7633869497656 2966.39734898739
11370.994242182 2492.76008616243 1448 554.293063128371 2282.76683870527
12298.0868860291 2981.77005729357 1448 54.8701428230715 2905.8127616825
11358.9969233987 2495.24670363086 1448 511.491124754469 1889.68286277955
11584.3982271212 2604.70513238547 1448 609.139477512566 2157.9072958402
12378.5472021407 3050.55049479523 1448 245.258452954625 3451.43943028924
11541.0792790431 2561.34612331412 1448 533.032433520729 1904.7098926572
12262.782868108 2985.82859814489 1448 136.046989735432 3199.81688186408
12499.4960358766 2986.08013775504 1448 33.2765227883399 2887.39972376649
12384.4323503542 2961.01888129741 1448 92.4761479344477 2223.06397341589
12223.3669031772 2956.44828914476 1448 64.2101406795625 2816.40803418196
11550.0625273451 2579.72579542051 1448 531.909527482982 1883.07723624755
12372.6751608142 2945.35108985134 1448 93.9457966269438 2109.26209404768
11636.1661648132 2589.53011999342 1448 521.146572799478 2087.66729986634
12137.643589273 2823.62455561494 1448 3.19002430633509 2057.46893790736
12248.2133429582 2903.40119615857 1448 109.503523858945 2303.26167013518
12208.2825019536 2918.58589759049 1448 7.41618842962839 2778.15165214067
12095.117812157 2896.44893675815 1448 80.2412770570897 2789.41863546335
12259.7281244588 2984.40689596646 1448 59.6649880193659 2875.74790886011
11362.1557032798 2490.88832737007 1448 555.397880491153 1922.19698129036
12165.4080975688 2915.45823742547 1448 71.4549913806113 2840.59951445816
12099.3886263366 2825.66344746186 1448 7.97189467338194 2367.37416380593
12099.3886263366 2825.66344746186 1448 7.97189467338194 2367.37416380593
12099.3886263366 2825.66344746186 1448 7.97189467338194 2367.37416380593
12099.3886263366 2825.66344746186 1448 7.97189467338194 2367.37416380593
12099.3886263366 2825.66344746186 1448 7.97189467338194 2367.37416380593
11362.1557032798 2490.88832737007 1448 555.397880491153 1922.19698129036
12165.4080975688 2915.45823742547 1448 71.4549913806113 2840.59951445816
12099.3886263366 2825.66344746186 1448 7.97189467338194 2367.37416380593
