60 10 13 7.5 0
60 10 16 7.5 0
80 10 7 10 0
70 10 10 8.75 0
60 10 30 7.5 0
80 10 10 10 0
80 10 18 10 0
60 10 13 7.5 0
0 0 0 0 0
0 0 0 0 0
0 0 0 0 0
3537.63145445741 701.887229272216 735 442.203931807177 325.27464474983
0 0 0 0 0
0 0 0 0 0
0 0 0 0 0
0 0 0 0 0
0 0 0 0 0
0 0 0 0 0
0 0 0 0 0
959.741531110541 237.943707612328 230 119.967691388818 59.9437076123284
0 0 0 0 0
0 0 0 0 0
1162.09030887425 234.064530351022 220 435.783865827843 35.0645303510222
1406.46281092884 234.522602570786 285 175.807851366105 162.795614642834
2568.55311980309 468.587132921808 505 259.976014461738 197.860144993856
0 0 0 0 0
2568.55311980309 468.587132921808 505 259.976014461738 197.860144993856
0 0 0 0 0
1162.09030887425 234.064530351022 220 435.783865827843 35.0645303510222
3537.63145445741 701.887229272216 735 442.203931807177 325.27464474983
2395.16451975288 450.732099307866 480 263.059876757725 115.242784921868
0 0 0 0 0
3575.27144354423 681.990999638836 700 115.546511283806 225.130032384007
959.741531110541 237.943707612328 230 119.967691388818 59.9437076123284
2395.16451975288 450.732099307866 480 263.059876757725 115.242784921868
1189.42716673236 229.572997326239 220 148.678395841544 103.143635443215
3575.27144354423 681.990999638836 700 115.546511283806 225.130032384007
959.741531110541 237.943707612328 230 119.967691388818 59.9437076123284
3546.24769472734 669.801840695822 700 119.174479885918 193.934658163352
959.741531110541 237.943707612328 230 119.967691388818 59.9437076123284
4688.28141100093 932.296274325346 955 4.99002193799151 347.239890877651
4719.53821027001 940.462846833626 955 8.89712184662631 382.894611152792
4535.01297465477 919.934707251165 930 4.42118010501156 285.073739996336
4535.01297465477 919.934707251165 930 4.42118010501156 285.073739996336
4505.98922583788 907.745548308151 930 0.793211502899794 253.87836577568
4535.01297465477 919.934707251165 930 4.42118010501156 285.073739996336
4535.01297465477 919.934707251165 930 4.42118010501156 285.073739996336
4505.98922583788 907.745548308151 930 0.793211502899794 253.87836577568
4505.98922583788 907.745548308151 930 0.793211502899794 253.87836577568
4535.01297465477 919.934707251165 930 4.42118010501156 285.073739996336
4505.98922583788 907.745548308151 930 0.793211502899794 253.87836577568
4535.01297465477 919.934707251165 930 4.42118010501156 285.073739996336
4505.98922583788 907.745548308151 930 0.793211502899794 253.87836577568
4535.01297465477 919.934707251165 930 4.42118010501156 285.073739996336
4505.98922583788 907.745548308151 930 0.793211502899794 253.87836577568
4699.72176333166 935.951759623238 955 6.42006597933346 360.339175100852
4699.72176333166 935.951759623238 955 6.42006597933346 360.339175100852
4535.01297465477 919.934707251165 930 4.42118010501156 285.073739996336
4699.72176333166 935.951759623238 955 6.42006597933346 360.339175100852
4535.01297465477 919.934707251165 930 4.42118010501156 285.073739996336
4535.01297465477 919.934707251165 930 4.42118010501156 285.073739996336
4535.01297465477 919.934707251165 930 4.42118010501156 285.073739996336
4505.98922583788 907.745548308151 930 0.793211502899794 253.87836577568
4535.01297465477 919.934707251165 930 4.42118010501156 285.073739996336
4699.72176333166 935.951759623238 955 6.42006597933346 360.339175100852
4505.98922583788 907.745548308151 930 0.793211502899794 253.87836577568
4699.72176333166 935.951759623238 955 6.42006597933346 360.339175100852
4699.72176333166 935.951759623238 955 6.42006597933346 360.339175100852
4699.72176333166 935.951759623238 955 6.42006597933346 360.339175100852
4699.72176333166 935.951759623238 955 6.42006597933346 360.339175100852
4699.72176333166 935.951759623238 955 6.42006597933346 360.339175100852
4535.01297465477 919.934707251165 930 4.42118010501156 285.073739996336
4699.72176333166 935.951759623238 955 6.42006597933346 360.339175100852
4535.01297465477 919.934707251165 930 4.42118010501156 285.073739996336
4535.01297465477 919.934707251165 930 4.42118010501156 285.073739996336
4699.72176333166 935.951759623238 955 6.42006597933346 360.339175100852
4699.72176333166 935.951759623238 955 6.42006597933346 360.339175100852
4699.72176333166 935.951759623238 955 6.42006597933346 360.339175100852
4699.72176333166 935.951759623238 955 6.42006597933346 360.339175100852
4535.01297465477 919.934707251165 930 4.42118010501156 285.073739996336
4505.98922583788 907.745548308151 930 0.793211502899794 253.87836577568
4699.72176333166 935.951759623238 955 6.42006597933346 360.339175100852
4699.72176333166 935.951759623238 955 6.42006597933346 360.339175100852
4699.72176333166 935.951759623238 955 6.42006597933346 360.339175100852
4505.98922583788 907.745548308151 930 0.793211502899794 253.87836577568
4505.98922583788 907.745548308151 930 0.793211502899794 253.87836577568
4699.72176333166 935.951759623238 955 6.42006597933346 360.339175100852
4645.19702610825 939.251804360606 933 18.1941865366962 389.312337007135
4637.19576179193 930.82126607955 933 17.1940284971554 378.20961495298
4535.01297465477 919.934707251165 930 4.42118010501156 285.073739996336
4645.19702610825 939.251804360606 933 18.1941865366962 389.312337007135
4515.87514802079 906.315992123248 930 2.02895177576397 252.096735368838
4641.85971248005 938.361076436239 933 17.7770223331704 385.749425309669
4699.72176333166 935.951759623238 955 6.42006597933346 360.339175100852
4535.01297465477 919.934707251165 930 4.42118010501156 285.073739996336
4699.72176333166 935.951759623238 955 6.42006597933346 360.339175100852
4641.85971248005 938.361076436239 933 17.7770223331704 385.749425309669
4569.23013137696 915.379632391243 940 8.41025366580834 275.963590276492
4882.74847098508 922.091789340812 958 1.17743581444927 365.428016912633
4882.74847098508 922.091789340812 958 1.17743581444927 365.428016912633
4882.74847098508 922.091789340812 958 1.17743581444927 365.428016912633
4535.01297465477 919.934707251165 930 4.42118010501156 285.073739996336
4882.74847098508 922.091789340812 958 1.17743581444927 365.428016912633
4527.5954051815 916.039762169019 930 3.49398392085209 280.268833798661
4505.98922583788 907.745548308151 930 0.793211502899794 253.87836577568
4539.1040859374 921.881528201038 930 4.93256901534028 299.490771435049
4539.1040859374 921.881528201038 930 4.93256901534028 299.490771435049
4531.29565608971 914.009732087342 930 3.95651528437872 279.148764832513
4653.47093158352 929.256236535051 946 19.2284247211048 268.077175294548
4535.01297465477 919.934707251165 930 4.42118010501156 285.073739996336
4539.1040859374 921.881528201038 930 4.93256901534028 299.490771435049
4882.74847098508 922.091789340812 958 1.17743581444927 365.428016912633
4478.51909645167 922.310351568352 900 2.64055467037679 299.919594802363
4497.02332581263 917.736046037252 910 10.7387104078408 293.024280569438
4476.20095699746 923.061450511443 900 2.93032210215256 303.675089517819
4133.31971111451 901.410009962045 770 47.3501443068499 267.875022218355
3883.38896305976 888.269297374575 670 69.4040418288703 307.609935009187
4460.59799251989 931.496121694411 870 6.53644021198522 408.8377012615
4143.31837204391 945.460546800757 770 43.7502558829635 427.848201638845
4456.70020003882 932.652659873743 870 7.02366427211882 411.150777620163
4242.89268504993 911.984157623168 840 18.2133178868052 274.006820598817
4148.06561546102 927.232174804602 780 32.2838841187796 463.955672894873
4143.31837204391 945.460546800757 770 43.7502558829635 427.848201638845
4224.23001005855 952.191151319372 780 45.0575849025764 282.251887331285
4111.47939461473 930.114307119058 740 10.5208985792001 319.777051598848
4241.70211272773 939.721088867366 810 48.1867485917285 253.446965051269
4218.82345062663 945.827771028645 780 45.7334048315669 328.581660473508
4229.15135644035 948.302467470788 780 46.2725773596246 324.793206740561
4398.60469565002 919.643188368149 890 30.3983131542668 342.467706780288
4225.49103493081 952.549998122104 780 44.8999567935447 333.288268043193
4225.49103493081 952.549998122104 780 44.8999567935447 333.288268043193
0 0 0 0 0
60 10 8 7.5 0
1167.08282841081 224.638427201805 250 437.656060654054 65.5919659109524
0 0 0 0 0
1167.08282841081 224.638427201805 250 437.656060654054 65.5919659109524
70 10 10 8.75 0
0 0 0 0 0
60 10 8 7.5 0
60 10 8 7.5 0
130 20 22 16.25 0
2509.24861503596 469.771383920742 516 269.88533732591 138.931755414467
70 10 16 8.75 0
2499.24861503596 469.771383920742 513 271.13533732591 138.931755414467
70 10 10 8.75 0
2209.55168580911 483.479643426875 399 276.193960726139 250.481002673424
2509.24861503596 469.771383920742 530 269.88533732591 138.931755414467
963.473126710592 237.410230056159 220 120.434140838824 161.026039634392
0 0 0 0 0
1166.07855909852 236.069413370716 160 145.759819887315 89.4549630390325
2509.24861503596 469.771383920742 530 269.88533732591 138.931755414467
1166.07855909852 236.069413370716 160 145.759819887315 89.4549630390325
1257.60318558027 236.80747530696 270 471.6011945926 114.268158331571
3395.54024550958 707.477947960038 640 384.442530688697 298.858712971234
0 0 0 0 0
0 0 0 0 0
0 0 0 0 0
0 0 0 0 0
1254.20749958303 233.422310499826 270 470.327812343636 127.361520558291
0 0 0 0 0
963.473126710592 237.410230056159 220 120.434140838824 161.026039634392
0 0 0 0 0
0 0 0 0 0
2129.55168580911 473.479643426875 380 266.193960726139 250.481002673424
1994.35607719958 463.707510632817 390 249.294509649948 255.682766553607
903.928614468491 235.050172270841 240 112.991076808561 181.150516812524
1254.20749958303 233.422310499826 270 470.327812343636 127.361520558291
3261.19738393275 696.252542360494 640 407.649672991594 319.560104547937
4360.66420448315 906.566964885159 849 82.7123281878323 401.853658154051
4340.38678256973 939.460899042875 780 6.45561118418709 339.22727094126
4346.00425811898 936.351626967241 780 5.75342674053081 333.008726789993
4340.38678256973 939.460899042875 780 6.45561118418709 339.22727094126
4340.38678256973 939.460899042875 780 6.45561118418709 339.22727094126
4450.14511592765 936.795149287894 903 1.35952171935355 255.808243084523
4354.98224639151 945.884260570336 780 11.9289101173582 345.650632468721
4440.88461234457 931.980123503138 903 0.201958771467616 241.363165730255
4205.72068118089 903.703172488452 740 29.9835654788732 365.496726731654
4450.14511592765 936.795149287894 903 1.35952171935355 255.808243084523
4450.14511592765 936.795149287894 903 1.35952171935355 255.808243084523
4450.14511592765 936.795149287894 903 1.35952171935355 255.808243084523
1218.44462876503 212.033355580436 240 456.916735786886 13.0333555804358
0 0 0 0 0
1218.44462876503 212.033355580436 240 456.916735786886 13.0333555804358
1344.70632827398 247.907000896468 258 168.088291034248 84.0984252064195
2515.09116986525 458.8991060725 490 300.806024562475 113.246313609769
60 10 8 7.5 0
1230.4625921474 213.24574642059 240 461.423472055277 14.2457464205896
0 0 0 0 0
2575.16892042139 461.152747317058 498 293.335181021029 98.3441716270091
60 10 25 7.5 0
2515.16892042139 451.152747317058 490 300.835181021029 98.3441716270091
2240.58685627528 478.049578070144 428 240.07335703441 310.768278786343
1230.4625921474 213.24574642059 240 461.423472055277 14.2457464205896
3525.29318454926 715.956578966612 661 400.661648068658 394.866703992762
80 10 23 30 0
2240.58685627528 478.049578070144 418 280.07335703441 310.768278786343
0 0 0 0 0
0 0 0 0 0
0 0 0 0 0
0 0 0 0 0
