1012.65340754383 234.283443804087 160 379.745027828937 332.112830126618
0 0 0 0 0
1012.65340754383 234.283443804087 160 379.745027828937 332.112830126618
0 0 0 0 0
1012.65340754383 234.283443804087 160 379.745027828937 332.112830126618
0 0 0 0 0
3648.45464139185 711.705758301921 660 50.2698735979347 1067.53203287781
0 0 0 0 0
0 0 0 0 0
3643.57267405982 704.710365795933 790 455.446584257478 1222.24879995958
2521.40346702921 473.242222338298 430 191.151270393265 716.677889023321
0 0 0 0 0
2521.40346702921 473.242222338298 430 191.151270393265 716.677889023321
2134.82261457445 465.751587261722 520 266.852826821806 837.683741062876
1012.65340754383 234.283443804087 160 379.745027828937 332.112830126618
0 0 0 0 0
2365.16420396778 464.742403836707 390 210.681178275944 629.156514148356
0 0 0 0 0
1012.65340754383 234.283443804087 160 379.745027828937 332.112830126618
3667.99784794623 715.781433607799 790 458.499730993279 1307.8173424545
1012.65340754383 234.283443804087 160 379.745027828937 332.112830126618
3649.77275031744 710.166598414933 790 456.22159378968 1262.89866091158
1012.65340754383 234.283443804087 160 379.745027828937 332.112830126618
3473.73127930081 691.030467697455 750 434.216409912601 1169.20514572425
4486.38468684464 925.313911501542 910 54.471382083664 1501.31797585087
4506.76239982049 934.324942993274 910 57.0185962056445 1494.48787036999
4486.38468684464 925.313911501542 910 54.471382083664 1501.31797585087
4499.98681854223 930.493991098429 910 56.1716485458621 1466.84025521123
4656.22608160366 938.99380960002 950 75.7015564285409 1554.3616300862
4656.22608160366 938.99380960002 950 75.7015564285409 1554.3616300862
4653.16834511172 940.636383221377 950 76.8482076130182 1537.73675146307
4645.83909953433 934.955964588909 950 78.9243043945987 1550.72239271743
4656.22608160366 938.99380960002 950 75.7015564285409 1554.3616300862
4499.98681854223 930.493991098429 910 56.1716485458621 1466.84025521123
4656.22608160366 938.99380960002 950 75.7015564285409 1554.3616300862
4499.98681854223 930.493991098429 910 56.1716485458621 1466.84025521123
4656.22608160366 938.99380960002 950 75.7015564285409 1554.3616300862
4645.83909953433 934.955964588909 950 78.9243043945987 1550.72239271743
4656.22608160366 938.99380960002 950 75.7015564285409 1554.3616300862
4645.83909953433 934.955964588909 950 78.9243043945987 1550.72239271743
4656.22608160366 938.99380960002 950 75.7015564285409 1554.3616300862
4499.98681854223 930.493991098429 910 56.1716485458621 1466.84025521123
4656.22608160366 938.99380960002 950 75.7015564285409 1554.3616300862
4656.22608160366 938.99380960002 950 75.7015564285409 1554.3616300862
4656.22608160366 938.99380960002 950 75.7015564285409 1554.3616300862
4499.98681854223 930.493991098429 910 56.1716485458621 1466.84025521123
4499.98681854223 930.493991098429 910 56.1716485458621 1466.84025521123
4656.22608160366 938.99380960002 950 75.7015564285409 1554.3616300862
4499.98681854223 930.493991098429 910 56.1716485458621 1466.84025521123
4656.22608160366 938.99380960002 950 75.7015564285409 1554.3616300862
4645.83909953433 934.955964588909 950 78.9243043945987 1550.72239271743
4499.98681854223 930.493991098429 910 56.1716485458621 1466.84025521123
4656.22608160366 938.99380960002 950 75.7015564285409 1554.3616300862
4645.83909953433 934.955964588909 950 78.9243043945987 1550.72239271743
4645.83909953433 934.955964588909 950 78.9243043945987 1550.72239271743
4656.22608160366 938.99380960002 950 75.7015564285409 1554.3616300862
4499.98681854223 930.493991098429 910 56.1716485458621 1466.84025521123
4656.22608160366 938.99380960002 950 75.7015564285409 1554.3616300862
4656.22608160366 938.99380960002 950 75.7015564285409 1554.3616300862
4656.22608160366 938.99380960002 950 75.7015564285409 1554.3616300862
4656.22608160366 938.99380960002 950 75.7015564285409 1554.3616300862
4656.22608160366 938.99380960002 950 75.7015564285409 1554.3616300862
4656.22608160366 938.99380960002 950 75.7015564285409 1554.3616300862
4499.98681854223 930.493991098429 910 56.1716485458621 1466.84025521123
4656.22608160366 938.99380960002 950 75.7015564285409 1554.3616300862
4645.83909953433 934.955964588909 950 78.9243043945987 1550.72239271743
4656.22608160366 938.99380960002 950 75.7015564285409 1554.3616300862
4645.83909953433 934.955964588909 950 78.9243043945987 1550.72239271743
4656.22608160366 938.99380960002 950 75.7015564285409 1554.3616300862
4656.22608160366 938.99380960002 950 75.7015564285409 1554.3616300862
4499.98681854223 930.493991098429 910 56.1716485458621 1466.84025521123
4499.98681854223 930.493991098429 910 56.1716485458621 1466.84025521123
4656.50642741718 933.99380960002 950 75.7365996552317 1534.3616300862
4645.83909953433 934.955964588909 950 78.9243043945987 1550.72239271743
4656.22608160366 938.99380960002 950 75.7015564285409 1554.3616300862
4656.22608160366 938.99380960002 950 75.7015564285409 1554.3616300862
4768.43429213231 929.896578529201 967 13.2072841453532 1225.06339601406
4654.88134098378 938.99380960002 950 75.5334638510558 1554.3616300862
4769.77903275219 929.896578529201 967 13.0391915678681 1225.06339601406
4785.39289513827 935.363919719845 955 11.0874587696078 1242.40010196729
4656.22608160366 938.99380960002 950 75.7015564285409 1554.3616300862
4656.22608160366 938.99380960002 950 75.7015564285409 1554.3616300862
4769.77903275219 929.896578529201 967 13.0391915678681 1225.06339601406
4774.19841954025 933.727530424047 967 12.4867682193596 1246.5562516986
4499.98681854223 930.493991098429 910 56.1716485458621 1466.84025521123
4541.08939850885 924.128001661252 920 73.5576378661842 1455.90881326189
4774.19841954025 933.727530424047 967 12.4867682193596 1246.5562516986
4656.22608160366 938.99380960002 950 75.7015564285409 1554.3616300862
4774.19841954025 933.727530424047 967 12.4867682193596 1246.5562516986
4541.08939850885 924.128001661252 920 73.5576378661842 1455.90881326189
4499.98681854223 930.493991098429 910 56.1716485458621 1466.84025521123
4656.22608160366 938.99380960002 950 75.7015564285409 1554.3616300862
4499.98681854223 930.493991098429 910 56.1716485458621 1466.84025521123
4508.29963325375 929.677058098244 910 57.210750384803 1436.75559021031
4508.29963325375 929.677058098244 910 57.210750384803 1436.75559021031
4774.19841954025 933.727530424047 967 12.4867682193596 1246.5562516986
4502.77912947222 938.488924403056 910 56.5206874121111 1500.38060081455
4774.19841954025 933.727530424047 967 12.4867682193596 1246.5562516986
4244.10434151529 912.524977117297 860 71.3138336918146 716.713195102087
4266.30000632318 919.419171711254 860 74.0882917928011 751.776986666781
4783.53687700925 941.687594129447 967 15.9886897702348 1166.3078377535
4774.19841954025 933.727530424047 967 12.4867682193596 1246.5562516986
4776.56798460313 938.240383119102 967 12.1905725865008 1280.61067899818
4255.16437228168 918.973208882308 860 72.6963375376133 771.881465393759
4502.77912947222 938.488924403056 910 56.5206874121111 1500.38060081455
4503.29481432539 937.637761289358 910 71.4345940406167 1153.72294402983
4776.56798460313 938.240383119102 967 12.1905725865008 1280.61067899818
4793.29631571584 947.98038406768 967 18.4636967537701 1288.59570264414
4802.04613186062 945.266749496988 967 48.4000709792339 1319.79524364338
4645.58467709148 941.666064548756 950 41.0681892353028 1414.05121578804
4266.30000632318 919.419171711254 860 74.0882917928011 751.776986666781
4260.4726176677 918.2539269447 860 73.3598682108657 761.116007600567
4776.56798460313 938.240383119102 967 12.1905725865008 1280.61067899818
4515.23429426204 898.34545948877 900 4.05142651859103 975.86104848031
4266.30000632318 919.419171711254 860 74.0882917928011 751.776986666781
4296.81487037255 919.660542442566 830 4.22959489767595 1075.06431535063
4198.99117823611 910.9385993238 810 23.1133113405222 1034.70965783824
4632.433455408 918.42058958317 922 32.4668127615848 1245.23432567421
0 0 0 0 0
0 0 0 0 0
0 0 0 0 0
0 0 0 0 0
0 0 0 0 0
0 0 0 0 0
0 0 0 0 0
962.171959828055 212.400549446403 280 120.271494978507 347.60219778561
80 10 5 30 0
130 20 23 16.25 0
2789.25235772409 483.16475406493 519 262.864449972073 749.965658713856
1042.17195982805 222.400549446403 320 130.271494978507 347.60219778561
60 10 7 7.5 0
80 10 10 30 0
2779.25235772409 483.16475406493 525 264.114449972073 749.965658713856
2243.49611326099 458.927035275883 490 240.437014157624 442.040334251705
0 0 0 0 0
0 0 0 0 0
2693.36311492655 472.057130003871 498 274.850605321765 655.408188482266
2163.49611326099 448.927035275883 460 270.437014157624 442.040334251705
0 0 0 0 0
3659.70648160991 684.843754209131 718 457.463310201239 681.958496343117
3659.70648160991 684.843754209131 718 457.463310201239 681.958496343117
0 0 0 0 0
2719.25235772409 473.16475406493 498 271.614449972073 749.965658713856
1201.32415343294 236.52648582948 180 150.165519179117 94.4381364660949
3920.57651115703 709.69123989441 678 121.448930792956 844.403795179951
0 0 0 0 0
1201.32415343294 236.52648582948 180 150.165519179117 94.4381364660949
0 0 0 0 0
2719.25235772409 473.16475406493 498 271.614449972073 749.965658713856
2163.49611326099 448.927035275883 460 270.437014157624 442.040334251705
0 0 0 0 0
1201.32415343294 236.52648582948 180 150.165519179117 94.4381364660949
1201.32415343294 236.52648582948 180 150.165519179117 94.4381364660949
0 0 0 0 0
2719.25235772409 473.16475406493 498 271.614449972073 749.965658713856
0 0 0 0 0
1201.32415343294 236.52648582948 180 150.165519179117 94.4381364660949
0 0 0 0 0
2719.25235772409 473.16475406493 498 271.614449972073 749.965658713856
1201.32415343294 236.52648582948 180 150.165519179117 94.4381364660949
3920.57651115703 709.69123989441 678 121.448930792956 844.403795179951
959.590331603551 210.453728496529 280 119.948791450444 334.153010196426
2714.29218643886 472.392663916037 498 269.754385740113 731.826853406928
2163.49611326099 448.927035275883 460 270.437014157624 442.040334251705
4877.78829969986 921.31969919192 958 0.682628417510841 1173.86718765863
4882.74847098508 922.091789340812 958 1.17743581444927 1192.00599296556
0 0 0 0 0
4880.16684276058 920.144968390939 958 1.50013934251217 1178.55680537638
4880.16684276058 920.144968390939 958 1.50013934251217 1178.55680537638
4882.74847098508 922.091789340812 958 1.17743581444927 1192.00599296556
0 0 0 0 0
4882.74847098508 922.091789340812 958 1.17743581444927 1192.00599296556
4882.74847098508 922.091789340812 958 1.17743581444927 1192.00599296556
4880.16684276058 920.144968390939 958 1.50013934251217 1178.55680537638
4880.16684276058 920.144968390939 958 1.50013934251217 1178.55680537638
4882.74847098508 922.091789340812 958 1.17743581444927 1192.00599296556
4880.16684276058 920.144968390939 958 1.50013934251217 1178.55680537638
4880.16684276058 920.144968390939 958 1.50013934251217 1178.55680537638
4880.16684276058 920.144968390939 958 1.50013934251217 1178.55680537638
4882.74847098508 922.091789340812 958 1.17743581444927 1192.00599296556
0 0 0 0 0
4880.16684276058 920.144968390939 958 1.50013934251217 1178.55680537638
0 0 0 0 0
0 0 0 0 0
4880.16684276058 920.144968390939 958 1.50013934251217 1178.55680537638
0 0 0 0 0
4880.16684276058 920.144968390939 958 1.50013934251217 1178.55680537638
4882.74847098508 922.091789340812 958 1.17743581444927 1192.00599296556
4882.74847098508 922.091789340812 958 1.17743581444927 1192.00599296556
4880.16684276058 920.144968390939 958 1.50013934251217 1178.55680537638
4882.74847098508 922.091789340812 958 1.17743581444927 1192.00599296556
4882.74847098508 922.091789340812 958 1.17743581444927 1192.00599296556
4882.74847098508 922.091789340812 958 1.17743581444927 1192.00599296556
4882.74847098508 922.091789340812 958 1.17743581444927 1192.00599296556
0 0 0 0 0
0 0 0 0 0
4882.74847098508 922.091789340812 958 1.17743581444927 1192.00599296556
4880.16684276058 920.144968390939 958 1.50013934251217 1178.55680537638
0 0 0 0 0
0 0 0 0 0
