1002.94850203812 283.276757426869 91 376.105688264294 0
0 0 0 0 0
993.710532782867 272.958632802877 91 372.641449793575 0
0 0 0 0 0
5528.75564498183 1218.93879986686 663 211.661482834013 863.304078339019
0 0 0 0 0
9214.53907864042 2081.03036275862 1239 796.4200266794 1914.85921358104
0 0 0 0 0
1002.94850203812 283.276757426869 91 376.105688264294 0
4569.8896994044 959.097955550713 552 571.23621242555 863.304078339019
1002.94850203812 283.276757426869 91 376.105688264294 0
11384.5235982704 2800.10721876372 1593 1423.06544978379 4970.3552743805
5528.75564498183 1218.93879986686 663 211.661482834013 863.304078339019
6963.07002065724 1899.13889763695 1061 870.383752582156 4531.3331554981
9309.48240507152 2126.87396297853 1239 684.252327845224 1503.3592232187
3083.76541889193 958.116394016563 465 385.470677361491 3589.09532382557
12248.0231166908 3007.82387177132 1704 1124.18227043395 5092.45454704427
12535.9082220998 3141.51361061453 1704 1065.51427674341 5394.63723383711
12408.3792319143 3084.519122197 1704 1071.61443120057 5504.70009543885
12248.0231166908 3007.82387177132 1704 1124.18227043395 5092.45454704427
12393.2478239634 3084.9903569951 1704 1069.72300520672 5092.45454704427
12569.9253161228 3156.74798543306 1704 1052.75786648477 5418.58634923041
12298.3044975323 3039.14675677518 1704 1181.89070404089 5503.95453740661
12298.3044975323 3039.14675677518 1704 1181.89070404089 5503.95453740661
12298.3044975323 3039.14675677518 1704 1181.89070404089 5503.95453740661
12535.9082220998 3141.51361061453 1704 1065.51427674341 5394.63723383711
12248.0231166908 3007.82387177132 1704 1124.18227043395 5092.45454704427
12262.7432934545 3000.80179952465 1704 1177.44555353116 5579.61485762951
12298.3044975323 3039.14675677518 1704 1181.89070404089 5503.95453740661
12426.0228414383 3054.23875267935 1704 1110.60694722018 5452.20998273622
12298.3044975323 3039.14675677518 1704 1181.89070404089 5503.95453740661
12378.2044849284 3052.28354574461 1704 1060.5910953163 4969.24741739542
12262.7432934545 3000.80179952465 1704 1177.44555353116 5579.61485762951
12298.3044975323 3039.14675677518 1704 1181.89070404089 5503.95453740661
12262.7432934545 3000.80179952465 1704 1177.44555353116 5579.61485762951
12426.0228414383 3054.23875267935 1704 1110.60694722018 5452.20998273622
12426.0228414383 3054.23875267935 1704 1110.60694722018 5452.20998273622
12298.3044975323 3039.14675677518 1704 1181.89070404089 5503.95453740661
12298.3044975323 3039.14675677518 1704 1181.89070404089 5503.95453740661
12262.7432934545 3000.80179952465 1704 1177.44555353116 5579.61485762951
12262.7432934545 3000.80179952465 1704 1177.44555353116 5579.61485762951
12260.6008416146 3015.35739846937 1704 1177.17774705118 5555.50819119509
12262.7432934545 3000.80179952465 1704 1177.44555353116 5579.61485762951
12298.3044975323 3039.14675677518 1704 1181.89070404089 5503.95453740661
12262.7432934545 3000.80179952465 1704 1177.44555353116 5579.61485762951
12260.6008416146 3015.35739846937 1704 1177.17774705118 5555.50819119509
12260.6008416146 3015.35739846937 1704 1177.17774705118 5555.50819119509
12262.7432934545 3000.80179952465 1704 1177.44555353116 5579.61485762951
12262.7432934545 3000.80179952465 1704 1177.44555353116 5579.61485762951
12260.6008416146 3015.35739846937 1704 1177.17774705118 5555.50819119509
12260.6008416146 3015.35739846937 1704 1177.17774705118 5555.50819119509
12262.7432934545 3000.80179952465 1704 1177.44555353116 5579.61485762951
12260.6008416146 3015.35739846937 1704 1177.17774705118 5555.50819119509
12298.3044975323 3039.14675677518 1704 1181.89070404089 5503.95453740661
12260.6008416146 3015.35739846937 1704 1177.17774705118 5555.50819119509
12260.6008416146 3015.35739846937 1704 1177.17774705118 5555.50819119509
12260.6008416146 3015.35739846937 1704 1177.17774705118 5555.50819119509
12298.3044975323 3039.14675677518 1704 1181.89070404089 5503.95453740661
12262.7432934545 3000.80179952465 1704 1177.44555353116 5579.61485762951
12298.3044975323 3039.14675677518 1704 1181.89070404089 5503.95453740661
12260.6008416146 3015.35739846937 1704 1177.17774705118 5555.50819119509
12298.3044975323 3039.14675677518 1704 1181.89070404089 5503.95453740661
12260.7616160999 3026.68792797109 1704 1177.19784386183 5517.37617729923
12260.7616160999 3026.68792797109 1704 1177.19784386183 5517.37617729923
12260.6008416146 3015.35739846937 1704 1177.17774705118 5555.50819119509
12296.9744308784 3014.68277180868 1704 1181.72444570915 6346.95040373447
12260.7616160999 3026.68792797109 1704 1177.19784386183 5517.37617729923
12297.5342680653 3039.61644690991 1704 1182.17954009103 5503.95453740661
12293.8396634549 3034.84222086616 1704 1181.33259978122 5476.46541816279
12262.7432934545 3000.80179952465 1704 1177.44555353116 5579.61485762951
10731.7401312123 2397.62159214839 1704 844.676112682745 2896.44168718777
12413.7656890063 3090.62850299514 1704 1065.03624582603 4893.58709717252
11654.6730245978 2645.681217564 1704 1009.30078529326 3224.99547293049
12262.7432934545 3000.80179952465 1704 1177.44555353116 5579.61485762951
12413.7656890063 3090.62850299514 1704 1065.03624582603 4893.58709717252
11075.6802995541 2523.58605616453 1704 679.809064432393 3555.79056301055
11457.2682353411 2641.28574524413 1704 820.515985058929 3845.70749335954
10370.7214524671 2415.31896569319 1704 591.689208546509 4061.00196143198
11677.3292397572 2729.05052989564 1704 755.01518195778 2651.38965080312
12290.7852899878 3027.44201799903 1704 1180.95080309783 5020.06392666988
11329.4269982844 2631.68800307406 1704 1197.63885751616 4816.96966491667
11851.6831227867 2784.89726696839 1704 776.80941733646 2742.99755651258
11932.0763538742 2786.43315605715 1704 754.977134136862 2742.99755651258
11267.8133809838 2638.10238166741 1704 907.791253975555 4646.12381473999
12069.6341820143 2812.41197147595 1704 897.061728393074 3723.26998611808
12270.8115276731 3011.48508988881 1704 1133.53774240708 5314.84067362507
12213.6637726277 2892.35751019846 1704 790.175561481046 2857.0961371847
12298.3044975323 3039.14675677518 1704 1181.89070404089 5503.95453740661
13073.1603149334 3225.7815363736 1704 318.015613787995 2267.12451116258
12292.5076316515 3132.90006520027 1704 107.106009780085 5880.25578726823
12970.8928679503 3176.94467748185 1704 305.232182915096 2456.37238453793
12245.4997659877 3103.9749139037 1704 238.983750429616 5255.59945430107
12213.6637726277 2892.35751019846 1704 790.175561481046 2857.0961371847
12094.5572152568 3060.97612039328 1704 220.115931588254 5601.37171412236
12715.6521224633 3168.9034006907 1704 1006.04482622406 5190.43052780597
12453.6528126344 3003.59515757231 1704 715.390485989407 2796.03029237763
12196.7594385509 2885.69752216273 1704 796.514686759821 2857.0961371847
12432.5281544072 3116.28778529934 1704 1104.03491658677 5542.82671613748
12298.3432723479 3037.57645265634 1704 1181.89555089283 5499.74610148444
12611.2631907056 3239.30364117316 1704 341.48867507098 5071.22087050942
12411.8002918009 3146.72798838665 1704 316.555812707898 4685.66209721311
12224.6588830043 3156.56652391682 1704 231.615491598195 6279.01191822447
12606.6446100924 3128.71484194419 1704 537.867718977092 4731.23885582826
12514.1401818551 3117.68896262428 1704 1064.38656387437 5481.19839499062
12583.8799116879 3255.56092031192 1704 83.6675505567396 5765.79160287812
12134.0088403657 3075.87568259606 1704 305.638161210368 5235.04615051187
12514.1401818551 3117.68896262428 1704 1064.38656387437 5481.19839499062
12298.3044975323 3039.14675677518 1704 1181.89070404089 5503.95453740661
12512.8532684765 2926.9537538356 1704 341.543173942848 6895.83792132664
12538.6796303993 3255.08996588817 1704 210.453225582535 6448.49318935088
12495.6602545137 3236.17149944983 1704 259.662763979654 6605.47752525017
12512.8532684765 2926.9537538356 1704 341.543173942848 6895.83792132664
0 0 0 0 0
0 0 0 0 0
0 0 0 0 0
140 20 18 17.5 0
160 20 26 20 0
0 0 0 0 0
0 0 0 0 0
60 10 13 7.5 0
130 20 50 16.25 0
140 20 53 17.5 0
60 10 25 7.5 0
130 20 33 16.25 0
160 20 26 20 0
140 20 40 17.5 0
70 10 10 8.75 0
140 20 18 17.5 0
3738.06259374639 943.278407477306 641 1401.77347265489 1346.65084411569
60 10 13 7.5 0
3798.06259374639 953.278407477306 651 1394.27347265489 1346.65084411569
7703.08083674768 1733.56330329609 846 962.88510459346 3981.32466076382
11677.1950462473 2739.25192725901 1514 455.774744014227 5650.55734123821
0 0 0 0 0
0 0 0 0 0
967.097174626415 279.27495208831 207 120.887146828302 0
11665.2928358599 2729.33196856986 1497 457.262520312646 5696.70875054104
0 0 0 0 0
11665.2928358599 2729.33196856986 1497 457.262520312646 5696.70875054104
967.097174626415 279.27495208831 207 120.887146828302 0
11714.8896510255 2744.63573035996 1514 451.062918416947 5696.70875054104
0 0 0 0 0
8183.03105659387 1913.74562040285 1165 892.545242720904 5467.9919637594
0 0 0 0 0
0 0 0 0 0
0 0 0 0 0
8183.03105659387 1913.74562040285 1165 892.545242720904 5467.9919637594
4756.0626150034 1207.41827528133 539 594.507826875425 567.423374101382
11590.7819158686 2718.82016224538 1482 466.576385311569 6545.82558036577
0 0 0 0 0
11665.2928358599 2729.33196856986 1497 457.262520312646 5696.70875054104
0 0 0 0 0
11590.7819158686 2718.82016224538 1482 466.576385311569 6545.82558036577
0 0 0 0 0
11590.7819158686 2718.82016224538 1482 466.576385311569 6545.82558036577
0 0 0 0 0
8183.03105659387 1913.74562040285 1165 892.545242720904 5467.9919637594
4439.60742734395 1087.3125900343 539 554.950928417994 228.716786781645
11590.7819158686 2718.82016224538 1482 466.576385311569 6545.82558036577
967.097174626415 279.27495208831 207 120.887146828302 0
12672.9266503692 3041.31648389439 1704 331.308293498987 6545.82558036577
12517.2911815759 3247.95349880623 1704 358.145298032538 3922.52616442402
12572.7589891477 3010.47419561526 1704 343.829251151675 5655.35465593744
12714.5127820277 3052.2556870074 1704 326.110027041675 5697.93429090812
12223.373691628 3145.49673810261 1704 394.884984276028 3165.61593997119
12517.2911815759 3247.95349880623 1704 358.145298032538 3922.52616442402
12220.5681187504 3143.02056558406 1704 395.235680885732 3103.10119730869
12633.6617761171 3009.68403853972 1704 336.216402780498 5696.70875054104
12517.2911815759 3247.95349880623 1704 358.145298032538 3922.52616442402
12314.0693549173 3176.76532434008 1704 383.548026364865 2870.70167293029
12826.4524894884 3088.18167058912 1704 312.11756360909 5866.41659374823
12572.7589891477 3010.47419561526 1704 343.829251151675 5655.35465593744
12220.7409829849 3141.1437927467 1704 395.214072856415 3077.06374927698
12681.8597914353 3060.07768022207 1704 330.191650865719 5731.47183268786
12165.6774046169 3136.52501233535 1704 402.09702015241 3210.23879696893
12256.7652272953 3164.2764727039 1704 390.711042317621 3809.62556425255
12060.0959411211 3096.94811378321 1704 415.294703089392 2960.50981006185
12190.1517375059 3138.46161380998 1704 399.037728541295 3106.5679648764
12305.8397742408 3179.62140739758 1704 384.576723949424 3550.79051053775
12592.8704256597 3010.88411579153 1704 341.315321587678 5565.46255052707
12165.6774046169 3136.52501233535 1704 402.09702015241 3210.23879696893
12126.9435618519 3121.39118765682 1704 406.938750498042 3254.21841619959
12043.2347927577 3070.53763710655 1704 373.011290470815 3084.04145718299
12079.4505345906 3091.20445109625 1704 412.875378905705 3264.44549229051
12079.4505345906 3091.20445109625 1704 412.875378905705 3264.44549229051
12079.4505345906 3091.20445109625 1704 412.875378905705 3264.44549229051
12079.4505345906 3091.20445109625 1704 412.875378905705 3264.44549229051
12079.4505345906 3091.20445109625 1704 412.875378905705 3264.44549229051
12079.4505345906 3091.20445109625 1704 412.875378905705 3264.44549229051
12043.2347927577 3070.53763710655 1704 373.011290470815 3084.04145718299
12079.4505345906 3091.20445109625 1704 412.875378905705 3264.44549229051
12079.4505345906 3091.20445109625 1704 412.875378905705 3264.44549229051
12079.4505345906 3091.20445109625 1704 412.875378905705 3264.44549229051
12079.4505345906 3091.20445109625 1704 412.875378905705 3264.44549229051
12079.4505345906 3091.20445109625 1704 412.875378905705 3264.44549229051
12079.4505345906 3091.20445109625 1704 412.875378905705 3264.44549229051
12079.4505345906 3091.20445109625 1704 412.875378905705 3264.44549229051
12079.4505345906 3091.20445109625 1704 412.875378905705 3264.44549229051
12632.3900104863 3008.60692065817 1704 336.375373484344 5696.70875054104
12043.2347927577 3070.53763710655 1704 373.011290470815 3084.04145718299
