6771.81770795144 1187.82841123878 190 2012.36144928507 246.476407071257
6380.72600738698 1235.98606873552 220 2255.92731435835 20.9860687355163
6784.60155120379 1158.20024769735 200 2398.71888225248 863.655047984247
540 90 20 190.918830920368 0
6682.38384334129 1158.18958033923 200 1980.74180321829 397.916268883777
0 0 0 0 0
6784.60155120379 1158.20024769735 200 2398.71888225248 863.655047984247
6380.72600738698 1235.98606873552 220 2255.92731435835 20.9860687355163
6935.36607321359 1211.07587162928 220 2452.02219019022 969.406295848098
6380.72600738698 1235.98606873552 220 2255.92731435835 20.9860687355163
6784.60155120379 1158.20024769735 200 2398.71888225248 863.655047984247
0 0 0 0 0
0 0 0 0 0
0 0 0 0 0
0 0 0 0 0
6380.72600738698 1235.98606873552 220 2255.92731435835 20.9860687355163
0 0 0 0 0
0 0 0 0 0
6260.55288752731 1171.81298162455 270 2213.43970037379 371.893983623135
6784.60155120379 1158.20024769735 200 2398.71888225248 863.655047984247
6366.7693150668 1229.97342287029 220 2250.99287846708 80.7335196935931
6814.81419002063 1166.88465758219 200 2409.40066314495 1137.64337646998
6380.72600738698 1235.98606873552 220 2255.92731435835 20.9860687355163
6362.73406773104 1221.09184737261 250 2249.56620308964 6.09184737260807
6814.81419002063 1166.88465758219 200 2409.40066314495 1137.64337646998
6814.81419002063 1166.88465758219 200 2409.40066314495 1137.64337646998
6260.55288752731 1171.81298162455 270 2213.43970037379 371.893983623135
13239.3722314191 2405.2737612086 450 214.964786398421 2296.68757193095
13242.1935646022 2401.75816462425 460 254.943032909945 1312.67640450668
13165.3275585908 2394.18631643287 420 142.791567894135 884.641116719764
13100.2815505561 2356.17800257669 450 165.788804579367 1457.85934442284
13195.5401974076 2402.87072631771 420 153.473348786598 1158.62944520549
13261.8537025362 2425.70847689348 460 196.390453807596 998.891969991531
13205.2864920344 2391.05864660159 460 241.894412266729 1363.43123044054
13287.2312955414 2439.7196910856 420 185.89104741902 1343.32749722528
13169.2177820907 2378.50935512743 460 229.14219757182 1043.34684341024
13116.9335586032 2364.98866131216 450 159.901430674099 863.655047984247
13169.2177820907 2378.50935512743 460 229.14219757182 1043.34684341024
13169.2177820907 2378.50935512743 460 229.14219757182 1043.34684341024
13169.2177820907 2378.50935512743 460 229.14219757182 1043.34684341024
13169.2177820907 2378.50935512743 460 229.14219757182 1043.34684341024
13169.2177820907 2378.50935512743 460 229.14219757182 1043.34684341024
13169.2177820907 2378.50935512743 460 229.14219757182 1043.34684341024
13169.2177820907 2378.50935512743 460 229.14219757182 1043.34684341024
13116.9335586032 2364.98866131216 450 159.901430674099 863.655047984247
13165.3275585908 2394.18631643287 420 142.791567894135 884.641116719764
13116.9335586032 2364.98866131216 450 159.901430674099 863.655047984247
13169.2177820907 2378.50935512743 460 229.14219757182 1043.34684341024
13116.9335586032 2364.98866131216 450 159.901430674099 863.655047984247
13165.3275585908 2394.18631643287 420 142.791567894135 884.641116719764
13116.9335586032 2364.98866131216 450 159.901430674099 863.655047984247
13116.9335586032 2364.98866131216 450 159.901430674099 863.655047984247
13165.3275585908 2394.18631643287 420 142.791567894135 884.641116719764
13116.9335586032 2364.98866131216 450 159.901430674099 863.655047984247
13116.9335586032 2364.98866131216 450 159.901430674099 863.655047984247
13116.9335586032 2364.98866131216 450 159.901430674099 863.655047984247
13116.9335586032 2364.98866131216 450 159.901430674099 863.655047984247
13151.8515388061 2383.58917054492 450 147.556060380714 880.120769536883
13116.9335586032 2364.98866131216 450 159.901430674099 863.655047984247
13172.233088938 2392.67042246448 450 149.741400498759 1540.7982270935
13151.8515388061 2383.58917054492 450 147.556060380714 880.120769536883
13182.152059877 2389.19282233252 460 233.715155338038 1149.48464040569
13149.4763892138 2381.41241396808 450 33.1951751409551 1271.74449576627
13151.8515388061 2383.58917054492 450 147.556060380714 880.120769536883
13126.1254951891 2369.81947694332 450 157.652086194608 1540.50182801714
13169.2177820907 2378.50935512743 460 229.14219757182 1043.34684341024
13111.5872877202 2361.62679837248 450 189.712851588322 1388.55159573211
13169.2177820907 2378.50935512743 460 229.14219757182 1043.34684341024
13139.8760448099 2379.29320764983 450 151.790036887089 1034.5194405763
13116.9335586032 2364.98866131216 450 159.901430674099 863.655047984247
13116.9335586032 2364.98866131216 450 159.901430674099 863.655047984247
13139.8760448099 2379.29320764983 450 151.790036887089 1034.5194405763
13139.8760448099 2379.29320764983 450 151.790036887089 1034.5194405763
13139.8760448099 2379.29320764983 450 151.790036887089 1034.5194405763
13116.9335586032 2364.98866131216 450 159.901430674099 863.655047984247
13139.8760448099 2379.29320764983 450 151.790036887089 1034.5194405763
13172.8428088999 2378.74592977422 440 239.629255256139 687.008094056328
13205.2864920344 2391.05864660159 460 241.894412266729 1363.43123044054
13231.8986585617 2409.40825893335 450 205.454088833644 1322.34142848976
13116.9335586032 2364.98866131216 450 159.901430674099 863.655047984247
13116.9335586032 2364.98866131216 450 159.901430674099 863.655047984247
13118.2694928021 2368.91162973565 450 159.429106608489 910.153103975562
13169.2177820907 2378.50935512743 460 229.14219757182 1043.34684341024
13148.8004366799 2365.76464294974 440 236.360819268726 671.452859787104
13165.3672266607 2376.51733276608 460 230.503574499771 859.008747199929
13169.2177820907 2378.50935512743 460 229.14219757182 1043.34684341024
13118.2694928021 2368.91162973565 450 159.429106608489 910.153103975562
13154.5893338651 2371.8758971173 430 186.812871235792 768.070826445762
13097.7029220088 2354.69943080123 450 166.700487445324 895.940905041147
13306.5884592991 2430.35402596465 450 213.605219626464 422.719620801857
13614.775804706 2404.13640903882 460 386.670747173479 1059.67027082452
13118.2694928021 2368.91162973565 450 159.429106608489 910.153103975562
13097.7029220088 2354.69943080123 450 166.700487445324 895.940905041147
13268.478999044 2414.295431567 440 227.078948513326 455.005477858757
13033.8815291787 2326.45837578519 450 192.946387950689 718.009797756906
13045.251703663 2333.2500426503 450 185.313570225167 813.550899875858
13157.5610991054 2370.64895097743 440 233.263457364346 671.452859787104
13156.1993562888 2372.81972009155 440 233.744906154281 673.362880328787
13067.5567856177 2349.87364595011 450 161.917529871942 227.43242335011
13078.7146850639 2355.3089487223 450 165.862443053055 730.681286511147
13086.4361819394 2350.74159422856 450 168.592404453841 726.113932017408
12904.1496265804 2313.98774390971 450 169.913213295571 709.728413019805
13216.7098199033 2401.39120769259 470 212.351226576984 945.570162088875
13136.8157867979 2369.29655329716 450 166.257712947108 894.955943910896
12979.5173828092 2341.80511058831 450 143.266687539467 779.985642970992
13003.0343359933 2346.43409341593 470 134.952189004797 764.160473590708
13234.2549946518 2412.58401283651 450 204.045464679104 1847.48160991375
13168.7914387663 2388.67168107118 470 175.031589538081 602.762169211146
13218.3330861952 2390.96231239005 470 246.507079867967 1093.30800322622
13173.6311604041 2389.33406604752 470 173.320489543489 512.092820117095
13173.5828127586 2383.36617338141 450 186.958242368262 1418.98440104001
13125.7168172045 2376.65766194836 450 164.789379820872 1892.82906665625
13118.8623263902 2377.68633937668 450 137.873952027106 1269.59456108567
13101.3243937277 2370.89356495347 450 128.914258766598 1922.88755563231
12575.4623776542 2297.34529901158 430 314.83455753359 1899.37320613883
13098.3955254589 2377.60347366904 450 129.94977007365 1936.30737306345
0 0 0 0 0
0 0 0 0 0
0 0 0 0 0
540 90 10 190.918830920368 0
630 90 10 222.738636073762 0
0 0 0 0 0
6148.63802919002 1138.54618117952 170 2173.87182275088 156.468535046492
0 0 0 0 0
1170 180 20 31.8198051533946 0
1170 180 40 31.8198051533946 0
6146.54826179983 1135.93363712745 170 2173.13297840452 127.966257389201
630 90 20 222.738636073762 0
630 90 10 222.738636073762 0
1170 180 20 31.8198051533946 0
540 90 10 190.918830920368 0
1172.75540933878 225.705579528106 40 414.63165130833 0
6146.54826179983 1135.93363712745 170 2173.13297840452 127.966257389201
540 90 30 190.918830920368 0
6686.54826179983 1225.93363712745 200 1982.21414748416 127.966257389201
0 0 0 0 0
0 0 0 0 0
0 0 0 0 0
0 0 0 0 0
0 0 0 0 0
0 0 0 0 0
0 0 0 0 0
0 0 0 0 0
0 0 0 0 0
0 0 0 0 0
0 0 0 0 0
0 0 0 0 0
6748.71259566083 1191.83980410131 260 2386.03022033542 864.353797219833
13551.748935765 2423.85158538515 460 19.2063440376627 1637.27798478803
13061.5260653062 2380.18928534197 450 154.113613959399 2003.52625683234
13561.3173854555 2431.48745075286 460 15.8233862068487 2210.16310575823
13551.748935765 2423.85158538515 460 19.2063440376627 1637.27798478803
13135.9268545275 2376.51407043895 450 188.887867019049 1590.41726664828
13551.748935765 2423.85158538515 460 19.2063440376627 1637.27798478803
13551.748935765 2423.85158538515 460 19.2063440376627 1637.27798478803
13062.9268555967 2379.8842056469 450 153.618359802685 1607.2662035042
13551.748935765 2423.85158538515 460 19.2063440376627 1637.27798478803
13551.748935765 2423.85158538515 460 19.2063440376627 1637.27798478803
13551.748935765 2423.85158538515 460 19.2063440376627 1637.27798478803
13062.9268555967 2379.8842056469 450 153.618359802685 1607.2662035042
13551.748935765 2423.85158538515 460 19.2063440376627 1637.27798478803
13551.748935765 2423.85158538515 460 19.2063440376627 1637.27798478803
13551.748935765 2423.85158538515 460 19.2063440376627 1637.27798478803
13551.748935765 2423.85158538515 460 19.2063440376627 1637.27798478803
13062.9268555967 2379.8842056469 450 153.618359802685 1607.2662035042
13179.157550104 2395.2044382766 450 172.224702980984 1278.92820576728
13144.2073691473 2376.60873523006 450 184.581457960057 1214.11100083024
13147.0853606154 2379.97821852802 450 185.598981601711 1030.046505728
13144.2073691473 2376.60873523006 450 184.581457960057 1214.11100083024
13146.1572939337 2378.04271363027 450 185.270860479705 1121.70335997749
13146.1572939337 2378.04271363027 450 185.270860479705 1121.70335997749
13135.9268545275 2376.51407043895 450 188.887867019049 1590.41726664828
13017.2202967238 2334.94326235503 450 146.299099138027 780.226271975431
13016.3439624835 2336.2023155323 450 146.608930079962 970.255709226954
13139.557344819 2370.11921298282 450 187.604294866953 1121.70335997749
13078.3939402654 2340.64395183775 450 207.850018887821 1581.70874744133
13144.2073691473 2376.60873523006 450 184.581457960057 1214.11100083024
13080.1940363409 2336.88929855462 450 208.4864489587 1938.57377779643
12946.4828663813 2292.31471740727 450 161.212411459297 810.642623279485
12946.4828663813 2292.31471740727 450 161.212411459297 810.642623279485
13078.3939402654 2340.64395183775 450 207.850018887821 1581.70874744133
13079.5002407069 2353.55150127843 450 184.157765318906 666.52291316092
12946.4828663813 2292.31471740727 450 161.212411459297 810.642623279485
13080.3438650519 2342.07793023796 450 208.539421407469 1489.30110658858
13161.4216763453 2381.97939899273 450 190.667634636611 610.708725963632
13207.2905126264 2404.4569874162 450 188.710152335175 2257.80847726374
13193.2446905462 2399.59999181459 450 168.622951753162 1314.81325593029
13166.7197551982 2383.760033998 450 179.532489815034 1714.94281893875
12995.7602825546 2359.64563165151 450 159.054302452704 1117.51983715474
13157.9135230784 2370.68937927753 450 185.869218294035 359.199209560961
13163.7023143705 2379.78121593232 450 183.822571505278 84.3227702578626
13125.8770982717 2360.81442669515 450 198.764161201131 275.503397436491
13165.9203051124 2376.71014812045 450 184.606749652392 84.3227702578626
13170.8096434432 2380.37958417505 450 182.878107507787 694.792225077744
0 0 0 0 0
540 90 20 190.918830920368 0
630 90 10 222.738636073762 0
540 90 20 190.918830920368 0
630 90 10 222.738636073762 0
0 0 0 0 0
