20930.6273826189 3361.41424677646 570 7400.09427836934 5537.7738697254
0 0 0 0 0
20986.7553319055 3382.561146158 570 7419.93850514666 5590.16111124566
0 0 0 0 0
20859.6730484734 3331.33031385348 570 7375.00813295489 5372.82249454798
15256.5408561516 3358.35740130127 670 5394.00174841722 365.692511422504
0 0 0 0 0
20801.2258452699 3310.85954237127 570 7354.34392609161 5435.25021413855
15256.5408561516 3358.35740130127 670 5394.00174841722 365.692511422504
20801.2258452699 3310.85954237127 570 7354.34392609161 5435.25021413855
15246.2194884704 3349.66399447932 670 5390.35259387796 436.636108079397
20859.6730484734 3331.33031385348 570 7375.00813295489 5372.82249454798
15307.1333758666 3384.04644452146 670 5411.88890530109 483.495128824722
20801.2258452699 3310.85954237127 570 7354.34392609161 5435.25021413855
15246.2194884704 3349.66399447932 670 5390.35259387796 436.636108079397
36242.3009880029 6729.53775529329 1240 2032.88320945446 6622.9918676506
36093.0707487975 6677.08675614205 1240 1980.12235240436 7045.92107207951
36237.7607584855 6745.46069129792 1240 1988.20537306824 6021.26899855012
36282.2415502154 6761.39584803927 1240 2003.93170780062 5943.78873728991
36105.8925369438 6680.9943083328 1240 1984.65553907694 5809.45860262738
36047.4453337403 6660.52353685059 1240 1963.99133221365 5871.88632221794
36047.4453337403 6660.52353685059 1240 1963.99133221365 5871.88632221794
36119.4776636629 6687.70842002394 1240 1989.45860669012 6522.46492335802
36047.4453337403 6660.52353685059 1240 1963.99133221365 5871.88632221794
36057.7667014215 6669.21694367254 1240 1960.34217767439 5800.94272556105
36047.4453337403 6660.52353685059 1240 1963.99133221365 5871.88632221794
36047.4453337403 6660.52353685059 1240 1963.99133221365 5871.88632221794
36047.4453337403 6660.52353685059 1240 1963.99133221365 5871.88632221794
36237.7607584855 6745.46069129792 1240 1988.20537306824 6021.26899855012
36047.4453337403 6660.52353685059 1240 1963.99133221365 5871.88632221794
36057.7667014215 6669.21694367254 1240 1960.34217767439 5800.94272556105
36057.7667014215 6669.21694367254 1240 1960.34217767439 5800.94272556105
36057.7667014215 6669.21694367254 1240 1960.34217767439 5800.94272556105
36057.7667014215 6669.21694367254 1240 1960.34217767439 5800.94272556105
36057.7667014215 6669.21694367254 1240 1960.34217767439 5800.94272556105
36057.7667014215 6669.21694367254 1240 1960.34217767439 5800.94272556105
36047.4453337403 6660.52353685059 1240 1963.99133221365 5871.88632221794
36057.7667014215 6669.21694367254 1240 1960.34217767439 5800.94272556105
36237.7607584855 6745.46069129792 1240 1988.20537306824 6021.26899855012
36237.7607584855 6745.46069129792 1240 1988.20537306824 6021.26899855012
36047.4453337403 6660.52353685059 1240 1963.99133221365 5871.88632221794
36237.7607584855 6745.46069129792 1240 1988.20537306824 6021.26899855012
36047.4453337403 6660.52353685059 1240 1963.99133221365 5871.88632221794
36047.4453337403 6660.52353685059 1240 1963.99133221365 5871.88632221794
36057.7667014215 6669.21694367254 1240 1960.34217767439 5800.94272556105
36057.7667014215 6669.21694367254 1240 1960.34217767439 5800.94272556105
36057.7667014215 6669.21694367254 1240 1960.34217767439 5800.94272556105
36237.7607584855 6745.46069129792 1240 1988.20537306824 6021.26899855012
36057.7667014215 6669.21694367254 1240 1960.34217767439 5800.94272556105
36155.7078414923 6703.18470129919 1240 2002.26790890349 5957.20865111513
36223.415540316 6739.95100470176 1240 1993.27717359088 5993.72056556931
36047.4453337403 6660.52353685059 1240 1963.99133221365 5871.88632221794
36057.1836349094 6665.22087762366 1240 1958.29876859116 5730.41293172236
36251.8573887687 6737.17624561509 1240 2027.12633432763 5862.88372491251
36047.4453337403 6660.52353685059 1240 1963.99133221365 5871.88632221794
36047.4453337403 6660.52353685059 1240 1963.99133221365 5871.88632221794
36057.7667014215 6669.21694367254 1240 1960.34217767439 5800.94272556105
36057.7667014215 6669.21694367254 1240 1960.34217767439 5800.94272556105
36047.4453337403 6660.52353685059 1240 1963.99133221365 5871.88632221794
36047.4453337403 6660.52353685059 1240 1963.99133221365 5871.88632221794
36047.8299486063 6660.72499710068 1240 1963.8553503237 5708.67183762244
36047.8299486063 6660.72499710068 1240 1963.8553503237 5708.67183762244
36057.1836349094 6665.22087762366 1240 1958.29876859116 5730.41293172236
34728.7229543667 6712.37795093123 1160 252.338771455207 7849.85634044453
36047.8299486063 6660.72499710068 1240 1963.8553503237 5708.67183762244
36087.3446873172 6677.13691089864 1240 1978.09788395324 7802.33593956424
34196.8888503916 6644.60983099636 1150 379.195259502863 6213.33811657343
36059.8768151347 6664.71249490805 1240 1959.59613981658 5435.25021413855
34559.5557911244 6688.04405659113 1180 904.509762495951 5423.48787393758
36057.7667014215 6669.21694367254 1240 1960.34217767439 5800.94272556105
36044.1642820927 6663.89611011929 1240 1965.15135914839 6159.94200812309
36047.4453337403 6660.52353685059 1240 1963.99133221365 5871.88632221794
33353.1327733173 6606.1399835914 1080 677.508081386166 5906.53857756877
36057.7667014215 6669.21694367254 1240 1960.34217767439 5800.94272556105
33864.912281817 6672.12012581104 1100 496.566700919926 8099.77707492909
34302.0435425811 6741.7851281995 1170 918.377068534931 10116.9590380184
36057.7667014215 6669.21694367254 1240 1960.34217767439 5800.94272556105
36057.7667014215 6669.21694367254 1240 1960.34217767439 5800.94272556105
36088.8891648721 6690.1063385684 1240 1949.33872519784 5894.74710134162
34367.1551624441 6702.47850724141 1150 419.739257877419 6817.3638791321
36055.7590959344 6666.54292518454 1240 1959.63238194743 5703.2790167679
33668.8384914755 6738.66946361163 1080 694.505275775726 5125.19082601145
36651.9458894692 6741.92517371578 1260 2170.41624422859 5223.88184994974
36057.7667014215 6669.21694367254 1240 1960.34217767439 5800.94272556105
36057.7667014215 6669.21694367254 1240 1960.34217767439 5800.94272556105
36057.7667014215 6669.21694367254 1240 1960.34217767439 5800.94272556105
33456.1793492485 6681.41866752937 1080 643.058582718601 4212.90144420345
33385.0683868359 6662.94234300869 1080 606.336951231882 3147.39460783934
33381.5616891985 6640.51045753101 1150 20.2767067473296 4865.52755030981
33368.6916387612 6654.35679663411 1080 612.127006040578 4057.13937919861
33943.7700231825 6715.01280496979 1100 779.423849024127 6607.68703426099
33420.5488281637 6634.59133198961 1090 964.41047655327 5718.8361543572
33880.2570720239 6703.1321304526 1100 1367.43826248415 6743.62354182794
33504.3207374366 6691.72882737979 1080 624.055064054891 7017.9440734037
34030.2471845503 6709.35397167065 1170 616.206622879044 3778.54645797897
33682.8187474172 6646.23992602067 1080 1609.64255337641 4568.34168616342
33788.8391576371 6752.69469746389 1160 741.483236443971 5968.76042072717
32612.3141520663 6643.27161763732 1050 617.271258354622 5196.20526887847
32530.055120079 6607.20723152486 1050 588.188298688601 5183.48793584483
33614.5173044344 6630.17836366545 1080 1588.18416007955 3918.6241705247
33828.7035155656 6763.66072565332 1080 1067.44416872332 3679.83923409516
33106.1135373313 6632.20813020334 1060 1026.0356448169 7720.97691212176
33086.9159785451 6653.76417609084 1080 1032.82300681688 6933.73888624219
0 0 0 0 0
0 0 0 0 0
15111.6897797461 3387.12759200387 620 5342.78915922296 2671.70137136621
0 0 0 0 0
540 90 10 190.918830920368 0
0 0 0 0 0
540 90 10 190.918830920368 0
15111.6897797461 3387.12759200387 620 5342.78915922296 2671.70137136621
540 90 10 190.918830920368 0
630 90 40 222.738636073762 0
540 90 40 190.918830920368 0
15741.6897797461 3477.12759200387 650 5120.0505231492 2671.70137136621
0 0 0 0 0
15111.6897797461 3387.12759200387 620 5342.78915922296 2671.70137136621
0 0 0 0 0
0 0 0 0 0
0 0 0 0 0
15111.6897797461 3387.12759200387 620 5342.78915922296 2671.70137136621
0 0 0 0 0
0 0 0 0 0
15111.6897797461 3387.12759200387 620 5342.78915922296 2671.70137136621
0 0 0 0 0
0 0 0 0 0
0 0 0 0 0
15111.6897797461 3387.12759200387 620 5342.78915922296 2671.70137136621
0 0 0 0 0
15111.6897797461 3387.12759200387 620 5342.78915922296 2671.70137136621
0 0 0 0 0
15111.6897797461 3387.12759200387 620 5342.78915922296 2671.70137136621
0 0 0 0 0
15111.6897797461 3387.12759200387 620 5342.78915922296 2671.70137136621
15111.6897797461 3387.12759200387 620 5342.78915922296 2671.70137136621
15111.6897797461 3387.12759200387 620 5342.78915922296 2671.70137136621
0 0 0 0 0
19385.8527454416 3285.12333620953 550 6853.93396769281 2938.66232058163
15111.6897797461 3387.12759200387 620 5342.78915922296 2671.70137136621
19385.8527454416 3285.12333620953 550 6853.93396769281 2938.66232058163
15111.6897797461 3387.12759200387 620 5342.78915922296 2671.70137136621
19385.8527454416 3285.12333620953 550 6853.93396769281 2938.66232058163
15111.6897797461 3387.12759200387 620 5342.78915922296 2671.70137136621
35138.9576855774 6762.32342038544 1180 1737.91931320355 5952.93417957438
34481.0715921703 6660.53974430442 1170 1516.9681626844 5732.4950309648
34492.7655268122 6670.37045999328 1170 1512.83373244238 5604.72228728745
35109.5415258709 6749.64775631948 1180 1730.53226511479 4526.33270182993
35138.9576855774 6762.32342038544 1180 1737.91931320355 5952.93417957438
34497.5425251877 6672.25092821341 1170 1511.14480846985 5610.36369194784
35134.0300707196 6763.63327868027 1180 1736.17713826302 4460.10719344354
34497.5425251877 6672.25092821341 1170 1511.14480846985 5610.36369194784
34974.8487155019 6702.00248132577 1180 1682.91116532031 5616.12947341433
34974.8487155019 6702.00248132577 1180 1682.91116532031 5616.12947341433
34497.5425251877 6672.25092821341 1170 1511.14480846985 5610.36369194784
34497.5425251877 6672.25092821341 1170 1511.14480846985 5610.36369194784
34497.5425251877 6672.25092821341 1170 1511.14480846985 5610.36369194784
34497.5425251877 6672.25092821341 1170 1511.14480846985 5610.36369194784
34497.5425251877 6672.25092821341 1170 1511.14480846985 5610.36369194784
34974.8487155019 6702.00248132577 1180 1682.91116532031 5616.12947341433
34497.5425251877 6672.25092821341 1170 1511.14480846985 5610.36369194784
34497.5425251877 6672.25092821341 1170 1511.14480846985 5610.36369194784
35138.9576855774 6762.32342038544 1180 1737.91931320355 5952.93417957438
34497.5425251877 6672.25092821341 1170 1511.14480846985 5610.36369194784
34497.5425251877 6672.25092821341 1170 1511.14480846985 5610.36369194784
34497.5425251877 6672.25092821341 1170 1511.14480846985 5610.36369194784
34860.5869187629 6671.26151063629 1170 1835.031447069 5757.70900931985
34974.8487155019 6702.00248132577 1180 1682.91116532031 5616.12947341433
35111.7359953767 6751.18693913707 1180 1731.30812724912 5770.83805377477
34741.0076998144 6754.84710508968 1170 1597.22274645048 5119.05207554995
35138.9576855774 6762.32342038544 1180 1737.91931320355 5952.93417957438
34732.0298751711 6754.22622434039 1180 1594.0486061077 5912.44819934914
35067.3045470272 6735.6759891365 1180 1720.63068232612 5897.98031447054
34974.8487155019 6702.00248132577 1180 1682.91116532031 5616.12947341433
34974.8487155019 6702.00248132577 1180 1682.91116532031 5616.12947341433
35067.3045470272 6735.6759891365 1180 1720.63068232612 5897.98031447054
35108.6002850487 6753.67894952208 1180 1735.23093052067 5983.09881626774
34974.8487155019 6702.00248132577 1180 1682.91116532031 5616.12947341433
34974.8487155019 6702.00248132577 1180 1682.91116532031 5616.12947341433
35067.3045470272 6735.6759891365 1180 1720.63068232612 5897.98031447054
35067.3045470272 6735.6759891365 1180 1720.63068232612 5897.98031447054
34979.1099317622 6705.09834111907 1180 1681.40459786346 5528.12463989297
34774.1679377291 6762.32635442146 1170 1608.94666099813 4096.77168959118
34497.5425251877 6672.25092821341 1170 1511.14480846985 5610.36369194784
34979.1099317622 6705.09834111907 1180 1681.40459786346 5528.12463989297
34974.8487155019 6702.00248132577 1180 1682.91116532031 5616.12947341433
34974.8487155019 6702.00248132577 1180 1682.91116532031 5616.12947341433
34974.8487155019 6702.00248132577 1180 1682.91116532031 5616.12947341433
34979.1099317622 6705.09834111907 1180 1681.40459786346 5528.12463989297
35138.9576855774 6762.32342038544 1180 1737.91931320355 5952.93417957438
34979.1099317622 6705.09834111907 1180 1681.40459786346 5528.12463989297
35138.9576855774 6762.32342038544 1180 1737.91931320355 5952.93417957438
34930.2119721888 6678.09595270111 1180 1698.69263726371 5553.28468395445
34974.8487155019 6702.00248132577 1180 1682.91116532031 5616.12947341433
34979.1099317622 6705.09834111907 1180 1681.40459786346 5528.12463989297
35138.9576855774 6762.32342038544 1180 1737.91931320355 5952.93417957438
35405.2374148892 6708.20554122515 1190 1832.06341434801 6112.98209009078
35138.9576855774 6762.32342038544 1180 1737.91931320355 5952.93417957438
34383.2391287011 6724.38901598351 1170 1160.30070613963 4887.08351944649
35231.1027583167 6660.9237857367 1190 1286.66432689876 7338.70108012332
35999.8326007928 6653.27511440272 1210 1558.45136915643 5591.02120421368
