7080.12284576542 1995.23561228739 778 332.021137276367 11254.1740602556
6752.79964159045 1984.50252836478 702 355.006896301651 9091.31844048754
7080.12284576542 1995.23561228739 778 332.021137276367 11254.1740602556
6732.25855411236 1975.09176429586 702 347.744525177299 9108.61652930698
7080.12284576542 1995.23561228739 778 332.021137276367 11254.1740602556
7080.12284576542 1995.23561228739 778 332.021137276367 11254.1740602556
6752.79964159045 1984.50252836478 702 355.006896301651 9091.31844048754
7080.12284576542 1995.23561228739 778 332.021137276367 11254.1740602556
7080.12284576542 1995.23561228739 778 332.021137276367 11254.1740602556
7119.29313005317 1995.77102928787 784 306.459506781364 11952.2413605017
7080.12284576542 1995.23561228739 778 332.021137276367 11254.1740602556
6615.43966009275 1938.93132091445 657 330.393364630661 6616.4336031294
7080.12284576542 1995.23561228739 778 332.021137276367 11254.1740602556
6732.25855411236 1975.09176429586 702 347.744525177299 9108.61652930698
6615.43966009275 1938.93132091445 657 330.393364630661 6616.4336031294
6752.79964159045 1984.50252836478 702 355.006896301651 9091.31844048754
6953.85303983381 1995.69068324802 773 231.815248065116 8668.45456053036
6717.00536014017 1999.43935058448 677 317.420487425505 8410.01911081025
6487.88711462648 1925.59988600723 646 285.296729702258 7245.99550049686
6531.01254770442 1975.39053243707 611 300.543872787767 6827.43468718116
6531.01254770442 1975.39053243707 611 300.543872787767 6827.43468718116
6944.8417966448 1995.24650387148 723 265.044265249041 9923.42063860937
6531.01254770442 1975.39053243707 611 300.543872787767 6827.43468718116
6674.75181700589 1929.68701063918 715 349.241915012133 7984.47129330676
6909.4354111639 1995.51944673692 734 217.592958666863 10204.5029244563
6716.18742190962 1954.6474537282 689 214.09607768993 8612.29507740038
6716.18742190962 1954.6474537282 689 214.09607768993 8612.29507740038
6929.0803835142 1988.88050492374 678 208.893019726923 9486.17673181058
6898.10469487644 1983.99159739091 754 315.667305696935 7878.4704234659
6639.7401282014 1933.72913558009 702 224.321637139816 7255.86532916636
6914.55491543885 1988.31048128215 696 203.75749123893 10496.0304763679
6848.26240564951 1998.96501100325 706 298.045395345824 8732.21253806525
6594.60897884703 1985.07687879402 645 259.669999025534 8138.16175240507
6532.70032800193 1975.89922487496 611 301.140593234528 6990.85653860369
6594.60897884703 1985.07687879402 645 259.669999025534 8138.16175240507
6532.70032800193 1975.89922487496 611 301.140593234528 6990.85653860369
6362.15294782098 1965.09052316684 578 388.685861831212 6160.39356708542
6585.60397085537 1990.84365098781 627 395.73099589523 6721.2548008363
6556.72627658887 1961.66485121087 627 282.790397116745 7286.56757152407
6531.40016247903 1991.80138581564 553 398.427435790881 6016.29765624505
6723.82845141477 1985.25596699502 664 440.487611003916 7064.0555262276
6362.15294782098 1965.09052316684 578 388.685861831212 6160.39356708542
6591.42079904245 1995.79374182944 627 393.674436567188 7108.58894455314
6471.31989125356 1998.82408074945 582 312.98611423036 7141.33915977164
6388.77545633155 1997.23975621634 571 279.07827443129 6693.00533103451
6388.77545633155 1997.23975621634 571 279.07827443129 6693.00533103451
6379.94723179108 1975.1924432272 576 275.957025712088 6162.69680153033
6554.20906675075 1978.4118464509 629 283.680365189847 7303.74830555503
6362.15294782098 1965.09052316684 578 388.685861831212 6160.39356708542
6480.96748482034 1998.39932594519 599 346.678579423319 8346.00866793652
6478.00060070717 1999.50146579897 582 310.624126751465 7091.03231628504
0 0 0 0 0
0 0 0 0 0
0 0 0 0 0
0 0 0 0 0
0 0 0 0 0
0 0 0 0 0
0 0 0 0 0
0 0 0 0 0
63 9 24 22.2738636073762 0
144 24 6 50.9116882454314 0
73 11 23 8.83883476483184 0
138 23 16 48.7903679018718 0
49 7 5 17.3241161390704 0
70 10 10 24.7487373415292 0
18 3 3 6.36396103067893 0
35 5 20 12.3743686707646 0
0 0 0 0 0
0 0 0 0 0
0 0 0 0 0
0 0 0 0 0
0 0 0 0 0
0 0 0 0 0
0 0 0 0 0
0 0 0 0 0
3820.51085608887 998.702268814061 404 1350.75456696863 4917.06894835736
2968.64206694566 999.071571442586 318 1049.57346822646 2888.90729305902
3820.51085608887 998.702268814061 404 1350.75456696863 4917.06894835736
0 0 0 0 0
3820.51085608887 998.702268814061 404 1350.75456696863 4917.06894835736
0 0 0 0 0
0 0 0 0 0
0 0 0 0 0
3812.73987443517 986.099814202899 373 1348.00711005673 4728.03212918991
0 0 0 0 0
3820.51085608887 998.702268814061 404 1350.75456696863 4917.06894835736
2968.64206694566 999.071571442586 318 1049.57346822646 2888.90729305902
3820.51085608887 998.702268814061 404 1350.75456696863 4917.06894835736
2968.64206694566 999.071571442586 318 1049.57346822646 2888.90729305902
0 0 0 0 0
3237.47832789297 981.929105096236 385 1144.6214397988 4536.93688954709
3820.51085608887 998.702268814061 404 1350.75456696863 4917.06894835736
2881.08628922515 955.347274077414 318 1018.61782614734 3605.85140960148
3594.12194865727 928.84823299657 307 1270.71400115348 2878.53452514292
2968.64206694566 999.071571442586 318 1049.57346822646 2888.90729305902
3594.12194865727 928.84823299657 307 1270.71400115348 2878.53452514292
3237.47832789297 981.929105096236 385 1144.6214397988 4536.93688954709
3820.51085608887 998.702268814061 404 1350.75456696863 4917.06894835736
3237.47832789297 981.929105096236 385 1144.6214397988 4536.93688954709
6782.57246141515 1928.51388604383 685 143.426511629071 7718.25660622611
6782.57246141515 1928.51388604383 685 143.426511629071 7718.25660622611
7057.98918398183 1980.6313739103 789 206.133127169828 9454.00583790445
7057.98918398183 1980.6313739103 789 206.133127169828 9454.00583790445
7057.98918398183 1980.6313739103 789 206.133127169828 9454.00583790445
7057.98918398183 1980.6313739103 789 206.133127169828 9454.00583790445
6782.57246141515 1928.51388604383 685 143.426511629071 7718.25660622611
6744.74419775686 1916.39405819553 685 130.052200752425 7199.44922409584
6782.57246141515 1928.51388604383 685 143.426511629071 7718.25660622611
6782.57246141515 1928.51388604383 685 143.426511629071 7718.25660622611
7057.98918398183 1980.6313739103 789 206.133127169828 9454.00583790445
6782.57246141515 1928.51388604383 685 143.426511629071 7718.25660622611
6782.57246141515 1928.51388604383 685 143.426511629071 7718.25660622611
6782.57246141515 1928.51388604383 685 143.426511629071 7718.25660622611
6782.57246141515 1928.51388604383 685 143.426511629071 7718.25660622611
7057.98918398183 1980.6313739103 789 206.133127169828 9454.00583790445
6782.57246141515 1928.51388604383 685 143.426511629071 7718.25660622611
7057.98918398183 1980.6313739103 789 206.133127169828 9454.00583790445
6782.57246141515 1928.51388604383 685 143.426511629071 7718.25660622611
6782.57246141515 1928.51388604383 685 143.426511629071 7718.25660622611
6782.57246141515 1928.51388604383 685 143.426511629071 7718.25660622611
7057.98918398183 1980.6313739103 789 206.133127169828 9454.00583790445
6922.59830867892 2019.59971607345 685 110.15232043417 9013.61505745373
6782.57246141515 1928.51388604383 685 143.426511629071 7718.25660622611
7057.98918398183 1980.6313739103 789 206.133127169828 9454.00583790445
6782.57246141515 1928.51388604383 685 143.426511629071 7718.25660622611
6782.57246141515 1928.51388604383 685 143.426511629071 7718.25660622611
6782.57246141515 1928.51388604383 685 143.426511629071 7718.25660622611
6782.57246141515 1928.51388604383 685 143.426511629071 7718.25660622611
7057.98918398183 1980.6313739103 789 206.133127169828 9454.00583790445
7064.511467375 1992.87671383607 789 203.827151761764 9478.85736627629
7057.98918398183 1980.6313739103 789 206.133127169828 9454.00583790445
7057.98918398183 1980.6313739103 789 206.133127169828 9454.00583790445
7057.98918398183 1980.6313739103 789 206.133127169828 9454.00583790445
7278.27570761345 1993.40286046319 810 171.986554743734 11819.7703733247
7057.98918398183 1980.6313739103 789 206.133127169828 9454.00583790445
6782.57246141515 1928.51388604383 685 143.426511629071 7718.25660622611
6782.57246141515 1928.51388604383 685 143.426511629071 7718.25660622611
7278.27570761345 1993.40286046319 810 171.986554743734 11819.7703733247
6782.57246141515 1928.51388604383 685 143.426511629071 7718.25660622611
7278.27570761345 1993.40286046319 810 171.986554743734 11819.7703733247
7057.98918398183 1980.6313739103 789 206.133127169828 9454.00583790445
6938.72473988901 1997.93521585331 777 251.233685371716 8972.82002757665
7278.27570761345 1993.40286046319 810 171.986554743734 11819.7703733247
6919.89926314701 1934.47392676472 775 142.330920319024 9215.60948555647
6737.09663543349 1941.0487776441 702 282.776421759125 8100.06942324975
6757.98483632521 1934.28381735476 695 134.733473411887 8369.83845336968
7010.28277193502 1995.44900239699 794 343.954458906454 9536.83824426941
6737.09663543349 1941.0487776441 702 282.776421759125 8100.06942324975
6902.14554937514 1971.24647184771 697 185.701982301032 8273.21545037961
6782.57246141515 1928.51388604383 685 143.426511629071 7718.25660622611
6606.62610465481 1875.63806096469 694 67.8468138491882 7169.89442275835
6896.1262266752 1993.66618201929 694 193.038193471911 8350.47785010844
6697.49400774978 1998.10852410472 652 263.265287954059 7098.48930001661
6715.09843099135 1998.11879425154 660 257.041184427561 8827.72261856389
6604.35365749701 1969.30787017514 627 296.195374586971 7029.05759580945
6607.00498286578 1978.35912620588 659 237.458567238573 7139.63575514062
6546.73441773901 1956.91267115092 659 216.149704585029 6764.63605959338
6607.74419369662 1977.90955147619 658 237.043427401536 6159.78322947965
6689.70241154723 1997.35598240762 659 266.020033209602 6951.21620913699
6462.58226941664 1978.98319048031 586 317.586931040354 7600.42197873026
6399.67864842176 1996.83247990653 607 360.058059934501 7396.97818289374
6416.48409915709 1963.97256114866 556 317.781374632957 6979.08977182126
6337.51775995431 1942.07577152209 556 327.925484082262 5548.39824368557
6314.47982561829 1996.97727292108 554 329.935727257778 5976.72940218677
6329.44230866323 1994.17095617409 517 348.555294785372 6106.1766691689
6551.12677976418 1990.59346750056 661 261.474963044947 8099.39322108737
6185.97779855462 1900.69898218569 551 406.853111459538 6296.94477533639
0 0 0 0 0
7843.51428878742 1982.61959247126 841 521.908297775802 13088.7261234545
0 0 0 0 0
7733.53096637902 1899.58193881607 843 560.793274322007 11505.2640407926
7733.53096637902 1899.58193881607 843 560.793274322007 11505.2640407926
7733.53096637902 1899.58193881607 843 560.793274322007 11505.2640407926
7843.51428878742 1982.61959247126 841 521.908297775802 13088.7261234545
0 0 0 0 0
0 0 0 0 0
0 0 0 0 0
0 0 0 0 0
7962.25863253891 1972.76875087014 837 479.925832428691 12094.1711445239
7733.53096637902 1899.58193881607 843 560.793274322007 11505.2640407926
0 0 0 0 0
0 0 0 0 0
0 0 0 0 0
0 0 0 0 0
0 0 0 0 0
0 0 0 0 0
0 0 0 0 0
0 0 0 0 0
0 0 0 0 0
0 0 0 0 0
0 0 0 0 0
0 0 0 0 0
0 0 0 0 0
7843.51428878742 1982.61959247126 841 521.908297775802 13088.7261234545
0 0 0 0 0
0 0 0 0 0
7916.67068837442 1984.48583241288 846 581.057880751297 13435.6808192033
0 0 0 0 0
0 0 0 0 0
7916.67068837442 1984.48583241288 846 581.057880751297 13435.6808192033
