7024.6473110483 1990.8405542245 965 173.624492402266 12635.3843537467
7054.95469161799 1991.18195002365 907 184.339769562683 11310.7098314412
7054.95469161799 1991.18195002365 907 184.339769562683 11310.7098314412
7172.54902939667 1998.07128309837 965 141.923758780899 13217.899762127
7054.95469161799 1991.18195002365 907 184.339769562683 11310.7098314412
6970.45365520078 1977.31525425964 967 192.784843175801 12351.9381931839
7172.54902939667 1998.07128309837 965 141.923758780899 13217.899762127
7054.95469161799 1991.18195002365 907 184.339769562683 11310.7098314412
7166.22831057954 1994.58509346545 965 144.158470349683 13217.4688139625
7172.54902939667 1998.07128309837 965 141.923758780899 13217.899762127
7172.54902939667 1998.07128309837 965 141.923758780899 13217.899762127
7024.6473110483 1990.8405542245 965 173.624492402266 12635.3843537467
7172.54902939667 1998.07128309837 965 141.923758780899 13217.899762127
7024.6473110483 1990.8405542245 965 173.624492402266 12635.3843537467
7172.54902939667 1998.07128309837 965 141.923758780899 13217.899762127
7024.6473110483 1990.8405542245 965 173.624492402266 12635.3843537467
7024.6473110483 1990.8405542245 965 173.624492402266 12635.3843537467
7024.6473110483 1990.8405542245 965 173.624492402266 12635.3843537467
7054.95469161799 1991.18195002365 907 184.339769562683 11310.7098314412
7054.95469161799 1991.18195002365 907 184.339769562683 11310.7098314412
7024.6473110483 1990.8405542245 965 173.624492402266 12635.3843537467
7024.6473110483 1990.8405542245 965 173.624492402266 12635.3843537467
7090.22168304466 1995.27571933693 981 85.3809118353687 13572.8288104456
7090.22168304466 1995.27571933693 981 85.3809118353687 13572.8288104456
7024.6473110483 1990.8405542245 965 173.624492402266 12635.3843537467
7133.33350526709 1996.61350779693 1055 100.623242756761 13503.1968792174
7090.22168304466 1995.27571933693 981 85.3809118353687 13572.8288104456
7172.54902939667 1998.07128309837 965 141.923758780899 13217.899762127
6992.12263047013 1968.17209562037 912 206.554257819475 11023.0048854012
7054.95469161799 1991.18195002365 907 184.339769562683 11310.7098314412
7061.04041438758 1979.89879883222 926 142.309335621358 13097.1773287445
7220.12662514774 1998.51365683408 993 125.942672432393 13767.6663272022
7241.33907714442 1998.84148980528 976 117.602804160609 13283.4544942448
7190.25624224076 1993.71942919242 1027 115.381897277308 14755.4701584537
7166.24499577551 1993.69659823885 986 106.89263967715 13515.2913002265
7020.75633204946 1945.03744160498 922 196.430715540864 10902.971897615
7288.15618220736 1971.54791207407 970 233.09118435046 14192.2224924731
7244.30692392443 1996.03695561826 1050 134.491699050447 14933.6710270445
7187.64615226372 1996.56063951025 948 155.636222051165 11755.2528823427
7123.17425186813 1994.94826696308 1003 87.9557996857596 14154.5531047623
7187.64615226372 1996.56063951025 948 155.636222051165 11755.2528823427
7278.53515617173 1996.42731532873 1006 146.593206615496 14579.4892424391
7134.58556470773 1982.5082130455 903 141.191403985052 9950.79362022014
7164.2342574988 1995.76337701931 945 145.703608522962 11635.5518100663
6845.06405094351 1984.49781310023 879 247.605162638858 10585.7612601489
6863.09009749132 1964.40659514973 884 241.23199276289 10531.4574309834
7204.10499644711 1997.41416567668 955 131.607173582327 13340.5434394067
7131.98200023721 1998.60540510539 1009 94.7788414327026 13842.1848741114
7245.8794092916 1997.37902325976 953 135.047656583669 13203.0491002533
7120.03174866734 1985.25309215144 932 111.452201563795 11985.3550514061
6962.35313201074 1964.33523905963 906 206.137210347972 11332.5363952686
7204.6520817277 1998.28112294301 955 120.471595138353 12550.5583480772
7187.23206184092 1998.78521442362 955 114.31268804318 12088.6279234406
7220.96354269905 1998.14722690083 904 126.238567470303 11127.4622927362
6724.33487050821 1991.53548448487 788 284.701903374473 7177.26936271113
6726.8752603212 1996.0349223299 765 251.290606386356 9342.84397251747
6810.43557995957 1996.49196861216 827 272.95344966017 8974.72460032059
6784.00004781357 1996.33190561753 820 263.607077637813 8298.39064064856
7229.9703622935 1990.15608443126 998 185.149118012859 14094.7720759677
0 0 0 0 0
255.548102273294 81 20 90.3498980183996 0
0 0 0 0 0
3431.95347713847 998.993193650031 456 1213.37878820068 7811.83201219784
0 0 0 0 0
3431.95347713847 998.993193650031 456 1213.37878820068 7811.83201219784
3876.82557490195 999.287668907343 547 1370.6648267453 6846.84144570053
3431.95347713847 998.993193650031 456 1213.37878820068 7811.83201219784
3817.6523667706 999.746219230786 467 1349.74393837818 4483.88234801234
255.548102273294 81 20 90.3498980183996 0
3817.6523667706 999.746219230786 467 1349.74393837818 4483.88234801234
3431.95347713847 998.993193650031 456 1213.37878820068 7811.83201219784
3817.6523667706 999.746219230786 467 1349.74393837818 4483.88234801234
144 21 25 38.1837661840736 0
3747.97000287949 984.206018447605 443 1325.10750235993 4008.92522582384
118 18 12 7.77817459305202 0
3829.53215087149 999.73788840686 467 1320.00295082961 4013.19005570593
3172.56585817212 999.445271676392 368 1121.67141603721 6563.19603299042
3817.6523667706 999.746219230786 467 1349.74393837818 4483.88234801234
3431.95347713847 998.993193650031 456 1213.37878820068 7811.83201219784
3765.97000287949 987.206018447605 467 1318.74354132925 4008.92522582384
0 0 0 0 0
3817.6523667706 999.746219230786 467 1349.74393837818 4483.88234801234
3174.70038084015 998.982675314928 368 1063.02911414412 6363.794491207
3817.6523667706 999.746219230786 467 1349.74393837818 4483.88234801234
3375.43097500831 989.165654609919 451 1193.39506592775 7611.49273991331
3817.6523667706 999.746219230786 467 1349.74393837818 4483.88234801234
3431.95347713847 998.993193650031 456 1213.37878820068 7811.83201219784
0 0 0 0 0
3431.95347713847 998.993193650031 456 1213.37878820068 7811.83201219784
0 0 0 0 0
3431.95347713847 998.993193650031 456 1213.37878820068 7811.83201219784
0 0 0 0 0
3172.56585817212 999.445271676392 368 1121.67141603721 6563.19603299042
0 0 0 0 0
3431.95347713847 998.993193650031 456 1213.37878820068 7811.83201219784
0 0 0 0 0
3346.38374042187 985.783396175611 451 1183.12531765236 7189.50248294532
3876.82557490195 999.287668907343 547 1370.6648267453 6846.84144570053
3431.95347713847 998.993193650031 456 1213.37878820068 7811.83201219784
3817.6523667706 999.746219230786 467 1349.74393837818 4483.88234801234
3346.38374042187 985.783396175611 451 1183.12531765236 7189.50248294532
3876.82557490195 999.287668907343 547 1370.6648267453 6846.84144570053
3346.38374042187 985.783396175611 451 1183.12531765236 7189.50248294532
3876.82557490195 999.287668907343 547 1370.6648267453 6846.84144570053
3172.56585817212 999.445271676392 368 1121.67141603721 6563.19603299042
3817.6523667706 999.746219230786 467 1349.74393837818 4483.88234801234
3172.56585817212 999.445271676392 368 1121.67141603721 6563.19603299042
6990.21822494272 1999.19149090718 835 228.072522340971 11047.0783810028
6990.21822494272 1999.19149090718 835 228.072522340971 11047.0783810028
6990.21822494272 1999.19149090718 835 228.072522340971 11047.0783810028
6990.21822494272 1999.19149090718 835 228.072522340971 11047.0783810028
6990.21822494272 1999.19149090718 835 228.072522340971 11047.0783810028
7223.20931532383 1985.07106508295 998 187.539509092948 14036.3439286459
6990.21822494272 1999.19149090718 835 228.072522340971 11047.0783810028
7223.20931532383 1985.07106508295 998 187.539509092948 14036.3439286459
6990.21822494272 1999.19149090718 835 228.072522340971 11047.0783810028
6990.21822494272 1999.19149090718 835 228.072522340971 11047.0783810028
7223.20931532383 1985.07106508295 998 187.539509092948 14036.3439286459
7223.20931532383 1985.07106508295 998 187.539509092948 14036.3439286459
6990.21822494272 1999.19149090718 835 228.072522340971 11047.0783810028
7223.20931532383 1985.07106508295 998 187.539509092948 14036.3439286459
6990.21822494272 1999.19149090718 835 228.072522340971 11047.0783810028
6990.21822494272 1999.19149090718 835 228.072522340971 11047.0783810028
6990.21822494272 1999.19149090718 835 228.072522340971 11047.0783810028
7223.20931532383 1985.07106508295 998 187.539509092948 14036.3439286459
6990.21822494272 1999.19149090718 835 228.072522340971 11047.0783810028
7223.20931532383 1985.07106508295 998 187.539509092948 14036.3439286459
6990.21822494272 1999.19149090718 835 228.072522340971 11047.0783810028
7223.20931532383 1985.07106508295 998 187.539509092948 14036.3439286459
6990.21822494272 1999.19149090718 835 228.072522340971 11047.0783810028
6990.21822494272 1999.19149090718 835 228.072522340971 11047.0783810028
6990.21822494272 1999.19149090718 835 228.072522340971 11047.0783810028
7223.20931532383 1985.07106508295 998 187.539509092948 14036.3439286459
7223.20931532383 1985.07106508295 998 187.539509092948 14036.3439286459
7223.20931532383 1985.07106508295 998 187.539509092948 14036.3439286459
7223.20931532383 1985.07106508295 998 187.539509092948 14036.3439286459
7223.20931532383 1985.07106508295 998 187.539509092948 14036.3439286459
7223.20931532383 1985.07106508295 998 187.539509092948 14036.3439286459
6990.21822494272 1999.19149090718 835 228.072522340971 11047.0783810028
6990.21822494272 1999.19149090718 835 228.072522340971 11047.0783810028
6990.21822494272 1999.19149090718 835 228.072522340971 11047.0783810028
7223.20931532383 1985.07106508295 998 187.539509092948 14036.3439286459
7223.20931532383 1985.07106508295 998 187.539509092948 14036.3439286459
7223.20931532383 1985.07106508295 998 187.539509092948 14036.3439286459
7223.20931532383 1985.07106508295 998 187.539509092948 14036.3439286459
7223.20931532383 1985.07106508295 998 187.539509092948 14036.3439286459
6909.26856161446 1996.83798010308 889 218.721987315916 10306.8370967885
7223.20931532383 1985.07106508295 998 187.539509092948 14036.3439286459
7223.20931532383 1985.07106508295 998 187.539509092948 14036.3439286459
6909.26856161446 1996.83798010308 889 218.721987315916 10306.8370967885
6832.71403504563 1980.08520138297 812 283.758662711731 9602.81566950095
6692.38903167646 1960.46020501854 792 333.371043437915 9347.69071676345
6822.1797786903 1966.32965540913 861 295.505860648806 10200.4189726006
6822.1797786903 1966.32965540913 861 295.505860648806 10200.4189726006
6667.93114485541 1954.00123365029 792 342.018212250243 9355.98440017303
7121.79068833245 1985.47677884297 849 181.554631800819 9564.59384941275
6953.46907613395 1960.93995583211 833 241.065308503725 9239.65939850421
6725.30762492625 1988.14022866963 792 321.732563180892 9498.77193832623
6808.47789541489 1998.74731386285 858 341.318734906973 10655.2257838286
6745.47885598938 1997.60475642143 792 314.600956046082 9592.45781210311
6808.47789541489 1998.74731386285 858 341.318734906973 10655.2257838286
6708.07937338892 1997.08864650023 761 327.823669925906 8775.2764828955
6724.82920716049 1989.7498161167 792 321.901709404094 9504.32580147636
6745.47885598938 1997.60475642143 792 314.600956046082 9592.45781210311
6959.5230454643 1997.01575086865 934 164.346589690803 10730.4107566971
6613.11075488274 1956.73235997628 761 361.400146998725 8412.47861072488
6816.51812658843 1998.83165589088 773 260.178178141324 9849.14550783978
6609.39140692608 1952.51565954096 761 362.715135079598 8395.9715188532
6587.17975827106 1992.05366811145 752 179.09482042959 9095.59261174994
6589.32601117038 1991.68143782996 752 179.853635419213 9112.66083722546
6798.03008220668 1995.91935145143 852 253.641667364717 9706.84861524131
6696.52067907691 1989.21186124398 789 331.910285490749 8832.86683629873
6731.65515109306 1998.46561621264 843 303.460370695889 7963.33387421298
6676.57134090749 1987.6725419145 814 283.985302837983 9065.73829768317
6623.09106131086 1996.09085347227 760 357.871575821905 7896.54298708429
6731.65515109306 1998.46561621264 843 303.460370695889 7963.33387421298
6626.35063098273 1972.85288388665 795 265.992939035905 8030.53800097239
6585.29905083435 1996.07694983084 822 251.715675215411 8370.56244039866
6701.33872835148 1987.85131241564 724 249.348425323459 8828.44167956047
7180.85858534834 1988.56543510188 755 138.530195452154 9135.77250174385
6789.78223067461 1940.31534539488 669 143.448362972357 7807.21604847215
6626.40456338667 1944.68306340477 587 219.080339519468 7106.75858856778
6626.40456338667 1944.68306340477 587 219.080339519468 7106.75858856778
6706.70139506558 1982.89546024399 563 251.022205044953 7047.21022537373
6811.40620438607 1996.5632941187 633 187.939463191202 8069.2660096534
6711.21647639281 1990.00339527473 584 249.065878925492 6959.03227447416
6706.70139506558 1982.89546024399 563 251.022205044953 7047.21022537373
6716.01341912348 1981.96596749993 601 205.828724955251 8727.16813094176
6994.53685540387 1993.15484580066 651 148.754473905462 9317.28291271788
6571.53220515508 1991.82300349206 500 203.232679648349 7580.86721396572
6571.81781221127 1994.71920702483 520 203.333656991445 8195.35796699436
7387.36911257475 1996.33908404711 703 29.5742559945713 9991.67110384022
7102.8099207178 1997.3065012772 655 20.1036627911001 10169.0992424347
6653.99214370999 1994.21661922303 556 178.784709610744 8311.2163635161
6942.21150178554 1999.63747136041 699 130.82248405758 10584.8077700425
6653.99214370999 1994.21661922303 556 178.784709610744 8311.2163635161
6571.53220515508 1991.82300349206 500 203.232679648349 7580.86721396572
6734.41950577842 1997.72617047309 563 211.98004195198 8003.40763041474
6703.70054874423 1997.35732693599 562 231.286076702915 7076.72310802451
6656.67194244992 1979.14930390102 562 245.650821260811 6978.46370620536
