6824.71530605505 1995.33949761013 615 364.366296601621 8420.07908166524
6763.31578417679 1974.10271104734 607 398.599747822564 6635.39342370687
6763.31578417679 1974.10271104734 607 398.599747822564 6635.39342370687
6824.71530605505 1995.33949761013 615 364.366296601621 8420.07908166524
6824.71530605505 1995.33949761013 615 364.366296601621 8420.07908166524
6824.71530605505 1995.33949761013 615 364.366296601621 8420.07908166524
6824.71530605505 1995.33949761013 615 364.366296601621 8420.07908166524
6824.71530605505 1995.33949761013 615 364.366296601621 8420.07908166524
6824.71530605505 1995.33949761013 615 364.366296601621 8420.07908166524
6824.71530605505 1995.33949761013 615 364.366296601621 8420.07908166524
6933.90685337227 1996.78435057563 618 402.971338379752 8547.62819227786
6824.71530605505 1995.33949761013 615 364.366296601621 8420.07908166524
6824.71530605505 1995.33949761013 615 364.366296601621 8420.07908166524
6824.71530605505 1995.33949761013 615 364.366296601621 8420.07908166524
6763.31578417679 1974.10271104734 607 398.599747822564 6635.39342370687
6763.31578417679 1974.10271104734 607 398.599747822564 6635.39342370687
6824.71530605505 1995.33949761013 615 364.366296601621 8420.07908166524
6763.31578417679 1974.10271104734 607 398.599747822564 6635.39342370687
6763.31578417679 1974.10271104734 607 398.599747822564 6635.39342370687
6824.71530605505 1995.33949761013 615 364.366296601621 8420.07908166524
6763.31578417679 1974.10271104734 607 398.599747822564 6635.39342370687
6763.31578417679 1974.10271104734 607 398.599747822564 6635.39342370687
6824.71530605505 1995.33949761013 615 364.366296601621 8420.07908166524
6763.31578417679 1974.10271104734 607 398.599747822564 6635.39342370687
6824.71530605505 1995.33949761013 615 364.366296601621 8420.07908166524
6933.90685337227 1996.78435057563 618 402.971338379752 8547.62819227786
6763.31578417679 1974.10271104734 607 398.599747822564 6635.39342370687
6824.71530605505 1995.33949761013 615 364.366296601621 8420.07908166524
6763.31578417679 1974.10271104734 607 398.599747822564 6635.39342370687
6763.31578417679 1974.10271104734 607 398.599747822564 6635.39342370687
6824.71530605505 1995.33949761013 615 364.366296601621 8420.07908166524
6933.90685337227 1996.78435057563 618 402.971338379752 8547.62819227786
6933.90685337227 1996.78435057563 618 402.971338379752 8547.62819227786
6824.71530605505 1995.33949761013 615 364.366296601621 8420.07908166524
6881.75910825218 1985.94864122694 641 350.894292604232 8397.65054231164
6763.31578417679 1974.10271104734 607 398.599747822564 6635.39342370687
6899.20642326972 1984.01507866849 618 344.725735223034 8433.86140940374
7018.90478376695 1996.65070168954 642 433.022644864201 8909.73117651731
6844.47144295703 1996.13534140975 597 371.351145788342 7960.90277281601
6763.31578417679 1974.10271104734 607 398.599747822564 6635.39342370687
6834.18491638816 1995.5799932469 594 367.714309442492 8224.66691583852
6821.64841551521 1994.02351225211 607 419.22344741449 7204.48507838221
6838.7185352877 1998.19606513144 617 425.258646137888 7372.41850039855
6838.35037022697 1996.03385102381 653 428.633261884717 7679.04114521832
6834.18491638816 1995.5799932469 594 367.714309442492 8224.66691583852
6703.09623091918 1958.35652396454 613 377.308920588323 6644.55010060665
6838.7185352877 1998.19606513144 617 425.258646137888 7372.41850039855
6877.63199886783 1990.41727948187 631 439.016633126369 7224.17874651302
6974.11641497036 1996.91460847452 653 318.241053667958 8461.64402357227
6838.60011258467 1996.50652992563 577 425.216777389707 6579.87944368271
7081.73106891136 1994.79901266236 674 455.235090995389 8416.21133867298
6838.60011258467 1996.50652992563 577 425.216777389707 6579.87944368271
6834.18491638816 1995.5799932469 594 367.714309442492 8224.66691583852
6838.60011258467 1996.50652992563 577 425.216777389707 6579.87944368271
6843.2598988749 1995.38577249624 594 370.922800270253 7105.05655021419
6834.18491638816 1995.5799932469 594 367.714309442492 8224.66691583852
6842.07016893719 1996.92052778832 576 370.502167216885 6079.04513095412
6818.27345266798 1998.13588757029 616 389.903058465146 7453.57325150548
6834.18491638816 1995.5799932469 594 367.714309442492 8224.66691583852
6838.60011258467 1996.50652992563 577 425.216777389707 6579.87944368271
6842.79538166965 1995.5121518304 594 370.758568637346 7142.49145415303
6699.23162206854 1954.7079117103 550 383.854048128296 6628.6850524063
6514.65406129187 1990.83936974929 492 318.596025688268 6387.02931008261
6629.52615598274 1990.01295587656 526 324.136737298324 7890.61929900738
6514.92267376475 1999.17452286145 488 318.690994538809 5874.53087988297
6548.38966082716 1989.95870272542 516 295.450654335212 6692.12618653152
6498.78936298586 1989.76104695237 492 312.987007811438 6490.43855136133
6593.51668156326 1998.24229188873 516 346.478172476288 6754.75306491021
6593.51668156326 1998.24229188873 516 346.478172476288 6754.75306491021
7014.79429775235 1996.07056066531 629 74.6390612283646 9163.06116442856
6488.77391737899 1997.6933127792 498 312.098045321222 7212.58569628167
6717.12267272526 1974.66477085323 563 297.54791812575 6434.24161809242
6567.02191510525 1997.53648151162 542 350.616549912927 6011.43278364824
7034.74645538586 1986.28560952416 665 81.6932142093454 10306.1777391258
0 0 0 0 0
0 0 0 0 0
3610.21760531745 999.229135573812 303 1276.40467513951 4867.0146044111
36 6 24 12.7279220613579 0
3610.21760531745 999.229135573812 303 1276.40467513951 4867.0146044111
36 6 24 12.7279220613579 0
3610.21760531745 999.229135573812 303 1276.40467513951 4867.0146044111
90 15 2 31.8198051533946 0
3664.21760531745 1008.22913557381 309 1257.31279204748 4867.0146044111
155 23 41 29.3449314192417 0
3646.21760531745 1005.22913557381 327 1263.67675307816 4867.0146044111
3290.03179061864 966.466798096642 312 1163.20189473288 4134.08711049626
3388.03179061864 980.466798096642 325 1128.55366245474 4134.08711049626
3325.03179061864 971.466798096642 333 1150.82752606211 4134.08711049626
0 0 0 0 0
0 0 0 0 0
0 0 0 0 0
0 0 0 0 0
0 0 0 0 0
0 0 0 0 0
0 0 0 0 0
3290.03179061864 966.466798096642 312 1163.20189473288 4134.08711049626
3302.54129734061 959.433940438015 320 1167.62467324908 4147.6245307922
0 0 0 0 0
0 0 0 0 0
0 0 0 0 0
0 0 0 0 0
0 0 0 0 0
0 0 0 0 0
0 0 0 0 0
0 0 0 0 0
0 0 0 0 0
0 0 0 0 0
0 0 0 0 0
0 0 0 0 0
0 0 0 0 0
3290.03179061864 966.466798096642 312 1163.20189473288 4134.08711049626
3290.03179061864 966.466798096642 312 1163.20189473288 4134.08711049626
6733.58098440501 1996.43099896753 583 155.531950405169 7958.84200146185
6733.58098440501 1996.43099896753 583 155.531950405169 7958.84200146185
6909.01713798728 1993.03120204697 623 110.102915476591 9119.66233287071
6900.24939593609 1965.69593367045 615 113.202780406635 9001.10171490736
6733.58098440501 1996.43099896753 583 155.531950405169 7958.84200146185
6900.24939593609 1965.69593367045 615 113.202780406635 9001.10171490736
6733.58098440501 1996.43099896753 583 155.531950405169 7958.84200146185
6900.24939593609 1965.69593367045 615 113.202780406635 9001.10171490736
6900.24939593609 1965.69593367045 615 113.202780406635 9001.10171490736
6900.24939593609 1965.69593367045 615 113.202780406635 9001.10171490736
6900.24939593609 1965.69593367045 615 113.202780406635 9001.10171490736
6909.01713798728 1993.03120204697 623 110.102915476591 9119.66233287071
6900.24939593609 1965.69593367045 615 113.202780406635 9001.10171490736
7100.27749807478 1995.31899871151 689 186.38109066399 9758.95770413966
7100.27749807478 1995.31899871151 689 186.38109066399 9758.95770413966
7100.27749807478 1995.31899871151 689 186.38109066399 9758.95770413966
6909.01713798728 1993.03120204697 623 110.102915476591 9119.66233287071
6909.01713798728 1993.03120204697 623 110.102915476591 9119.66233287071
7100.27749807478 1995.31899871151 689 186.38109066399 9758.95770413966
7100.27749807478 1995.31899871151 689 186.38109066399 9758.95770413966
7100.27749807478 1995.31899871151 689 186.38109066399 9758.95770413966
7100.27749807478 1995.31899871151 689 186.38109066399 9758.95770413966
6909.01713798728 1993.03120204697 623 110.102915476591 9119.66233287071
7100.27749807478 1995.31899871151 689 186.38109066399 9758.95770413966
6909.01713798728 1993.03120204697 623 110.102915476591 9119.66233287071
6733.58098440501 1996.43099896753 583 155.531950405169 7958.84200146185
7100.27749807478 1995.31899871151 689 186.38109066399 9758.95770413966
6900.24939593609 1965.69593367045 615 113.202780406635 9001.10171490736
7100.27749807478 1995.31899871151 689 186.38109066399 9758.95770413966
7100.27749807478 1995.31899871151 689 186.38109066399 9758.95770413966
7100.27749807478 1995.31899871151 689 186.38109066399 9758.95770413966
7100.27749807478 1995.31899871151 689 186.38109066399 9758.95770413966
7100.27749807478 1995.31899871151 689 186.38109066399 9758.95770413966
7100.27749807478 1995.31899871151 689 186.38109066399 9758.95770413966
6900.24939593609 1965.69593367045 615 113.202780406635 9001.10171490736
7100.27749807478 1995.31899871151 689 186.38109066399 9758.95770413966
7100.27749807478 1995.31899871151 689 186.38109066399 9758.95770413966
7100.27749807478 1995.31899871151 689 186.38109066399 9758.95770413966
7100.27749807478 1995.31899871151 689 186.38109066399 9758.95770413966
6733.58098440501 1996.43099896753 583 155.531950405169 7958.84200146185
6900.24939593609 1965.69593367045 615 113.202780406635 9001.10171490736
7100.27749807478 1995.31899871151 689 186.38109066399 9758.95770413966
6733.58098440501 1996.43099896753 583 155.531950405169 7958.84200146185
7100.27749807478 1995.31899871151 689 186.38109066399 9758.95770413966
6733.58098440501 1996.43099896753 583 155.531950405169 7958.84200146185
7100.27749807478 1995.31899871151 689 186.38109066399 9758.95770413966
7100.27749807478 1995.31899871151 689 186.38109066399 9758.95770413966
6900.24939593609 1965.69593367045 615 113.202780406635 9001.10171490736
6733.58098440501 1996.43099896753 583 155.531950405169 7958.84200146185
6989.25981267354 1987.52310028164 656 172.093199949857 8648.44911386974
6860.12446856204 1986.47253366995 603 139.180242506547 8412.20199186779
6900.24939593609 1965.69593367045 615 113.202780406635 9001.10171490736
7100.27749807478 1995.31899871151 689 186.38109066399 9758.95770413966
7101.10115291492 1998.78575588255 635 25.5939487170795 8624.85659683204
6836.5525748603 1989.30562674117 590 103.240675230372 8551.13811229285
6963.1440845205 1996.28557799332 634 234.865073989736 9042.90462824951
6934.04521332521 1942.9954209064 687 137.709528117526 8511.22385355435
6733.58098440501 1996.43099896753 583 155.531950405169 7958.84200146185
6718.14683388243 1994.68529459711 578 160.988746653355 7936.1478446464
6942.94874582606 1989.63580785572 606 127.622047242362 8581.83716004602
6872.95491856096 1996.42696859446 613 102.875492292186 8676.91341038835
6872.95491856096 1996.42696859446 613 102.875492292186 8676.91341038835
6854.2373000467 1997.29493023903 590 109.493169781734 8588.53870272307
6991.02288451462 1995.52432132478 649 61.1321626088168 9132.73399215197
6728.80047427307 1994.85982027401 574 153.841784839256 8426.22350514616
6828.41075547207 1997.17394112576 600 189.059337495109 8760.19000702449
6828.87650916496 1983.33101429319 609 121.839894517925 7971.52508606223
6964.82903979931 1995.45233693281 638 73.7734163524127 8343.24617662497
6933.12316131872 1995.96939208753 649 173.112821721204 8406.30076912019
6728.80047427307 1994.85982027401 574 153.841784839256 8426.22350514616
6733.58098440501 1996.43099896753 583 155.531950405169 7958.84200146185
6907.0109512888 1996.43758138099 590 62.3117974377508 8859.14268442654
6808.4889662084 1997.04911838793 561 129.047979456084 7821.07883304693
6691.83632689767 1988.3395224777 516 169.848856332098 7922.40330192981
6787.87981036985 1979.03457272791 569 79.1813042905761 7827.88706589081
6789.56519918604 1993.53133550118 538 138.259129797517 7588.98272731839
6801.31724572504 1984.91827333368 569 83.9321551212828 7857.96522521074
6575.04115078517 1932.59310742328 520 3.93147454508666 7003.81576101544
6522.02744554216 1982.04405207211 510 232.848009710017 6900.37307085474
6747.10436203266 1997.71813927216 554 142.843648358342 7389.03751526701
6786.02919878485 1996.16173568427 587 78.5270142900309 7371.26203666298
6696.1294879447 1968.82345705295 576 110.311361870921 6843.04762997367
6579.83571870046 1966.88159711871 514 209.475069987201 6764.72686094242
6740.05752923841 1962.23383736839 538 155.762734367872 7200.10140409062
6669.47109546089 1995.32770907957 562 119.736526921341 6308.77919625291
6599.51068032794 1990.29166812085 513 175.271855083408 6952.36114090131
6603.04382745486 1999.02968715797 542 220.089645249993 7803.79356904847
6558.95543524165 1990.01280749461 510 160.933410676809 6927.49808040198
