6772.97304180185 1959.96435937827 638 309.440020380285 8353.95537805519
6899.44459035721 1991.68775089181 667 353.811176422685 8719.95343246978
7072.92783448687 1995.24954667092 687 363.736354522515 9217.59852283948
7149.34172365619 1991.68311623164 810 311.75245673466 9776.85831690348
6772.97304180185 1959.96435937827 638 309.440020380285 8353.95537805519
7143.29185615175 1991.68976437309 696 440.367492794174 10309.8485474103
6754.46012969208 1960.24050084047 638 302.894717534122 8047.17015047667
7144.68780489469 1997.08334968217 805 313.397865492337 10049.1471266233
7000.27197260951 1944.22469872889 734 358.346080261869 8519.88652866671
7144.68780489469 1997.08334968217 805 313.397865492337 10049.1471266233
7144.68780489469 1997.08334968217 805 313.397865492337 10049.1471266233
7000.27197260951 1944.22469872889 734 358.346080261869 8519.88652866671
7058.00575759004 1992.49157335323 720 297.751338131093 8464.37022064109
7079.50955314516 1992.9772907751 738 375.930329271012 10716.5865120311
6899.05626611403 1991.79925422944 667 353.948469775513 8751.90338267164
6758.93494834506 1996.33359570675 544 372.649376090486 6383.75122944529
6740.45004806255 1953.40486307721 618 297.941405671512 8120.49173850575
6664.64285234441 1949.82546926911 607 288.245836888867 8143.17559049666
6958.49899854804 1998.58009347936 667 375.033351430961 8891.29771358177
6609.89678839773 1992.4901663624 515 319.956429313324 5556.84796866085
6931.59412738071 1998.67266644594 680 382.62736530115 9098.49107707708
7122.60352636222 1993.78193570614 831 370.338019726387 9820.3645950937
6898.95910673286 1992.06273098497 667 353.982820804151 8721.78398486251
7018.0533752749 1991.88370564713 700 311.87663836089 7717.39351190659
7150.17686485012 1995.61179682335 747 360.589372414012 8820.55389271983
6642.69861261694 1975.13071398509 553 415.182468654702 6055.2196526967
6876.38393424986 1998.31075106258 675 294.301540567505 8077.94870794351
7013.89922807333 1981.51461605701 678 395.652988596894 7684.51714078989
6649.35712844552 1999.73362478877 552 412.828327807186 6236.48769953035
6661.79298009402 1985.39582693416 519 338.304503846427 5647.40277253038
6931.2721092092 1997.39052673959 714 386.566732659479 8220.04444656833
6942.88290471568 1992.6335969762 667 420.761050507461 7381.52950670507
6579.58747122576 1981.10717631216 469 345.50170791541 4663.78250960814
6673.95459921759 1996.75400616481 563 406.024558210645 5685.31225823172
6900.35112763941 1993.46955840851 568 463.95387097827 5898.6719782786
6900.35112763941 1993.46955840851 568 463.95387097827 5898.6719782786
6961.52243890777 1989.69494337191 674 414.170979994768 7611.40020329037
140 20 11 49.4974746830583 0
0 0 0 0 0
4066.48743650384 999.543960405381 400 1437.72042098088 4632.55449215893
3183.34682039545 998.424107723086 356 1125.48306178513 3290.99030313964
140 20 11 49.4974746830583 0
3183.34682039545 998.424107723086 356 1125.48306178513 3290.99030313964
0 0 0 0 0
3183.34682039545 998.424107723086 356 1125.48306178513 3290.99030313964
4066.48743650384 999.543960405381 400 1437.72042098088 4632.55449215893
140 20 11 49.4974746830583 0
4162.48743650384 1015.54396040538 402 1403.77929548393 4632.55449215893
3183.34682039545 998.424107723086 356 1125.48306178513 3290.99030313964
4066.48743650384 999.543960405381 400 1437.72042098088 4632.55449215893
419.489534318067 129.934042030474 35 148.311947176546 0
4198.48743650384 1021.54396040538 413 1391.05137342257 4632.55449215893
112 16 20 39.5979797464467 0
4066.48743650384 999.543960405381 400 1437.72042098088 4632.55449215893
3325.16789712902 998.361396554836 375 1175.62438432187 4245.69191216703
4022.2682832875 987.174643528528 400 1417.84394874496 4285.01053175355
3324.7866033254 988.5132774312 375 1111.14285951681 3734.30762004456
4066.48743650384 999.543960405381 400 1437.72042098088 4632.55449215893
0 0 0 0 0
4066.48743650384 999.543960405381 400 1437.72042098088 4632.55449215893
0 0 0 0 0
3183.34682039545 998.424107723086 356 1125.48306178513 3290.99030313964
4066.48743650384 999.543960405381 400 1437.72042098088 4632.55449215893
3325.16789712902 998.361396554836 375 1175.62438432187 4245.69191216703
4066.48743650384 999.543960405381 400 1437.72042098088 4632.55449215893
3310.49330520573 991.886140575525 375 1170.43613259182 4204.41882279729
4066.48743650384 999.543960405381 400 1437.72042098088 4632.55449215893
0 0 0 0 0
4066.48743650384 999.543960405381 400 1437.72042098088 4632.55449215893
3325.16789712902 998.361396554836 375 1175.62438432187 4245.69191216703
0 0 0 0 0
0 0 0 0 0
0 0 0 0 0
0 0 0 0 0
3183.34682039545 998.424107723086 356 1125.48306178513 3290.99030313964
0 0 0 0 0
3207.10281096853 986.370012033763 341 1133.88207279914 4347.52974692603
3179.92690372644 975.474422036985 341 1124.27393865125 4054.50904508902
7391.65533363286 1997.90535696022 775 262.096036659012 8878.24640432596
7143.96503574665 1933.24506716278 734 334.618472352399 8313.5582859938
7228.5513200901 1997.47073572736 749 304.712704725085 7787.1644961947
7212.99512246074 1970.53485975974 734 310.212651141686 8913.72836413808
7228.5513200901 1997.47073572736 749 304.712704725085 7787.1644961947
7228.5513200901 1997.47073572736 749 304.712704725085 7787.1644961947
7228.5513200901 1997.47073572736 749 304.712704725085 7787.1644961947
7228.5513200901 1997.47073572736 749 304.712704725085 7787.1644961947
7228.5513200901 1997.47073572736 749 304.712704725085 7787.1644961947
7391.65533363286 1997.90535696022 775 262.096036659012 8878.24640432596
7228.5513200901 1997.47073572736 749 304.712704725085 7787.1644961947
7228.5513200901 1997.47073572736 749 304.712704725085 7787.1644961947
7228.5513200901 1997.47073572736 749 304.712704725085 7787.1644961947
7391.65533363286 1997.90535696022 775 262.096036659012 8878.24640432596
7143.96503574665 1933.24506716278 734 334.618472352399 8313.5582859938
7143.96503574665 1933.24506716278 734 334.618472352399 8313.5582859938
7391.65533363286 1997.90535696022 775 262.096036659012 8878.24640432596
7391.65533363286 1997.90535696022 775 262.096036659012 8878.24640432596
7143.96503574665 1933.24506716278 734 334.618472352399 8313.5582859938
7391.65533363286 1997.90535696022 775 262.096036659012 8878.24640432596
7143.96503574665 1933.24506716278 734 334.618472352399 8313.5582859938
7143.96503574665 1933.24506716278 734 334.618472352399 8313.5582859938
7143.96503574665 1933.24506716278 734 334.618472352399 8313.5582859938
7143.96503574665 1933.24506716278 734 334.618472352399 8313.5582859938
7143.96503574665 1933.24506716278 734 334.618472352399 8313.5582859938
7391.65533363286 1997.90535696022 775 262.096036659012 8878.24640432596
7228.5513200901 1997.47073572736 749 304.712704725085 7787.1644961947
7228.5513200901 1997.47073572736 749 304.712704725085 7787.1644961947
7143.96503574665 1933.24506716278 734 334.618472352399 8313.5582859938
7183.70735140456 1960.42459344628 732 320.567441901519 8406.15741535394
7391.65533363286 1997.90535696022 775 262.096036659012 8878.24640432596
7391.65533363286 1997.90535696022 775 262.096036659012 8878.24640432596
7228.5513200901 1997.47073572736 749 304.712704725085 7787.1644961947
7143.96503574665 1933.24506716278 734 334.618472352399 8313.5582859938
7143.96503574665 1933.24506716278 734 334.618472352399 8313.5582859938
7228.5513200901 1997.47073572736 749 304.712704725085 7787.1644961947
7228.5513200901 1997.47073572736 749 304.712704725085 7787.1644961947
7143.96503574665 1933.24506716278 734 334.618472352399 8313.5582859938
7228.5513200901 1997.47073572736 749 304.712704725085 7787.1644961947
7228.5513200901 1997.47073572736 749 304.712704725085 7787.1644961947
7143.96503574665 1933.24506716278 734 334.618472352399 8313.5582859938
7228.5513200901 1997.47073572736 749 304.712704725085 7787.1644961947
7228.5513200901 1997.47073572736 749 304.712704725085 7787.1644961947
7143.96503574665 1933.24506716278 734 334.618472352399 8313.5582859938
7143.96503574665 1933.24506716278 734 334.618472352399 8313.5582859938
7228.5513200901 1997.47073572736 749 304.712704725085 7787.1644961947
7391.65533363286 1997.90535696022 775 262.096036659012 8878.24640432596
7228.5513200901 1997.47073572736 749 304.712704725085 7787.1644961947
7286.21294931056 1964.83725161455 750 299.3755491484 7723.59226073575
7237.67821449253 1975.57632634384 734 301.485860263519 8636.52997505073
7265.86886087115 1971.64671232571 759 306.568270594684 8468.41759412323
7391.65533363286 1997.90535696022 775 262.096036659012 8878.24640432596
7228.5513200901 1997.47073572736 749 304.712704725085 7787.1644961947
7188.55963563284 1949.82228726964 734 318.851900360489 7657.65732606519
7376.17567052225 1987.91838773241 764 335.501408599637 10445.3814827092
7196.99734447938 1962.66398977966 734 315.868719788953 8890.71931803491
7143.96503574665 1933.24506716278 734 334.618472352399 8313.5582859938
7281.05575259727 1989.24899430773 734 286.149584591002 10003.5704354498
7110.52804452078 1993.486209371 678 303.780428228738 7951.24621578448
6772.5721585831 1952.51253576414 593 292.994413882707 6866.26165998123
6971.85334720246 1993.67296018295 612 363.450953800542 6856.17863025962
6805.13512143805 1967.78309287583 593 304.507159807838 7359.94426524312
6977.07786244687 1953.70828534256 647 352.15272779126 7418.40324755381
6971.85334720246 1993.67296018295 612 363.450953800542 6856.17863025962
7065.14252908529 1997.77175043354 643 321.017166309779 6638.9908879135
6910.05232927243 1981.65798446334 626 328.68375889989 6342.66964072049
6489.7430836035 1886.51817396398 562 192.999235465312 5162.19968449168
6709.42492571392 1964.81549956511 585 270.668495595226 5334.32096401503
6817.6932321355 1979.09288130947 590 308.947122424369 5597.87100706529
6694.48236660665 1951.90593244117 571 265.385503158712 7248.10192437808
7097.33834184257 1998.39305987734 667 308.443692331536 7415.78970584021
6778.25140261509 1922.98569501264 602 419.825673901736 6411.0544680977
6868.8643332478 1958.1545296845 653 389.221452732652 6895.3323120867
7097.33834184257 1998.39305987734 667 308.443692331536 7415.78970584021
6761.03405262554 1946.5598598422 572 364.924604935355 5774.11902882595
6947.45984699442 1997.7950379333 628 365.676945057833 6657.47723421002
6668.04102229776 1939.63448005481 761 332.957136614386 7578.60448255974
7305.3983241322 1991.63443080536 882 299.177977609301 10034.2609878433
7126.78589608465 1989.65829984374 860 354.565134835963 8872.10683282325
6757.84416350471 1997.14390609361 760 364.707341674029 7535.20371557406
6798.69643997235 1982.87005761364 763 379.150802532617 8029.07883457036
7048.5006370495 1997.71355188411 813 344.617168472614 7748.30526851765
6757.84416350471 1997.14390609361 760 364.707341674029 7535.20371557406
6954.8067500065 1995.77510435931 854 310.440105431767 8351.87953425157
6962.11638021624 1995.77510435931 854 313.024449976405 8351.87953425157
7365.73705845161 1998.48000586815 938 140.29800018869 10613.8408825535
6954.8067500065 1995.77510435931 854 310.440105431767 8351.87953425157
6848.72031446105 1996.97573319092 755 284.81981834591 7383.09341026085
6900.23254897704 1999.4800217942 806 291.145211618883 7965.02270080264
6757.84416350471 1997.14390609361 760 364.707341674029 7535.20371557406
7196.59817838337 1996.42066068097 852 209.584372077267 8429.33013425248
7212.10386294133 1995.12164258905 812 156.344332694894 9306.46557237572
7187.55391003114 1968.03117373097 813 165.024051785196 9061.59746279055
6848.72031446105 1996.97573319092 755 284.81981834591 7383.09341026085
7212.10386294133 1995.12164258905 812 156.344332694894 9306.46557237572
7137.76284117719 1992.12367401161 860 358.446070991787 8896.51515468652
6848.72031446105 1996.97573319092 755 284.81981834591 7383.09341026085
6757.84416350471 1997.14390609361 760 364.707341674029 7535.20371557406
6764.70514501765 1992.80559598336 712 314.523666363893 6405.32207038174
6709.81011969005 1970.77452320988 712 333.931988695169 7279.49813929786
7041.83500104821 1995.74688551787 844 324.530457861896 8526.47857086165
6934.43779956382 1995.66051638733 820 246.182569685327 8969.69692009942
6711.23441064317 1968.10284800443 712 333.428425799505 7291.6030445217
6956.65827625747 1996.73756046291 838 294.415938012499 7770.00074997874
6821.2610032139 1978.49614604395 828 246.545773050863 7808.47596279798
6711.32584812117 1972.77980519719 712 333.396097769129 7274.68199772614
6903.63465715834 1998.38555341684 832 256.670762668131 7274.26947155607
6799.10866683266 1998.58989800545 776 250.70332475756 7944.12488699053
6729.02116350197 1969.46482523874 734 327.13985901863 7310.93479922068
6769.70707710663 1986.38088748466 817 304.021312689365 7490.19546048311
6635.04274716894 1946.28213271888 708 310.373804876883 6818.61157190285
6733.04306695288 1981.61421466816 712 325.717901416922 7228.2438712035
6876.76672782175 1998.03283080328 856 266.170010183303 8582.23190608906
6747.55267795253 1990.77808404398 818 301.568502351599 7721.14616609661
6579.13274380154 1934.26353359592 786 374.998401613339 6440.9201212538
6744.26133702377 1998.75663843112 788 359.685407489822 7188.98850026934
6824.426028383 1991.95980527385 721 289.257020888103 6789.63967748334
6806.81256285725 1982.24781175629 765 238.993836417852 8559.4974744564
6878.29656111313 1999.16930234625 817 269.228019660002 6582.87088396217
6574.39471750271 1975.75812351663 698 330.422961671883 6825.06852807446
0 0 0 0 0
144 24 17 50.9116882454314 0
