1956.94492372057 455.159483695066 280 94.6315826507628 143.014857092327
2003.26622400166 455.485391551931 303 110.897178305232 143.666672806056
1956.94492372057 455.159483695066 280 94.6315826507628 143.014857092327
1956.94492372057 455.159483695066 280 94.6315826507628 143.014857092327
1956.94492372057 455.159483695066 280 94.6315826507628 143.014857092327
1875.85181557303 446.600349110041 271 114.743681654399 134.80692555336
1875.85181557303 446.600349110041 271 114.743681654399 134.80692555336
1875.85181557303 446.600349110041 271 114.743681654399 134.80692555336
1722.9789077471 426.808209971745 229 14.5513803947665 80.5087652635978
1722.9789077471 426.808209971745 229 14.5513803947665 80.5087652635978
1749.79682875092 441.805241769268 233 90.6859178249999 210.398010973357
1722.9789077471 426.808209971745 229 14.5513803947665 80.5087652635978
1757.2537418688 443.624622115713 233 88.0495009088117 225.538556298852
1721.25262658815 451.602184159914 220 97.3891225311522 75.0870723001012
1719.32657430612 445.886205012279 206 101.212207246722 102.236626783501
1756.23780230775 443.739172684056 233 116.226611214238 127.27959051429
1720.47296554623 429.132376901957 240 81.7867586667817 52.7031696932318
1788.37662329014 453.809530023514 229 76.7993283077927 127.395311630872
1846.14547924722 455.101401391423 246 56.3749534134702 129.97905436669
1722.31664063934 441.376349146267 240 63.7468214755481 182.343533569804
1720.32255197146 447.129050564112 221 88.2060051575107 144.818731650262
1700.72512153665 439.741071844036 217 39.0855150639929 99.258395271916
1781.64439109555 448.39841153342 242 71.9477687888867 80.914547517523
1879.419164502 451.246223353437 254 118.335832532385 103.513183637979
1824.93635852218 457.904843946674 244 76.4808568034432 55.2211054055112
1579.29420369822 417.834532581249 213 38.3449544557408 95.123282735197
1709.02419077554 444.533996015842 221 86.9167538335883 92.1271302472042
1742.43448184449 453.227115686079 240 63.3571434084071 130.932700293189
1709.02419077554 444.533996015842 221 86.9167538335883 92.1271302472042
1571.77803276706 415.054257981466 213 35.6875867387474 92.3430081354134
0 0 0 0 0
0 0 0 0 0
0 0 0 0 0
0 0 0 0 0
70 10 3 24.7487373415292 0
0 0 0 0 0
70 10 3 24.7487373415292 0
60 10 25 21.2132034355964 0
130 20 28 3.53553390593274 0
60 10 7 21.2132034355964 0
70 10 9 24.7487373415292 0
70 10 16 24.7487373415292 0
70 10 7 24.7487373415292 0
60 10 11 21.2132034355964 0
70 10 3 24.7487373415292 0
70 10 6 24.7487373415292 0
0 0 0 0 0
0 0 0 0 0
0 0 0 0 0
0 0 0 0 0
0 0 0 0 0
0 0 0 0 0
928.907213460028 189.600098938829 109 285.99188799415 29.0198579901592
0 0 0 0 0
0 0 0 0 0
0 0 0 0 0
0 0 0 0 0
0 0 0 0 0
0 0 0 0 0
841.986802745087 223.638952379702 146 297.687288945316 26.0541563432467
0 0 0 0 0
0 0 0 0 0
0 0 0 0 0
854.376681213528 229.980370784231 146 302.067772486871 17.980370784231
841.986802745087 223.638952379702 146 297.687288945316 26.0541563432467
0 0 0 0 0
841.986802745087 223.638952379702 146 297.687288945316 26.0541563432467
0 0 0 0 0
801.958019793175 218.636367700423 139 283.534977011345 76.9188399926843
841.986802745087 223.638952379702 146 297.687288945316 26.0541563432467
841.986802745087 223.638952379702 146 297.687288945316 26.0541563432467
783.426187521591 223.075220931083 144 276.98298487782 44.7535450593776
1822.11623285242 448.030658929239 253 90.249402424376 137.084180107021
1822.11623285242 448.030658929239 253 90.249402424376 137.084180107021
1822.11623285242 448.030658929239 253 90.249402424376 137.084180107021
1841.65101794619 444.014777554612 248 83.3428129199641 99.3899746040987
1822.11623285242 448.030658929239 253 90.249402424376 137.084180107021
1822.11623285242 448.030658929239 253 90.249402424376 137.084180107021
1822.11623285242 448.030658929239 253 90.249402424376 137.084180107021
1840.64806512401 443.591805698579 248 83.6974102908515 169.249475040327
1840.64806512401 443.591805698579 248 83.6974102908515 169.249475040327
1840.64806512401 443.591805698579 248 83.6974102908515 169.249475040327
1840.64806512401 443.591805698579 248 83.6974102908515 169.249475040327
1880.67684807592 448.594390377858 255 69.5450983568807 118.38479139089
1840.64806512401 443.591805698579 248 83.6974102908515 169.249475040327
1840.64806512401 443.591805698579 248 83.6974102908515 169.249475040327
1880.67684807592 448.594390377858 255 69.5450983568807 118.38479139089
1840.64806512401 443.591805698579 248 83.6974102908515 169.249475040327
1840.64806512401 443.591805698579 248 83.6974102908515 169.249475040327
1880.67684807592 448.594390377858 255 69.5450983568807 118.38479139089
1822.11623285242 448.030658929239 253 90.249402424376 137.084180107021
1822.11623285242 448.030658929239 253 90.249402424376 137.084180107021
1822.11623285242 448.030658929239 253 90.249402424376 137.084180107021
1822.11623285242 448.030658929239 253 90.249402424376 137.084180107021
1840.64806512401 443.591805698579 248 83.6974102908515 169.249475040327
1840.64806512401 443.591805698579 248 83.6974102908515 169.249475040327
1840.64806512401 443.591805698579 248 83.6974102908515 169.249475040327
1822.11623285242 448.030658929239 253 90.249402424376 137.084180107021
1822.11623285242 448.030658929239 253 90.249402424376 137.084180107021
1889.96890592733 453.031458808333 274 66.2598597979244 127.258928251839
1822.11623285242 448.030658929239 253 90.249402424376 137.084180107021
1822.97648567406 427.266541141513 268 49.1449395912435 79.1015041563877
1788.52524944622 414.249053795551 255 48.3742812774991 172.317767703603
1811.85676919087 438.59547068865 253 93.876670587585 118.213803625842
1822.11623285242 448.030658929239 253 90.249402424376 137.084180107021
1788.52524944622 414.249053795551 255 48.3742812774991 172.317767703603
1822.11623285242 448.030658929239 253 90.249402424376 137.084180107021
1788.52524944622 414.249053795551 255 48.3742812774991 172.317767703603
1788.52524944622 414.249053795551 255 48.3742812774991 172.317767703603
1791.98651764388 415.843206334541 255 49.5980243845321 154.258410298086
1788.52524944622 414.249053795551 255 48.3742812774991 172.317767703603
1822.11623285242 448.030658929239 253 90.249402424376 137.084180107021
1788.52524944622 414.249053795551 255 48.3742812774991 172.317767703603
1788.52524944622 414.249053795551 255 48.3742812774991 172.317767703603
1822.11623285242 448.030658929239 253 90.249402424376 137.084180107021
1788.52524944622 414.249053795551 255 48.3742812774991 172.317767703603
1852.05135845736 440.01726252793 255 59.424459444848 138.008746900434
1810.07020751354 439.826526944827 253 85.9904893226429 119.256157086865
1880.67684807592 448.594390377858 255 69.5450983568807 118.38479139089
1829.49949295415 428.867391492382 255 92.8597790669759 114.165818106136
1765.60797921957 405.502734663816 255 28.8621096209855 55.9179386273615
1765.60797921957 405.502734663816 255 28.8621096209855 55.9179386273615
1880.67684807592 448.594390377858 255 69.5450983568807 118.38479139089
1822.33995139284 447.934525168487 264 90.3284988728791 136.795778824763
1938.5186148981 449.377400960829 273 90.9843517879145 108.314495412748
1880.67684807592 448.594390377858 255 69.5450983568807 118.38479139089
1676.91141786645 433.757063160772 215 49.0173437346941 81.054525263249
1707.1520626183 437.527893797361 215 111.168330213038 104.711358631792
1676.91141786645 433.757063160772 215 49.0173437346941 81.054525263249
1688.9237602782 434.240937952921 233 44.7703393460522 82.0222748475463
1765.17327222357 447.919999791789 233 79.8771220369621 109.380398525282
1688.9237602782 434.240937952921 233 44.7703393460522 82.0222748475463
1677.40002803812 433.436703730692 230 48.8445939518228 80.4138064030878
1676.91141786645 433.757063160772 215 49.0173437346941 81.054525263249
1676.91141786645 433.757063160772 215 49.0173437346941 81.054525263249
1693.12290367892 438.948814240542 217 47.2724067243165 65.9984426094646
1676.91141786645 433.757063160772 215 49.0173437346941 81.054525263249
1693.12290367892 438.948814240542 217 47.2724067243165 65.9984426094646
1676.91141786645 433.757063160772 215 49.0173437346941 81.054525263249
1722.9789077471 426.808209971745 229 14.5513803947665 80.5087652635978
1742.09484733049 424.131239463869 229 134.161045830253 66.4319037644948
1722.9789077471 426.808209971745 229 14.5513803947665 80.5087652635978
1722.9789077471 426.808209971745 229 14.5513803947665 80.5087652635978
1797.64629701081 430.529480252219 236 81.5564949248922 22.2246948284013
1722.9789077471 426.808209971745 229 14.5513803947665 80.5087652635978
1722.9789077471 426.808209971745 229 14.5513803947665 80.5087652635978
1729.9934751618 430.438366453089 224 17.0314044877764 32.6248589998626
1742.09484733049 424.131239463869 229 134.161045830253 66.4319037644948
1722.9789077471 426.808209971745 229 14.5513803947665 80.5087652635978
1722.9789077471 426.808209971745 229 14.5513803947665 80.5087652635978
1722.9789077471 426.808209971745 229 14.5513803947665 80.5087652635978
1722.9789077471 426.808209971745 229 14.5513803947665 80.5087652635978
1761.57117435213 445.43833186074 229 57.0957270923817 74.6916760232575
1661.86746310665 440.390967521936 207 163.859933785205 26.1012458781088
1761.57117435213 445.43833186074 229 57.0957270923817 74.6916760232575
1729.6559358497 432.443672576411 229 45.8119863082548 65.4151529607746
0 0 0 0 0
0 0 0 0 0
0 0 0 0 0
60 10 12 21.2132034355964 0
0 0 0 0 0
60 10 12 21.2132034355964 0
0 0 0 0 0
60 10 19 21.2132034355964 0
313.15447137672 77.6974869470066 18 110.716825134684 0
185.463278521449 52.0156211871642 35 65.5711709518032 0
70 10 16 24.7487373415292 0
60 10 19 21.2132034355964 0
70 10 9 24.7487373415292 0
130 20 39 3.53553390593274 0
60 10 12 21.2132034355964 0
816.699598258986 222.86157736483 139 288.746912060629 20.6403921993614
0 0 0 0 0
0 0 0 0 0
0 0 0 0 0
0 0 0 0 0
0 0 0 0 0
0 0 0 0 0
0 0 0 0 0
0 0 0 0 0
0 0 0 0 0
0 0 0 0 0
0 0 0 0 0
0 0 0 0 0
0 0 0 0 0
816.699598258986 222.86157736483 139 288.746912060629 20.6403921993614
0 0 0 0 0
0 0 0 0 0
0 0 0 0 0
0 0 0 0 0
842.959923485351 224.723923377544 146 298.031339082492 39.6366422247154
842.959923485351 224.723923377544 146 298.031339082492 39.6366422247154
842.959923485351 224.723923377544 146 298.031339082492 39.6366422247154
816.699598258986 222.86157736483 139 288.746912060629 20.6403921993614
1960.75486959188 453.462682933165 284 97.1688541014979 179.427884183019
1960.75486959188 453.462682933165 284 97.1688541014979 179.427884183019
1934.49454436552 451.600336920451 277 106.453281123361 160.431634157665
1960.75486959188 453.462682933165 284 97.1688541014979 179.427884183019
1960.75486959188 453.462682933165 284 97.1688541014979 179.427884183019
1960.75486959188 453.462682933165 284 97.1688541014979 179.427884183019
