1820.79149143926 441.757885540165 243 85.2216849295139 452.048085783978
1850.76657521109 431.361359053759 253 95.819477430363 420.675742805942
1752.38566576271 444.934394298271 210 71.1196143689083 273.617990449814
1886.90503619841 445.965031014171 260 108.596352843253 476.015168973462
1820.79149143926 441.757885540165 243 85.2216849295139 452.048085783978
1886.90503619841 445.965031014171 260 108.596352843253 476.015168973462
1886.90503619841 445.965031014171 260 108.596352843253 476.015168973462
1778.69967633518 433.562824355646 229 80.4230220269099 290.434589925168
1886.90503619841 445.965031014171 260 108.596352843253 476.015168973462
1801.68900730289 448.937364531091 231 78.4679368943464 457.582263836953
1801.68900730289 448.937364531091 231 78.4679368943464 457.582263836953
1768.54230224852 429.020466301612 241 103.694562923647 401.098408829767
1886.90503619841 445.965031014171 260 108.596352843253 476.015168973462
1801.68900730289 448.937364531091 231 78.4679368943464 457.582263836953
1809.45530443547 441.017852161576 243 81.213737577928 449.645222129393
1809.45530443547 441.017852161576 243 81.213737577928 449.645222129393
1781.83760745809 433.355661797033 235 98.9939626878307 369.509828934087
1809.45530443547 441.017852161576 243 81.213737577928 449.645222129393
1886.90503619841 445.965031014171 260 108.596352843253 476.015168973462
1820.79149143926 441.757885540165 243 85.2216849295139 452.048085783978
1811.9715343619 450.410240845467 229 92.186400243596 340.976839394631
1820.79149143926 441.757885540165 243 85.2216849295139 452.048085783978
1886.90503619841 445.965031014171 260 108.596352843253 476.015168973462
1781.36671347849 431.757885540165 220 99.1604488509308 412.048085783978
1752.38566576271 444.934394298271 210 71.1196143689083 273.617990449814
1765.12879899293 425.643676759926 254 104.901418573462 387.591250663023
1765.12879899293 425.643676759926 254 104.901418573462 387.591250663023
1790.22907625643 446.068834520752 229 68.9660150833464 319.724301973729
1752.38566576271 444.934394298271 210 71.1196143689083 273.617990449814
1820.14435972938 441.527836761529 246 82.2870061157865 307.709183153515
1790.22907625643 446.068834520752 229 68.9660150833464 319.724301973729
1801.38699986632 435.435710630979 229 150.285580180497 367.943141044909
1752.38566576271 444.934394298271 210 71.1196143689083 273.617990449814
1770.47193588128 445.382877936905 234 64.7251522453041 316.463341806366
1770.47193588128 445.382877936905 234 64.7251522453041 316.463341806366
0 0 0 0 0
771.838821039473 224.030452221212 98 272.886232170021 127.270990646438
0 0 0 0 0
771.838821039473 224.030452221212 98 272.886232170021 127.270990646438
1022.16293140159 227.817528545296 119 361.38917013579 191.312057038987
771.838821039473 224.030452221212 98 272.886232170021 127.270990646438
0 0 0 0 0
0 0 0 0 0
70 10 16 24.7487373415292 0
70 10 35 24.7487373415292 0
1082.16293140159 237.817528545296 145 340.175966700194 191.312057038987
60 10 20 21.2132034355964 0
1022.16293140159 227.817528545296 119 361.38917013579 191.312057038987
70 10 25 24.7487373415292 0
1022.16293140159 227.817528545296 119 361.38917013579 191.312057038987
771.838821039473 224.030452221212 98 272.886232170021 127.270990646438
1022.16293140159 227.817528545296 119 361.38917013579 191.312057038987
0 0 0 0 0
923.913328542723 200.987834238299 119 284.226283049404 100.7953285891
0 0 0 0 0
1022.16293140159 227.817528545296 119 361.38917013579 191.312057038987
0 0 0 0 0
0 0 0 0 0
0 0 0 0 0
973.045523317888 209.843108958568 119 344.023543970646 175.113134346066
0 0 0 0 0
973.045523317888 209.843108958568 119 344.023543970646 175.113134346066
0 0 0 0 0
1022.16293140159 227.817528545296 119 361.38917013579 191.312057038987
771.838821039473 224.030452221212 98 272.886232170021 127.270990646438
0 0 0 0 0
0 0 0 0 0
973.045523317888 209.843108958568 119 344.023543970646 175.113134346066
0 0 0 0 0
0 0 0 0 0
0 0 0 0 0
0 0 0 0 0
0 0 0 0 0
973.045523317888 209.843108958568 119 344.023543970646 175.113134346066
0 0 0 0 0
973.045523317888 209.843108958568 119 344.023543970646 175.113134346066
0 0 0 0 0
973.045523317888 209.843108958568 119 344.023543970646 175.113134346066
771.838821039473 224.030452221212 98 272.886232170021 127.270990646438
1022.16293140159 227.817528545296 119 361.38917013579 191.312057038987
792.30670323326 225.519010227894 120 280.122721317898 131.543368471539
792.30670323326 225.519010227894 120 280.122721317898 131.543368471539
1744.88434435736 433.87356117978 217 71.1373118006249 302.384124992504
1750.08616096944 437.293745557084 217 51.4157921231118 444.070944896237
1744.88434435736 433.87356117978 217 71.1373118006249 302.384124992504
1750.08616096944 437.293745557084 217 51.4157921231118 444.070944896237
1740.06269425864 433.663773089488 217 54.9596227642136 271.482559488357
1744.88434435736 433.87356117978 217 71.1373118006249 302.384124992504
1772.07913353821 439.390265118683 217 132.233179997922 364.252026537355
1744.88434435736 433.87356117978 217 71.1373118006249 302.384124992504
1740.06269425864 433.663773089488 217 54.9596227642136 271.482559488357
1740.06269425864 433.663773089488 217 54.9596227642136 271.482559488357
1740.06269425864 433.663773089488 217 54.9596227642136 271.482559488357
1740.06269425864 433.663773089488 217 54.9596227642136 271.482559488357
1744.88434435736 433.87356117978 217 71.1373118006249 302.384124992504
1773.04853991443 430.788772795202 227 46.6591383669653 222.535502816113
1740.06269425864 433.663773089488 217 54.9596227642136 271.482559488357
1744.88434435736 433.87356117978 217 71.1373118006249 302.384124992504
1744.88434435736 433.87356117978 217 71.1373118006249 302.384124992504
1744.81695947768 432.627744900509 229 56.6405093521854 268.374474921419
1744.88434435736 433.87356117978 217 71.1373118006249 302.384124992504
1744.81695947768 432.627744900509 229 56.6405093521854 268.374474921419
1744.81695947768 432.627744900509 229 56.6405093521854 268.374474921419
1744.81695947768 432.627744900509 229 56.6405093521854 268.374474921419
1744.81695947768 432.627744900509 229 56.6405093521854 268.374474921419
1767.39883758638 438.269445003657 229 64.6244089234796 285.499399684026
1744.81695947768 432.627744900509 229 56.6405093521854 268.374474921419
1744.81695947768 432.627744900509 229 56.6405093521854 268.374474921419
1767.39883758638 438.269445003657 229 64.6244089234796 285.499399684026
1744.81695947768 432.627744900509 229 56.6405093521854 268.374474921419
1749.46265959979 433.931132332292 229 54.9980063223358 272.28463721677
1744.81695947768 432.627744900509 229 56.6405093521854 268.374474921419
1749.46265959979 433.931132332292 229 54.9980063223358 272.28463721677
1785.54212423386 428.427135684614 246 42.2419892701691 276.677994677893
1749.46265959979 433.931132332292 229 54.9980063223358 272.28463721677
1749.46265959979 433.931132332292 229 54.9980063223358 272.28463721677
1777.44027696534 442.513414361334 229 61.0742239846116 298.231307757056
1656.99077263723 439.56950298149 196 78.5973551766433 310.835577138781
1754.85839885664 436.871714258186 229 53.0903244133174 281.10638299445
1668.34112248227 446.657998103063 196 74.5844005045102 283.648663058069
1656.99077263723 439.56950298149 196 78.5973551766433 310.835577138781
1656.99077263723 439.56950298149 196 78.5973551766433 310.835577138781
1754.85839885664 436.871714258186 229 53.0903244133174 281.10638299445
1656.99077263723 439.56950298149 196 78.5973551766433 310.835577138781
1722.52818819745 451.768612758042 215 93.4732171915312 331.202794913403
1724.9645016608 450.220353180368 215 94.3345840770464 341.378679995405
1773.10929768687 442.949530235686 229 59.5429915761179 306.979151151954
1773.10929768687 442.949530235686 229 59.5429915761179 306.979151151954
1754.85839885664 436.871714258186 229 53.0903244133174 281.10638299445
1668.34112248227 446.657998103063 196 74.5844005045102 283.648663058069
1668.34112248227 446.657998103063 196 74.5844005045102 283.648663058069
1659.79964391295 449.849244119458 176 71.5645317956482 278.725669741112
1534.76997910213 378.42166245609 194 121.808931131977 205.136571734512
1656.99077263723 439.56950298149 196 78.5973551766433 310.835577138781
1668.34112248227 446.657998103063 196 74.5844005045102 283.648663058069
1732.00774482902 452.016123112073 215 96.8247465799431 331.945325975497
1720.69268449007 443.037146789214 215 100.825224527547 324.812374157951
1720.69268449007 443.037146789214 215 100.825224527547 324.812374157951
1732.00774482902 452.016123112073 215 96.8247465799431 331.945325975497
1720.69268449007 443.037146789214 215 100.825224527547 324.812374157951
1629.98918106419 442.020899470186 188 61.0249415803125 292.530599612523
1956.94492372057 455.159483695066 280 94.6315826507628 143.014857092327
2003.26622400166 455.485391551931 303 110.897178305232 143.666672806056
1956.94492372057 455.159483695066 280 94.6315826507628 143.014857092327
1956.94492372057 455.159483695066 280 94.6315826507628 143.014857092327
1956.94492372057 455.159483695066 280 94.6315826507628 143.014857092327
1875.85181557303 446.600349110041 271 114.743681654399 134.80692555336
1875.85181557303 446.600349110041 271 114.743681654399 134.80692555336
1875.85181557303 446.600349110041 271 114.743681654399 134.80692555336
1722.9789077471 426.808209971745 229 14.5513803947665 80.5087652635978
1722.9789077471 426.808209971745 229 14.5513803947665 80.5087652635978
1749.79682875092 441.805241769268 233 90.6859178249999 210.398010973357
1722.9789077471 426.808209971745 229 14.5513803947665 80.5087652635978
1757.2537418688 443.624622115713 233 88.0495009088117 225.538556298852
1721.25262658815 451.602184159914 220 97.3891225311522 75.0870723001012
1719.32657430612 445.886205012279 206 101.212207246722 102.236626783501
1756.23780230775 443.739172684056 233 116.226611214238 127.27959051429
1720.47296554623 429.132376901957 240 81.7867586667817 52.7031696932318
1788.37662329014 453.809530023514 229 76.7993283077927 127.395311630872
1846.14547924722 455.101401391423 246 56.3749534134702 129.97905436669
1722.31664063934 441.376349146267 240 63.7468214755481 182.343533569804
1720.32255197146 447.129050564112 221 88.2060051575107 144.818731650262
1700.72512153665 439.741071844036 217 39.0855150639929 99.258395271916
1781.64439109555 448.39841153342 242 71.9477687888867 80.914547517523
1879.419164502 451.246223353437 254 118.335832532385 103.513183637979
1824.93635852218 457.904843946674 244 76.4808568034432 55.2211054055112
1579.29420369822 417.834532581249 213 38.3449544557408 95.123282735197
1709.02419077554 444.533996015842 221 86.9167538335883 92.1271302472042
1742.43448184449 453.227115686079 240 63.3571434084071 130.932700293189
1709.02419077554 444.533996015842 221 86.9167538335883 92.1271302472042
1571.77803276706 415.054257981466 213 35.6875867387474 92.3430081354134
0 0 0 0 0
0 0 0 0 0
0 0 0 0 0
0 0 0 0 0
70 10 3 24.7487373415292 0
0 0 0 0 0
70 10 3 24.7487373415292 0
60 10 25 21.2132034355964 0
130 20 28 3.53553390593274 0
60 10 7 21.2132034355964 0
70 10 9 24.7487373415292 0
70 10 16 24.7487373415292 0
70 10 7 24.7487373415292 0
60 10 11 21.2132034355964 0
70 10 3 24.7487373415292 0
70 10 6 24.7487373415292 0
0 0 0 0 0
0 0 0 0 0
0 0 0 0 0
0 0 0 0 0
0 0 0 0 0
0 0 0 0 0
928.907213460028 189.600098938829 109 285.99188799415 29.0198579901592
0 0 0 0 0
0 0 0 0 0
0 0 0 0 0
0 0 0 0 0
0 0 0 0 0
0 0 0 0 0
