1792.34609419759 451.089278420955 218 78.1769680221525 73.3094749187039
1799.7644559416 451.089278420955 229 80.7997549693958 73.3094749187039
1800.64307324678 450.114933049313 229 80.4891168421143 70.3864388037778
1797.05848317797 451.089278420955 225 76.5108869203431 73.3094749187039
1797.05848317797 451.089278420955 225 76.5108869203431 73.3094749187039
1799.7644559416 451.089278420955 229 80.7997549693958 73.3094749187039
1797.05848317797 451.089278420955 225 76.5108869203431 73.3094749187039
1799.7644559416 451.089278420955 229 80.7997549693958 73.3094749187039
1797.05848317797 451.089278420955 225 76.5108869203431 73.3094749187039
1797.05848317797 451.089278420955 225 76.5108869203431 73.3094749187039
1792.34609419759 451.089278420955 218 78.1769680221525 73.3094749187039
1783.13359520191 447.60084041711 218 74.9198577663926 130.316055287694
1728.45741781867 448.318488527801 221 55.5889098678688 65.7562687971824
1728.45741781867 448.318488527801 221 55.5889098678688 65.7562687971824
1690.14803511833 436.962448285147 215 69.1333220131093 127.744556682795
1728.45741781867 448.318488527801 221 55.5889098678688 65.7562687971824
1799.7644559416 451.089278420955 229 80.7997549693958 73.3094749187039
1799.7644559416 451.089278420955 229 80.7997549693958 73.3094749187039
1799.7644559416 451.089278420955 229 80.7997549693958 73.3094749187039
1783.88367186822 445.082992801413 229 75.1850499149724 107.924597569408
1799.7644559416 451.089278420955 229 80.7997549693958 73.3094749187039
1760.67989395312 447.352639396766 231 69.9832511362922 318.563143169801
1782.09093404186 450.795604402707 231 79.8332030960506 291.79192953049
1760.67989395312 447.352639396766 231 69.9832511362922 318.563143169801
1760.67989395312 447.352639396766 231 69.9832511362922 318.563143169801
1799.7644559416 451.089278420955 229 80.7997549693958 73.3094749187039
1788.01687681413 427.838604111303 229 115.814580550959 123.887521809928
1646.29059307296 443.436211108197 204 73.5302324954544 165.492126009652
1686.04782641518 436.25611452353 215 55.7539991310072 51.9022701965244
1703.97452920414 442.117359269052 217 43.4357777264254 86.2199028527745
1068.83426748013 212.540762861934 126 377.889979249879 78.0815257238689
0 0 0 0 0
70 10 8 24.7487373415292 0
60 10 16 21.2132034355964 0
0 0 0 0 0
60 10 16 21.2132034355964 0
70 10 8 24.7487373415292 0
0 0 0 0 0
262.204330385896 60.0499687890016 29 92.7032300361724 0
70 10 12 24.7487373415292 0
130 20 38 3.53553390593274 0
130 20 24 3.53553390593274 0
70 10 13 24.7487373415292 0
177.579420913378 47.8028775489157 33 62.7838063635149 0
1128.83426748013 222.540762861934 142 356.676775814282 78.0815257238689
70 10 6 24.7487373415292 0
0 0 0 0 0
763.375289875683 220.010380648446 117 269.893922030671 114.020761296891
1128.83426748013 222.540762861934 138 356.676775814282 78.0815257238689
763.375289875683 220.010380648446 117 269.893922030671 114.020761296891
1117.44568032058 225.792170561299 138 395.076709081148 141.204443608057
742.715644608484 208.830040760947 117 213.09215971494 84.8300407609466
1128.83426748013 222.540762861934 138 356.676775814282 101.450220509964
763.375289875683 220.010380648446 117 269.893922030671 114.020761296891
1112.75908124019 224.229970867838 139 393.419746085927 161.985459768635
0 0 0 0 0
1117.44568032058 225.792170561299 138 395.076709081148 141.204443608057
0 0 0 0 0
1117.44568032058 225.792170561299 138 395.076709081148 141.204443608057
0 0 0 0 0
1117.44568032058 225.792170561299 138 395.076709081148 141.204443608057
0 0 0 0 0
1117.44568032058 225.792170561299 138 395.076709081148 141.204443608057
0 0 0 0 0
1117.44568032058 225.792170561299 138 395.076709081148 141.204443608057
759.118255937073 219.678791979017 117 268.388833247805 113.357583958034
1117.44568032058 225.792170561299 138 395.076709081148 141.204443608057
0 0 0 0 0
1117.44568032058 225.792170561299 138 395.076709081148 141.204443608057
763.375289875683 220.010380648446 117 269.893922030671 114.020761296891
1117.44568032058 225.792170561299 138 395.076709081148 141.204443608057
763.375289875683 220.010380648446 117 269.893922030671 114.020761296891
1117.44568032058 225.792170561299 138 395.076709081148 141.204443608057
0 0 0 0 0
1117.44568032058 225.792170561299 138 395.076709081148 141.204443608057
770.941127101438 225.912972471241 143 272.568849434513 134.912972471241
1117.44568032058 225.792170561299 138 395.076709081148 141.204443608057
763.375289875683 220.010380648446 117 269.893922030671 114.020761296891
1876.81581924506 446.621004213713 255 126.598821749111 161.428129780828
1880.82097019626 445.802551209744 255 125.182787050477 255.225204904948
1880.82097019626 445.802551209744 255 125.182787050477 255.225204904948
1876.81581924506 446.621004213713 255 126.598821749111 161.428129780828
1880.82097019626 445.802551209744 255 125.182787050477 255.225204904948
1888.38680742202 451.70514303254 281 122.507859646635 276.117416079298
1880.82097019626 445.802551209744 255 125.182787050477 255.225204904948
1872.4700568148 445.261058435793 255 122.230293309911 253.600726583093
1880.82097019626 445.802551209744 255 125.182787050477 255.225204904948
1880.82097019626 445.802551209744 255 125.182787050477 255.225204904948
1880.82097019626 445.802551209744 255 125.182787050477 255.225204904948
1880.82097019626 445.802551209744 255 125.182787050477 255.225204904948
1880.82097019626 445.802551209744 255 125.182787050477 255.225204904948
1880.82097019626 445.802551209744 255 125.182787050477 255.225204904948
1880.82097019626 445.802551209744 255 125.182787050477 255.225204904948
1872.4700568148 445.261058435793 255 122.230293309911 253.600726583093
1872.4700568148 445.261058435793 255 122.230293309911 253.600726583093
1888.38680742202 451.70514303254 281 122.507859646635 276.117416079298
1872.4700568148 445.261058435793 255 122.230293309911 253.600726583093
1872.4700568148 445.261058435793 255 122.230293309911 253.600726583093
1880.82097019626 445.802551209744 255 125.182787050477 255.225204904948
1873.8006534641 443.6631159102 253 117.809075225246 253.04005475872
1888.38680742202 451.70514303254 281 122.507859646635 276.117416079298
1872.4700568148 445.261058435793 255 122.230293309911 253.600726583093
1887.73881509845 451.18078300932 255 122.736959529709 275.593056056078
1888.38680742202 451.70514303254 281 122.507859646635 276.117416079298
1873.8006534641 443.6631159102 253 117.809075225246 253.04005475872
1880.82097019626 445.802551209744 255 125.182787050477 255.225204904948
1873.8006534641 443.6631159102 253 117.809075225246 253.04005475872
1880.82097019626 445.802551209744 255 125.182787050477 255.225204904948
1880.82097019626 445.802551209744 255 125.182787050477 255.225204904948
1887.73881509845 451.18078300932 255 122.736959529709 275.593056056078
1887.73881509845 451.18078300932 255 122.736959529709 275.593056056078
1862.93905681794 444.991761469566 257 63.7401612348113 230.352217725226
1862.93905681794 444.991761469566 257 63.7401612348113 230.352217725226
1862.93905681794 444.991761469566 257 63.7401612348113 230.352217725226
1862.93905681794 444.991761469566 257 63.7401612348113 230.352217725226
1862.93905681794 444.991761469566 257 63.7401612348113 230.352217725226
1862.93905681794 444.991761469566 257 63.7401612348113 230.352217725226
1862.93905681794 444.991761469566 257 63.7401612348113 230.352217725226
1862.93905681794 444.991761469566 257 63.7401612348113 230.352217725226
1862.93905681794 444.991761469566 257 63.7401612348113 230.352217725226
1862.93905681794 444.991761469566 257 63.7401612348113 230.352217725226
1960.33422179833 454.342862328712 284 97.0706073494702 227.09927152715
1932.17839526547 445.817049408125 278 97.6435989236274 195.207405013871
1960.33422179833 454.342862328712 284 97.0706073494702 227.09927152715
1806.44210726142 444.32064454344 229 98.8858878713895 247.551003535471
1763.30323648326 430.056890005097 229 83.6339938414064 230.80495030752
1862.93905681794 444.991761469566 257 63.7401612348113 230.352217725226
1806.44210726142 444.32064454344 229 98.8858878713895 247.551003535471
1862.93905681794 444.991761469566 257 63.7401612348113 230.352217725226
1806.44210726142 444.32064454344 229 98.8858878713895 247.551003535471
1862.93905681794 444.991761469566 257 63.7401612348113 230.352217725226
1805.50328950043 446.102100392173 229 98.5539656688457 232.57289557044
1806.44210726142 444.32064454344 229 98.8858878713895 247.551003535471
1697.57442395299 440.579414868106 215 94.7553487191677 132.761932933423
1680.71193544769 429.622284101582 215 100.717138704057 166.885854955108
1674.78118452643 432.534643703568 215 45.8533808678865 208.187262478694
1704.54939873866 446.162471203034 215 92.289322734394 237.20659498128
1806.44210726142 444.32064454344 229 98.8858878713895 247.551003535471
1784.98701877077 438.521211058271 229 91.3003685900435 217.411116902637
1806.44210726142 444.32064454344 229 98.8858878713895 247.551003535471
1809.60520435432 444.018529194987 247 66.3705394153332 261.117355505127
1599.51039272678 409.878081056914 215 17.1575916863692 162.884507996265
1820.10995479756 448.385361612086 229 106.239924527185 181.521044798602
1813.64664883377 447.647721398357 247 64.94167301673 234.374731510609
1813.64664883377 447.647721398357 247 64.94167301673 234.374731510609
1735.35528865577 433.906830774282 217 73.7529021268731 203.220252838447
1818.97102414392 445.895711658251 229 106.642597321431 247.15409041042
1684.87397440795 433.288168003328 215 99.2456357178761 198.58368538216
1680.71193544769 429.622284101582 215 100.717138704057 166.885854955108
1697.57442395299 440.579414868106 215 94.7553487191677 132.761932933423
1684.87397440795 433.288168003328 215 99.2456357178761 198.58368538216
1680.71193544769 429.622284101582 215 100.717138704057 166.885854955108
1789.12800094048 456.473664078093 233 78.280400820881 320.912191439188
1598.55273556561 425.876777020411 205 55.8637588201998 276.725567789029
1761.75156878764 440.39700034733 233 80.5079718472635 288.758863977662
1778.59004602072 451.393005495379 233 74.5546711290804 310.75087427376
1761.75156878764 440.39700034733 233 80.5079718472635 288.758863977662
1778.59004602072 451.393005495379 233 74.5546711290804 310.75087427376
1778.59004602072 451.393005495379 233 74.5546711290804 310.75087427376
1702.19584741979 442.902357433684 224 92.5071324278819 310.776728615574
1775.60881609396 451.961571651637 233 75.6086950778273 334.492394275554
1749.87698228386 446.154467675935 233 63.6118569739372 310.65645670868
1598.55273556561 425.876777020411 205 55.8637588201998 276.725567789029
1762.98428068251 441.362872031591 233 80.0721423772088 335.173599315458
1792.43215992775 452.883008365539 264 67.4446245122219 326.47356050482
1792.43215992775 452.883008365539 264 67.4446245122219 326.47356050482
1758.87938969672 449.158949119214 224 71.8914760670062 306.141603855306
1732.62837092221 439.853867313599 229 90.8045771975056 201.551547412546
1793.34054241114 444.011442623884 229 93.0870750579057 275.004808572036
0 0 0 0 0
0 0 0 0 0
0 0 0 0 0
0 0 0 0 0
60 10 18 21.2132034355964 0
0 0 0 0 0
0 0 0 0 0
70 10 14 24.7487373415292 0
203.993953638405 61.0365690573664 45 72.1227539693852 0
130 20 25 3.53553390593274 0
178.281007086973 48.8444102037119 23 63.0318545339829 0
60 10 18 21.2132034355964 0
60 10 9 21.2132034355964 0
0 0 0 0 0
0 0 0 0 0
693.79625863122 204.542386533155 98 245.294019619996 147.04963634931
0 0 0 0 0
0 0 0 0 0
0 0 0 0 0
695.20264477407 208.845294718526 88 245.791252209284 109.845294718526
0 0 0 0 0
0 0 0 0 0
693.79625863122 204.542386533155 98 245.294019619996 147.04963634931
0 0 0 0 0
693.79625863122 204.542386533155 98 245.294019619996 147.04963634931
0 0 0 0 0
0 0 0 0 0
693.79625863122 204.542386533155 98 245.294019619996 147.04963634931
0 0 0 0 0
693.79625863122 204.542386533155 98 245.294019619996 147.04963634931
0 0 0 0 0
