1637.02400573779 430.78161776431 201 90.8837202383025 118.437830381685
1653.15116523223 438.007298538516 186 85.1819083184038 154.116876099627
1646.48846449193 437.032142658559 193 87.5375287556446 152.166564339713
1677.56510351334 452.57046216926 196 76.5502776613846 183.243203361116
1870.36003759461 455.761295740396 257 95.652104571211 155.16011285654
1695.82042881054 443.931090924947 209 55.6616493527647 194.779502474553
1870.36003759461 455.761295740396 257 95.652104571211 155.16011285654
1637.02400573779 430.78161776431 201 90.8837202383025 118.437830381685
1646.48846449193 437.032142658559 193 87.5375287556446 152.166564339713
1677.56510351334 452.57046216926 196 76.5502776613846 183.243203361116
1799.75094433992 459.106748193303 230 71.345302061392 141.318269911518
1718.06920370343 442.551946907499 215 111.929086920721 174.758187728698
1677.56510351334 452.57046216926 196 76.5502776613846 183.243203361116
1637.02400573779 430.78161776431 201 90.8837202383025 118.437830381685
1701.29490198013 439.283399290379 215 60.1827452010182 160.964585796359
1720.19704190255 448.183431001628 215 69.8042330799778 158.21210252903
1601.47998960433 436.864847389974 178 103.450427657588 135.804716884405
1771.28454782143 454.291545480631 222 78.2505072526298 191.595221213768
1720.19704190255 448.183431001628 215 69.8042330799778 158.21210252903
1646.48846449193 437.032142658559 193 87.5375287556446 152.166564339713
1720.19704190255 448.183431001628 215 69.8042330799778 158.21210252903
1720.19704190255 448.183431001628 215 69.8042330799778 158.21210252903
1720.19704190255 448.183431001628 215 69.8042330799778 158.21210252903
1720.19704190255 448.183431001628 215 69.8042330799778 158.21210252903
1637.41411592521 440.078822766895 188 74.1231080305005 108.078822766895
1638.30935990514 436.95701301676 196 88.2910119106395 107.987940025525
1637.41411592521 440.078822766895 188 74.1231080305005 108.078822766895
1643.73136509727 435.385542042904 194 86.3740435911475 55.4164690516686
944.017026432242 223.260392922358 94 333.760420472899 51.2913199311229
0 0 0 0 0
0 0 0 0 0
0 0 0 0 0
0 0 0 0 0
0 0 0 0 0
944.017026432242 223.260392922358 94 333.760420472899 51.2913199311229
0 0 0 0 0
944.017026432242 223.260392922358 94 333.760420472899 51.2913199311229
60 10 13 21.2132034355964 0
944.017026432242 223.260392922358 94 333.760420472899 51.2913199311229
70 10 8 24.7487373415292 0
944.017026432242 223.260392922358 94 333.760420472899 51.2913199311229
202.600225372424 60.6078810084939 11 71.6299966153819 0
1004.01702643224 233.260392922358 100 312.547217037303 51.2913199311229
70 10 27 24.7487373415292 0
0 0 0 0 0
0 0 0 0 0
944.017026432242 223.260392922358 94 333.760420472899 51.2913199311229
710.392426087701 218.495097567964 102 201.66417621203 74.9901951359278
944.017026432242 223.260392922358 94 333.760420472899 51.2913199311229
711.427500789233 220.921504439157 102 251.527605065332 99.8430088783135
0 0 0 0 0
711.427500789233 220.921504439157 102 251.527605065332 99.8430088783135
944.017026432242 223.260392922358 94 333.760420472899 51.2913199311229
0 0 0 0 0
0 0 0 0 0
711.427500789233 220.921504439157 102 251.527605065332 99.8430088783135
0 0 0 0 0
711.427500789233 220.921504439157 102 251.527605065332 99.8430088783135
944.017026432242 223.260392922358 94 333.760420472899 51.2913199311229
711.427500789233 220.921504439157 102 251.527605065332 99.8430088783135
0 0 0 0 0
711.427500789233 220.921504439157 102 251.527605065332 99.8430088783135
998.269553211562 221.713087738337 144 352.94158526398 104.245835589174
711.427500789233 220.921504439157 102 251.527605065332 99.8430088783135
0 0 0 0 0
723.479980887771 228.438770282993 102 255.788800269228 50.7227810917604
998.269553211562 221.713087738337 144 352.94158526398 104.245835589174
0 0 0 0 0
944.017026432242 223.260392922358 94 333.760420472899 51.2913199311229
0 0 0 0 0
998.269553211562 221.713087738337 144 352.94158526398 104.245835589174
0 0 0 0 0
944.017026432242 223.260392922358 94 333.760420472899 51.2913199311229
711.427500789233 220.921504439157 102 251.527605065332 99.8430088783135
944.017026432242 223.260392922358 94 333.760420472899 51.2913199311229
823.303628421175 223.249458590712 84 291.081789316051 15.2494585907123
1802.11870753157 450.674755994976 229 73.4531808259311 178.725351461511
1802.11870753157 450.674755994976 229 73.4531808259311 178.725351461511
1827.59334999595 448.78220644155 228 63.988246884686 100.314954292388
1802.11870753157 450.674755994976 229 73.4531808259311 178.725351461511
1802.11870753157 450.674755994976 229 73.4531808259311 178.725351461511
1827.59334999595 448.78220644155 228 63.988246884686 100.314954292388
1826.96892088959 447.903128254942 228 59.9521140389108 122.43587610578
1813.24501919093 454.383526548094 229 77.3869260378928 186.142892567746
1802.11870753157 450.674755994976 229 73.4531808259311 178.725351461511
1821.57318163274 444.962546329049 228 61.8597959479291 119.495294179887
1821.57318163274 444.962546329049 228 61.8597959479291 119.495294179887
1655.44452722147 444.181897361515 196 82.2328154075669 151.134328809436
1802.11870753157 450.674755994976 229 73.4531808259311 178.725351461511
1802.11870753157 450.674755994976 229 73.4531808259311 178.725351461511
1821.57318163274 444.962546329049 228 61.8597959479291 119.495294179887
1802.11870753157 450.674755994976 229 73.4531808259311 178.725351461511
1821.57318163274 444.962546329049 228 61.8597959479291 119.495294179887
1655.44452722147 444.181897361515 196 82.2328154075669 151.134328809436
1655.44452722147 444.181897361515 196 82.2328154075669 151.134328809436
1821.57318163274 444.962546329049 228 61.8597959479291 119.495294179887
1821.57318163274 444.962546329049 228 61.8597959479291 119.495294179887
1821.57318163274 444.962546329049 228 61.8597959479291 119.495294179887
1771.40069387124 439.620998682731 233 62.5927229440289 156.617836837021
1821.57318163274 444.962546329049 228 61.8597959479291 119.495294179887
1821.57318163274 444.962546329049 228 61.8597959479291 119.495294179887
1771.40069387124 439.620998682731 233 62.5927229440289 156.617836837021
1771.40069387124 439.620998682731 233 62.5927229440289 156.617836837021
1655.44452722147 444.181897361515 196 82.2328154075669 151.134328809436
1802.11870753157 450.674755994976 229 73.4531808259311 178.725351461511
1795.45042245387 448.156908379279 229 71.0955860272676 173.689656230117
1629.56608884879 432.583232593449 196 86.4604385454388 127.011705712672
1655.44452722147 444.181897361515 196 82.2328154075669 151.134328809436
1655.44452722147 444.181897361515 196 82.2328154075669 151.134328809436
1648.48407001331 442.266941860571 196 79.7719221615412 146.379124246916
1640.61354914257 435.497846543663 196 87.4763579931786 133.766227173733
1655.44452722147 444.181897361515 196 82.2328154075669 151.134328809436
1640.61354914257 435.497846543663 196 87.4763579931786 133.766227173733
1655.44452722147 444.181897361515 196 82.2328154075669 151.134328809436
1586.70534496058 432.163225482626 188 106.535786362516 103.194152491391
1586.70534496058 432.163225482626 188 106.535786362516 103.194152491391
1586.70534496058 432.163225482626 188 106.535786362516 103.194152491391
1586.70534496058 432.163225482626 188 106.535786362516 103.194152491391
1746.44946593436 452.258563465339 210 53.7711317074809 181.892966402235
1665.73415745317 440.603692095239 207 123.265256170274 136.049927087841
1599.34194764326 438.808321297652 195 99.7920652829981 160.86008406912
1746.44946593436 452.258563465339 210 53.7711317074809 181.892966402235
1746.44946593436 452.258563465339 210 53.7711317074809 181.892966402235
1699.56753968058 439.223084807467 208 37.3652126956285 155.822009086493
1746.44946593436 452.258563465339 210 53.7711317074809 181.892966402235
1665.73415745317 440.603692095239 207 123.265256170274 136.049927087841
1720.3888802648 453.277020937268 211 103.941893608289 113.254404501659
1602.56070811343 439.130463817426 188 100.930068960736 131.630242254402
1650.43306677872 433.221745020821 207 128.675008658001 107.199128585212
1650.43306677872 433.221745020821 207 128.675008658001 107.199128585212
1650.43306677872 433.221745020821 207 128.675008658001 107.199128585212
1686.88495799914 437.884556495078 215 60.3776948371421 111.732062026381
1698.25563647215 440.482092627279 208 37.8290405230996 157.081016906305
1665.73415745317 440.603692095239 207 123.265256170274 136.049927087841
1698.25563647215 440.482092627279 208 37.8290405230996 157.081016906305
1656.27167255489 434.867733407027 207 126.610749789501 124.578009711416
1792.34609419759 451.089278420955 218 78.1769680221525 73.3094749187039
1799.7644559416 451.089278420955 229 80.7997549693958 73.3094749187039
1800.64307324678 450.114933049313 229 80.4891168421143 70.3864388037778
1797.05848317797 451.089278420955 225 76.5108869203431 73.3094749187039
1797.05848317797 451.089278420955 225 76.5108869203431 73.3094749187039
1799.7644559416 451.089278420955 229 80.7997549693958 73.3094749187039
1797.05848317797 451.089278420955 225 76.5108869203431 73.3094749187039
1799.7644559416 451.089278420955 229 80.7997549693958 73.3094749187039
1797.05848317797 451.089278420955 225 76.5108869203431 73.3094749187039
1797.05848317797 451.089278420955 225 76.5108869203431 73.3094749187039
1792.34609419759 451.089278420955 218 78.1769680221525 73.3094749187039
1783.13359520191 447.60084041711 218 74.9198577663926 130.316055287694
1728.45741781867 448.318488527801 221 55.5889098678688 65.7562687971824
1728.45741781867 448.318488527801 221 55.5889098678688 65.7562687971824
1690.14803511833 436.962448285147 215 69.1333220131093 127.744556682795
1728.45741781867 448.318488527801 221 55.5889098678688 65.7562687971824
1799.7644559416 451.089278420955 229 80.7997549693958 73.3094749187039
1799.7644559416 451.089278420955 229 80.7997549693958 73.3094749187039
1799.7644559416 451.089278420955 229 80.7997549693958 73.3094749187039
1783.88367186822 445.082992801413 229 75.1850499149724 107.924597569408
1799.7644559416 451.089278420955 229 80.7997549693958 73.3094749187039
1760.67989395312 447.352639396766 231 69.9832511362922 318.563143169801
1760.67989395312 447.352639396766 231 69.9832511362922 318.563143169801
1760.67989395312 447.352639396766 231 69.9832511362922 318.563143169801
1799.7644559416 451.089278420955 229 80.7997549693958 73.3094749187039
1788.01687681413 427.838604111303 229 115.814580550959 123.887521809928
1646.29059307296 443.436211108197 204 73.5302324954544 165.492126009652
1686.04782641518 436.25611452353 215 55.7539991310072 51.9022701965244
1703.97452920414 442.117359269052 217 43.4357777264254 86.2199028527745
1068.83426748013 212.540762861934 126 377.889979249879 78.0815257238689
0 0 0 0 0
70 10 8 24.7487373415292 0
60 10 16 21.2132034355964 0
0 0 0 0 0
60 10 16 21.2132034355964 0
70 10 8 24.7487373415292 0
0 0 0 0 0
262.204330385896 60.0499687890016 29 92.7032300361724 0
70 10 12 24.7487373415292 0
130 20 38 3.53553390593274 0
130 20 24 3.53553390593274 0
70 10 13 24.7487373415292 0
177.579420913378 47.8028775489157 33 62.7838063635149 0
1128.83426748013 222.540762861934 142 356.676775814282 78.0815257238689
70 10 6 24.7487373415292 0
0 0 0 0 0
763.375289875683 220.010380648446 117 269.893922030671 114.020761296891
1128.83426748013 222.540762861934 138 356.676775814282 78.0815257238689
763.375289875683 220.010380648446 117 269.893922030671 114.020761296891
742.715644608484 208.830040760947 117 213.09215971494 84.8300407609466
1128.83426748013 222.540762861934 138 356.676775814282 101.450220509964
763.375289875683 220.010380648446 117 269.893922030671 114.020761296891
0 0 0 0 0
0 0 0 0 0
0 0 0 0 0
0 0 0 0 0
0 0 0 0 0
759.118255937073 219.678791979017 117 268.388833247805 113.357583958034
0 0 0 0 0
763.375289875683 220.010380648446 117 269.893922030671 114.020761296891
763.375289875683 220.010380648446 117 269.893922030671 114.020761296891
0 0 0 0 0
770.941127101438 225.912972471241 143 272.568849434513 134.912972471241
763.375289875683 220.010380648446 117 269.893922030671 114.020761296891
