8030.02173815951 1997.89521684094 1290 612.77502821927 2593.56527163042
7946.47940062226 1995.89133696181 1188 183.807227236117 2514.25905946553
8059.93969010823 1991.77764285137 1299 623.352621570347 2794.23878894468
7983.78424075728 1986.1333741168 1264 596.427604240166 2645.22460187442
7984.62625656149 1988.42421125472 1229 170.32027697833 2627.37701825641
8556.83683023564 1982.90440505552 1448 346.730939257425 3363.00206830308
8494.19394954848 1997.67187055991 1412 368.878542120899 3430.49796254065
7889.05578977753 1988.79476500734 1181 204.109539550379 2459.36386677584
8060.32742509251 1988.30793492755 1314 627.140219895389 2711.47474778712
7983.61567053769 1994.82753403852 1229 600.018518974171 2905.18014788491
7983.61567053769 1994.82753403852 1229 600.018518974171 2905.18014788491
7938.17150455267 1996.20484308085 1181 583.951580007483 3108.9513984038
7997.43446208874 1989.36673713536 1264 152.128226516316 2142.36447652921
7854.14622070962 1990.19752571933 1154 304.948781665958 2265.22894722648
8219.78274038152 1989.81834877972 1317 240.255369906322 2752.81537704507
7854.14622070962 1990.19752571933 1154 304.948781665958 2265.22894722648
7944.69039764808 1979.0939070199 1229 170.776069332982 2321.83156698209
7752.9505207718 1991.93819812983 1122 340.726864492432 2763.75253473622
7713.16763730387 1986.7650160003 1096 379.752541391104 2244.52986965577
7752.9505207718 1991.93819812983 1122 340.726864492432 2763.75253473622
7533.3916564745 1984.66386357208 1057 316.192133821647 1876.22802708217
7618.29430896504 1983.59153609005 1065 388.004691974998 2896.37368018432
7383.8589481952 1977.2817342973 1003 412.506868132903 2536.21684957416
7258.26637814888 1984.10275025449 956 368.103189159702 2067.10468848463
7425.60732103947 1993.28152511237 1003 423.749702763703 2379.80647843294
7346.7453826148 1984.72123939045 972 399.385241184946 2190.3800427297
7201.32030222619 1960.93281729672 956 347.969710936253 1957.83633097452
7474.99301724605 1989.0976449436 1003 444.727627244393 2060.40195506489
7238.88070287964 1976.71124202583 936 433.981146002404 1671.67018922926
7320.80613941484 1984.56220144432 987 390.214333802178 2447.43687718588
7239.86610376883 1974.96221356903 956 361.597709764791 1941.41710583289
7162.93451887069 1942.20925851436 885 464.814098067952 2407.49605453718
7152.65854654179 1980.7683552799 866 490.86590763804 2328.37032014022
7338.10216733546 1983.11838676311 997 396.329403117309 2269.10932598264
7371.54584958173 1982.69521985305 975 377.950684030018 1383.08036784016
7222.31772497448 1962.58505764797 952 379.962044100262 1706.30123606465
7257.31615302654 1984.33416651766 946 361.291651000128 1719.24377837779
7208.899646339 1979.23980186686 876 492.480795672013 1657.91518223683
7323.50316958185 1985.80704184512 961 391.167877962255 2304.76960272046
7265.98163109204 1987.03365056475 922 267.06245828487 1103.60196163544
7206.07001254876 1985.67840198278 922 343.173404279391 1768.47320031779
7260.07182507216 1984.75744079746 936 368.862587726406 1687.03398043589
7260.2430533628 1983.75732885488 936 368.802049383686 1697.81654993366
7126.58953307499 1987.01573143479 868 217.779909409035 1134.49294024512
70 10 23 24.7487373415292 0
0 0 0 0 0
0 0 0 0 0
0 0 0 0 0
70 10 14 24.7487373415292 0
60 10 8 21.2132034355964 0
4562.55106562387 999.489086933091 643 1613.10539900628 1387.52195585514
0 0 0 0 0
70 10 18 24.7487373415292 0
130 20 31 3.53553390593274 0
60 10 18 21.2132034355964 0
70 10 8 24.7487373415292 0
4622.55106562387 1009.48908693309 651 1591.89219557068 1387.52195585514
60 10 19 21.2132034355964 0
70 10 14 24.7487373415292 0
70 10 3 24.7487373415292 0
4562.55106562387 999.489086933091 643 1613.10539900628 1387.52195585514
0 0 0 0 0
4562.55106562387 999.489086933091 643 1613.10539900628 1387.52195585514
0 0 0 0 0
4562.55106562387 999.489086933091 643 1613.10539900628 1387.52195585514
3507.96682110989 992.179036091819 668 1240.25356369211 960.977559310996
0 0 0 0 0
4092.76251551172 958.588927450469 456 1447.01006425222 882.477014935021
3582.57008406768 995.039346560798 700 1266.62980026016 849.366826266731
3582.57008406768 995.039346560798 700 1266.62980026016 849.366826266731
3507.96682110989 992.179036091819 668 1240.25356369211 960.977559310996
3582.57008406768 995.039346560798 700 1266.62980026016 849.366826266731
3582.57008406768 995.039346560798 700 1266.62980026016 849.366826266731
3582.57008406768 995.039346560798 700 1266.62980026016 849.366826266731
0 0 0 0 0
0 0 0 0 0
3582.57008406768 995.039346560798 700 1266.62980026016 849.366826266731
3507.96682110989 992.179036091819 668 1240.25356369211 960.977559310996
3010.07971602185 997.596168297346 467 1064.22388955556 15.5961682973461
3582.57008406768 995.039346560798 700 1266.62980026016 849.366826266731
7194.21383066967 1987.40003666021 914 415.090913375156 1035.73681524482
8070.51788673376 1991.66812302491 1311 372.851835314166 2348.49951516614
8070.51788673376 1991.66812302491 1311 372.851835314166 2348.49951516614
7809.32079167044 1994.85995570386 1166 227.752243605317 1919.59117711518
7809.32079167044 1994.85995570386 1166 227.752243605317 1919.59117711518
7809.32079167044 1994.85995570386 1166 227.752243605317 1919.59117711518
7194.21383066967 1987.40003666021 914 415.090913375156 1035.73681524482
8070.51788673376 1991.66812302491 1311 372.851835314166 2348.49951516614
7809.32079167044 1994.85995570386 1166 227.752243605317 1919.59117711518
7194.21383066967 1987.40003666021 914 415.090913375156 1035.73681524482
7194.21383066967 1987.40003666021 914 415.090913375156 1035.73681524482
7194.21383066967 1987.40003666021 914 415.090913375156 1035.73681524482
7194.21383066967 1987.40003666021 914 415.090913375156 1035.73681524482
7194.21383066967 1987.40003666021 914 415.090913375156 1035.73681524482
7194.21383066967 1987.40003666021 914 415.090913375156 1035.73681524482
7194.21383066967 1987.40003666021 914 415.090913375156 1035.73681524482
7194.21383066967 1987.40003666021 914 415.090913375156 1035.73681524482
8070.51788673376 1991.66812302491 1311 372.851835314166 2348.49951516614
7809.32079167044 1994.85995570386 1166 227.752243605317 1919.59117711518
8070.51788673376 1991.66812302491 1311 372.851835314166 2348.49951516614
7194.21383066967 1987.40003666021 914 415.090913375156 1035.73681524482
7809.32079167044 1994.85995570386 1166 227.752243605317 1919.59117711518
8070.51788673376 1991.66812302491 1311 372.851835314166 2348.49951516614
7809.32079167044 1994.85995570386 1166 227.752243605317 1919.59117711518
8070.51788673376 1991.66812302491 1311 372.851835314166 2348.49951516614
7809.32079167044 1994.85995570386 1166 227.752243605317 1919.59117711518
7809.32079167044 1994.85995570386 1166 227.752243605317 1919.59117711518
7809.32079167044 1994.85995570386 1166 227.752243605317 1919.59117711518
7809.32079167044 1994.85995570386 1166 227.752243605317 1919.59117711518
7194.21383066967 1987.40003666021 914 415.090913375156 1035.73681524482
7194.21383066967 1987.40003666021 914 415.090913375156 1035.73681524482
8070.51788673376 1991.66812302491 1311 372.851835314166 2348.49951516614
8070.51788673376 1991.66812302491 1311 372.851835314166 2348.49951516614
7809.32079167044 1994.85995570386 1166 227.752243605317 1919.59117711518
7194.21383066967 1987.40003666021 914 415.090913375156 1035.73681524482
7194.21383066967 1987.40003666021 914 415.090913375156 1035.73681524482
7809.32079167044 1994.85995570386 1166 227.752243605317 1919.59117711518
7194.21383066967 1987.40003666021 914 415.090913375156 1035.73681524482
7809.32079167044 1994.85995570386 1166 227.752243605317 1919.59117711518
8070.51788673376 1991.66812302491 1311 372.851835314166 2348.49951516614
7809.32079167044 1994.85995570386 1166 227.752243605317 1919.59117711518
7809.32079167044 1994.85995570386 1166 227.752243605317 1919.59117711518
7194.21383066967 1987.40003666021 914 415.090913375156 1035.73681524482
8070.51788673376 1991.66812302491 1311 372.851835314166 2348.49951516614
7194.21383066967 1987.40003666021 914 415.090913375156 1035.73681524482
8079.06369724332 1994.77406754845 1311 369.830435033143 2364.10766278346
8079.06369724332 1994.77406754845 1311 369.830435033143 2364.10766278346
8316.17113572721 1990.08515587326 1354 459.703374406054 2859.59929115047
7809.32079167044 1994.85995570386 1166 227.752243605317 1919.59117711518
8079.06369724332 1994.77406754845 1311 369.830435033143 2364.10766278346
8070.51788673376 1991.66812302491 1311 372.851835314166 2348.49951516614
8286.35402140635 1991.40613394711 1276 801.220780813295 2516.03776852245
8374.25162228687 1980.44043288854 1381 480.237927356529 3086.40648506469
7774.92007720278 1995.77522095216 1063 620.401575775631 674.336223207574
7891.68754522665 1985.74968226568 1200 309.625761733374 2364.77076358404
7981.74243988263 1989.87993465236 1134 693.524323351604 1090.59008748586
7779.61556533112 1989.40772334627 1140 238.254627095924 2173.83045918223
7981.74243988263 1989.87993465236 1134 693.524323351604 1090.59008748586
7809.32079167044 1994.85995570386 1166 227.752243605317 1919.59117711518
7809.32079167044 1994.85995570386 1166 227.752243605317 1919.59117711518
8007.09688393161 1986.24305114808 1276 350.42912473864 2523.1158833822
7835.52421846121 1975.97291363017 1229 256.586524492034 2008.87042899535
7829.62794504091 1988.62582926515 1181 258.671171951644 2773.8771236391
8436.38961275529 1985.50492201324 1401 502.207024571291 3206.35567682227
7829.62794504091 1988.62582926515 1181 258.671171951644 2773.8771236391
7734.71752871265 1991.99964523488 1134 254.128480173366 2031.20191015944
7829.75766875459 1988.71081258621 1181 258.625307692832 2809.51936505617
7194.21383066967 1987.40003666021 914 415.090913375156 1035.73681524482
7733.14199201158 1998.19562511033 1111 254.685516516031 2460.32487327203
7263.96865184947 1977.77189001629 932 439.752966913503 521.744443359474
7038.44981458722 1972.02413821925 839 184.324414807686 441.976540188896
7335.89321261493 1978.67879027441 934 487.504211545407 762.543863406526
6999.21731333994 1986.03126113618 823 198.195198645117 870.13024067071
7219.85399654752 1984.62341147326 915 424.156080956643 976.395563755756
7039.27201386988 1975.51797451847 839 184.033723463557 791.826243617197
7153.98951656303 1984.91718886282 901 400.869470738467 1109.47149805419
7194.21383066967 1987.40003666021 914 415.090913375156 1035.73681524482
7316.98277476292 1979.74460856404 922 484.469139868367 340.023786698331
7194.21383066967 1987.40003666021 914 415.090913375156 1035.73681524482
7116.80383845684 1983.81256599513 877 240.871507268258 844.321252136114
7353.71393155639 1988.26152814212 934 471.482714843624 348.540706276414
7072.67739238585 1979.99307839322 865 219.346016003719 1230.37373178532
7134.33721610519 1928.55830482143 875 549.04409640861 485.674157047023
7068.6349474382 1980.15687465741 865 217.916795886192 1212.8982078245
7196.57700172442 1979.48606039652 872 527.039009173132 405.625487260391
7172.27472555439 1990.60028055747 897 246.580067022149 1378.86355818605
7249.01938241903 1987.0145148287 877 508.49782766777 558.479522038223
6997.65716145153 1978.44789421745 826 198.746795635106 707.863160445174
6959.06930857543 1986.08569369117 818 413.582643486688 2036.47758740409
7144.74129035881 1991.4657754259 877 207.766943054858 990.993071991342
7129.57840153291 1987.33348901056 868 196.370031056541 1049.47854331243
8380.01780545811 1952.72701085058 1448 46.4728659216449 6504.69436305802
8391.62865205474 1987.18279633585 1378 50.5779201035437 6413.29438474375
8382.55701864954 1992.20951234423 1398 17.7123197543586 6170.60377635648
7613.85589385023 1978.60983401804 1051 12.7325281574937 4716.14586422133
7736.50797726673 1990.56230992368 1082 30.6315317977377 4835.53587599311
7582.75434191982 1981.94716122113 1036 23.7285872952033 4476.72633906142
7630.91429508304 1982.26015013833 1051 6.70147256353489 4620.61909472567
8053.8255824722 1993.04378981502 1299 123.546847426334 6049.82251662302
8433.57181310149 1990.51805010642 1389 35.7487733032652 6288.64263292347
7838.3794044891 1994.94754870177 1122 65.0572557354318 5319.91236824139
8041.73537652545 1987.38065497116 1299 119.272314120888 6029.09644652358
8123.91102106187 1989.23942181096 1317 90.2188363708488 6213.07205279541
7074.47341490679 1977.94806411442 877 263.914329296491 4556.56076941504
7385.32113593577 1989.58226082919 989 75.2605986305254 5166.98655741494
8041.73537652545 1987.38065497116 1299 119.272314120888 6029.09644652358
7353.54969616581 1983.2894406434 1051 362.582694769778 6003.16093081454
7820.34148522992 1989.77263896245 1099 60.2711527834513 4350.7023288647
7582.75434191982 1981.94716122113 1036 23.7285872952033 4476.72633906142
7353.54969616581 1983.2894406434 1051 362.582694769778 6003.16093081454
7636.73542124973 1986.67782631534 1051 4.64339367022906 4369.77343597054
7054.03487842216 1973.36277973897 877 248.135911741058 4787.96111835283
7037.92816918869 1986.53809409569 858 250.993633762792 4742.39906962195
6988.93994458644 1984.08916129593 840 233.673680855522 4540.77010956262
6995.71222575884 1987.56321358265 833 236.068043826075 4502.33318611053
6995.02574987264 1977.87625780339 858 235.825337948948 4494.60516060908
7085.52811510603 1966.5282540593 877 181.253437621079 4357.9168494075
6963.10061092119 1982.11718911933 840 224.538096827502 4589.39812262792
7054.03487842216 1973.36277973897 877 248.135911741058 4787.96111835283
7042.71581475575 1989.93043719731 868 252.686322085984 4795.91692541186
