7492.28145532787 1981.95593635621 1043 186.014787978236 2335.33975443792
8380.00383725355 1984.79176825334 1389 451.720031341766 3307.21583722024
7919.76507689332 1988.59227823608 1188 34.8765041506766 2181.50926752857
8399.12531988213 1993.32343774637 1389 444.959566325264 3229.50579600619
7760.87403261988 1986.62211372624 1170 219.303659663175 2691.39815859687
8557.81056095547 1988.16058988813 1448 501.063271343855 3660.48995501887
7760.87403261988 1986.62211372624 1170 219.303659663175 2691.39815859687
7741.32962678987 1984.60053260784 1170 226.213650611507 2664.61878027302
8272.38888289079 1990.462598545 1318 517.908782764928 2342.01050194412
7928.77759170858 1986.54279345071 1290 159.940787054689 2442.17225638932
7112.2136301575 1955.44998654808 877 365.514252905473 1371.71820885601
7741.32962678987 1984.60053260784 1170 226.213650611507 2664.61878027302
7331.80646435149 1993.59023418124 922 444.801900799304 1718.67367123418
6976.08334863453 1927.69662626947 860 381.065391071628 1507.69390078391
7112.2136301575 1955.44998654808 877 365.514252905473 1371.71820885601
7224.72515395428 1975.1683852098 934 280.610225503464 1784.85025722526
7412.96618041181 1988.10182737934 994 214.056972350647 2406.78123289293
7097.02383239205 1947.22412449937 877 360.143848403074 1424.75977713062
7247.28412446174 1984.16212887459 941 274.530040521122 1707.35596427865
7261.44143046875 1994.88261818119 933 311.595205239474 1512.70369893457
7201.93246555743 1992.76639967953 877 397.2346513612 1706.98505989933
7516.9799358184 1989.59064248844 1043 401.94171023298 1465.63444109033
7210.83610151462 1973.39105253853 939 287.416362614497 1608.66703104456
7526.39602187076 1994.7487861484 1043 405.270799382913 1551.12351414368
7194.34937011122 1982.99957974032 910 293.60774492945 1715.138874627
7337.14135698446 1986.73781741148 964 243.123153820865 2157.5829195731
7223.15522098184 1981.39971889872 913 283.423338685218 1695.46865470934
7431.7000531969 1984.84169238632 1009 371.790718582755 1448.43859269204
7206.01331956726 1985.86277664914 947 180.19801212053 1422.24655208133
7148.29753919617 1972.39458837109 877 309.889525892495 2100.91078943117
0 0 0 0 0
0 0 0 0 0
0 0 0 0 0
0 0 0 0 0
0 0 0 0 0
0 0 0 0 0
0 0 0 0 0
60 10 20 21.2132034355964 0
70 10 8 24.7487373415292 0
227.275011153694 72.773099207835 20 80.3538507905126 0
60 10 3 21.2132034355964 0
60 10 9 21.2132034355964 0
4363.61849350617 945.208958484536 573 1542.77211363462 351.575803612423
130 20 35 3.53553390593274 0
4363.61849350617 945.208958484536 573 1542.77211363462 351.575803612423
60 10 20 21.2132034355964 0
4333.00680560603 942.527186055942 573 1489.52284071455 326.212258755235
0 0 0 0 0
0 0 0 0 0
70 10 10 24.7487373415292 0
4423.61849350617 955.208958484536 583 1521.55891019902 351.575803612423
0 0 0 0 0
4472.60940259697 967.043248495182 583 1581.30621908752 373.410093623069
3667.48413974444 999.067389528577 768 1296.6514525537 1925.33933885064
4472.60940259697 967.043248495182 583 1581.30621908752 373.410093623069
3667.48413974444 999.067389528577 768 1296.6514525537 1925.33933885064
3667.48413974444 999.067389528577 768 1296.6514525537 1925.33933885064
0 0 0 0 0
4472.60940259697 967.043248495182 583 1581.30621908752 373.410093623069
0 0 0 0 0
3667.48413974444 999.067389528577 768 1296.6514525537 1925.33933885064
0 0 0 0 0
3088.17040428761 997.594816794399 467 1091.83311716569 723.956886530639
4472.60940259697 967.043248495182 583 1581.30621908752 373.410093623069
3667.48413974444 999.067389528577 768 1296.6514525537 1925.33933885064
4472.60940259697 967.043248495182 583 1581.30621908752 373.410093623069
3667.48413974444 999.067389528577 768 1296.6514525537 1925.33933885064
4523.58635137361 977.01622034621 583 1599.3292921696 791.571227673583
3088.17040428761 997.594816794399 467 1091.83311716569 723.956886530639
3080.17487787122 993.5970535862 467 1089.00627169159 765.632818306427
4472.60940259697 967.043248495182 583 1581.30621908752 373.410093623069
3667.48413974444 999.067389528577 768 1296.6514525537 1925.33933885064
8140.09354234141 1966.11063802376 1351 284.654766533814 2298.74943247371
7677.82967173373 1995.24998513974 1041 530.856478507729 1204.04343193091
7677.82967173373 1995.24998513974 1041 530.856478507729 1204.04343193091
8191.07049111804 1976.08360987479 1351 302.677839615894 2716.91056652422
7668.61776792451 1992.80604977859 1041 527.59957868216 1607.63164784804
7668.61776792451 1992.80604977859 1041 527.59957868216 1607.63164784804
7668.61776792451 1992.80604977859 1041 527.59957868216 1607.63164784804
8191.07049111804 1976.08360987479 1351 302.677839615894 2716.91056652422
8191.07049111804 1976.08360987479 1351 302.677839615894 2716.91056652422
8191.07049111804 1976.08360987479 1351 302.677839615894 2716.91056652422
8191.07049111804 1976.08360987479 1351 302.677839615894 2716.91056652422
8191.07049111804 1976.08360987479 1351 302.677839615894 2716.91056652422
8191.07049111804 1976.08360987479 1351 302.677839615894 2716.91056652422
8191.07049111804 1976.08360987479 1351 302.677839615894 2716.91056652422
7668.61776792451 1992.80604977859 1041 527.59957868216 1607.63164784804
7668.61776792451 1992.80604977859 1041 527.59957868216 1607.63164784804
7668.61776792451 1992.80604977859 1041 527.59957868216 1607.63164784804
7668.61776792451 1992.80604977859 1041 527.59957868216 1607.63164784804
8422.35283282608 1990.71227837422 1412 396.175071369341 2685.70953154104
8238.80903381297 1991.67419813777 1369 326.006523340624 3203.18468327499
8245.85452612819 1993.72126021813 1342 323.515565644182 2162.42786491194
8381.77434780557 1927.53131506553 1448 381.828410405199 3048.62768807454
7739.12693160314 1993.09743551836 1076 502.670824795686 1651.20934243775
8317.39706007031 1994.1905705805 1369 347.341026390982 2808.48578857441
8294.79084346823 1990.69703836784 1369 339.348521862832 2886.73503938961
7890.05260176583 1984.33772773929 1248 284.427919567674 2005.22271119701
8123.07144342241 1983.52698228773 1317 366.925940842301 2176.8238144762
7979.96296319802 1984.92327328938 1290 252.639806433855 1814.91181772391
7905.73889734847 1986.97629882796 1264 287.547990596768 1969.88006359917
8150.62009518805 1994.37024005002 1317 357.186021604288 2225.46766902414
7992.21855775426 1990.99000558479 1290 256.972813442948 1796.32135713678
7992.21855775426 1990.99000558479 1290 256.972813442948 1796.32135713678
7997.1186995779 1993.31083047144 1290 255.240351686812 1814.88795622991
7657.02972852521 1985.36087223591 1041 531.696569302111 1599.93778734646
7889.97628559543 1993.6869277411 1188 293.12091542666 2051.57987544813
7323.57073059828 1986.6721857978 958 477.418686200733 713.523245038373
7272.60869397913 1984.01883217449 922 506.967994619228 753.139860803487
7459.60909987848 1985.64736210168 994 573.082622167264 1064.48248328548
7256.30067956452 1982.46964558659 922 501.2022408291 705.118164615959
7285.34019948354 1982.1845775573 922 511.469261557671 617.132420851425
7286.49542053988 1975.04098062557 909 453.505067716357 1161.3266149105
7173.07164587868 1954.75517927663 884 413.403707611002 1100.46921086366
7255.91827744812 1982.98071020727 884 457.310025410762 1467.81098504125
7277.82373574919 1988.71529306736 884 465.054774465606 1273.80718290435
7320.99810196553 1982.70052256151 922 464.485309571467 924.008667891316
7322.53407387377 1999.4186283692 922 512.714942677576 1204.92351665504
7209.76721469117 1966.61548465349 878 489.116388237653 1061.88992542206
7150.55615300257 1986.98969010594 831 505.465789639578 578.809729886075
7340.58360047136 1992.52279825247 983 190.953849153268 2027.98934524482
7161.18241703816 1979.00139815618 897 209.082280067815 1598.7116713943
7263.67723887919 1995.07289657739 983 284.981893756254 1206.7094021637
8007.19444110185 1982.25261535485 1310 355.456825760215 4918.97442474954
7609.64099342667 1988.96424627947 1069 499.586166633388 4005.8038906996
8419.24996615133 1948.02810122525 1448 501.140453754148 5217.46696534517
8199.4387053275 1994.02555344805 1342 257.417687037467 5362.20832440925
8029.6143227962 1990.91552405015 1310 363.383450949953 4937.50007077696
8143.71629239943 1992.17155646918 1320 237.716839014708 5693.18800219198
8131.60017270238 1986.10253442827 1320 242.000534214435 5365.84408010674
7609.64099342667 1988.96424627947 1069 499.586166633388 4005.8038906996
7538.03694248557 1983.62143350831 1043 524.902021623827 4004.30808614776
8131.60017270238 1986.10253442827 1320 242.000534214435 5365.84408010674
8056.21767096984 1990.70459767257 1317 357.597196877594 5083.14936294049
8445.77614140718 1961.01919991809 1448 349.612281307749 4996.41644616193
8056.21767096984 1990.70459767257 1317 357.597196877594 5083.14936294049
8136.50216484475 1986.74540822168 1320 240.267418271838 5384.15411513331
8123.43725744239 1985.96439528776 1320 244.88656058173 5686.07326389941
7538.03694248557 1983.62143350831 1043 524.902021623827 4004.30808614776
7508.48672555169 1974.77048338444 1018 535.349601013569 3459.35054775497
7538.03694248557 1983.62143350831 1043 524.902021623827 4004.30808614776
7560.52255452113 1989.59339687575 1043 532.851885998562 4103.33156169164
7037.19882850563 1985.87617270403 839 243.589237015294 3996.09249509287
7560.52255452113 1989.59339687575 1043 532.851885998562 4103.33156169164
7174.6649547976 1966.73458289145 922 348.557169728439 3601.44958265995
7560.52255452113 1989.59339687575 1043 532.851885998562 4103.33156169164
7145.19715852937 1970.49702144761 877 490.244643825391 3612.75463305624
7407.65558981993 1981.22871687106 953 586.898519678372 3935.10054029275
0 0 0 0 0
2900.21358271749 993.292924638153 496 1025.38034561444 2001.4989461084
2900.21358271749 993.292924638153 496 1025.38034561444 2001.4989461084
0 0 0 0 0
0 0 0 0 0
0 0 0 0 0
0 0 0 0 0
240.629896234457 53.3016516106934 25 85.0755156917999 0
2900.21358271749 993.292924638153 496 1025.38034561444 2001.4989461084
276.31857533024 64.7213595499958 23 97.6933691919091 0
70 10 16 24.7487373415292 0
70 10 16 24.7487373415292 0
60 10 5 21.2132034355964 0
70 10 3 24.7487373415292 0
0 0 0 0 0
2861.54764527249 966.417793101875 496 962.212397647229 1750.35787306297
0 0 0 0 0
0 0 0 0 0
0 0 0 0 0
0 0 0 0 0
0 0 0 0 0
0 0 0 0 0
0 0 0 0 0
0 0 0 0 0
0 0 0 0 0
3428.10456535109 983.132950180702 833 1212.01799238816 2991.49004585426
2900.21358271749 993.292924638153 496 1025.38034561444 2001.4989461084
0 0 0 0 0
2900.21358271749 993.292924638153 496 1025.38034561444 2001.4989461084
2911.90961215085 991.566659613807 496 1029.51551647708 1296.3202752587
2900.21358271749 993.292924638153 496 1025.38034561444 2001.4989461084
2900.21358271749 993.292924638153 496 1025.38034561444 2001.4989461084
2900.21358271749 993.292924638153 496 1025.38034561444 2001.4989461084
7406.21546682392 1982.68626391811 964 567.73189853107 4460.68206112466
7406.21546682392 1982.68626391811 964 567.73189853107 4460.68206112466
7406.21546682392 1982.68626391811 964 567.73189853107 4460.68206112466
7406.21546682392 1982.68626391811 964 567.73189853107 4460.68206112466
7406.21546682392 1982.68626391811 964 567.73189853107 4460.68206112466
7409.12097054655 1978.36701446508 964 586.380429353968 3937.96835171108
8034.31178511197 1983.04154641103 1314 416.522187933516 5313.96057353096
8034.31178511197 1983.04154641103 1314 416.522187933516 5313.96057353096
7406.21546682392 1982.68626391811 964 567.73189853107 4460.68206112466
8034.31178511197 1983.04154641103 1314 416.522187933516 5313.96057353096
7406.21546682392 1982.68626391811 964 567.73189853107 4460.68206112466
8034.31178511197 1983.04154641103 1314 416.522187933516 5313.96057353096
7406.21546682392 1982.68626391811 964 567.73189853107 4460.68206112466
8034.31178511197 1983.04154641103 1314 416.522187933516 5313.96057353096
7398.23035925567 1976.27717523085 982 564.908736676063 4628.06545737567
8034.31178511197 1983.04154641103 1314 416.522187933516 5313.96057353096
8034.31178511197 1983.04154641103 1314 416.522187933516 5313.96057353096
8034.31178511197 1983.04154641103 1314 416.522187933516 5313.96057353096
7398.23035925567 1976.27717523085 982 564.908736676063 4628.06545737567
