2081.96096239396 443.59210660025 520 79.7113033416659 407.592918102214
2305.58178355319 473.378385251172 570 91.3324849779081 564.096593972281
2287.20185346416 464.938078742261 570 97.8307715797496 511.858953988504
2088.49427260423 443.380395644817 520 82.0211773183053 406.534363325051
2081.96096239396 443.59210660025 520 79.7113033416659 407.592918102214
2303.22133377584 474.733253822626 570 92.1670300000124 568.400334084959
2303.22133377584 474.733253822626 570 92.1670300000124 568.400334084959
2081.96096239396 443.59210660025 520 79.7113033416659 407.592918102214
2081.96096239396 443.59210660025 520 79.7113033416659 407.592918102214
2081.96096239396 443.59210660025 520 79.7113033416659 407.592918102214
2088.49427260423 443.380395644817 520 82.0211773183053 406.534363325051
2088.49427260423 443.380395644817 520 82.0211773183053 406.534363325051
2303.22133377584 474.733253822626 570 92.1670300000124 568.400334084959
2287.20185346416 464.938078742261 570 97.8307715797496 511.858953988504
2303.22133377584 474.733253822626 570 92.1670300000124 568.400334084959
2081.96096239396 443.59210660025 520 79.7113033416659 407.592918102214
2287.20185346416 464.938078742261 570 97.8307715797496 511.858953988504
2146.40845200709 478.03219844918 520 61.545422826995 576.820391685843
2303.22133377584 474.733253822626 570 92.1670300000124 568.400334084959
2287.20185346416 464.938078742261 570 97.8307715797496 511.858953988504
2081.96096239396 443.59210660025 520 79.7113033416659 407.592918102214
2045.84018892909 459.712482982241 520 59.9692287916507 329.588299035413
2045.84018892909 459.712482982241 520 59.9692287916507 329.588299035413
2044.38534298132 429.563155901881 530 94.9960917818843 310.640936404528
2088.49427260423 443.380395644817 520 82.0211773183053 406.534363325051
2088.49427260423 443.380395644817 520 82.0211773183053 406.534363325051
2082.96529971589 451.547234845671 540 17.8940354192465 358.962673453332
2042.27850306425 463.172570306411 510 58.7099826779105 442.720779083927
2042.50159850579 461.832350433804 510 58.631106528129 470.697995803806
2165.53167033025 461.547234845671 550 47.085655698934 502.957482191834
2253.49305184325 474.164057768454 560 106.412012629614 618.566718748462
2089.21375692696 440.932223481229 530 74.5473433403704 310.791303010613
2134.75386598096 471.753091895401 530 58.4464833763396 461.951340978593
2042.27850306425 463.172570306411 510 58.7099826779105 442.720779083927
2191.34075169807 477.363537515744 530 45.6594559240987 542.871194609858
2042.27850306425 463.172570306411 510 58.7099826779105 442.720779083927
2062.39735057976 467.647051146699 510 32.8645920247298 522.236154847271
2014.27999210976 464.505707435325 510 38.8713871754741 422.60112762504
1967.41657276256 431.089807032448 500 109.224160554303 302.417386851283
2098.22335339028 472.205236398925 520 64.2671240928019 501.163238167921
2006.86059539756 455.456367400692 500 95.2785926130613 317.361439266314
1892.94103507278 426.266488709731 480 135.860181548357 356.903819662065
2011.40819296755 462.352513601827 500 50.3922919400268 430.095235512246
2092.16666832496 470.668922015308 520 66.4084856333992 472.560187059089
2025.08356264192 463.120732520903 520 80.2345778170504 324.895087007402
2011.40819296755 462.352513601827 500 50.3922919400268 430.095235512246
2131.80360862795 470.552726256525 540 45.8729386195821 521.897987020013
2041.96911752357 471.810750416577 520 74.264632636593 396.62551473296
1941.23440997234 433.141226021436 500 107.533647556531 316.92806027841
1960.98631912959 436.258301102507 500 67.8266696959421 299.836766599052
1997.68209800367 468.235826563172 500 87.5763760619034 344.668494230778
1941.23440997234 433.141226021436 500 107.533647556531 316.92806027841
2006.49984607362 455.283757208174 500 96.696281101713 397.063495611951
945.521463254226 204.191685763264 210 334.292319212245 27.9982067193936
0 0 0 0 0
945.521463254226 204.191685763264 210 334.292319212245 27.9982067193936
0 0 0 0 0
896.333229091113 187.795607708893 210 316.901652246581 1.41044290175842
0 0 0 0 0
1132.37291764247 233.608481928944 260 400.354284448494 126.825445786832
0 0 0 0 0
130 20 38 3.53553390593274 0
120 20 43 42.4264068711929 0
1067.15683063389 221.993646736078 250 334.87050889419 43.6021286650225
130 20 42 3.53553390593274 0
1067.15683063389 221.993646736078 253 334.87050889419 43.6021286650225
130 20 50 3.53553390593274 0
1132.37291764247 233.608481928944 260 400.354284448494 126.825445786832
60 10 25 21.2132034355964 0
973.758903096099 205.993646736078 230 301.84935493882 11.6021286650225
60 10 20 21.2132034355964 0
1067.15683063389 221.993646736078 250 334.87050889419 43.6021286650225
1012.76831883625 236.139616618083 287 358.067673010007 327.004946495266
0 0 0 0 0
0 0 0 0 0
1107.52336172093 221.608481928944 250 349.142232826504 67.2169638578879
0 0 0 0 0
1049.80654702811 223.608481928944 250 371.162664168806 96.8254457868319
0 0 0 0 0
1049.80654702811 223.608481928944 250 371.162664168806 96.8254457868319
0 0 0 0 0
0 0 0 0 0
0 0 0 0 0
0 0 0 0 0
0 0 0 0 0
0 0 0 0 0
1004.6794751754 233.139616618083 287 355.207834907735 312.004946495266
0 0 0 0 0
1004.6794751754 233.139616618083 287 355.207834907735 312.004946495266
0 0 0 0 0
1012.76831883625 236.139616618083 287 358.067673010007 327.004946495266
0 0 0 0 0
1012.76831883625 236.139616618083 287 358.067673010007 327.004946495266
1034.25541887451 207.831439722804 250 365.66451008255 49.4943191684105
1012.76831883625 236.139616618083 287 358.067673010007 327.004946495266
1034.25541887451 207.831439722804 250 365.66451008255 49.4943191684105
0 0 0 0 0
1034.25541887451 207.831439722804 250 365.66451008255 49.4943191684105
975.649396475297 217.446480022934 287 344.944152154122 221.61687198658
1034.25541887451 207.831439722804 250 365.66451008255 49.4943191684105
1004.6794751754 233.139616618083 287 355.207834907735 312.004946495266
2009.90481534981 425.277919745737 537 20.7203579284271 271.11119115499
2071.41931796171 458.939424982341 537 16.2219771857551 421.40437158804
2038.93489404991 440.971056340887 537 10.4566751748147 361.499265663677
2038.93489404991 440.971056340887 537 10.4566751748147 361.499265663677
2009.90481534981 425.277919745737 537 20.7203579284271 271.11119115499
2062.57486586437 459.748098547027 537 13.094991158799 423.830392282098
2052.5732155974 452.169095368072 537 9.55887379538477 401.093382745233
2038.93489404991 440.971056340887 537 10.4566751748147 361.499265663677
2038.93489404991 440.971056340887 537 10.4566751748147 361.499265663677
2047.02373771076 443.971056340887 537 7.59683707254224 376.499265663677
2038.93489404991 440.971056340887 537 10.4566751748147 361.499265663677
2062.57486586437 459.748098547027 537 13.094991158799 423.830392282098
2038.93489404991 440.971056340887 537 10.4566751748147 361.499265663677
2062.57486586437 459.748098547027 537 13.094991158799 423.830392282098
2062.57486586437 459.748098547027 537 13.094991158799 423.830392282098
2062.57486586437 459.748098547027 537 13.094991158799 423.830392282098
2062.57486586437 459.748098547027 537 13.094991158799 423.830392282098
2047.02373771076 443.971056340887 537 7.59683707254224 376.499265663677
2062.57486586437 459.748098547027 537 13.094991158799 423.830392282098
2062.57486586437 459.748098547027 537 13.094991158799 423.830392282098
2062.57486586437 459.748098547027 537 13.094991158799 423.830392282098
2062.57486586437 459.748098547027 537 13.094991158799 423.830392282098
2038.93489404991 440.971056340887 537 10.4566751748147 361.499265663677
2062.57486586437 459.748098547027 537 13.094991158799 423.830392282098
2062.57486586437 459.748098547027 537 13.094991158799 423.830392282098
2047.02373771076 443.971056340887 537 7.59683707254224 376.499265663677
2062.57486586437 459.748098547027 537 13.094991158799 423.830392282098
2062.57486586437 459.748098547027 537 13.094991158799 423.830392282098
2047.02373771076 443.971056340887 537 7.59683707254224 376.499265663677
2047.02373771076 443.971056340887 537 7.59683707254224 376.499265663677
2047.02373771076 443.971056340887 537 7.59683707254224 376.499265663677
2038.93489404991 440.971056340887 537 10.4566751748147 361.499265663677
2062.57486586437 459.748098547027 537 13.094991158799 423.830392282098
2047.02373771076 443.971056340887 537 7.59683707254224 376.499265663677
2062.57486586437 459.748098547027 537 13.094991158799 423.830392282098
2047.02373771076 443.971056340887 537 7.59683707254224 376.499265663677
2062.57486586437 459.748098547027 537 13.094991158799 423.830392282098
2062.57486586437 459.748098547027 537 13.094991158799 423.830392282098
2047.02373771076 443.971056340887 537 7.59683707254224 376.499265663677
2062.57486586437 459.748098547027 537 13.094991158799 423.830392282098
2038.93489404991 440.971056340887 537 10.4566751748147 361.499265663677
2047.02373771076 443.971056340887 537 7.59683707254224 376.499265663677
2038.93489404991 440.971056340887 537 10.4566751748147 361.499265663677
2062.57486586437 459.748098547027 537 13.094991158799 423.830392282098
2062.57486586437 459.748098547027 537 13.094991158799 423.830392282098
2044.48437193655 449.169095368072 537 12.4187118976574 386.093382745233
2038.93489404991 440.971056340887 537 10.4566751748147 361.499265663677
2038.93489404991 440.971056340887 537 10.4566751748147 361.499265663677
2070.34523084281 460.392076785771 537 15.8422300430743 425.76232699833
2044.48437193655 449.169095368072 537 12.4187118976574 386.093382745233
2064.84498126006 457.771420635115 537 13.8975981539829 417.900358546361
2047.02373771076 443.971056340887 537 7.59683707254224 376.499265663677
2047.02373771076 443.971056340887 537 7.59683707254224 376.499265663677
2060.07893509466 458.572219605505 537 12.2125463724817 420.302755457532
2047.02373771076 443.971056340887 537 7.59683707254224 376.499265663677
2049.79600019308 446.550059519842 537 8.57697987278132 384.236275200541
2060.07893509466 458.572219605505 537 12.2125463724817 420.302755457532
2062.57486586437 459.748098547027 537 13.094991158799 423.830392282098
2060.07893509466 458.572219605505 537 12.2125463724817 420.302755457532
2226.49140071586 460.28010152396 560 64.5741387315015 519.182859331931
2151.80106445804 461.66410432867 550 38.1671171029976 524.718870550772
2007.32548556064 470.057173683824 500 90.6859545329151 452.764937031483
1984.15540396296 451.499483613168 520 34.3552607431604 297.570897240521
1995.55957035017 456.312357833219 520 30.3232790500742 320.027597575468
2009.0947881334 455.730322439524 520 35.1087011897546 325.051821008651
2003.75859495866 458.104164711699 520 33.2220719999621 325.403018210907
1995.55957035017 456.312357833219 520 30.3232790500742 320.027597575468
1995.55957035017 456.312357833219 520 30.3232790500742 320.027597575468
2056.94279042126 441.816879333993 510 30.2265642202991 129.97096467688
2089.46530984395 463.517463498621 520 18.7281172077692 232.640912482309
1996.92465627894 410.738867321546 550 100.54901612755 50.5057055888979
1996.92465627894 410.738867321546 550 100.54901612755 50.5057055888979
1996.92465627894 410.738867321546 550 100.54901612755 50.5057055888979
1996.92465627894 410.738867321546 550 100.54901612755 50.5057055888979
2089.46530984395 463.517463498621 520 18.7281172077692 232.640912482309
1993.41747024681 408.655074803047 550 101.788993640652 50.5057055888979
2056.94279042126 441.816879333993 510 30.2265642202991 129.97096467688
1996.92465627894 410.738867321546 550 100.54901612755 50.5057055888979
1996.92465627894 410.738867321546 550 100.54901612755 50.5057055888979
2056.94279042126 441.816879333993 510 30.2265642202991 129.97096467688
2056.94279042126 441.816879333993 510 30.2265642202991 129.97096467688
2056.94279042126 441.816879333993 510 30.2265642202991 129.97096467688
1996.92465627894 410.738867321546 550 100.54901612755 50.5057055888979
1996.92465627894 410.738867321546 550 100.54901612755 50.5057055888979
1987.03397978188 407.44197515586 550 104.045898338347 50.5057055888979
2026.253533932 473.072552566851 500 8.50110490741106 149.553712708757
2002.18374703299 461.931229423344 490 49.5868096758642 197.151519506874
1996.92465627894 410.738867321546 550 100.54901612755 50.5057055888979
2089.46530984395 463.517463498621 520 18.7281172077692 232.640912482309
2091.9435568547 463.458347472228 520 19.7144896894106 231.318062385273
2092.7253175949 453.37583169802 550 6.60272546262743 121.794978906757
1886.0265419841 408.311684251972 520 37.8528491264049 26.8579557554431
2084.93138715455 458.082731315628 520 20.3311009472936 215.739189231336
1886.0265419841 408.311684251972 520 37.8528491264049 26.8579557554431
1886.0265419841 408.311684251972 520 37.8528491264049 26.8579557554431
2089.46530984395 463.517463498621 520 18.7281172077692 232.640912482309
2056.94279042126 441.816879333993 510 30.2265642202991 129.97096467688
2067.76349587599 469.319669621797 500 26.400867118166 152.473754964684
2112.73975163108 459.03341212676 550 24.6222114040311 235.772968732042
