1061.98171012965 230.500492962049 240 375.46723436438 180.242192777823
1061.98171012965 230.500492962049 240 375.46723436438 180.242192777823
2074.90681729606 464.196751069939 520 17.3441283086382 274.152829694469
2074.90681729606 464.196751069939 520 17.3441283086382 274.152829694469
1061.98171012965 230.500492962049 240 375.46723436438 180.242192777823
1054.56388443504 225.544543279883 237 372.844636939221 155.462444366996
1061.98171012965 230.500492962049 240 375.46723436438 180.242192777823
1061.98171012965 230.500492962049 240 375.46723436438 180.242192777823
1061.98171012965 230.500492962049 240 375.46723436438 180.242192777823
1061.98171012965 230.500492962049 240 375.46723436438 180.242192777823
1061.98171012965 230.500492962049 240 375.46723436438 180.242192777823
2005.131901504 428.410437219349 520 59.3383088218874 230.912552960972
1061.98171012965 230.500492962049 240 375.46723436438 180.242192777823
2074.90681729606 464.196751069939 520 17.3441283086382 274.152829694469
2084.85155285727 473.567331719646 520 20.8601232848549 331.244506907364
2085.42283254653 469.684750625339 520 13.6261554613054 291.297876910423
1061.98171012965 230.500492962049 240 375.46723436438 180.242192777823
2074.90681729606 464.196751069939 520 17.3441283086382 274.152829694469
1061.98171012965 230.500492962049 240 375.46723436438 180.242192777823
2074.90681729606 464.196751069939 520 17.3441283086382 274.152829694469
2074.90681729606 464.196751069939 520 17.3441283086382 274.152829694469
2053.41488806136 449.066651641112 520 9.74558385731788 185.931652687911
1061.98171012965 230.500492962049 240 375.46723436438 180.242192777823
1061.98171012965 230.500492962049 240 375.46723436438 180.242192777823
2086.87199397416 468.306023145572 520 21.5744570922271 176.464420102682
2094.59457369323 464.337648372489 520 69.1244877979474 309.539678437784
2053.41488806136 449.066651641112 520 9.74558385731788 185.931652687911
2074.90681729606 464.196751069939 520 17.3441283086382 274.152829694469
2074.90681729606 464.196751069939 520 17.3441283086382 274.152829694469
2082.33619268817 462.684532242672 520 64.7904956304262 310.408554122168
2074.90681729606 464.196751069939 520 17.3441283086382 274.152829694469
2070.39862650936 455.917507964912 520 15.7502421705578 210.623779985803
2074.90681729606 464.196751069939 520 17.3441283086382 274.152829694469
2082.33619268817 462.684532242672 520 64.7904956304262 310.408554122168
2070.39862650936 455.917507964912 520 15.7502421705578 210.623779985803
2070.39862650936 455.917507964912 520 15.7502421705578 210.623779985803
2070.39862650936 455.917507964912 520 15.7502421705578 210.623779985803
2094.48186747586 462.238745154961 520 69.0846401326571 276.912328166613
2070.39862650936 455.917507964912 520 15.7502421705578 210.623779985803
2074.90681729606 464.196751069939 520 17.3441283086382 274.152829694469
2074.90681729606 464.196751069939 520 17.3441283086382 274.152829694469
2168.81028204549 471.802247890481 530 47.2312951048283 386.436460391646
2096.66098358764 464.676456010944 520 72.7399242035267 372.184876632571
2074.90681729606 464.196751069939 520 17.3441283086382 274.152829694469
1958.06228285386 454.728662680698 500 67.3044002909186 219.568464996624
2169.22559371446 467.208908408163 540 39.1928733925196 329.091120104736
1961.28861937079 461.755680174729 500 68.4450825056733 247.676534972747
2049.8075896129 455.796104461505 520 84.8793825434131 191.255308664399
2020.89925509749 453.582890215753 520 33.2509127654601 266.328752609237
1975.74694665133 471.716425608621 460 58.313964003974 354.635427279302
1970.62025274922 466.5428771494 490 65.1458518849534 276.806684286863
1975.74694665133 471.716425608621 460 58.313964003974 354.635427279302
2025.40744588419 461.86213332078 520 34.8447989035404 329.857802317903
1955.16168923621 466.60962463723 490 59.6804243412256 295.149167386692
2032.51011302006 447.37853369277 520 88.5791173224038 308.810659864626
2032.51011302006 447.37853369277 520 88.5791173224038 308.810659864626
1996.72364929427 461.681257812265 500 44.9860524429972 202.422957628039
1948.2577311049 425.171978077036 500 118.36683261407 273.415327696508
1993.59576082296 462.299137109775 500 40.0586286363983 192.81975079938
2092.43872740862 474.567164333499 520 92.4961995895081 307.340806540581
2019.22832586441 457.129287790583 520 37.0294477374162 313.297625368579
2002.12813463346 466.755369728775 500 43.0752783269124 275.884902205008
2000.38150407123 463.001558523575 500 43.6928054843022 203.743258339349
2008.9537413584 469.737410298477 500 40.6620619264542 281.848983344411
1947.63001577422 464.914344186361 490 62.3432730305538 205.656044002135
1971.623966278 470.650228874248 466 62.3207880433937 145.494393499191
1953.8427699274 467.744722112225 460 60.1467327347729 241.088812024711
1980.69114838034 470.650228874248 466 59.1150550679837 145.494393499191
1971.623966278 470.650228874248 466 62.3207880433937 145.494393499191
1073.94688680774 234.609765037682 240 379.697563147969 82.5537831860349
940.946464091596 235.066413612842 260 332.674812746336 26.0664136128418
1061.98171012965 230.500492962049 240 375.46723436438 180.242192777823
60 10 6 21.2132034355964 0
1073.94688680774 234.609765037682 240 379.697563147969 82.5537831860349
60 10 6 21.2132034355964 0
1073.94688680774 234.609765037682 240 379.697563147969 82.5537831860349
60 10 6 21.2132034355964 0
1010.9464640916 245.066413612842 283 307.926075404807 26.0664136128418
1073.94688680774 234.609765037682 240 379.697563147969 82.5537831860349
130 20 43 3.53553390593274 0
940.946464091596 235.066413612842 260 332.674812746336 26.0664136128418
60 10 10 21.2132034355964 0
1073.94688680774 234.609765037682 240 379.697563147969 82.5537831860349
956.028401058405 235.066413612842 260 288.509608014607 16.0664136128418
1073.94688680774 234.609765037682 240 379.697563147969 82.5537831860349
0 0 0 0 0
0 0 0 0 0
0 0 0 0 0
1073.94688680774 234.609765037682 240 379.697563147969 82.5537831860349
0 0 0 0 0
0 0 0 0 0
0 0 0 0 0
1073.94688680774 234.609765037682 240 379.697563147969 82.5537831860349
0 0 0 0 0
0 0 0 0 0
0 0 0 0 0
1073.94688680774 234.609765037682 240 379.697563147969 82.5537831860349
940.946464091596 235.066413612842 260 332.674812746336 26.0664136128418
0 0 0 0 0
940.946464091596 235.066413612842 260 332.674812746336 26.0664136128418
0 0 0 0 0
830.263388586896 233.077935428189 220 293.542436120358 24.077935428189
0 0 0 0 0
940.946464091596 235.066413612842 260 332.674812746336 26.0664136128418
0 0 0 0 0
830.263388586896 233.077935428189 220 293.542436120358 24.077935428189
0 0 0 0 0
1073.94688680774 234.609765037682 240 379.697563147969 82.5537831860349
830.263388586896 233.077935428189 220 293.542436120358 24.077935428189
1073.94688680774 234.609765037682 240 379.697563147969 82.5537831860349
924.816963535322 203.584534313708 250 326.972173136089 0
934.426150707055 231.681248805707 260 330.369533841501 22.6812488057073
1904.21027539464 467.687700465871 460 86.1551270276111 106.631718614224
1904.21027539464 467.687700465871 460 86.1551270276111 106.631718614224
1904.21027539464 467.687700465871 460 86.1551270276111 106.631718614224
2014.9113165898 469.092974816204 500 47.0163985708568 108.036992964557
2008.45875267749 467.862925895365 500 44.7477763831925 174.684528329634
1944.66815024339 438.692413974147 500 33.5869681635692 86.879057014339
2014.6687557 469.230509807309 500 47.1021567958698 108.174527955662
1944.65018455293 439.275617808467 500 33.5933199943455 86.879057014339
1944.65018455293 439.275617808467 500 33.5933199943455 86.879057014339
1907.39674161616 467.687700465871 460 85.0285410909818 106.631718614224
2014.89335089934 469.676178650524 500 47.022750401633 108.620196798877
1907.39674161616 467.687700465871 460 85.0285410909818 106.631718614224
2014.89335089934 469.676178650524 500 47.022750401633 108.620196798877
2014.89335089934 469.676178650524 500 47.022750401633 108.620196798877
2014.89335089934 469.676178650524 500 47.022750401633 108.620196798877
1907.39674161616 467.687700465871 460 85.0285410909818 106.631718614224
1944.65018455293 439.275617808467 500 33.5933199943455 86.879057014339
1907.39674161616 467.687700465871 460 85.0285410909818 106.631718614224
1944.65018455293 439.275617808467 500 33.5933199943455 86.879057014339
1907.39674161616 467.687700465871 460 85.0285410909818 106.631718614224
1907.39674161616 467.687700465871 460 85.0285410909818 106.631718614224
1907.39674161616 467.687700465871 460 85.0285410909818 106.631718614224
1907.39674161616 467.687700465871 460 85.0285410909818 106.631718614224
1944.65018455293 439.275617808467 500 33.5933199943455 86.879057014339
1907.39674161616 467.687700465871 460 85.0285410909818 106.631718614224
2014.89335089934 469.676178650524 500 47.022750401633 108.620196798877
1944.65018455293 439.275617808467 500 33.5933199943455 86.879057014339
1944.65018455293 439.275617808467 500 33.5933199943455 86.879057014339
1944.65018455293 439.275617808467 500 33.5933199943455 86.879057014339
1907.39674161616 467.687700465871 460 85.0285410909818 106.631718614224
2014.89335089934 469.676178650524 500 47.022750401633 108.620196798877
1816.13125834263 425.540397371637 450 117.295762146473 82.5537831860349
1944.65018455293 439.275617808467 500 33.5933199943455 86.879057014339
1907.39674161616 467.687700465871 460 85.0285410909818 106.631718614224
1907.39674161616 467.687700465871 460 85.0285410909818 106.631718614224
2014.89335089934 469.676178650524 500 47.022750401633 108.620196798877
1907.39674161616 467.687700465871 460 85.0285410909818 106.631718614224
1907.39674161616 467.687700465871 460 85.0285410909818 106.631718614224
1907.39674161616 467.687700465871 460 85.0285410909818 106.631718614224
1907.39674161616 467.687700465871 460 85.0285410909818 106.631718614224
2017.50250221921 465.676178650524 500 46.1002761059225 104.620196798877
1907.39674161616 467.687700465871 460 85.0285410909818 106.631718614224
1907.39674161616 467.687700465871 460 85.0285410909818 106.631718614224
1907.39674161616 467.687700465871 460 85.0285410909818 106.631718614224
1907.39674161616 467.687700465871 460 85.0285410909818 106.631718614224
2014.89335089934 469.676178650524 500 47.022750401633 108.620196798877
2017.50250221921 465.676178650524 500 46.1002761059225 104.620196798877
2014.89335089934 469.676178650524 500 47.022750401633 108.620196798877
1907.39674161616 467.687700465871 460 85.0285410909818 106.631718614224
1907.39674161616 467.687700465871 460 85.0285410909818 106.631718614224
2014.89335089934 469.676178650524 500 47.022750401633 108.620196798877
2017.50250221921 465.676178650524 500 46.1002761059225 104.620196798877
2084.33865944828 459.294731363228 520 20.6787880810933 201.23627037991
2080.94821228377 469.075015385906 520 23.6688301940009 108.019033534258
1940.68764989981 417.543551750507 520 25.9207672033664 31.1583869433729
1858.03256530654 425.53015509729 490 16.2247140496877 186.662512788633
2080.94821228377 469.075015385906 520 23.6688301940009 108.019033534258
2078.41487775788 460.063723603561 520 22.773161182867 132.790883811486
2078.41487775788 460.063723603561 520 22.773161182867 132.790883811486
2077.0182561757 470.571121886319 520 68.9872213023749 211.24603223715
2081.56069388891 467.100428364621 520 23.8853751421763 170.972065906531
2078.41487775788 460.063723603561 520 22.773161182867 132.790883811486
2081.56069388891 467.100428364621 520 23.8853751421763 170.972065906531
2068.41088698242 458.542498782843 520 53.7620333056711 229.849252685636
1858.03256530654 425.53015509729 490 16.2247140496877 186.662512788633
1831.71792091881 413.206210558284 490 6.92108230414933 177.578684166647
1869.98695949165 430.486795615973 490 20.4512306463221 176.423738824275
1917.14817738714 472.906824835879 420 81.5808879109993 111.850842984232
2069.51441015396 473.72294481893 520 27.7112897043653 138.712434885522
2005.91101064187 463.058443423164 500 48.6292771382148 86.2529180072189
1916.54091476131 473.122241037553 420 82.7212513333883 134.195559932934
2012.6741526698 464.274441880648 500 46.238145343179 77.6985868504338
2014.45839198656 467.515521333329 500 48.1021952620614 128.588840228711
2025.37726806266 468.836485220286 500 50.7293748614225 111.096304359804
2063.98391550166 461.414260748344 520 59.740337654988 285.613402310931
2021.94652197256 447.567367794315 520 95.3612189638927 284.369495156365
2071.47581879328 463.053560367159 520 62.3891254657365 300.211532162275
2071.47581879328 463.053560367159 520 62.3891254657365 300.211532162275
2081.38980890789 454.273214047784 529 62.676803634672 408.517704698599
1966.46267536654 420.069938185309 530 22.0439258999613 286.71938705405
1733.30783561295 374.588095598031 450 7.19025877276894 170.386814544697
1959.52518875736 422.455102992444 530 24.4966978128305 293.874881475454
1968.97972720001 422.141005997175 530 22.9338381099837 301.71938705405
1959.52518875736 422.455102992444 530 24.4966978128305 293.874881475454
1959.37358791433 419.526170804309 530 24.4430988207592 298.874881475454
1962.04224059083 424.526170804309 530 25.3866100228528 308.874881475454
2082.39182632658 456.349015783544 530 112.857822423342 388.622407463432
2148.37999426308 459.925717166435 540 91.7501847854117 425.244815216991
