2018.43365593956 465.673722006645 490 57.9567298538837 272.903482856073
2022.96977745179 465.673722006645 490 56.352968713089 272.903482856073
2022.96977745179 465.673722006645 490 56.352968713089 272.903482856073
1952.4240779195 462.15906751822 450 72.1107874127534 203.130655224064
2063.98391550166 461.414260748344 520 59.740337654988 285.613402310931
1965.3581312149 466.756609349824 450 67.5379090160503 277.841225984831
2025.69845453067 465.346819861738 490 46.204383118266 275.02164700866
1984.66238138734 454.39776262218 500 74.3629921173791 255.620983743925
2032.873271163 468.337655188287 490 48.7410638655116 282.842852691126
2021.94652197256 447.567367794315 520 95.3612189638927 284.369495156365
1984.66238138734 454.39776262218 500 74.3629921173791 255.620983743925
2071.47581879328 463.053560367159 520 62.3891254657365 300.211532162275
1965.3581312149 466.756609349824 450 67.5379090160503 277.841225984831
1965.3581312149 466.756609349824 450 67.5379090160503 277.841225984831
2071.47581879328 463.053560367159 520 62.3891254657365 300.211532162275
2081.38980890789 454.273214047784 529 62.676803634672 408.517704698599
1992.69299675441 475.799336041501 460 67.0574271848983 349.260069818383
1965.3581312149 466.756609349824 450 67.5379090160503 277.841225984831
1966.46267536654 420.069938185309 530 22.0439258999613 286.71938705405
1733.30783561295 374.588095598031 450 7.19025877276894 170.386814544697
1959.52518875736 422.455102992444 530 24.4966978128305 293.874881475454
1968.97972720001 422.141005997175 530 22.9338381099837 301.71938705405
1959.52518875736 422.455102992444 530 24.4966978128305 293.874881475454
1959.37358791433 419.526170804309 530 24.4430988207592 298.874881475454
1962.04224059083 424.526170804309 530 25.3866100228528 308.874881475454
1985.3069544338 470.132609483508 450 65.5582964231537 286.432761281567
2082.39182632658 456.349015783544 530 112.857822423342 388.622407463432
1979.25047469929 467.344439271897 450 67.7226106492903 281.395672693305
2148.37999426308 459.925717166435 540 91.7501847854117 425.244815216991
1972.53294784723 469.747444676373 450 70.0745897632959 285.662431667298
2030.28252666711 465.754451353967 490 49.6570303661956 277.676445022486
1990.28029352309 453.926173100762 500 33.6821722054578 223.350268977363
2145.55839697177 458.387875873721 540 92.7477700746417 420.631291338848
2078.68907025139 461.110085277551 530 66.6274921512998 396.729151908863
2032.873271163 468.337655188287 490 48.7410638655116 282.842852691126
2066.49701428937 457.605036333629 530 62.3169494276227 382.553809355216
2146.41164806945 467.260979770583 540 90.57103915859 393.256448632351
2166.74751948618 476.721418315778 540 97.7608554486448 435.943548158636
0 0 0 0 0
0 0 0 0 0
0 0 0 0 0
0 0 0 0 0
70 10 10 24.7487373415292 0
1038.09961299456 239.067309767458 290 367.023637947793 277.319604662757
70 10 10 24.7487373415292 0
60 10 2 21.2132034355964 0
60 10 2 21.2132034355964 0
70 10 2 24.7487373415292 0
70 10 10 24.7487373415292 0
1038.09961299456 239.067309767458 290 367.023637947793 277.319604662757
70 10 10 24.7487373415292 0
70 10 10 24.7487373415292 0
60 10 10 21.2132034355964 0
60 10 20 21.2132034355964 0
0 0 0 0 0
0 0 0 0 0
0 0 0 0 0
1038.09961299456 239.067309767458 290 367.023637947793 277.319604662757
0 0 0 0 0
1038.09961299456 239.067309767458 290 367.023637947793 277.319604662757
0 0 0 0 0
1038.09961299456 239.067309767458 290 367.023637947793 277.319604662757
0 0 0 0 0
0 0 0 0 0
1196.04342600174 235.849399153102 270 422.865208559711 212.397596612407
0 0 0 0 0
1196.04342600174 235.849399153102 270 422.865208559711 212.397596612407
0 0 0 0 0
1196.04342600174 235.849399153102 270 422.865208559711 212.397596612407
0 0 0 0 0
1196.04342600174 235.849399153102 270 422.865208559711 212.397596612407
0 0 0 0 0
1196.04342600174 235.849399153102 270 422.865208559711 212.397596612407
1038.09961299456 239.067309767458 290 367.023637947793 277.319604662757
1196.04342600174 235.849399153102 270 422.865208559711 212.397596612407
0 0 0 0 0
1196.04342600174 235.849399153102 270 422.865208559711 212.397596612407
1038.09961299456 239.067309767458 290 367.023637947793 277.319604662757
1128.69639577883 237.84235297004 260 399.054437678011 94.5270589101204
1038.09961299456 239.067309767458 290 367.023637947793 277.319604662757
1196.04342600174 235.849399153102 270 422.865208559711 212.397596612407
1038.09961299456 239.067309767458 290 367.023637947793 277.319604662757
1196.04342600174 235.849399153102 270 422.865208559711 212.397596612407
1038.09961299456 239.067309767458 290 367.023637947793 277.319604662757
1128.69639577883 237.84235297004 260 399.054437678011 94.5270589101204
1038.09961299456 239.067309767458 290 367.023637947793 277.319604662757
2166.79600877339 476.909662737498 550 32.0307997302186 371.846663572877
2166.79600877339 476.909662737498 550 32.0307997302186 371.846663572877
2234.1430389963 474.916708920559 560 55.8415706119183 489.717201275164
2234.1430389963 474.916708920559 560 55.8415706119183 489.717201275164
2167.32557540808 470.114747947745 550 32.2180298094603 351.461919203619
2166.79600877339 476.909662737498 550 32.0307997302186 371.846663572877
2166.79600877339 476.909662737498 550 32.0307997302186 371.846663572877
2234.1430389963 474.916708920559 560 55.8415706119183 489.717201275164
2166.79600877339 476.909662737498 550 32.0307997302186 371.846663572877
2166.79600877339 476.909662737498 550 32.0307997302186 371.846663572877
2167.32557540808 470.114747947745 550 32.2180298094603 351.461919203619
2166.79600877339 476.909662737498 550 32.0307997302186 371.846663572877
2166.79600877339 476.909662737498 550 32.0307997302186 371.846663572877
2234.1430389963 474.916708920559 560 55.8415706119183 489.717201275164
2166.79600877339 476.909662737498 550 32.0307997302186 371.846663572877
2234.1430389963 474.916708920559 560 55.8415706119183 489.717201275164
2234.1430389963 474.916708920559 560 55.8415706119183 489.717201275164
2234.1430389963 474.916708920559 560 55.8415706119183 489.717201275164
2234.1430389963 474.916708920559 560 55.8415706119183 489.717201275164
2167.32557540808 470.114747947745 550 32.2180298094603 351.461919203619
2234.1430389963 474.916708920559 560 55.8415706119183 489.717201275164
2167.32557540808 470.114747947745 550 32.2180298094603 351.461919203619
2166.79600877339 476.909662737498 550 32.0307997302186 371.846663572877
2234.1430389963 474.916708920559 560 55.8415706119183 489.717201275164
2166.79600877339 476.909662737498 550 32.0307997302186 371.846663572877
2167.32557540808 470.114747947745 550 32.2180298094603 351.461919203619
2167.32557540808 470.114747947745 550 32.2180298094603 351.461919203619
2167.32557540808 470.114747947745 550 32.2180298094603 351.461919203619
2234.1430389963 474.916708920559 560 55.8415706119183 489.717201275164
2234.1430389963 474.916708920559 560 55.8415706119183 489.717201275164
2234.1430389963 474.916708920559 560 55.8415706119183 489.717201275164
2234.1430389963 474.916708920559 560 55.8415706119183 489.717201275164
2166.79600877339 476.909662737498 550 32.0307997302186 371.846663572877
2166.79600877339 476.909662737498 550 32.0307997302186 371.846663572877
2234.1430389963 474.916708920559 560 55.8415706119183 489.717201275164
2234.1430389963 474.916708920559 560 55.8415706119183 489.717201275164
2234.1430389963 474.916708920559 560 55.8415706119183 489.717201275164
2167.32557540808 470.114747947745 550 32.2180298094603 351.461919203619
2162.7167313082 469.313948977355 550 30.5885573512322 349.059522292448
2166.79600877339 476.909662737498 550 32.0307997302186 371.846663572877
2234.1430389963 474.916708920559 560 55.8415706119183 489.717201275164
2234.1430389963 474.916708920559 560 55.8415706119183 489.717201275164
2234.1430389963 474.916708920559 560 55.8415706119183 489.717201275164
2234.1430389963 474.916708920559 560 55.8415706119183 489.717201275164
2234.1430389963 474.916708920559 560 55.8415706119183 489.717201275164
2111.32490685194 457.522260196023 540 38.9854204112847 400.322752550628
2234.1430389963 474.916708920559 560 55.8415706119183 489.717201275164
2167.32557540808 470.114747947745 550 32.2180298094603 351.461919203619
2166.79600877339 476.909662737498 550 32.0307997302186 371.846663572877
2167.32557540808 470.114747947745 550 32.2180298094603 351.461919203619
2111.32490685194 457.522260196023 540 38.9854204112847 400.322752550628
2234.1430389963 474.916708920559 560 55.8415706119183 489.717201275164
2111.32490685194 457.522260196023 540 38.9854204112847 400.322752550628
2054.98827490099 447.984443538998 530 73.3421151068475 306.755998747234
2234.1430389963 474.916708920559 560 55.8415706119183 489.717201275164
2045.2526939058 451.759042919617 530 74.8884860898627 314.868694338162
2052.30738322003 452.589994814462 530 72.3942767632321 317.361550022698
2052.30738322003 452.589994814462 530 72.3942767632321 317.361550022698
2037.14145629112 445.947208105691 530 77.7562416504405 338.28280004563
1959.18377537277 412.423119615696 530 105.318444061911 273.065574960486
2086.98685833295 446.809990813406 540 47.5902199855966 346.761405637541
2119.24362652498 463.609111895382 540 48.7287409891921 422.599091536196
2129.06340279228 465.680179707247 540 45.2569257950188 432.954430595523
2127.79773885543 464.018275917556 540 45.7044055712462 427.968719226451
2111.32490685194 457.522260196023 540 38.9854204112847 400.322752550628
2066.9778188344 460.488082177684 530 67.207494510292 373.895453954715
2129.06340279228 465.680179707247 540 45.2569257950188 432.954430595523
2063.86208434022 459.675882794893 530 21.3197621267631 273.564517874166
2063.86208434022 459.675882794893 530 21.3197621267631 273.564517874166
2129.79571947781 468.32616265034 540 44.9980127478634 446.18434531099
2121.37269291496 469.852310235065 540 36.5921451356586 441.984227041367
2063.16774246079 462.0595993003 530 16.0135875532734 308.424679437189
2060.40853861808 467.735847016813 530 20.0987493271339 292.744410539924
2035.41574875507 456.991688983807 530 11.26246373068 266.555343126697
2143.0532213942 476.665150575764 540 44.2573694893455 469.235588404164
2032.62002210347 449.488330310416 530 16.7045638161775 267.860521938618
2063.86208434022 459.675882794893 530 21.3197621267631 273.564517874166
2121.22084999614 469.668597262783 540 48.0296869270026 447.197538909119
1994.69503328102 460.486927535696 520 43.1344137833208 263.004393121444
2052.80005107606 462.523162457222 530 72.2200923722976 338.732228621498
2130.881375685 470.033130416522 540 45.0146598168701 419.43247685245
2123.3648230545 477.732392218926 540 47.2716779828779 457.628047666871
2123.3648230545 477.732392218926 540 47.2716779828779 457.628047666871
2050.42952613724 459.427579141058 530 16.570635629759 272.81960691266
1947.0214863812 461.330357432587 480 59.9895579313597 271.520065574393
1947.0214863812 461.330357432587 480 59.9895579313597 271.520065574393
2130.31500507064 474.033130416522 540 44.8144175658311 435.43247685245
1983.40627180996 474.381716342099 460 66.9363531380954 268.6003123023
1988.17039556601 453.943160154696 520 45.441221569852 212.383536509733
1983.40627180996 474.381716342099 460 66.9363531380954 268.6003123023
1983.40627180996 474.381716342099 460 66.9363531380954 268.6003123023
1915.20581194869 473.002185949549 410 44.1422412550777 628.975563803166
1915.20581194869 473.002185949549 410 44.1422412550777 628.975563803166
1944.33656917586 468.367412593596 460 77.2091331482133 665.015587885007
1936.3005503423 467.457662839685 490 51.2710975579847 610.156017291607
1914.45903577657 450.52131525828 490 31.7776701018346 487.689650694698
1913.22605019695 467.044939334022 420 86.5727536481206 698.086948546093
1958.08994155165 448.101743669014 490 59.8153771772211 578.635163234698
1932.0975943232 432.57925018024 520 108.97315302066 575.33650021081
2159.1627059283 469.471095773158 550 73.7005919294076 857.325031415401
1932.0975943232 432.57925018024 520 108.97315302066 575.33650021081
1933.63504899354 423.858840490692 500 129.259801985014 547.278890220818
980.522587548281 199.51187801563 240 346.667085380985 232.965272996592
0 0 0 0 0
1082.18280183779 231.075065024086 240 382.609398831481 324.392643217927
0 0 0 0 0
1082.18280183779 231.075065024086 240 382.609398831481 324.392643217927
0 0 0 0 0
70 10 9 24.7487373415292 0
0 0 0 0 0
1082.18280183779 231.075065024086 240 382.609398831481 324.392643217927
983.176655166447 222.481863592175 280 347.605439986251 138.867028399309
130 20 15 3.53553390593274 0
983.176655166447 222.481863592175 280 347.605439986251 138.867028399309
