8068.51311133257 1916.47170926612 1588 260.02968904338 6098.97105042437
8193.87966479281 1913.21477023352 1642 259.000263072532 7307.62678573594
8075.2563476779 1917.27072025531 1590 257.645594969917 6303.537566766
8008.71118056588 1891.79728141533 1584 247.681126416006 6866.94016607422
8136.48379623858 1916.53911265213 1610 279.292767005924 6727.21987698442
8174.78628270549 1899.57556106486 1642 292.834740964451 7073.71716276724
8204.96668614224 1835.15406545875 1704 464.801160320668 6933.94443438463
8136.64431592501 1913.73222521058 1610 279.349519285316 6339.93034835564
8075.2563476779 1917.27072025531 1590 257.645594969917 6303.537566766
8204.96668614224 1835.15406545875 1704 464.801160320668 6933.94443438463
8240.39248562911 1834.3770812071 1704 526.416803122159 7031.23405652193
8136.48379623858 1916.53911265213 1610 279.292767005924 6727.21987698442
7466.54590008154 1905.79809777408 1400 55.9000487755482 4745.02601652384
7334.46094621187 1906.52790554441 1289 101.856659947099 4413.05160881091
6969.63081190128 1914.76378702895 1174 230.843590923206 4842.49330387821
7360.15740840987 1907.39236597285 1289 88.0791055035564 3824.85962828955
8258.62964595769 1841.83274977159 1704 532.864612991121 7083.72141434464
8240.39248562911 1834.3770812071 1704 526.416803122159 7031.23405652193
8256.12280808889 1841.52352530825 1704 531.978311962939 7092.61627206009
7413.60835749687 1910.23767545396 1305 468.956704824026 4567.26870781883
8260.81557400196 1847.81483518011 1704 532.427099885391 6916.15746152297
7347.17433440165 1892.65352132082 1289 459.083166743171 4529.36851778527
8103.5456644816 1845.36043510817 1704 358.062097196136 6938.21029856534
7344.97457080218 1893.8675832838 1289 459.86090062227 4535.43882760019
6661.1883583059 1856.81260480611 1107 321.741409801366 2556.48409115549
7146.96246087845 1903.90341715705 1231 378.334779597744 5577.26697628579
7130.67316979975 1910.35139988489 1231 384.093913688975 4925.68403171964
6688.18141765103 1887.49732267254 1071 316.293106816224 2568.3780093137
6969.63081190128 1914.76378702895 1174 230.843590923206 4842.49330387821
7065.1017578858 1905.76090652152 1204 158.911648168607 4001.24960879434
7059.24271356796 1904.6171504955 1183 160.983133152816 4808.66563198258
6928.06859109219 1910.64414177668 1142 207.36018891222 3979.38824910204
6866.10446989368 1894.21329607754 1142 194.241501690698 3847.7317262964
6928.06859109219 1910.64414177668 1142 207.36018891222 3979.38824910204
6928.06859109219 1910.64414177668 1142 207.36018891222 3979.38824910204
7226.77883912974 1904.56519749122 1254 402.71503092811 4825.91953175505
6933.55341792829 1907.17938681616 1125 435.715860980359 3987.35356507153
6851.54994487018 1906.56502473652 1110 161.78338433248 3566.84873645823
7152.41345457001 1914.37083405655 1231 361.545085583448 5174.74408744323
7041.69877826762 1913.96225405396 1158 391.948846134674 4198.1619150034
6894.03466943743 1899.63518478051 1119 146.762765913306 3172.14109731755
6987.95797928575 1900.88659511775 1158 210.770097935587 4339.26043868065
6850.47628732436 1904.42125340529 1116 162.162979598139 3539.38066488883
6934.36037111936 1900.08616749531 1142 191.820481840672 3402.4863089566
6850.47628732436 1904.42125340529 1116 162.162979598139 3539.38066488883
0 0 0 0 0
60 10 20 21.2132034355964 0
301.5332381902 72.3545604508337 20 106.608098738715 0
0 0 0 0 0
70 10 19 24.7487373415292 0
0 0 0 0 0
70 10 19 24.7487373415292 0
60 10 20 21.2132034355964 0
70 10 13 24.7487373415292 0
70 10 19 24.7487373415292 0
301.5332381902 72.3545604508337 20 106.608098738715 0
60 10 15 21.2132034355964 0
130 20 20 3.53553390593274 0
70 10 30 24.7487373415292 0
60 10 20 21.2132034355964 0
3027.15023559367 957.09306568398 572 1020.76175494631 1983.49053619922
0 0 0 0 0
4230.26003185019 953.246518552753 710 1495.62277735185 3778.64981224812
3027.15023559367 957.09306568398 562 1020.76175494631 1983.49053619922
0 0 0 0 0
0 0 0 0 0
0 0 0 0 0
0 0 0 0 0
0 0 0 0 0
0 0 0 0 0
4230.26003185019 953.246518552753 710 1495.62277735185 3778.64981224812
0 0 0 0 0
0 0 0 0 0
4230.26003185019 953.246518552753 710 1495.62277735185 3778.64981224812
4230.26003185019 953.246518552753 710 1495.62277735185 3778.64981224812
0 0 0 0 0
4230.26003185019 953.246518552753 710 1495.62277735185 3778.64981224812
0 0 0 0 0
0 0 0 0 0
0 0 0 0 0
4230.26003185019 953.246518552753 710 1495.62277735185 3778.64981224812
4230.26003185019 953.246518552753 710 1495.62277735185 3778.64981224812
3594.3683172812 942.637779774539 759 1270.80110561581 3305.45955335974
6740.75317011729 1903.16842476277 1088 241.481355168636 4040.00110960636
6745.43732925423 1907.53421170854 1088 243.137455513579 4031.95590665136
7259.13040936912 1911.48726621897 1272 424.7553857125 6000.09390578666
7349.21657859038 1897.74568228259 1305 56.7382283333103 5195.2781473081
7259.13040936912 1911.48726621897 1272 424.7553857125 6000.09390578666
6740.75317011729 1903.16842476277 1088 241.481355168636 4040.00110960636
7259.13040936912 1911.48726621897 1272 424.7553857125 6000.09390578666
6740.75317011729 1903.16842476277 1088 241.481355168636 4040.00110960636
7259.13040936912 1911.48726621897 1272 424.7553857125 6000.09390578666
7259.13040936912 1911.48726621897 1272 424.7553857125 6000.09390578666
7349.21657859038 1897.74568228259 1305 56.7382283333103 5195.2781473081
6740.75317011729 1903.16842476277 1088 241.481355168636 4040.00110960636
7349.21657859038 1897.74568228259 1305 56.7382283333103 5195.2781473081
7259.13040936912 1911.48726621897 1272 424.7553857125 6000.09390578666
7349.21657859038 1897.74568228259 1305 56.7382283333103 5195.2781473081
7259.13040936912 1911.48726621897 1272 424.7553857125 6000.09390578666
7349.21657859038 1897.74568228259 1305 56.7382283333103 5195.2781473081
7259.13040936912 1911.48726621897 1272 424.7553857125 6000.09390578666
7259.13040936912 1911.48726621897 1272 424.7553857125 6000.09390578666
7349.21657859038 1897.74568228259 1305 56.7382283333103 5195.2781473081
7259.13040936912 1911.48726621897 1272 424.7553857125 6000.09390578666
6740.75317011729 1903.16842476277 1088 241.481355168636 4040.00110960636
7259.13040936912 1911.48726621897 1272 424.7553857125 6000.09390578666
7349.21657859038 1897.74568228259 1305 56.7382283333103 5195.2781473081
7349.21657859038 1897.74568228259 1305 56.7382283333103 5195.2781473081
7259.13040936912 1911.48726621897 1272 424.7553857125 6000.09390578666
7259.13040936912 1911.48726621897 1272 424.7553857125 6000.09390578666
7324.69684404769 1915.16464230971 1276 447.936621002223 6779.7712818774
7259.13040936912 1911.48726621897 1272 424.7553857125 6000.09390578666
7259.13040936912 1911.48726621897 1272 424.7553857125 6000.09390578666
6740.75317011729 1903.16842476277 1088 241.481355168636 4040.00110960636
6747.91494088788 1904.7455415499 1088 238.949286830041 4051.04092711625
7259.13040936912 1911.48726621897 1272 424.7553857125 6000.09390578666
7349.21657859038 1897.74568228259 1305 56.7382283333103 5195.2781473081
7259.13040936912 1911.48726621897 1272 424.7553857125 6000.09390578666
7349.21657859038 1897.74568228259 1305 56.7382283333103 5195.2781473081
6747.91494088788 1904.7455415499 1088 238.949286830041 4051.04092711625
7349.21657859038 1897.74568228259 1305 56.7382283333103 5195.2781473081
7349.21657859038 1897.74568228259 1305 56.7382283333103 5195.2781473081
7349.21657859038 1897.74568228259 1305 56.7382283333103 5195.2781473081
7349.21657859038 1897.74568228259 1305 56.7382283333103 5195.2781473081
7349.21657859038 1897.74568228259 1305 56.7382283333103 5195.2781473081
7349.21657859038 1897.74568228259 1305 56.7382283333103 5195.2781473081
7349.21657859038 1897.74568228259 1305 56.7382283333103 5195.2781473081
7349.21657859038 1897.74568228259 1305 56.7382283333103 5195.2781473081
7259.13040936912 1911.48726621897 1272 424.7553857125 6000.09390578666
7437.37631958617 1903.43297855618 1370 33.9447096528625 5950.12771407066
7349.21657859038 1897.74568228259 1305 56.7382283333103 5195.2781473081
7739.59584996171 1900.31074851678 1494 168.362832730621 6764.49855023273
7314.54474690523 1911.06742688527 1286 444.34731263587 6022.07904811429
7437.37631958617 1903.43297855618 1370 33.9447096528625 5950.12771407066
7259.13040936912 1911.48726621897 1272 424.7553857125 6000.09390578666
7349.21657859038 1897.74568228259 1305 56.7382283333103 5195.2781473081
7361.29393379103 1889.017091959 1307 460.875646166826 6333.00039985359
7437.37631958617 1903.43297855618 1370 33.9447096528625 5950.12771407066
7451.12648026807 1904.88003076229 1307 492.636247559412 5831.99256742391
7544.07191447475 1906.8939000897 1423 97.7524651675875 5679.8530043852
7295.22218145529 1888.31822265165 1305 9.77079831032818 5196.99576841528
7823.23741012932 1913.4828479101 1526 101.530232448556 6528.08616934117
6740.75317011729 1903.16842476277 1088 241.481355168636 4040.00110960636
6859.37765843349 1899.4020717559 1134 283.421445220219 4187.83828485601
7349.21657859038 1897.74568228259 1305 56.7382283333103 5195.2781473081
7751.76922401515 1905.68688029862 1507 67.0195098651539 5631.5779547527
7349.21657859038 1897.74568228259 1305 56.7382283333103 5195.2781473081
6910.09763597015 1915.57416614071 1134 301.35366524912 3029.19468325405
7471.12720390537 1901.01424150116 1400 6.42978370085464 5167.51009232498
6987.67387761478 1908.4186474211 1160 328.781008512063 5341.73914695271
6740.75317011729 1903.16842476277 1088 241.481355168636 4040.00110960636
7471.12720390537 1901.01424150116 1400 6.42978370085464 5167.51009232498
7166.32252354917 1895.7892951087 1254 328.433263582542 5280.03836298009
6839.69283970026 1914.90195490997 1108 276.461810813872 5170.606025074
7149.29543016671 1906.39165550032 1231 322.413276985226 5552.28625812097
6734.27868161051 1901.6786897718 1088 239.192277804705 4378.68315214341
6749.32824112937 1905.17957344838 1088 242.07994988724 4062.01373124
6745.88724639275 1907.08785379397 1088 243.296525243388 4075.37169365914
6817.24020841561 1905.86046198373 1098 308.791883660214 4560.49081954823
6745.88724639275 1907.08785379397 1088 243.296525243388 4075.37169365914
6817.93977116306 1917.67511234708 1088 268.770939676737 4606.40028295564
6962.22028495707 1895.23763398375 1149 388.554328869823 4552.78564505003
6924.08301492074 1884.8613654399 1109 375.070767740506 4287.06277214161
7271.16222523002 1907.64092186198 1276 398.035601788332 6493.81573409477
6898.82226621636 1908.78899725237 1125 362.259439857962 3833.06877631155
7265.98431545573 1901.39875406168 1276 407.203503125417 6574.42478812274
7281.53864075228 1910.99389491264 1276 401.704218678433 6246.52761286218
6798.7762347368 1915.72476139151 1107 326.887826212961 3361.98606433422
6774.81347756698 1908.09569744051 1090 318.415712167608 3661.08252721059
7061.26677410603 1881.29382282606 1289 429.833851864532 6808.01228024628
7061.26677410603 1881.29382282606 1289 429.833851864532 6808.01228024628
7263.34547741012 1907.90702848116 1276 243.136397369164 8250.60432696244
7061.26677410603 1881.29382282606 1289 429.833851864532 6808.01228024628
7612.35523737607 1911.53099752449 1464 370.011122331548 7364.45769508352
7548.64321954595 1908.34506214029 1455 392.536722256926 7216.91490526096
6816.22682013764 1904.33355848185 1112 343.19914530819 7130.07774250705
7102.62949118993 1879.35223251561 1289 444.457780733698 6534.30193538563
8263.82908814889 1875.57648214921 1704 183.997282206216 8466.60996452686
7234.93904019181 1903.41406217231 1276 237.627083351069 6639.16997392629
7102.62949118993 1879.35223251561 1289 444.457780733698 6534.30193538563
6903.13044791624 1913.93617557452 1142 373.924217564171 5750.40533683973
7895.2243970493 1916.86542419322 1494 22.3155986743753 9212.16063336207
7149.05998823796 1907.08365151724 1305 460.873440391959 8074.16491192945
7130.92174172029 1911.14238600429 1231 274.402751906026 7006.8741250512
6971.42212543111 1896.14230910653 1231 398.068971698854 6538.83051308605
6938.25257549967 1908.49645191897 1158 386.341764856139 7490.90845404016
7130.92174172029 1911.14238600429 1231 274.402751906026 7006.8741250512
6911.09883391745 1916.00205465165 1158 200.653622088463 7368.04140678979
6831.10778491317 1909.30011806967 1122 348.460360859876 7118.37304893863
6938.76080296859 1919.84835145321 1148 357.894409552582 7118.57514396792
6938.76080296859 1919.84835145321 1148 357.894409552582 7118.57514396792
7128.77635425791 1903.56068723335 1254 184.982298970686 6989.07556730397
6816.22682013764 1904.33355848185 1112 343.19914530819 7130.07774250705
7064.96896246613 1890.6659180411 1254 162.422979257788 6939.67457709273
6680.77344578438 1907.61349624274 1071 190.976456990036 6659.48258374455
6731.66397690891 1906.10537226713 1051 138.220320042316 6179.56992691777
6680.77344578438 1907.61349624274 1071 190.976456990036 6659.48258374455
6922.80277522467 1914.45200242748 1142 380.879435584926 6681.61698150262
3823.48265930919 959.444291938891 586 1351.80525807335 2340.28259930894
0 0 0 0 0
