12319.256139637 2302.39657733366 420 382.438187882415 5148.81748237386
12319.256139637 2302.39657733366 420 382.438187882415 5148.81748237386
12319.256139637 2302.39657733366 420 382.438187882415 5148.81748237386
12319.256139637 2302.39657733366 420 382.438187882415 5148.81748237386
12319.256139637 2302.39657733366 420 382.438187882415 5148.81748237386
12319.256139637 2302.39657733366 420 382.438187882415 5148.81748237386
12319.256139637 2302.39657733366 420 382.438187882415 5148.81748237386
12319.256139637 2302.39657733366 420 382.438187882415 5148.81748237386
12319.256139637 2302.39657733366 420 382.438187882415 5148.81748237386
12319.256139637 2302.39657733366 420 382.438187882415 5148.81748237386
12319.256139637 2302.39657733366 420 382.438187882415 5148.81748237386
12319.256139637 2302.39657733366 420 382.438187882415 5148.81748237386
12319.256139637 2302.39657733366 420 382.438187882415 5148.81748237386
12319.256139637 2302.39657733366 420 382.438187882415 5148.81748237386
12319.256139637 2302.39657733366 420 382.438187882415 5148.81748237386
12319.256139637 2302.39657733366 420 382.438187882415 5148.81748237386
12319.256139637 2302.39657733366 420 382.438187882415 5148.81748237386
12319.256139637 2302.39657733366 420 382.438187882415 5148.81748237386
12319.256139637 2302.39657733366 420 382.438187882415 5148.81748237386
12319.256139637 2302.39657733366 420 382.438187882415 5148.81748237386
12319.256139637 2302.39657733366 420 382.438187882415 5148.81748237386
12319.256139637 2302.39657733366 420 382.438187882415 5148.81748237386
12319.256139637 2302.39657733366 420 382.438187882415 5148.81748237386
12319.256139637 2302.39657733366 420 382.438187882415 5148.81748237386
12319.256139637 2302.39657733366 420 382.438187882415 5148.81748237386
12319.256139637 2302.39657733366 420 382.438187882415 5148.81748237386
12319.256139637 2302.39657733366 420 382.438187882415 5148.81748237386
12319.256139637 2302.39657733366 420 382.438187882415 5148.81748237386
12319.256139637 2302.39657733366 420 382.438187882415 5148.81748237386
12319.256139637 2302.39657733366 420 382.438187882415 5148.81748237386
12319.256139637 2302.39657733366 420 382.438187882415 5148.81748237386
12319.256139637 2302.39657733366 420 382.438187882415 5148.81748237386
12319.256139637 2302.39657733366 420 382.438187882415 5148.81748237386
12319.256139637 2302.39657733366 420 382.438187882415 5148.81748237386
12319.256139637 2302.39657733366 420 382.438187882415 5148.81748237386
12319.256139637 2302.39657733366 420 382.438187882415 5148.81748237386
12319.256139637 2302.39657733366 420 382.438187882415 5148.81748237386
12319.256139637 2302.39657733366 420 382.438187882415 5148.81748237386
12319.256139637 2302.39657733366 420 382.438187882415 5148.81748237386
12319.256139637 2302.39657733366 420 382.438187882415 5148.81748237386
12319.256139637 2302.39657733366 420 382.438187882415 5148.81748237386
12319.256139637 2302.39657733366 420 382.438187882415 5148.81748237386
12319.256139637 2302.39657733366 420 382.438187882415 5148.81748237386
12319.256139637 2302.39657733366 420 382.438187882415 5148.81748237386
12319.256139637 2302.39657733366 420 382.438187882415 5148.81748237386
12319.256139637 2302.39657733366 420 382.438187882415 5148.81748237386
12319.256139637 2302.39657733366 420 382.438187882415 5148.81748237386
12319.256139637 2302.39657733366 420 382.438187882415 5148.81748237386
12319.256139637 2302.39657733366 420 382.438187882415 5148.81748237386
12319.256139637 2302.39657733366 420 382.438187882415 5148.81748237386
12319.256139637 2302.39657733366 420 382.438187882415 5148.81748237386
12319.256139637 2302.39657733366 420 382.438187882415 5148.81748237386
12319.256139637 2302.39657733366 420 382.438187882415 5148.81748237386
12319.256139637 2302.39657733366 420 382.438187882415 5148.81748237386
12319.256139637 2302.39657733366 420 382.438187882415 5148.81748237386
12319.256139637 2302.39657733366 420 382.438187882415 5148.81748237386
12319.256139637 2302.39657733366 420 382.438187882415 5148.81748237386
12319.256139637 2302.39657733366 420 382.438187882415 5148.81748237386
12319.256139637 2302.39657733366 420 382.438187882415 5148.81748237386
12319.256139637 2302.39657733366 420 382.438187882415 5148.81748237386
12319.256139637 2302.39657733366 420 382.438187882415 5148.81748237386
12319.256139637 2302.39657733366 420 382.438187882415 5148.81748237386
12319.256139637 2302.39657733366 420 382.438187882415 5148.81748237386
12319.256139637 2302.39657733366 420 382.438187882415 5148.81748237386
12638.0127395513 2301.32259251154 420 469.158315259177 595.373358559725
12638.0127395513 2301.32259251154 420 469.158315259177 595.373358559725
12638.0127395513 2301.32259251154 420 469.158315259177 595.373358559725
12638.0127395513 2301.32259251154 420 469.158315259177 595.373358559725
12638.0127395513 2301.32259251154 420 469.158315259177 595.373358559725
12638.0127395513 2301.32259251154 420 469.158315259177 595.373358559725
12638.0127395513 2301.32259251154 420 469.158315259177 595.373358559725
12638.0127395513 2301.32259251154 420 469.158315259177 595.373358559725
12638.0127395513 2301.32259251154 420 469.158315259177 595.373358559725
12638.0127395513 2301.32259251154 420 469.158315259177 595.373358559725
12638.0127395513 2301.32259251154 420 469.158315259177 595.373358559725
12638.0127395513 2301.32259251154 420 469.158315259177 595.373358559725
12638.0127395513 2301.32259251154 420 469.158315259177 595.373358559725
12638.0127395513 2301.32259251154 420 469.158315259177 595.373358559725
12638.0127395513 2301.32259251154 420 469.158315259177 595.373358559725
12638.0127395513 2301.32259251154 420 469.158315259177 595.373358559725
12638.0127395513 2301.32259251154 420 469.158315259177 595.373358559725
12638.0127395513 2301.32259251154 420 469.158315259177 595.373358559725
12638.0127395513 2301.32259251154 420 469.158315259177 595.373358559725
12638.0127395513 2301.32259251154 420 469.158315259177 595.373358559725
12638.0127395513 2301.32259251154 420 469.158315259177 595.373358559725
12638.0127395513 2301.32259251154 420 469.158315259177 595.373358559725
12638.0127395513 2301.32259251154 420 469.158315259177 595.373358559725
12638.0127395513 2301.32259251154 420 469.158315259177 595.373358559725
12638.0127395513 2301.32259251154 420 469.158315259177 595.373358559725
12638.0127395513 2301.32259251154 420 469.158315259177 595.373358559725
12638.0127395513 2301.32259251154 420 469.158315259177 595.373358559725
12638.0127395513 2301.32259251154 420 469.158315259177 595.373358559725
12638.0127395513 2301.32259251154 420 469.158315259177 595.373358559725
12638.0127395513 2301.32259251154 420 469.158315259177 595.373358559725
12638.0127395513 2301.32259251154 420 469.158315259177 595.373358559725
12638.0127395513 2301.32259251154 420 469.158315259177 595.373358559725
12638.0127395513 2301.32259251154 420 469.158315259177 595.373358559725
12638.0127395513 2301.32259251154 420 469.158315259177 595.373358559725
12638.0127395513 2301.32259251154 420 469.158315259177 595.373358559725
12638.0127395513 2301.32259251154 420 469.158315259177 595.373358559725
