5961.44669180494 1978.6022223021 451 302.867555525678 5051.59243650391
5961.44669180494 1978.6022223021 451 302.867555525678 5051.59243650391
5961.44669180494 1978.6022223021 451 302.867555525678 5051.59243650391
5961.44669180494 1978.6022223021 451 302.867555525678 5051.59243650391
5961.44669180494 1978.6022223021 451 302.867555525678 5051.59243650391
5961.44669180494 1978.6022223021 451 302.867555525678 5051.59243650391
5961.44669180494 1978.6022223021 451 302.867555525678 5051.59243650391
5961.44669180494 1978.6022223021 451 302.867555525678 5051.59243650391
5961.44669180494 1978.6022223021 451 302.867555525678 5051.59243650391
5961.44669180494 1978.6022223021 451 302.867555525678 5051.59243650391
5961.44669180494 1978.6022223021 451 302.867555525678 5051.59243650391
5961.44669180494 1978.6022223021 451 302.867555525678 5051.59243650391
5961.44669180494 1978.6022223021 451 302.867555525678 5051.59243650391
5961.44669180494 1978.6022223021 451 302.867555525678 5051.59243650391
5961.44669180494 1978.6022223021 451 302.867555525678 5051.59243650391
5961.44669180494 1978.6022223021 451 302.867555525678 5051.59243650391
5961.44669180494 1978.6022223021 451 302.867555525678 5051.59243650391
5961.44669180494 1978.6022223021 451 302.867555525678 5051.59243650391
5961.44669180494 1978.6022223021 451 302.867555525678 5051.59243650391
5961.44669180494 1978.6022223021 451 302.867555525678 5051.59243650391
5961.44669180494 1978.6022223021 451 302.867555525678 5051.59243650391
5961.44669180494 1978.6022223021 451 302.867555525678 5051.59243650391
5961.44669180494 1978.6022223021 451 302.867555525678 5051.59243650391
5961.44669180494 1978.6022223021 451 302.867555525678 5051.59243650391
5961.44669180494 1978.6022223021 451 302.867555525678 5051.59243650391
5961.44669180494 1978.6022223021 451 302.867555525678 5051.59243650391
5961.44669180494 1978.6022223021 451 302.867555525678 5051.59243650391
5961.44669180494 1978.6022223021 451 302.867555525678 5051.59243650391
5961.44669180494 1978.6022223021 451 302.867555525678 5051.59243650391
5961.44669180494 1978.6022223021 451 302.867555525678 5051.59243650391
5961.44669180494 1978.6022223021 451 302.867555525678 5051.59243650391
5961.44669180494 1978.6022223021 451 302.867555525678 5051.59243650391
5961.44669180494 1978.6022223021 451 302.867555525678 5051.59243650391
5961.44669180494 1978.6022223021 451 302.867555525678 5051.59243650391
5961.44669180494 1978.6022223021 451 302.867555525678 5051.59243650391
5961.44669180494 1978.6022223021 451 302.867555525678 5051.59243650391
5961.44669180494 1978.6022223021 451 302.867555525678 5051.59243650391
5961.44669180494 1978.6022223021 451 302.867555525678 5051.59243650391
5961.44669180494 1978.6022223021 451 302.867555525678 5051.59243650391
5961.44669180494 1978.6022223021 451 302.867555525678 5051.59243650391
5961.44669180494 1978.6022223021 451 302.867555525678 5051.59243650391
5961.44669180494 1978.6022223021 451 302.867555525678 5051.59243650391
5961.44669180494 1978.6022223021 451 302.867555525678 5051.59243650391
5961.44669180494 1978.6022223021 451 302.867555525678 5051.59243650391
5961.44669180494 1978.6022223021 451 302.867555525678 5051.59243650391
5961.44669180494 1978.6022223021 451 302.867555525678 5051.59243650391
5961.44669180494 1978.6022223021 451 302.867555525678 5051.59243650391
5961.44669180494 1978.6022223021 451 302.867555525678 5051.59243650391
5961.44669180494 1978.6022223021 451 302.867555525678 5051.59243650391
5961.44669180494 1978.6022223021 451 302.867555525678 5051.59243650391
5961.44669180494 1978.6022223021 451 302.867555525678 5051.59243650391
5961.44669180494 1978.6022223021 451 302.867555525678 5051.59243650391
5961.44669180494 1978.6022223021 451 302.867555525678 5051.59243650391
5961.44669180494 1978.6022223021 451 302.867555525678 5051.59243650391
5961.44669180494 1978.6022223021 451 302.867555525678 5051.59243650391
5961.44669180494 1978.6022223021 451 302.867555525678 5051.59243650391
5961.44669180494 1978.6022223021 451 302.867555525678 5051.59243650391
5961.44669180494 1978.6022223021 451 302.867555525678 5051.59243650391
5961.44669180494 1978.6022223021 451 302.867555525678 5051.59243650391
5961.44669180494 1978.6022223021 451 302.867555525678 5051.59243650391
5961.44669180494 1978.6022223021 451 302.867555525678 5051.59243650391
5961.44669180494 1978.6022223021 451 302.867555525678 5051.59243650391
5961.44669180494 1978.6022223021 451 302.867555525678 5051.59243650391
5961.44669180494 1978.6022223021 451 302.867555525678 5051.59243650391
5961.44669180494 1978.6022223021 451 302.867555525678 5051.59243650391
5961.44669180494 1978.6022223021 451 302.867555525678 5051.59243650391
5961.44669180494 1978.6022223021 451 302.867555525678 5051.59243650391
5961.44669180494 1978.6022223021 451 302.867555525678 5051.59243650391
5961.44669180494 1978.6022223021 451 302.867555525678 5051.59243650391
5961.44669180494 1978.6022223021 451 302.867555525678 5051.59243650391
5961.44669180494 1978.6022223021 451 302.867555525678 5051.59243650391
5961.44669180494 1978.6022223021 451 302.867555525678 5051.59243650391
6151.23570858889 1990.18277046067 399 274.646162253569 7115.13437814284
6151.23570858889 1990.18277046067 399 274.646162253569 7115.13437814284
6151.23570858889 1990.18277046067 399 274.646162253569 7115.13437814284
6151.23570858889 1990.18277046067 399 274.646162253569 7115.13437814284
6151.23570858889 1990.18277046067 399 274.646162253569 7115.13437814284
6151.23570858889 1990.18277046067 399 274.646162253569 7115.13437814284
6151.23570858889 1990.18277046067 399 274.646162253569 7115.13437814284
6151.23570858889 1990.18277046067 399 274.646162253569 7115.13437814284
6151.23570858889 1990.18277046067 399 274.646162253569 7115.13437814284
6151.23570858889 1990.18277046067 399 274.646162253569 7115.13437814284
6151.23570858889 1990.18277046067 399 274.646162253569 7115.13437814284
6151.23570858889 1990.18277046067 399 274.646162253569 7115.13437814284
6151.23570858889 1990.18277046067 399 274.646162253569 7115.13437814284
6151.23570858889 1990.18277046067 399 274.646162253569 7115.13437814284
6151.23570858889 1990.18277046067 399 274.646162253569 7115.13437814284
6151.23570858889 1990.18277046067 399 274.646162253569 7115.13437814284
6151.23570858889 1990.18277046067 399 274.646162253569 7115.13437814284
6151.23570858889 1990.18277046067 399 274.646162253569 7115.13437814284
6151.23570858889 1990.18277046067 399 274.646162253569 7115.13437814284
6151.23570858889 1990.18277046067 399 274.646162253569 7115.13437814284
6151.23570858889 1990.18277046067 399 274.646162253569 7115.13437814284
6151.23570858889 1990.18277046067 399 274.646162253569 7115.13437814284
6151.23570858889 1990.18277046067 399 274.646162253569 7115.13437814284
6151.23570858889 1990.18277046067 399 274.646162253569 7115.13437814284
6151.23570858889 1990.18277046067 399 274.646162253569 7115.13437814284
6151.23570858889 1990.18277046067 399 274.646162253569 7115.13437814284
6151.23570858889 1990.18277046067 399 274.646162253569 7115.13437814284
6151.23570858889 1990.18277046067 399 274.646162253569 7115.13437814284
