28784.6918630143 4732.43555567186 770 344.229138463922 9581.17399799122
29342.3866027576 4876.87625235569 780 93.6551153790124 10358.2262909158
27852.8936761875 4665.96137383159 760 382.822199083984 10782.8237117153
28988.5772658428 4769.38967440951 780 167.115732257164 9903.83105591659
29832.1080899438 4856.83943049611 820 467.001585214043 11977.3603847413
29030.9492220814 4696.90214869429 780 151.959452687889 10834.0887420801
27890.3749211075 4733.03767628157 760 400.089560331645 9059.06281668565
29270.9474974975 4849.78607902182 790 186.840724942833 11219.2011639277
28800.7690210711 4804.1495329428 790 274.005500935264 10697.3719412667
28963.2783517725 4729.29878785905 780 462.278767723953 10221.1206412863
28746.0753423708 4719.16834525489 780 551.44269917076 10753.6782474288
29054.8083732506 4832.29753928871 790 584.794214862509 10485.2296921214
28921.5378343418 4771.60195509604 790 294.157211034622 8782.4929109954
28904.3227466918 4785.40952700843 790 514.959312277089 10750.9912076875
29763.053732031 4825.09461007405 790 44.6164250254574 11087.5888563452
28647.5503033434 4750.62374487735 770 185.443948357278 10633.414485542
28584.5407095169 4693.99176640161 780 60.2584122651306 10691.1249013758
29619.7099729981 4865.7963129562 790 6.15486477602099 11162.7607911266
29424.251097808 4752.76349150057 790 93.4696808696767 9698.87498814234
28017.8761491241 4713.18682373893 770 656.833652931893 10693.3680170296
29035.4098564585 4740.27259010692 780 53.3740387907756 11332.8985411703
28682.9319644999 4743.55108312043 770 156.116028593561 11151.668861521
28785.0950855624 4650.95832261424 780 136.170423126146 11561.4492406578
28558.2970793867 4711.57593167533 770 115.223804404632 11052.5303176702
29065.1199723192 4762.48546392153 780 248.860875106062 10159.6141655726
29264.4022316981 4761.04164721824 810 831.056496402427 12290.0462281671
28463.0764393803 4709.77739152826 780 434.595316912937 10085.1813932387
28423.5451403533 4774.80759682932 780 299.057172492696 10196.9362925193
29876.9240304694 4773.80477333489 820 555.376956341874 12195.9954308427
28560.9504241216 4795.19065146041 770 375.246204427109 9513.75438514506
28904.648098535 4776.15257548474 780 163.705086481717 11320.1655726886
29335.5341328801 4904.34724307835 780 102.822576336696 11926.9904219736
28779.7303806533 4679.59716711059 780 558.875045281291 9403.98539179085
28050.6148325504 4620.18772528135 770 13.9514357742146 9989.52822516588
27949.8072601653 4607.34847298832 770 646.58806545289 11051.1764321312
28728.4805824637 4743.04827583733 780 274.263563487492 11076.5880040224
28753.2844956648 4707.71260019743 780 227.273360962096 11102.3923064014
28792.0976209554 4812.74043086797 780 137.944549154095 12465.342572201
28791.0697321411 4729.86537947605 780 138.320103562234 11196.0381311359
28515.8133648679 4661.6881903287 770 164.213599110022 10264.9730323354
28763.5669415334 4698.69395904884 780 597.765854574283 9578.94447376093
28180.5073261743 4669.62997289173 770 324.512464078171 10268.3004601595
28689.3075590115 4813.16392627278 780 344.855026962359 10592.411325533
28784.6546753305 4699.27417305204 780 390.328698578636 11456.1773330571
28482.7448720247 4701.35887324043 770 383.302761413446 9684.06707045778
29788.0989880044 4825.87698376732 790 1.50124048716089 11263.0007982563
28595.2250417175 4834.15067546319 770 181.597826587236 11367.2964400051
29079.9980843716 4781.89614526821 800 356.267224897185 11899.7637201765
27892.029614359 4692.10033679206 760 223.818139016589 10701.6023723311
28925.1006648528 4795.35309959281 770 230.112803111576 10159.9649823099
28812.7113674743 4797.06548139324 770 159.945683819091 11043.5917734414
28802.9929940365 4810.97213068648 770 253.121556507409 10361.9730962812
28834.326513635 4785.047816852 780 605.717882510953 10289.2887088437
29050.0324223538 4774.54264407604 790 494.339482349766 10106.085331097
29827.6723951861 4775.39041141446 820 690.333271105985 11936.6226635236
28755.4227934219 4709.52264001647 770 339.016760438474 10871.4351302862
28842.7089850473 4693.40350702205 780 360.350790385352 11662.6008165524
28321.7591532075 4695.99570312069 770 508.502921950247 10461.8572029111
29057.6652766983 4831.78886777067 780 132.421197767116 11960.5997962365
28388.2321997253 4781.56438964313 770 314.953910686069 11650.1779579703
28516.2366278235 4723.03528792349 780 276.714244393153 10868.6089717095
28906.9965639232 4750.17675327919 780 168.601432065349 11175.7038625465
28986.0461887866 4751.87189962618 780 143.413414524056 9825.41865770105
28386.0453018688 4669.13063845577 770 238.173454941344 8899.31343708202
28493.3954217106 4726.93771763827 770 107.006831426131 10552.6277370257
28915.7573522007 4732.82012165153 780 435.848849250895 10280.4087019696
28393.7220843803 4666.59783375689 760 56.0279451634083 9956.0475779258
28316.7226022646 4662.38163790302 770 473.512811210331 10983.7710171487
28611.1426085437 4774.5171042087 780 312.403445679309 10620.939600632
28642.4204742554 4789.09209732851 770 327.869701202927 10027.1496413621
28621.6866356648 4774.09437036887 770 246.557548002477 11234.8034946973
30023.6723491386 4827.6273336268 820 488.715552434596 11669.5721704584
28643.813781653 4781.68209037361 770 155.226637842346 10666.211229782
29439.8138618302 4791.06097963512 790 128.683047903357 10537.5801588922
28219.3600074244 4715.07966874573 760 210.876848293517 10001.342280103
29287.629513055 4701.58481499852 790 792.604171173036 11650.0702301816
28509.2571890368 4764.41711762584 770 406.628068943635 9850.00282509983
27735.312981256 4621.4862899098 740 709.51620609504 9496.11515603584
29404.8525926254 4741.33588499977 790 487.418252018439 11324.8117035281
28796.9419356697 4781.7400603959 770 26.3708744173691 10843.9979928608
28413.7181929243 4659.39230250269 780 606.209751064063 11137.920334063
29552.3550587428 4835.59834579484 790 41.3838143762314 12369.6719345488
28319.5359751948 4671.22641538562 760 512.023644484741 8536.00820948377
29145.6853441911 4847.24757632013 800 219.082385389227 11591.0129996224
29047.3675053244 4820.90858629492 800 437.403949695725 11573.4821670449
29462.064304537 4815.69956882067 810 530.829763465706 11260.8596364284
28895.3918835941 4674.79739644519 780 162.513854517614 10447.1282792472
29245.3522091142 4876.64673073218 800 567.710508373227 12355.616153571
28583.0031489686 4719.62791789031 770 219.232639088801 10548.4163768278
29456.4692341588 4804.95389791465 800 804.667537932519 10379.7730702389
28407.3478894678 4743.61335456652 770 284.008620329008 10518.8726171466
29254.3271490939 4812.53319189159 780 60.115395126908 11000.0294954666
28270.0533104942 4720.77950504344 770 131.199084582442 11004.2490905951
28531.7041341803 4716.74439585136 770 299.226046976962 10583.6708936317
28866.1760236202 4810.36231650002 780 437.571179342212 9916.7597128772
28330.370006678 4688.32973256332 760 597.984460034546 9124.73548926243
29042.2574088091 4743.39072691391 780 90.1591957976839 11891.3221839454
28202.3976229103 4729.69090121518 790 342.145305856529 10755.0963364593
28640.9667757287 4732.10596103748 780 612.394300832753 10455.1835646299
28280.2493207033 4722.36241593227 770 430.717881293865 9921.51222783608
27930.9344852129 4700.55953604498 750 717.442348176447 9049.72882580477
28735.5170300987 4648.61741456307 770 192.619909228759 9768.65226004732
28048.5535258735 4575.00542283123 770 419.85680035311 10398.9634895049
29007.9336296312 4792.65359454413 780 288.86991985137 9762.78763803655
28882.5897783233 4773.92554160053 770 202.688417680886 10884.9304108345
29342.3866027576 4876.87625235569 780 93.6551153790124 10358.2262909158
27852.8936761875 4665.96137383159 760 382.822199083984 10782.8237117153
29506.621939615 4779.63509735054 790 102.36014803564 9843.46558704746
28612.0477113184 4800.44129942545 770 62.5586788856454 11750.1166352039
29030.9492220814 4696.90214869429 780 151.959452687889 10834.0887420801
28491.7541361199 4776.07162452867 770 324.917158455086 9953.46851833493
29205.5381776166 4811.22751096967 790 195.01688992794 10617.4648789231
29151.0717082896 4713.05975604296 790 363.295328558165 10987.8815772794
28697.8117318583 4743.5229210741 790 286.875162086863 10477.3019130695
29518.7219017757 4724.52157572601 790 670.570098975126 11272.5634412885
28693.1369676684 4701.68522365943 780 558.059996008564 10555.516955845
28867.6416878135 4740.15351654942 790 300.894229350669 8721.10345775984
28647.5503033434 4750.62374487735 770 185.443948357278 10633.414485542
29198.5866262595 4738.81354503766 790 137.01415185795 11104.9209018388
30058.7404706798 4847.26322261114 820 61.033676986237 11670.4137906267
29361.9627714833 4717.56510727894 790 101.255721660268 9915.44265889281
28017.8761491241 4713.18682373893 770 656.833652931893 10693.3680170296
29035.4098564585 4740.27259010692 780 53.3740387907756 11332.8985411703
28682.9319644999 4743.55108312043 770 156.116028593561 11151.668861521
28715.8574995953 4622.04342435785 780 144.825121372041 11394.5844796891
29535.0597169841 4808.91165182944 790 72.6334708567274 11351.324637336
29225.9908587525 4741.0773616627 810 835.857918020626 12032.9855429139
28831.0705048485 4782.60091866345 770 257.344990599451 10903.9025942609
28423.5451403533 4774.80759682932 780 299.057172492696 10196.9362925193
29972.7835666401 4859.0869020347 820 714.221635302523 11393.8190375825
29817.5659898404 4733.25495426699 820 562.796711420503 12157.9986031745
28693.4910866283 4690.72136397024 780 563.174187273656 10877.7800658661
28534.9930250836 4784.35168847859 770 378.490879306866 9755.57908055765
29480.5504294897 4808.56581456547 790 91.7172951123875 11713.4065146534
29335.5341328801 4904.34724307835 780 102.822576336696 11926.9904219736
29408.5914822171 4699.81017231403 790 338.831694618496 11066.0708720482
28763.7538863811 4670.19874786946 780 560.872107065311 9522.96257119355
28782.2256163545 4711.4415213724 790 260.402608152328 10537.0510017122
28704.428530034 4705.71478974542 780 552.260406719295 11676.5777715863
28456.9299269717 4747.86347469097 780 346.216938133342 11438.8412702197
29207.9591892358 4822.45071845044 780 428.042669527063 9729.23765101745
28681.2135343273 4724.07265937466 780 280.171944504538 11041.2658330992
29335.8858526739 4710.93447207299 790 445.748869840527 11211.7518870585
28792.0976209554 4812.74043086797 780 137.944549154095 12465.342572201
29500.6398909393 4803.66352309574 790 49.623833712456 10964.8169251488
28388.9099603766 4610.32315647254 770 180.076524671432 9855.48943411936
29723.647203609 4760.69078376048 820 477.75582181483 10158.206692867
28180.5073261743 4669.62997289173 770 324.512464078171 10268.3004601595
29602.0015139957 4894.42375028884 800 230.768282589328 11092.6786045527
29189.7448981403 4705.46373800777 800 339.692420727409 11385.6376259755
28710.405497075 4642.39039432059 780 354.845183282167 9580.02688735734
29744.354867837 4807.00959266322 790 6.96925550808464 10685.5877719191
28595.2250417175 4834.15067546319 770 181.597826587236 11367.2964400051
29065.104869253 4770.44572014864 800 350.682269227711 11707.1540418422
28787.5241177933 4726.79628610001 780 412.758354398157 11966.0568199313
28978.995534128 4787.10830761441 780 423.065998891537 10285.7730211372
29236.9318158982 4821.48107182655 780 106.918127766112 11419.7413546038
28738.9667813182 4771.97904682575 770 261.124833097191 9944.96143727067
28794.8730699748 4762.12486225938 780 590.922841138384 10406.8398619675
28952.4510827779 4705.61246457682 780 265.516145158143 11214.8145452767
28932.4783939007 4759.83054352925 780 460.731580398174 10044.5911962764
29007.9336296312 4792.65359454413 780 288.86991985137 9762.78763803655
28859.8857501275 4765.05588912341 770 194.174407107456 10719.1598526084
29342.3866027576 4876.87625235569 780 93.6551153790124 10358.2262909158
27852.8936761875 4665.96137383159 760 382.822199083984 10782.8237117153
29506.621939615 4779.63509735054 790 102.36014803564 9843.46558704746
29296.692715863 4723.27728393286 790 802.303536311303 11489.5359811565
29019.8964673564 4730.18807880868 780 410.822742554485 10911.3024809262
29198.9533830594 4805.45917422231 790 195.839989247589 10559.0928813777
30098.967048177 4871.09113141739 820 429.385137764719 10406.6865051037
28697.8117318583 4743.5229210741 790 286.875162086863 10477.3019130695
30015.0512930209 4759.70729518595 820 608.528925069469 11407.6557598244
28599.6546874591 4665.16693441448 780 569.745281034731 10488.3112477475
29269.517917408 4753.1480740488 800 250.659700651348 8468.62788912081
31066.8249540223 4841.81825500785 830 207.587827774378 10956.3026463638
29001.8406567248 4747.83656894845 780 404.430253636271 10463.2794563092
28620.2511837619 4735.34260866782 770 175.206778514216 10337.614800333
29198.5866262595 4738.81354503766 790 137.01415185795 11104.9209018388
30053.5632534375 4844.87805780401 820 60.3865248309476 11668.0286258196
30145.1740775605 4771.30910395879 820 136.669949083842 11170.785344807
29021.6719733651 4805.93898154214 780 438.454778652061 11805.2735438229
29007.9336296312 4792.65359454413 780 288.86991985137 9762.78763803655
29219.1835859095 4679.52389306303 780 645.243340084273 9274.44769385034
28856.2825640215 4761.75132776494 770 192.823212317715 10729.5749930025
29344.6164000223 4875.93396245534 780 94.4912893532878 10354.4571313144
28509.7163649301 4758.53295080732 770 300.719362991158 11309.4225825204
29506.621939615 4779.63509735054 790 102.36014803564 9843.46558704746
29010.3246743505 4802.46530465597 780 439.873191028885 12008.2211894977
28893.7984676702 4749.33607697418 780 303.136815096502 9860.10976988167
29955.4288059435 4759.32931270817 820 553.212687580016 10086.7289397005
29010.3246743505 4802.46530465597 780 439.873191028885 12008.2211894977
28893.7984676702 4749.33607697418 780 303.136815096502 9860.10976988167
29950.5241042199 4758.54057702946 820 553.825775295464 10213.1231570169
28826.9214757293 4742.47521650973 770 196.493348354246 11003.0191808607
28623.5854107163 4709.29027387159 780 286.485732267884 11237.2181466517
30724.85121306 4817.50825916442 830 274.332376566364 11165.4276119554
29888.4962231513 4772.3869471785 820 54.625862593608 10378.1198444147
30268.5887303029 4789.92922247354 830 703.720307118756 11845.577844769
28955.5784619124 4767.47892175165 780 419.343361364608 11933.6686173708
29376.0500085525 4751.67337703666 790 242.85537248621 9886.07461004131
