71393.6424543134 12859.8999449977 1810 735.767276037351 50201.3645104393
69734.1870893285 12788.2421680325 1810 461.866311602156 49952.7318648174
69782.8291098058 12742.6468235675 1810 1220.08249146134 52006.2151564612
70769.9544606541 12881.7828794217 1810 1163.77844297709 54977.8774737121
69378.6951108174 12489.8440613027 1810 1369.77220289043 55216.1998619277
70355.6638783815 12651.269086744 1810 364.992640106173 51374.6329563688
69723.7913308956 12471.2340408029 1810 448.668066448363 51529.5223661188
68498.2979741272 12453.4307382798 1810 945.890493867405 58146.2444279771
70265.1741375368 12671.7137790537 1810 1529.0700264523 49432.7675967576
71164.4692720192 12708.263362144 1810 1041.45720271648 53422.0236075397
70437.5397033656 12627.8800351835 1810 1177.28601345657 45750.7802459941
70412.3292545818 12852.5727868309 1810 991.734344164999 45290.6140703873
70536.8921958642 12859.3648009003 1810 949.334051498261 54558.4395089005
70273.5045914942 12564.053826912 1810 66.7935689393962 54619.8919371094
69547.3111987534 12649.424618462 1810 884.20746086799 53325.7149032599
70246.9943523687 12623.7156354371 1810 1127.7444793657 45944.5069123224
70005.2977281294 12535.9931330599 1810 1138.82042324071 51687.5928990985
69942.4446047707 12440.0204383351 1810 881.750701862697 55266.8906509353
69933.5336663345 12712.804699622 1810 74.1274546949953 47789.5723350639
70231.2187904584 12740.2693608428 1810 258.407673895555 50200.6666966077
70265.307804272 12875.9949741517 1810 781.687272759427 50964.9465949935
68642.2418166935 12556.0668365931 1810 504.510698268768 60210.510818019
69421.9481941823 12656.3227815553 1810 259.830150842941 50253.0143620923
68334.2137952499 12382.6868936457 1810 1326.77370022846 50874.3453701504
71754.6995138272 13135.3109471769 1810 315.289994137871 56068.4364041728
69797.4454743242 12637.0197298395 1810 471.648797020791 55881.0195620857
68933.8559516353 12521.8163618793 1810 245.271929058861 52881.6404592186
71033.5062285315 12980.2534087743 1810 341.436669168583 48496.9973077485
69477.0911571338 12539.9755771331 1810 163.522942137124 48919.1743012313
69910.3884532757 12680.1521214534 1810 732.06952541169 53808.5981525016
69397.0263229222 12528.2284396545 1810 1136.54839551932 51970.8733244872
70358.051157903 12845.8323700906 1810 398.06464938174 50226.9505523727
70025.600464763 12800.0456060955 1810 44.3639129806797 47230.14887696
70409.6444092363 12841.0841092685 1810 180.610578630833 47379.2503401822
69033.8956039826 12487.5229485362 1810 1780.32043237462 50495.5922297278
70197.6284804303 12883.2055913868 1810 788.664782037784 53246.6993557019
69544.6018586722 12576.63328946 1810 778.605737848519 53550.2634857724
69923.6057703699 12639.6137675878 1810 1183.43911742837 54354.5390246973
69495.9360804891 12658.3849410788 1810 188.9377635357 55241.2996757186
69012.311529389 12450.915955698 1810 1325.87900920655 51751.5750846144
70845.4196853026 12781.516947759 1810 616.492762071855 47387.4640810707
68195.7814420497 12197.0859870049 1810 1240.52183290408 46898.9722300003
69255.3168516633 12411.8680157638 1810 811.616498738971 55294.3183622619
70139.5029460182 12712.6066918511 1810 673.371870341694 47336.784358896
70508.6909647034 12855.2952985927 1810 1248.63296972607 52302.5308410607
68905.2218785204 12374.4936937295 1810 833.912602761144 52086.9800402633
69976.3770147142 12547.5710221338 1810 63.1136965593068 47679.6350751242
69614.1731507759 12618.5222333825 1810 110.126322463169 47646.8625413115
70632.6676400694 12931.7641683202 1810 774.989660686388 53913.4154212041
70264.405312147 12750.6865840107 1810 1369.22507553814 50878.940964408
70746.5039331696 12949.089536289 1810 397.098492838377 50916.2378745551
70584.3489907204 12785.604491795 1810 970.716994040286 44955.6168070166
70360.7874019745 12781.0551151628 1810 284.406534539252 53788.9694055416
69299.0681664154 12674.3694179297 1810 241.580184499446 56859.9341705135
69197.4679032776 12567.4610194686 1810 276.529198983921 54957.7124216056
69446.9942873946 12428.0199857517 1810 667.123918811316 47646.1528284752
69727.2727712568 12548.68284672 1810 1271.85797258175 53238.5085223141
69347.8811956235 12516.2363869493 1810 949.102908377517 50067.6683514197
70154.0503301708 12698.4958844708 1810 977.812695479559 55717.336472416
69527.3562262446 12636.4631909304 1810 1399.45282036455 47086.8736656623
69597.0577175326 12493.9937914222 1810 650.51688053008 53251.858947437
70373.4327443129 12800.3754276249 1810 510.13856376763 49513.8132213082
70157.5662772887 12686.6457176247 1810 1882.87757636299 50338.4405732009
70116.5932114145 12784.8610813703 1810 973.044108819639 51742.2417191593
69694.9185016759 12721.1940355164 1810 578.150723945703 53306.7623243414
68844.7417205557 12571.6325233463 1810 887.715252492355 53565.0111633849
69422.0582818527 12357.4533984078 1810 114.158468800702 39271.8714458727
70011.0442420986 12661.5982323606 1810 1279.78890327077 47045.8648023544
70855.3813050515 12938.3814869135 1810 53.8281658654232 52352.306761021
69235.4495562049 12470.9728217283 1810 1091.36276495458 52468.5961146287
69127.3886016588 12477.0175399436 1810 122.300842361918 51124.4128606928
70661.7676337256 12908.5765244532 1810 1114.07862274078 52307.0613940201
68765.0842341679 12478.9830228135 1810 333.390068526438 45542.3387619247
69208.0171605824 12415.2670747203 1810 78.278545915513 49423.8693505693
69886.8961093544 12586.7477429269 1810 1153.12412925585 52380.4163396955
69607.2478049738 12751.9338486108 1810 657.752918528904 56927.8099075341
69550.6514949446 12543.4473725277 1810 4.70063804992606 49996.852629745
69930.5240270503 12694.8136466277 1810 595.408154550749 46581.6224446931
69609.1264347255 12513.6241604271 1810 952.356976045043 45870.061927072
70627.9305741421 12916.801446276 1810 679.142504056877 50911.1556507884
70852.7489650418 12790.0257633244 1810 964.960496161033 47449.1792009594
70259.1069180607 12621.5199081647 1810 1115.94281428034 48631.9269333563
69527.2655164866 12458.9534246927 1810 1118.15085568862 49116.8483929135
69289.4001964991 12433.3518683956 1810 1030.87479573026 47326.2152787894
69704.2863520953 12537.2123369173 1810 1136.89645574107 48233.7682794833
69194.4201471147 12428.2980731189 1810 693.990219765596 45601.7619822406
69910.4362022995 12595.2435735587 1810 897.41742833748 48636.5811717654
70253.0421498468 12925.0658854956 1810 606.468369772312 54209.66668856
69515.1960708606 12579.1492663612 1810 363.374138532101 50143.4195802922
70070.4720860758 12717.2992593879 1810 145.560553205965 52697.3678245292
70126.0638200816 12665.8467196256 1810 146.701178199106 48422.0842648006
68409.6269083091 12364.8149329488 1810 563.576271698548 52192.1951915012
69685.797172566 12726.9886831922 1810 831.564759950403 51674.9172723715
69488.3405605389 12679.4126771049 1810 925.412966157841 45289.8657574997
70302.5061427117 12935.0954115773 1810 655.553324281213 48926.8678289036
70000.4183390088 12505.421234211 1810 686.114220942365 51046.5925829159
70404.1607768639 12801.5797902873 1810 1078.69111599761 57194.4495694463
70281.7984877492 12895.56969037 1810 518.12287569917 50549.9381347274
69249.9250161732 12594.3370096859 1810 926.285952279892 48675.2287580991
69965.5314088196 12683.7929161633 1810 884.113553526398 51891.721868708
69630.2549481031 12547.003144871 1810 916.283650537514 49162.4970584831
71010.6353340281 12980.5530550753 1810 990.713376925014 49717.0321334468
70826.1407519627 13024.5915634372 1810 819.155265763158 53909.2504672408
69459.0095008106 12588.1269613589 1810 1166.96950547846 47068.8104341327
70174.7110940916 12680.5177629974 1810 696.08005424357 49590.6939803852
69940.835444675 12610.4980567076 1810 33.3714780601986 50506.9549701309
69628.6720971787 12641.2799457468 1810 1490.17118306345 54579.9162328512
70335.4859400696 12776.5120662621 1810 836.631756110517 49458.896072732
70117.0047878842 12717.4929285801 1810 279.82547401285 54136.2442890579
69789.9071439337 12682.9170637622 1810 239.973177006956 58105.4994741292
70191.2410430789 12704.0051476232 1810 149.531038282625 46577.5192423526
70636.5769395917 13005.1932215929 1810 1292.80111249792 53803.0449980627
68584.9731039983 12436.9095694585 1810 989.592652015663 49951.9416343456
70585.8806189069 12855.962759364 1810 878.718708869164 53069.3535445322
70742.9958102404 12898.1777167096 1810 715.411190305986 50050.76680386
71133.9197914044 12974.116748037 1810 1194.27753646404 50685.3038940862
69141.3761122483 12550.0891061356 1810 1026.36634618972 50619.3831907466
70505.5289691129 12654.0165030082 1810 1001.53635498793 55470.4075152164
69379.8241762839 12558.2304273639 1810 113.621815267757 54570.9284777062
70276.2227090206 12856.7835078532 1810 376.613643870753 60388.7569437753
70627.5378717936 12516.9138168715 1810 1430.99844768334 50401.3278985133
70484.40329624 12996.5983805351 1810 1100.38700159066 51200.7829826577
69995.2235130527 12784.3097191075 1810 595.458567008169 48889.1347949503
70318.377042274 12752.5771560933 1810 1007.82418246989 53537.660675246
70198.3928542652 12946.8594300511 1810 224.618032855569 56115.7292670211
69108.3729114687 12305.6828543824 1810 908.94569612377 45590.7918634333
68523.8339720711 12324.1406637993 1810 839.643409474233 53503.0855337039
70436.7383946051 12851.2808763401 1810 270.318212769034 50556.2116844086
70036.5002231789 12616.4647798551 1810 194.498568017287 44444.2912446176
70158.3169816752 12877.8879876 1810 890.485281001578 50590.3811402368
69705.4159295887 12650.1646530042 1810 1228.97708237753 45888.8780590715
70762.712011577 12865.2768298763 1810 1622.28396140369 48926.7914793589
69741.941727311 12598.2955566629 1810 951.512244808712 53167.7458264101
69776.3536539571 12689.3135483821 1810 465.959260251508 48923.2811400481
69233.6690037272 12678.4284677695 1810 882.062954426593 49318.2271001174
70545.5435623121 12780.0226045059 1810 771.622592320206 45713.9796194917
69664.3093321432 12540.7729133556 1810 1589.58464786122 53236.6559266633
68814.6866556551 12444.3080284205 1810 1025.13583998646 51128.144715993
69630.6459826427 12568.8303460314 1810 596.742757100997 51240.4659546989
70245.9754735247 12814.6545347183 1810 512.751366276119 42568.4045267286
70013.5861538586 12623.1360852659 1810 310.036578504376 52831.0903530845
69978.4889080004 12791.8472846224 1810 417.942798936525 52747.1780756228
70982.4975425321 12796.7671298258 1810 916.913324376581 43637.6440927053
69401.7800920934 12493.0377580695 1810 1446.83901375244 49435.8188516551
70286.8458140864 12667.8409523822 1810 535.038527748471 46029.1154409573
70629.5800024752 12612.4939705147 1810 1297.9906124556 56048.6176797417
69829.6775543882 12701.9607529464 1810 476.488606334435 48505.9923134311
69362.4366167566 12491.8106364642 1810 802.072133567268 55600.2567430317
70392.3591587847 12842.5624295426 1810 130.516127670369 56511.9429486867
71266.7586115599 12799.7475200663 1810 1103.42889708433 49358.2814660641
68838.1131458685 12386.528076576 1810 714.988762814815 44564.1158197192
69221.8075399873 12488.5705874755 1810 1115.08234207459 49040.0871502055
70029.6249200614 12694.2409087106 1810 1119.59831078016 54538.7965157125
69793.835056187 12638.0333211475 1810 985.969991423694 52155.8448996396
70135.3130402506 12718.3938660398 1810 292.516330848248 52525.6326206632
70381.0337713874 12715.2692547938 1810 254.498440426914 47075.437070853
70171.3623393547 12855.0301835251 1810 1098.55492822517 46469.4018284287
70469.581936288 12537.3721520334 1810 765.976190764861 49669.5670790291
71241.3988479755 13025.5320988284 1810 437.347243919416 54449.9526565992
70846.1494779722 12988.2955441147 1810 337.917502842301 56756.060221898
69687.3986268405 12701.5926456082 1810 1385.22781110273 45575.6638320159
69991.1320357005 12808.1840642876 1810 1007.72908611225 53357.1947823139
69502.6510799769 12401.5935704631 1810 1028.67311476291 51077.1175791409
69278.7704002005 12380.1161906826 1810 1777.36726126596 49692.1708216258
70938.7055371192 13014.8233124236 1810 487.190850865929 52829.4220521041
69276.2069987604 12618.0759192819 1810 237.880546246421 51408.7856655775
69844.6527177812 12643.177181788 1810 938.225085451217 43229.5052079924
70228.837033115 12865.6598229983 1810 88.7670218585899 50150.8690587576
69940.0180746342 12706.5552522039 1810 336.398523376447 56300.5566672076
69255.7451647716 12527.1488766848 1810 1120.60611144872 56077.4187678247
69105.8511334318 12583.4856270417 1810 823.763999669569 55242.7514268581
69810.3198263124 12631.8483835915 1810 575.208706356549 51293.7632920753
69549.1103610544 12797.2020850867 1810 108.364575644304 52761.289787064
69904.0845993406 12708.4390302555 1810 893.75627557981 53886.7519220524
69956.6945692881 12693.270001239 1810 1663.25633704215 44607.6462020375
69853.2926084293 12594.7844384221 1810 94.3262089643486 49913.3418652009
70114.1745329312 12662.1772063547 1810 975.162489132774 49383.7113465564
70071.4723777256 12724.3919180882 1810 17.5588146069567 56328.9004015969
69415.4272871503 12458.1937274719 1810 1251.97943804067 53825.3491117454
68820.894864855 12343.2136806336 1810 1431.10701539491 49494.763333298
70686.4139670078 13036.1190794526 1810 479.517672634949 44445.9112300897
69736.8575233311 12696.5541015551 1810 973.146476645019 48293.5688622907
69476.7097583049 12703.6142098164 1810 498.700019792717 50293.0589693076
69912.5654867891 12644.3574536786 1810 670.763240768294 51375.860377197
70650.4607871402 12851.4682107106 1810 606.237037700417 52801.2888215666
71359.371503553 13031.3166457479 1810 515.836251301756 49215.7323255788
70207.7250988061 12752.0225801307 1810 260.169226933636 45092.0917729957
70488.2799719928 12734.5562849969 1810 472.337602621497 47805.4899728696
69687.7166794881 12578.4398181245 1810 1367.37462246525 46036.9845653993
70040.7443577598 12534.3263172467 1810 945.516136965356 54351.5857699801
71053.6540786247 12716.6302375626 1810 569.856642889195 48726.6323054512
68835.3770400857 12439.9938433031 1810 700.672294595044 49995.3005778014
69164.2695996589 12684.8569521516 1810 1025.71562876468 47298.5560121654
70734.0421854956 12863.5936082013 1810 412.946136177819 56702.8375667833
69913.4024396003 12656.4456611177 1810 984.767667845155 55365.1242926109
68499.2246336546 12412.5269284205 1810 235.833587002915 50108.6989998633
69537.6320762884 12650.6779392618 1810 504.003094688445 53902.0327086412
69802.6051797153 12504.4762042994 1810 897.703627937433 41335.4841510171
70184.4649448524 12625.5576150424 1810 1293.81254274643 46075.3816000923
69962.9531350536 12653.8116054013 1810 1284.13876354699 58000.8528301214
