70545.7864545489 12694.1035268341 1810 236.051339188647 23322.5864893266
69785.6765284368 12482.0846231981 1810 1211.25395837648 25535.1546419291
69580.9284609003 12537.5061394834 1810 1191.21443810001 24240.4265184368
70059.6250578208 12697.6521519889 1810 1164.05566147022 24974.407720276
68581.2863491002 12355.260559865 1810 1050.31411184111 28388.0073943624
69929.0889669205 12707.4374448683 1810 925.179350522358 24320.3173178574
69136.357854556 12672.4790337179 1810 932.154344398074 24637.0493916316
68922.1226644361 12387.836148644 1810 601.741456521871 27764.024503543
70178.7815800014 12783.6526823012 1810 589.692124385806 24603.483432356
69400.9963035155 12598.5420333216 1810 858.065024753912 23872.658813197
69460.5913411343 12527.4063167347 1810 1414.81994979787 27832.5527860331
70754.4088611933 12848.506627199 1810 1033.95335343292 27143.8406452658
70148.5444138738 12762.7372664747 1810 668.448009795786 23744.6548977218
70875.3739665043 13012.0745099773 1810 85.8255518007536 33534.5891609173
69500.876017484 12649.9397485873 1810 572.928101457104 24672.7590746941
69002.1009924261 12639.1997897893 1810 778.72710795516 30956.9849821956
69266.987999953 12299.5546723667 1810 1340.01043503391 25060.2713868781
70498.3525984593 12699.7170883612 1810 302.842870316828 26432.3474545566
68785.8742009166 12298.4720621113 1810 1456.51622707245 22903.8034581545
69213.4800280543 12528.6139473923 1810 1295.50577816385 30239.7050477221
70302.5170974 12672.698917579 1810 1444.51588639461 25929.9387324074
69238.9831991331 12460.5903142622 1810 1131.71565190458 31290.8312827155
70901.8514469616 12867.1567547765 1810 956.237999933077 21744.3019389075
68101.3850600946 12332.4500898775 1810 1523.94695056237 26282.7306873795
70546.6144902569 12781.3336157488 1810 900.873098115731 29252.7903233988
70174.406752815 12619.3279799535 1810 1008.66592721776 29496.6332677453
70175.3857606952 12724.5696982374 1810 402.094832500396 25221.6906613968
71070.3861277465 12757.5217766429 1810 1225.20594571931 29127.0911594615
69327.9454851794 12641.8599225694 1810 486.728435736023 19045.6323630826
70405.0363584298 12838.6158204385 1810 1464.17289318327 21151.6141456263
70091.8037254796 12830.7700849895 1810 1019.75785569963 27967.1825615995
70088.0509572047 12608.2208488567 1810 311.603213788352 19370.2746513769
70520.5490996829 12737.0025796415 1810 434.496299359356 24316.6019218225
69564.0269159288 12578.2477569158 1810 387.859285885101 32921.7480023028
68446.0490889157 12103.8202525828 1810 2226.74290027201 28320.6848356817
70206.7247947466 12640.7902896118 1810 1258.47511194863 33109.3023284542
70345.3282881146 12773.7692643087 1810 1335.94492136165 24137.2499096825
70026.8157017685 12790.017171609 1810 1289.92649877966 27013.0222793758
69282.7247321299 12524.2114258851 1810 258.624067405304 19689.5941921265
69759.7899625167 12726.8745676057 1810 948.347950926978 35680.7705831151
69295.5026146478 12533.1511731073 1810 474.811539225088 30990.8682803255
70544.471520881 12849.6540232068 1810 1349.45244566265 22059.0358338553
70681.1533464466 12725.7290595607 1810 929.333051851405 25756.0111378759
69057.0004801036 12392.3442835121 1810 1232.98553378532 20802.0674918015
70374.2679243825 12644.5293063147 1810 367.190938831212 22749.5146675562
70464.0023800757 12689.0744590182 1810 1103.77830543445 21057.7826014301
70458.7042569703 12771.8314873508 1810 184.933165225399 22990.8246987495
70566.1959969465 12652.033034051 1810 1072.65867790785 26511.7999689353
70463.4235814666 12591.7790286471 1810 1047.34890927852 23174.1662334102
69298.5910107551 12496.1303179711 1810 654.995219695042 22166.0865927756
70013.8150338114 12752.7064972131 1810 1456.23760079985 26825.0876702678
69072.3128609271 12303.329989569 1810 168.080600580932 22123.6843733499
69535.5907647671 12682.0911832034 1810 696.638174417087 31297.7225783079
68957.0542067917 12556.1838816318 1810 246.352710671144 29426.2990593903
70655.3734320629 12799.9725593473 1810 734.376943033229 28778.8797079808
70788.2182676562 12906.0687718528 1810 545.092499187862 28963.627748939
70130.3471868421 12653.5001690078 1810 1299.7430732771 24701.0815883496
70959.7314535451 12808.2306107644 1810 476.921533819957 25708.1463272844
70027.3966017809 12608.8044938863 1810 598.131271332295 23658.2093044613
69783.1066152237 12701.8393082163 1810 1077.78021390618 20131.0640862832
69363.4315523278 12557.1026570002 1810 1595.94560603697 16334.5105378851
70119.1637535081 12676.4827355004 1810 299.875284973117 27200.0624528469
70357.3883781058 12701.7610902002 1810 1247.49312640776 19682.4189566008
69899.8723875337 12558.1855264852 1810 106.522977166564 21069.1307725479
71243.8946917718 12743.8344774205 1810 514.341471350663 25293.0534573794
70412.6206117913 12921.3530643816 1810 907.785496732486 24098.0475533056
70023.876771428 12586.7403142305 1810 896.158407020077 21045.7452981934
69403.455326107 12359.8783934453 1810 1924.41664218209 28121.7732328377
69312.5857706596 12534.4400352759 1810 1679.17084042971 30349.4833760396
70193.6943371423 12547.017283821 1810 713.649834108071 19800.7353895303
70248.6842931922 12707.0675090082 1810 1120.97444954555 29479.8924240889
69482.8335898059 12738.4680097375 1810 855.793410705639 27225.3074205391
69863.4295378795 12699.087879009 1810 110.652820925625 25119.9730297105
70707.0765880511 12839.1030774581 1810 185.395454932011 26216.9100254511
70662.7254458079 12889.2597451485 1810 844.45499246757 28485.1653106747
69181.5425832977 12488.6246996336 1810 1471.23069946521 27220.3999893718
70373.4826794092 12778.705680549 1810 728.027106343711 21134.4793453885
69536.406228985 12730.066232924 1810 297.170898434393 30581.5658360668
70380.77825619 12650.9847233293 1810 1784.87017337961 28698.3451136705
70348.7954040241 12408.1729799546 1810 1382.72438373028 25524.471650181
70139.1620669786 12677.4674674665 1810 1477.73072227505 24919.4906065113
68211.188832334 12333.5560272032 1810 1700.57950461803 25543.9396249608
69936.113213057 12691.643224712 1810 1317.27711347983 22683.855440244
69150.0412836676 12450.3060607902 1810 370.882342550907 20514.6223789267
69955.6304313728 12709.9656358484 1810 1352.51107362665 22032.7996459285
69789.0807879015 12704.3643659575 1810 380.770363271775 24039.9217486397
69340.7459425796 12527.9872877771 1810 886.28808438845 25453.4977776582
69247.2081968364 12630.7518809549 1810 1268.04827677397 29141.6308282703
70014.9808336754 12621.2594498549 1810 905.013728140204 23982.8518865821
69366.0389794896 12270.1006006915 1810 1117.88635123793 20497.8876558301
70154.7611722234 12640.6276280444 1810 1415.3237743206 23467.6823478818
69508.5067444667 12536.7662074131 1810 597.902189464785 24377.2910301118
69892.4782520595 12765.6842160117 1810 1534.80277110977 19039.5555244558
69721.8105821925 12555.1065451802 1810 1093.58545273778 19141.4320277738
69061.1114117563 12549.1135578135 1810 215.720292129599 27112.6775455411
69509.7736201326 12589.3920628239 1810 1160.98730560409 22062.3553357354
70245.054645618 12772.8462305085 1810 160.909281777824 23541.3972666297
69722.6704682577 12597.9612579231 1810 1245.64863445627 28718.1795244236
70587.9334677051 12794.4818339111 1810 1027.04092866774 31553.5483357709
68587.6504211421 12518.2767186719 1810 1437.6848490442 23926.6656792552
69396.5761563456 12357.8479968178 1810 1096.4124480629 27878.1536268891
70210.0731721078 12516.2040789516 1810 893.381445606259 21158.1619508249
69393.9480216156 12436.9752364836 1810 1904.71042220428 25047.0341665614
69729.804871167 12613.2956987295 1810 959.402397450676 24734.0196739271
69785.9889197252 12757.4121755756 1810 271.113369057624 20127.1819542149
69503.0731100709 12543.3003264465 1810 1690.44374574177 21611.2043381357
69481.0625444423 12667.557791809 1810 650.280454880831 27215.9310962617
69931.4413193848 12659.9046089396 1810 1287.57877605836 25218.7872974231
69404.5671763306 12653.5834604542 1810 1132.50600994726 24935.6672094565
69161.5091397091 12580.9446645925 1810 1693.64931382707 23003.7113994412
70429.5357450113 12684.5258088306 1810 281.171162110057 24473.9368380157
69865.6456452046 12604.7858347997 1810 1717.86728687006 28698.7194865738
70321.3200236814 12607.2270557097 1810 1058.04337741666 27592.6889573637
70873.447209505 12890.9392587491 1810 1065.96612626732 23279.0306704626
70905.4536267305 12840.3730171781 1810 313.856914323489 27046.9226919576
70400.6523515784 12633.1622686122 1810 1238.74777630451 29298.6437507198
70210.679366568 12517.9720611407 1810 813.891041774525 24198.2332020676
69004.255698338 12615.8836820075 1810 247.222914687994 21234.1450749599
69962.4631768629 12687.0578976011 1810 1481.61139597786 23094.0829835099
69214.5520623438 12532.9564951318 1810 1148.25214225619 26433.3659714665
70196.3235970042 12740.3154709421 1810 412.42776941115 22701.2164227082
69539.0496349266 12513.6074994121 1810 327.360356389729 24980.162242687
69933.5161035561 12661.0928184561 1810 857.802413680618 33815.0067372396
70081.9688125915 12730.2504571742 1810 1668.34330225921 29887.280537184
70009.6944316406 12850.7848359883 1810 1312.68439223659 19950.2845910269
69454.5639453971 12693.0030265237 1810 167.60981539671 20306.3130787996
70089.6492191307 12722.6620291216 1810 790.294345634117 34020.3010557601
70624.055950131 12956.0123332774 1810 415.183240827133 20798.8706565309
70842.3907036637 12980.5405248985 1810 626.844085001285 30393.5428689896
69485.8283201286 12654.507777757 1810 841.229708942235 22997.5122195424
70121.2978472309 12611.9974044265 1810 1255.43206087699 22457.4284838665
70513.6026541869 12740.7600384288 1810 783.670610204406 36406.8359949089
69861.2538553242 12648.0169732133 1810 284.715918688886 25204.2920791028
70003.0380015755 12749.7838121443 1810 652.689779125274 22240.4016333364
71416.0291230076 12684.9569137846 1810 1289.30054970368 23554.5484977905
68927.1586614041 12480.2801262906 1810 457.67262396425 20666.4520266144
70005.3389112299 12703.1075265416 1810 171.86211407719 26155.3552636578
70825.7471310991 12849.5719332423 1810 908.122559476791 23338.6608872537
69340.7106665959 12532.0100494438 1810 555.216562673886 25246.5033813522
70183.6095359016 12603.7491870957 1810 33.6079643915546 27624.306724506
69828.5914970323 12701.9122261174 1810 1425.58786415411 21775.1988682655
69299.3311493634 12567.2143527911 1810 1433.09952706325 23499.7476272855
69862.9088176597 12689.0043709895 1810 300.785885853504 27409.3561779082
70369.1156794434 12767.7974201492 1810 562.817037318779 26728.4575905925
69538.9207994658 12666.4459278338 1810 755.035695533054 29908.6705372769
69947.6301086978 12602.9778811018 1810 982.797805636925 23735.3804639248
69369.5143967532 12547.8824627277 1810 485.704927433344 29154.3234906484
70502.0719023549 12844.1445864885 1810 853.753605536544 30851.0234091271
69149.5636550712 12444.2901593894 1810 23.6090840168436 25044.6136821618
69332.9649792922 12480.4691646007 1810 501.315876129955 28973.3718658884
68771.3942109286 12518.2230045575 1810 1277.32218217069 27735.2862387635
70533.0962058545 12761.7003304305 1810 385.774879165276 26622.7885364799
68568.138106349 12377.9746804248 1810 1126.06049124426 30868.7186830706
70178.9987063119 12665.0061348996 1810 1481.70856700097 24827.7948083831
69780.6641154773 12445.2378958438 1810 524.355514708077 24120.7184322632
70958.8495691696 12915.5917678386 1810 1255.76435184395 31376.3403610457
69565.3339829582 12584.1908030391 1810 581.310729890288 26394.0437165963
69713.7317382437 12735.715119762 1810 1170.38005428951 28518.3799863388
69165.317545727 12729.7557154637 1810 274.505933196637 21614.8106911865
70645.3059818259 12900.649395429 1810 586.252887233288 23456.2359619379
70513.8089329881 12749.0210482546 1810 1098.08247529912 18216.7083928364
69729.3719184791 12662.3580571448 1810 692.95670605762 24665.2128553617
69137.7031135928 12627.6472415793 1810 790.312719813166 24541.1751517644
70920.2069827862 12991.9977488638 1810 510.619078361693 27664.4577348368
70439.9886382308 12730.4752516136 1810 1366.66562647684 27487.9939814068
70148.3628395237 12806.3838292732 1810 1161.29041966164 21428.6099320452
69988.2976375413 12475.8963799603 1810 92.9248673265665 22080.3033064967
69436.2768229574 12619.1919905353 1810 49.4671422243155 27860.4542403208
69491.1023076052 12623.9526324836 1810 458.309247136782 19797.399509296
69723.0991282995 12752.7827471243 1810 862.695866688012 24087.1772026143
70146.3000183599 12789.807302353 1810 56.7930750926353 29157.888298415
70284.82072832 12608.9836726234 1810 951.777768593636 24016.7863846461
69673.4069371381 12701.3706446868 1810 1105.61877713873 26666.0867080766
70696.6719292862 12851.2040582318 1810 739.33994394715 25692.5455560603
69495.4067475288 12664.1945561413 1810 1399.08199265222 16324.0784341789
69654.7944481953 12552.2783796418 1810 418.075456015116 26845.9839529819
70377.0060454718 12727.9265912962 1810 455.732254056031 26688.251763119
69966.4352953049 12740.8637914329 1810 658.378568922393 30589.2094354717
70226.7149607506 12490.1476906173 1810 776.063935910111 27760.2419110036
70574.2097923435 12936.9545102375 1810 821.576713520997 26261.4707185486
69398.9867776809 12712.9486774407 1810 1003.63363804617 28634.8695984949
69185.0063564179 12389.030264187 1810 1005.55930103171 22290.5143484386
70213.4358852834 12522.6017318898 1810 99.556408668841 28300.9850891946
68931.4446048517 12607.4126297201 1810 1483.37995531969 28112.6393460509
69894.4411479114 12540.8779207239 1810 865.825898933452 28873.901986104
70094.1898053598 12569.0564181865 1810 462.329296980995 27319.7800896709
68751.2143796299 12423.1975857555 1810 1482.56900345374 27767.2101354475
69457.2960814473 12597.4779339265 1810 857.127802734982 30007.8460224042
70968.0637516318 12900.5363775957 1810 1023.27398382096 28564.7685271622
70887.6595130111 12925.413555204 1810 1069.52381608304 30515.3482393663
69810.6269529454 12840.968771594 1810 201.203827793739 16916.0041168535
70430.8014855387 12777.7713027525 1810 323.11769150247 27463.50086839
69327.5361845861 12638.0277630863 1810 699.234316285609 21244.5761928794
69643.1675491416 12527.7845912625 1810 630.169563373024 21172.6772659295
70009.0472446566 12723.7512408539 1810 95.8281575944875 27195.3916530512
69973.2700795396 12712.8023203793 1810 1947.6476195803 26000.9776163651
69387.1554428906 12602.2191830481 1810 1168.2995974111 24018.0367703426
69440.8102535463 12592.6186323958 1810 1251.93908170617 26064.0509296174
70812.6947515326 12881.6071087508 1810 1091.65721419992 28487.4913567098
69919.3227538562 12746.142644427 1810 1189.33885132902 23711.2919934152
