10948.1433346574 3305.89820176189 657 5.83821169364546 5478.12016918816
11173.9295469538 3371.00627611725 657 77.9054549810753 5105.99064084211
10920.4792411601 3326.9313392599 657 19.3081020038562 5565.87657574488
10884.884879264 3360.42357404853 657 140.724086229168 5839.10958394667
10567.2738901802 3189.48716326752 657 198.15212368731 4605.28965877202
10838.0224881962 3307.12848576315 657 67.3482424919771 4787.90729802793
10907.1656925886 3308.44186579773 657 493.575515706691 4338.97600572859
10658.3742927033 3314.76822384618 657 206.093579720721 5558.95820409511
11671.6444758792 3614.30454455318 657 255.363525303884 6569.51655699923
11290.7419909846 3424.52707199051 657 258.596262867494 5297.53183045337
10523.2604048502 3203.73705628109 657 119.844206643922 3658.04312617848
9677.87941052517 2904.0449357135 657 121.224365513069 3725.48390802019
11302.8125542571 3412.98966285328 657 145.317340665174 6270.21315517758
10952.9147826426 3231.6628983705 657 232.981373123986 4764.57747803516
11757.9791830586 3705.42681734262 657 187.019562228389 6442.97047179166
11367.3597167354 3572.61931506753 657 107.702292853515 5946.48553341209
10284.9797914887 3137.4888847944 657 142.585662871241 4798.23045617722
10992.1930716152 3322.58369471911 657 735.696694772194 6122.00821087854
10562.5926933533 3191.67186258522 657 471.740350838135 5102.06311756319
11232.8054703919 3529.19816016285 657 63.4662071423054 5743.80479241108
11674.6171968263 3637.38229941977 657 94.580247639858 4841.61399829658
10774.2417353749 3310.4364735758 657 257.25067102578 5172.47770520731
10995.5909028616 3412.6946415291 657 511.992333764422 6172.13439107133
10814.4586951455 3405.66970255418 657 27.6141020243745 6110.94057877996
11018.6824848009 3433.23329691528 657 116.122725017837 5450.33635557624
11045.2765634752 3529.25489656528 657 85.7082785149305 6427.92567242796
10626.9316088705 3225.9613345164 657 380.076694652274 5248.3757213617
11029.5486077119 3404.59038229101 657 230.854621660549 5772.04992107593
11126.0389432263 3350.71253065085 657 115.579536616496 5831.57543309585
10677.388481661 3377.95465724253 657 197.814657469347 5454.56424844081
10990.0890798525 3339.11103803165 657 398.327823865926 5064.59742358996
10384.4972313577 3050.46599148962 657 685.937418272175 5952.58012625025
10950.5057779402 3337.57317069763 657 451.839581997917 5344.01948098547
10552.7998430604 3342.19211706435 657 79.1980612215593 6408.95105016887
11530.130840043 3475.65856938606 657 145.718458686214 6009.86511314891
10150.143990995 3188.06354647887 657 87.6964759589148 5496.69108203389
11045.808557435 3372.30714732706 657 17.4048439286892 4874.81785807193
11471.443050946 3572.47603944609 657 218.10700984087 6632.02662286573
11131.7882614479 3474.29260642753 657 386.856212315741 6793.08809195817
10981.8504467947 3370.83429364303 657 158.615533867825 5892.73925601267
10797.6702257605 3362.25331624916 657 92.4920610147344 5300.78731853482
10411.363330121 3232.56072872615 657 215.217548418867 4747.26975345019
10730.6522498486 3163.4601386561 657 602.949369667258 5773.53178822931
10669.0681792339 3396.92848876038 657 70.9337800251626 5608.67961891983
10780.2929477142 3301.3661785949 657 54.0646399926779 5380.68871359623
10478.8335131453 3259.99311877992 657 227.92488362986 4594.96080786585
10554.9042394382 3192.20861666642 657 589.185498161285 5319.64457208583
10672.2512968432 3146.42551222335 657 6.28451144726318 4654.71552874012
10430.3585677439 3273.86246648044 657 51.3420059466982 5541.66762427921
11191.7397284119 3424.69796618057 657 239.256124109191 4956.33456897954
9583.26035471822 2925.29335774242 657 0.695279202507663 5016.99776785341
10907.919339441 3362.63706365581 657 194.548118963457 5905.56780324651
11268.2325328044 3505.59547118124 657 34.842783429893 5906.06688437185
10719.4670135957 3262.67149429466 657 398.507069911532 5049.24437718035
11260.2778557626 3422.15267227311 657 741.135833002704 7272.23535505055
10759.9469830348 3333.0866607888 657 468.560338413446 5445.82782602247
10857.6949095 3303.1068872875 657 702.679277384794 6116.1014664776
11166.9174507103 3406.78047942582 657 723.982432898427 5938.28527389737
10502.2123599652 3205.18018655762 657 9.95459322209126 4378.30973238054
11185.4380865008 3454.1162880305 657 113.227453049994 5982.50197414815
11097.2147223058 3436.46681360919 657 67.2872784097744 6273.64407436503
10905.9398072223 3357.912104087 657 335.958349056271 5355.63500384166
11713.4483693146 3619.40284823556 657 467.730515638677 7875.52723982327
11223.0402823454 3406.9778588942 657 419.868077222674 5518.06148811228
11084.707332957 3369.98651713323 657 205.612940592128 4910.39338547202
10975.5106297679 3423.92557588746 657 200.424312496242 5402.57389560762
11207.1783898115 3354.59850305327 657 274.182860250519 5296.55310297883
10304.1895899697 3165.82293866733 657 117.84940325794 4455.28842806019
11185.7210657781 3461.65221977272 657 28.4848286708689 5573.0422182118
10665.1737502034 3192.25501626162 657 517.187627120752 5478.84057681396
10956.7731589395 3407.97761035376 657 362.034862642808 4908.28265140853
10861.8232162326 3247.62035062803 657 295.987333400704 5463.89285589395
11034.3258208337 3360.75380708208 657 89.1936494793435 5291.73916650558
10952.8759098204 3333.40362484821 657 775.445041530072 5555.00719077671
10123.8014510186 3168.59899587349 657 236.928065734635 6367.27254528284
10098.4159509742 3048.99350764542 657 87.9632662218319 4134.26303051585
11161.0188905359 3477.88965954689 657 5.72853911130574 5839.03526759889
10835.8561354039 3185.42492999105 657 16.5478090968854 5793.77910227597
11125.8055970899 3404.52352266211 657 33.3039696516437 5779.06287199971
11374.7046117375 3436.83270962184 657 229.775044208558 5639.67713963918
11110.0060913963 3362.29765145658 657 546.370409301875 6640.1209717358
10956.3839896353 3431.9886925588 657 266.646875536331 6305.25856291754
10571.3276009052 3248.23916691744 657 17.5126461404377 5660.90162737192
10635.1729454947 3259.65669131846 657 127.677727658233 5010.31064699377
11469.366385593 3525.47055377339 657 300.585118182867 5670.53818303562
10932.6234395001 3441.18251729509 657 135.350434747192 5035.32624485338
11195.9732285827 3358.51851432513 657 670.711180874139 5476.7454320551
10586.5730952589 3217.63349641132 657 617.24762345459 4879.42687589791
10924.8886414486 3337.10166099904 657 41.2065663598582 5022.70950613488
10401.6120839154 3230.38815764834 657 187.462643552203 5733.26600009879
9543.375392966 2954.67210326974 657 206.670760102071 6088.87370882684
11063.5621883276 3319.96204201247 657 598.374298249619 6139.34274471715
10614.5072863049 3328.51817034712 657 219.535497492821 6399.98020506664
10795.8545328298 3204.0000640317 657 86.3478325468457 5454.82990719021
10909.3252685387 3367.13662572704 657 259.275300222074 5750.21044476589
10795.5580167174 3410.46919299335 657 83.0696472680836 5794.86839166933
11543.1832734667 3557.07868396815 657 364.85470616541 7161.01463709354
10736.8408135821 3231.56034225939 657 813.166144679585 6055.85364305014
11449.56164331 3601.36955076994 657 261.906328763106 7107.59229867788
11369.6943920347 3499.8951749562 657 56.7169139634857 6461.37401589103
11055.3934873736 3418.8648828322 657 89.112342407715 6453.42438937572
10338.0171461178 3252.7459652684 657 58.735099257889 4896.44857402946
10916.8601441872 3345.35686385465 657 343.669917613928 5563.75686418273
10362.2163667622 3055.02562878013 657 494.91990558832 4373.2958956193
9825.6722484165 3052.5105602314 657 8.18521702364478 4336.97447063959
11207.7954615191 3459.41935089694 657 308.950914925449 5658.9159417811
9914.17343272004 3029.1696449658 657 325.130819210508 4831.63858765171
11311.5031201561 3480.87396375356 657 384.770197123139 5668.70259972909
10205.9870372728 3201.82982912398 657 160.539501101326 7107.75356878899
10277.1008738104 3052.23372328001 657 613.7353830514 6105.61205331906
11387.4198207023 3563.03820978399 657 61.9803008803124 6870.15762460849
10965.7976375402 3309.96714141722 657 636.755689383797 5510.57733802271
11331.4146867629 3466.11139477673 657 339.399882421186 6463.92780521994
11067.2660052997 3376.67329741146 657 145.962830567919 5084.84470138168
10612.2913757366 3275.64023118586 657 356.343923141655 5505.55644770346
11291.7728741189 3466.84943739577 657 104.489875273353 4847.74920565436
10557.0455598573 3301.19511913103 657 4.06256910287948 5232.88176050774
11477.3845892285 3591.61331333623 657 172.79848403048 7020.32253736523
10991.8187828923 3311.31229567624 657 462.603981618286 4812.96149411991
9955.16200993959 3124.74197403659 657 92.7195827081996 5291.50606822907
10761.8677352905 3259.22676880457 657 240.755006938799 5492.20939085917
10121.1758424759 3122.28562298769 657 97.6526740311674 4695.15913902614
11274.477087652 3554.55037807649 657 56.9121686933056 6576.3272209866
10970.1085744455 3229.29743367874 657 432.269885985788 4389.27625052894
10032.6342866625 3034.86112540515 657 134.211210434682 4492.64802602199
10833.9466268081 3305.90918151438 657 92.0073927968438 5402.04468707847
10697.2063404427 3222.89131733527 657 10.0190869664407 4766.83119601753
11248.3763453377 3573.51575333941 657 43.6396425372277 5973.67043143166
11240.8875783108 3472.77452104357 657 580.303013897198 5866.36138230172
10694.3825680873 3323.82213454287 657 199.528804701642 4982.34134317553
11243.7605876134 3390.71029456451 657 116.723775466592 5192.62091383104
11120.7444253052 3389.34359051131 657 692.047965322683 5945.31806262842
9975.07763826864 3082.20345920596 657 58.4677931479512 5438.42013603717
11293.0385788993 3546.60625091628 657 73.6135588846321 6449.07131613746
11185.0526564474 3560.55926108562 657 14.9309799113357 7165.37801206517
9923.56209144043 3057.3817210064 657 262.782567649942 5273.67237281838
10181.7947976515 3090.86539031398 657 135.544449082067 4100.59849090056
10697.2806173212 3341.11758163427 657 101.916392109067 5222.83613062664
10948.8781465002 3396.52763475625 657 247.4829703804 4971.14094149028
10702.7641241634 3373.02446434558 657 33.3123522045248 6540.71610985685
11864.0127778743 3686.84869290521 657 230.15223456685 6338.57364760401
10894.4006066596 3217.28353459039 657 108.758902403947 6509.28454063065
10303.8621932982 3142.84829215696 657 473.984820817047 5149.10896524079
10438.7930924701 3262.5284515801 657 4.14238448633068 5894.49141190958
10986.5779546751 3375.30089359697 657 35.5094436351542 5311.80980356373
10272.1425400016 3103.79871549297 657 92.5460703337026 5599.51154210725
11055.802525251 3412.40336985764 657 59.4275048146856 4770.55732899441
11104.2627646537 3466.50730339722 657 65.3560577286944 5731.95896400136
11291.4178029118 3529.73900322682 657 457.785867975183 6829.43316781998
11467.8239054969 3581.65079033275 657 77.8463929885345 7293.98314183879
10330.3935663387 3173.22553673382 657 449.683329303972 5882.56219333564
11566.575010926 3664.69909537758 657 46.1008191656083 6758.99703081121
10944.154414835 3333.04661995355 657 769.025526067548 7660.2691604337
11016.2795244615 3368.576844171 657 137.414687399743 5243.39096774233
10295.7204791423 3244.35684593859 657 32.0778478227073 6528.45069283399
11660.0966594555 3593.64355442229 657 407.182390260961 6434.47988796862
10269.913480177 3248.80474319594 657 71.6373468520367 6452.3096341731
11104.6946653591 3471.90233631284 657 19.9588083100307 5441.90285827602
10421.5263135708 3093.90739730588 657 820.714271294243 5141.09326694286
10659.5958942939 3342.36170312104 657 43.409034821728 5342.42963867444
10652.5558023876 3332.18313625644 657 15.9903012352111 5963.78812552744
10046.5502479427 3050.56724597664 657 50.2523579268779 4273.43631838109
10818.4607042737 3437.06149652401 657 70.0086795711484 5790.69515353762
9904.61099667853 3013.91785548079 657 177.817473906483 3433.17360714961
11356.8080587582 3453.01950202491 657 291.859085007206 6486.03408356064
11157.9269143661 3444.1853754691 657 93.8125629003555 6011.13272025011
11059.3036340677 3405.9659322347 657 647.976095072438 6722.55205470582
9798.29645915692 2879.66034257498 657 409.505118919191 4093.70439720209
10900.4542583796 3388.99552389794 657 62.4866123334089 4968.10952490753
10621.965397273 3281.34829224653 657 351.9224986574 4513.39845235285
10649.5235656869 3235.33584191125 657 461.592043246158 5623.53718012714
11592.140725396 3621.8301056404 657 272.755284389548 5625.37214298967
11247.7530459694 3444.13619403723 657 610.276600352002 7464.65704758057
11203.0898979321 3561.23684847865 657 84.6819952999135 6246.34998831564
10741.3940581599 3240.71247974936 657 654.215054420446 5437.50902301055
11360.4882153302 3513.80924591351 657 466.074811917291 7051.53192066799
10572.9858525941 3185.72883419105 657 5.67778317565126 4395.02662504835
11734.3941087731 3599.57500216581 657 358.336899434232 7654.62840910142
11064.306763617 3405.85770337511 657 73.9507000508884 4975.38723232341
10558.9428609532 3301.53673961992 657 81.9302379014639 5923.62799598595
10344.9964282148 3163.08013597607 657 270.899189625159 4023.53800420693
10939.7382761092 3387.72876499089 657 33.8915662241748 5512.14516216285
10623.1833762552 3333.6755377145 657 86.9211143271095 5940.28324599988
11039.8279031851 3395.29059941167 657 812.029323464668 6803.81590578203
10504.4574287576 3184.73193373409 657 604.219866575522 5703.63331182802
11225.6116131279 3415.35805802691 657 534.70280652083 5097.07884955704
10947.3024074715 3426.29242582987 657 130.245689927532 7371.03415469499
10436.1763157389 3260.22353312624 657 61.4374800878036 5512.5703328128
10107.4880288216 3057.33222961602 657 540.159719681259 5584.10527221096
11238.5110949846 3528.89831224329 657 21.2943571721753 6558.75977252894
10572.0948272629 3297.22773234538 657 86.1813827684114 5538.08396902352
10671.6455771922 3234.9164352447 657 440.26669950883 5127.23311499251
10722.3629326399 3316.88563760503 657 22.645194834532 5373.81219593958
10360.1178431982 3212.82094756281 657 46.2155481857649 4725.84149024987
10439.6800032359 3076.95676652417 657 535.342005237384 4766.66048601859
11097.7037456812 3454.73007014285 657 45.4152250567308 7031.60380456903
10784.5919058864 3424.46159591597 657 179.932626115316 5396.45642988936
10533.898384646 3192.11223593672 657 97.3565633749615 4475.6364175403
10766.9767630617 3351.19979901811 657 103.798081648042 5853.21621914198
10565.9125832552 3245.21495153246 657 192.555471253589 5071.48514758928
