13814.5133631757 3989.68697236971 1069 234.275008222826 13726.0033728837
13457.0614418851 3973.57794679114 985 197.152484280963 13146.5489569788
13772.3559492814 3968.18761871194 1032 19.160248974069 14078.2850738627
14405.6618557623 3989.59558560396 1156 19.8085497798286 17176.0942242349
13723.8252043019 3993.12663837325 1036 242.801741225782 12980.91362189
13612.3693218548 3980.94784224622 971 38.1793492544116 12034.9152266473
13816.6593973427 3995.24871087344 979 20.0960195320324 11989.8477876673
13821.5515405796 3972.1217915531 1098 84.8630994638904 12752.727712286
13623.3998656597 3991.30740274619 1050 25.4250215702427 13240.0292305457
13995.2684495313 3986.84788476801 1075 38.5583019751573 13926.8292394032
13781.9102962529 3980.33594557589 1039 41.5596127596002 13543.7107172358
13596.9161277271 3976.36129044136 977 85.0024565493052 12684.3685932046
13779.4214999926 3990.78621274184 1068 178.716035371754 12452.7713547945
13761.8715167175 3968.80518226012 1053 178.584166568173 14480.1753002068
13476.1173035338 3985.04408650454 1017 38.1285447301989 14669.8786083479
13951.3566957433 3988.83110620525 1068 45.146710398089 14445.4818646902
13469.1428481666 3989.04429579295 969 7.16137650543465 12661.8903084235
13805.8652668658 3987.49285391878 1018 25.5867141582276 12936.8622880101
13925.724648366 3992.44657673647 1063 85.5744502055099 12863.893656761
14127.5677254469 3965.06484588674 1092 28.8361602782263 13079.6199543392
13803.2517062814 3972.29750444531 1050 88.8876107462202 12826.0914197921
13581.1796158958 3970.54325648343 968 66.7786699632838 12923.1098606196
14280.6671122126 3953.35500362276 1119 2.97453968865921 12840.604761011
13601.5266785168 3988.45477881248 1021 169.664281405956 12140.0898211827
13762.8780597082 3977.9492219115 1026 135.078195948248 13228.4860993095
13626.9381180053 3991.22209824899 1009 34.5630406670964 12066.7650294415
13647.5102690859 3986.65482572369 972 5.45279615649952 11410.5886157776
14194.3304014731 3978.24149041667 1073 30.824998658846 13884.3526588272
13705.1652511244 3981.61020760607 964 89.141527371783 12619.7226247756
13629.7497610088 3973.50742163235 950 175.086257419665 12383.7705400411
14227.9413094673 3983.07111205711 1082 25.6878781682722 14214.2432447959
13798.9434191742 3971.71659902592 1051 108.545934596588 13750.2021028532
13920.1926628685 3979.18008747786 1104 127.033717843554 13112.6552302756
13234.3400595974 3978.69240422769 969 111.445943164371 14169.6610994506
13716.9052103294 3994.20259495196 963 9.75655761020425 12276.3928259085
13520.9697883661 3994.3020106002 948 59.8710135626441 12962.4039003991
13612.7407273256 3981.79421238965 1104 60.7804643629338 15134.2707795495
13857.0740224371 3987.76362432779 1113 317.28544558722 16006.939384104
13893.2893015292 3963.13211414905 1066 111.301393457674 13137.3829420688
13404.6956382127 3985.0153858284 937 64.7879665594701 13034.4004339855
13857.6710339184 3963.89081395768 1031 76.3473310104578 15161.5284554632
13922.2325672906 3970.0551664646 1067 132.129278978014 14201.4776594658
13830.3558191691 3962.64722614727 1016 145.088070240962 12866.6957928823
13862.6203503839 3982.75622474352 1031 111.613380258171 13327.0001748425
13850.3637557643 3987.41625576462 1030 22.6560838663029 11965.8750464132
14075.2283016244 3985.48740292282 1118 183.294851795367 13650.8009392716
13689.8341600764 3979.71383353067 986 151.60799261759 10593.964782439
13308.8055967462 3988.92524049367 991 206.466552117933 14608.5479456478
13577.8165441274 3982.33614167631 1016 52.6945921852039 11140.2015777144
13869.2621688415 3986.09238563146 1031 228.194514375048 12304.8255161114
13411.1533857706 3987.83512959346 938 245.262115229752 11903.0823226568
14214.921650515 3992.14042356275 1131 72.7455321194448 16591.3417971306
13752.7150406824 3992.39565435228 1016 41.9071614078409 10086.5419593512
13695.4282167537 3977.69749573237 1030 5.40751556324653 13832.8756896698
13663.1608871767 3986.2631677425 968 5.71603027627953 13009.091007375
13538.0834464555 3989.35553402069 954 7.40231037862804 10861.0424331003
14125.0701943814 3977.39461382474 1097 121.116228078038 16443.7459330699
13783.6373984673 3993.42288839705 1074 180.322887135093 12939.519551169
13901.8915597558 3986.34547082945 1075 163.133563485634 13705.8631882628
13495.0964189271 3992.74358901906 1033 202.05299985295 12875.7238097775
13927.232242141 3988.59561515191 1155 146.437407193573 15860.5287625886
13453.8614872386 3989.20399109507 1012 212.770422882363 14297.1570347355
13855.0398392156 3961.82754248092 1046 143.884981844927 13419.5876026128
13793.1505968654 3991.74161948287 1025 9.14140613950121 13378.3591321448
13698.5086180012 3964.4873487377 1002 110.612073738809 11448.8445649847
13655.8699883595 3982.93738954164 1028 208.730150689174 13312.9192715268
13433.0092465811 3985.50347109477 900 151.266730337469 11274.741642616
13830.0646908078 3970.21886620507 1021 1.33764818139684 13535.1381628718
13979.2485410454 3979.36679373056 1101 60.4242235889001 15554.2653578159
13586.6506700311 3976.71330999557 952 239.90423402135 10903.1453094911
13702.677744491 3991.99548138074 1057 11.0670674847711 15703.8401242408
13552.5466080994 3993.10603345542 1012 29.3093017774734 13571.302898412
13621.8081908768 3991.26780774392 944 76.4226355770174 12137.8227121772
14104.5533807458 3990.31909371396 1128 8.55170404689329 13518.2111452874
13536.2114649426 3990.74597698701 997 123.53181706205 13583.7983394434
13873.9656480181 3985.88021314149 991 7.28756290672413 14116.1018954425
13638.2860214506 3982.89543015463 998 37.5602349239712 11701.8901136187
13804.9929169937 3974.40148657272 1042 34.4791300559978 13833.7498187284
13792.3523019968 3969.47375320438 1019 42.44835857212 14186.1955855648
13557.8983666718 3974.11241872776 1011 119.505132738235 14519.0825305718
13732.2672489574 3975.92582623934 1025 59.3621425468773 12789.1105202442
13836.8430526042 3990.67743081033 1052 116.946457887798 11609.3002603493
13484.4400786457 3981.65802831564 939 320.140528468714 10675.0877225168
13972.6338369656 3987.50240225728 1111 42.1775404133909 16240.942132477
13600.4242795461 3985.91896921887 961 196.81553395339 12324.5125709253
13328.6882435337 3977.08723223994 915 182.345229595139 11734.7430082302
13476.3782991404 3964.06191588425 998 20.1924534082923 15300.011184868
13611.0804453126 3983.75719222498 1008 122.953480260193 14918.1563014724
13453.3202674372 3978.1189782711 939 19.8229650466901 13981.5929783195
13119.1030705855 3975.99066344102 990 149.235334122165 13373.8203317532
13697.8114033479 3984.83050411559 1078 103.347731598756 14266.1450178272
14014.2857819032 3985.3145110776 1080 60.1526843468666 13344.8569980405
13932.4511256267 3960.28962137125 1050 181.561272829293 12830.93337707
13399.9268568598 3985.19448273336 923 223.863119948282 11227.4352663945
13650.2134195973 3983.63236408409 1031 53.7232871861411 11972.389658026
14251.6722870602 3978.87428879636 1074 6.82683009621996 13705.2111464946
13539.3074115675 3991.9051712221 1014 137.90041595298 13443.2779979934
14226.9092236959 3970.72451257576 1123 123.170592025906 13570.6053122858
13751.5341206652 3977.38479636423 1061 212.649464145781 14239.2163200767
13941.7707484359 3985.05164956086 1092 55.5374396853231 14097.8285264444
13276.3635878275 3983.84003935006 965 244.39323910912 16245.5740593484
13471.4529485669 3986.13864027671 973 64.1757601911311 13528.2055856147
14037.913428971 3981.4265901725 1050 12.0647907696077 13473.6881760138
13640.3764806212 3985.97232417514 993 29.1939573569464 12809.1412517255
13749.8351595757 3980.9986310302 1037 68.778378588232 14330.3298940605
13549.8488893112 3962.56502568079 1015 151.12212359602 13532.4226040354
13601.4094576634 3994.27037017015 976 2.01105883463697 14496.0711323405
13882.3057959816 3985.26431444005 1056 55.2091604468992 14529.836756159
14086.3018423075 3972.0592039842 1061 173.514761540016 14372.6105337776
14048.6252812131 3974.28758218106 1110 131.876504178321 15415.4593459302
13724.157587159 3987.65209190111 1061 105.422725396033 15410.149314805
14002.8974448448 3974.79581299924 1164 140.010723051583 13980.5003509637
13690.4348273096 3983.93116185223 999 67.435277877501 14172.1219545985
13821.9626596321 3992.14878562198 1014 94.7231707953304 12608.3418115998
13851.3113993163 3971.83809616211 998 21.8793475413854 13069.2357774319
13665.9553446043 3992.64236804035 1035 65.7898385089584 15179.0283304418
13722.8428127125 3980.05536053961 1026 38.2108835153524 14736.9586232051
14046.5130335699 3986.71957184919 1122 73.9004854497723 16759.5472523421
13790.4279206492 3989.12532461807 1081 139.055247659583 15520.9303569288
13863.1468935199 3970.27163497634 1071 227.269770821981 15069.3872063625
13478.3595831132 3988.33011928017 966 7.33841289440306 13415.7951773469
14137.0254127309 3984.26437804643 1062 57.8342818085887 13694.4314851072
13430.7012638873 3986.30248221152 978 165.275597228609 12339.9260896204
13582.3681321238 3989.07468763366 998 21.9186274878975 12330.8425397774
13716.0334230259 3985.27927080917 1056 235.264969545929 13932.2776456641
13393.118236123 3978.25059299411 919 151.104738423919 11647.5220195802
13435.9808313859 3987.75322985797 922 133.178003148435 12192.0505736841
14100.4677477108 3980.938641236 1125 168.239164763976 15161.3257388891
13396.8120600109 3984.89643877573 996 96.0971231070012 13419.5541390699
13617.5954132192 3984.29178138302 1036 138.365895357 13706.3334485072
13734.9569894594 3981.30035729352 1068 10.0495516954868 15157.1377186239
13670.5827597923 3988.61030121369 1019 204.039639473508 12522.8847004587
13913.5552351887 3993.20122217982 1064 29.3191261911466 14264.3436613733
14141.1954593704 3985.78980034368 1142 217.979858627446 15265.3133794697
13767.7155058831 3977.68448208047 1024 64.1926284708877 14422.4952488878
13881.3963541452 3968.27274002763 1023 91.9776570902297 11167.2920642567
13659.7434936062 3985.41110449672 999 0.951141124101923 15047.801092457
13970.7844608783 3982.87788765032 1040 51.8794140263512 12492.0301915738
13474.3365890292 3990.99779105512 1029 106.524678999579 15597.5912974003
13366.1726590083 3992.0360719831 964 163.001628533362 11637.1896137483
13857.1514445782 3981.99145911045 1045 114.669695498748 14096.0887999887
13886.0391056479 3986.51914377711 970 14.203250543133 12888.0635775961
13335.5238318225 3983.34266248547 918 143.952352616836 11437.4494931373
13680.0121432793 3977.00712015325 1021 108.889949101121 12832.2298577264
14007.3784370124 3977.80847164795 1062 139.176030323545 14512.2219064529
13487.8168181899 3975.13049457148 966 70.3870332715576 12882.2317657798
13734.7897881256 3977.90425222065 955 73.9656480884796 11394.5928962418
14263.5009737557 3987.4868378304 1115 72.0976942430339 12432.4141303453
14196.9116405772 3991.02998120364 1095 22.3906641642011 15093.725519542
14410.7535726311 3997.25271770232 1216 17.2186904329596 15302.9965131103
13797.5331731058 3997.06482972984 1040 15.1127998971544 14592.2387278912
13726.5125263751 3995.36501731269 1109 205.015234282324 14938.182019494
13856.9726916975 3996.42800004879 1024 169.565719106704 13622.3509758033
14421.6917446366 3994.80917778031 1231 76.2443691804942 16810.4385649735
14435.2451810737 3995.79364182734 1224 218.922217905705 14888.0400183468
14593.2030697264 3996.53423190665 1330 26.5427221650664 17796.1960934913
13717.3465005874 3997.45353126147 1096 233.287533908081 13902.2287496852
14617.2029851504 3998.34287354699 1304 127.822406068905 15577.2589915729
15219.5711889027 3996.83599340079 1324 373.805514951419 15820.6288794707
13769.1744707859 3997.24793380735 1100 108.27276301205 13938.6997823916
14709.8513270877 3988.49700538374 1216 127.881161669706 16178.8873320638
13907.9469818438 3990.74814292561 1090 44.5389610564605 14212.6751944077
14023.1465756516 3997.77605288482 1195 20.2915591486301 15201.9604420893
14506.9250337847 3997.03672272373 1234 260.982357972764 13469.6733277757
14508.2406894921 3997.15342382888 1281 1.64922501766364 16339.2564195662
14085.0808019243 3997.26760814606 1154 37.9918925686088 17115.7084969644
14027.6662367993 3997.00184465602 1134 54.685403030086 15370.9139714864
14162.1957759723 3995.03466244546 1183 81.0738342030561 14582.4320438688
14643.3159977938 3995.99050348256 1233 169.434984541615 15346.1294481235
14462.6977933244 3997.60601066451 1238 32.5821977516341 15044.6789373237
13911.4989893722 3997.88763569486 1108 115.206132152183 13889.419006272
13793.7557810246 3996.45599077531 1080 75.7546744705141 13585.8787351213
15181.5474143241 3995.74276571273 1344 260.179710055994 15860.2747569033
14232.0277872117 3994.9677624239 1120 252.795170665681 12820.0592907646
14466.7920619124 3997.9731638191 1276 163.19382122736 15271.8327872326
14322.9476068075 3991.62283234177 1174 64.7173370172122 13699.1389092244
14889.3647953302 3996.92521939775 1235 43.7754434872595 16044.4127067481
14503.0329825059 3995.36190513029 1271 242.267918807359 15421.3018049122
14368.2907477683 3998.13729544008 1194 5.12889017411771 15528.8982546126
14760.3201909799 3993.29301894264 1337 221.201713442487 17551.9500175849
14203.2420310819 3952.79609757987 1068 176.902003279902 13048.8108424477
14197.6085738499 3996.85367185462 1257 129.464912289649 17654.0075785758
14160.8466812776 3996.12732175089 1103 7.29710944564135 13649.7801353678
13898.4590924624 3997.84326399617 1208 313.677357303243 17063.3785260898
14137.8194042966 3995.419686537 1148 100.484855870686 14077.2944442148
13973.8547694584 3994.6477747381 1124 94.2936709317642 13393.2860674859
14478.87276291 3996.87419215752 1237 188.644931823937 16202.4838672308
13924.449557909 3995.87597339321 1161 108.189157076069 16809.597243569
14018.1348891193 3996.18932727851 1084 43.6274755356881 12501.0975052408
14428.2274367462 3998.1978284528 1249 104.332257848989 16457.9935504856
14460.9762102479 3997.29539847072 1184 212.673625706608 12683.2303563866
13732.2443072348 3997.4342184429 1079 244.449841710357 13590.0543191742
13368.27937743 3997.12202134474 1098 205.206948821332 14744.8782823074
14609.3486205995 3996.26056354517 1249 319.44256327308 14834.0112210574
13942.9837083726 3996.36960290989 1086 246.633354058963 13279.54190292
13578.1055842235 3997.59820083127 1021 267.255300053426 12924.4445970534
13828.3026843592 3997.50281693324 1071 42.5495314027285 10714.7559785296
14736.8827508095 3994.67055287069 1299 102.880130222053 16662.3265669559
14537.8019143893 3996.29863456604 1123 363.012886514255 12515.0923520648
14525.0590628893 3989.13249772544 1236 183.316211272541 15327.7772280644
