13336.3401441969 3977.88350136405 897 247.493612739397 12006.9869235643
13466.1802169856 3986.32882873272 907 96.2978331494899 12833.6103749695
13189.2108389152 3975.54907718558 855 176.402148026048 10120.5338489724
13733.9430197179 3980.01310005534 918 43.1875784765095 13365.9703093539
13745.9506224976 3975.62734433487 902 144.245875481204 11472.3931064383
13280.7242012337 3974.47087194364 843 66.1019407988981 12560.1952088829
13331.2997637779 3958.69705429695 843 162.721106657445 10750.1256422864
13501.5905983503 3977.92458023958 872 84.4773732551848 12435.2258114729
13285.6695870719 3976.04155733002 873 177.564508246478 11778.9484100834
13699.7091521862 3967.11102418828 925 67.0325408670715 12247.4905112168
13413.3209260717 3988.12216539781 859 22.7147576158845 13290.809368749
12953.3906574181 3978.95650714215 791 279.287643048313 13776.4771795087
13037.4171338855 3960.49330074394 862 129.199589449589 10806.0430190614
13403.4225660524 3946.02477921395 833 179.137642119823 14073.4441486725
13506.1781079822 3973.3314991911 909 126.32058171576 12925.590332228
13561.5750547475 3963.94849238934 888 35.7899785792492 14724.4148897465
13489.6917737503 3985.18718117283 878 89.6959185558053 13344.6865355255
13446.4605558675 3973.45292347572 941 284.374724595332 13474.7072200009
13086.6417857311 3966.95435230276 808 36.2157896848835 11728.654235366
13470.3397966824 3971.98010443693 914 25.426294440688 14718.327519706
13222.4680722992 3974.83406267004 829 129.493059379318 12994.845565872
13348.4025040471 3979.16425986076 873 20.5318294877031 13753.0812850477
13266.7114827212 3976.9533938726 837 112.312247236639 11634.4384225689
13068.9316283901 3983.57538571273 849 228.851221844415 12100.6490769173
13128.0395592532 3967.99755395109 867 116.83970424576 14481.0675098112
13299.1119125637 3976.00779691118 835 24.6259914240991 11707.2946108775
13301.3598509681 3993.98267475699 886 163.000578186957 13203.5249020934
13099.7968050984 3990.22990567378 857 241.619266617376 11982.1416721802
13416.4336458104 3967.63420133441 868 223.453398223407 11458.9314799385
13596.2333153802 3983.1040674246 975 148.340127792062 14355.6426143243
13414.8532067101 3973.59864377598 863 169.555870339708 12925.5252665536
13370.1256960588 3984.15240294104 903 302.921887395125 12260.2891387513
13564.3350981263 3978.63708201381 885 93.4030345122619 12051.6273145098
13781.998579579 3976.1546591985 942 55.4401738131794 12695.8056151989
13767.1385493421 3955.86044664543 934 72.9101120284242 13168.4833642875
13322.7842551291 3975.20503214627 892 70.4182655403029 15056.2013497936
13630.7812084352 3949.73298605585 967 188.559701822824 13890.395201283
13251.8426335282 3967.88967617167 844 196.69253684383 13529.1984273382
13207.1878176775 3959.19420482248 870 264.04426063515 13112.84266099
13671.5425680951 3973.21379833572 902 125.460179213754 12095.0381347085
13706.9145483962 3989.80953621714 954 148.441122751723 15033.7202353142
13660.9872215639 3962.68286191674 901 58.1144939055816 12341.4427404961
13269.1908397938 3920.66288430389 861 56.9651571811219 14500.0097546848
13487.7821973231 3979.76194087243 868 35.051049843664 13877.7535892619
13460.1718726679 3977.11346599138 914 68.3805979518622 14864.3759527017
12933.7435651519 3975.04482478027 775 277.744304262659 13346.0402045121
12989.2974762967 3969.95038633512 739 116.993387630785 10804.6751020355
13062.791972483 3953.28716593567 833 152.160291825586 12754.6912640803
13233.9923731457 3960.58028406345 851 203.776609284864 13291.2100467393
13897.9794107712 3981.92984388404 997 65.6347244035376 16650.7478148643
13215.7825372755 3970.40880947625 817 33.7724775975662 12888.5702030095
12997.4415514443 3979.10271858958 789 90.6859390056993 11443.286939739
13064.3242111379 3984.62635473029 803 112.50120649618 10860.3787999696
13295.1820627928 3974.86233659449 830 165.994092910508 11252.2902187896
13345.3929352865 3980.68316630677 876 111.222465066563 14448.6466947771
13523.9321986967 3968.77367576858 914 82.8118547712411 12796.3309717558
13052.382107873 3973.86682665963 871 296.978647229553 11603.4558534229
13162.1454206665 3970.42147243538 779 112.153567334493 12576.3453422593
13024.7591144858 3967.26668210076 817 259.181042533138 11222.7177542355
13457.7418426752 3967.35308346029 866 28.7524064457402 11972.6358738661
13259.2096558938 3968.91055995675 790 106.855821214107 12398.4926965956
13024.4949912907 3960.79830597457 847 252.021120080606 13793.5128980762
13606.0133649774 3980.49344770516 913 1.88656726756449 14395.9448667704
13277.7714576527 3969.34922116351 861 169.335276598347 12952.1081314926
13169.6887169091 3967.15242709845 839 87.7152109822659 13315.2996813587
13430.9261455733 3967.19861804785 829 52.3552286234121 12466.9672887876
13290.1047235757 3965.88993648324 848 145.449457637877 12621.8164981701
13155.7539071583 3985.4953476881 823 163.25717293404 13299.1870844434
13378.6995120633 3964.82012573843 869 182.456256490311 14364.8307757259
13422.4746097982 3969.95903559723 889 153.013695187195 14133.2026878671
13423.4568408281 3972.98926996952 861 125.280956257998 15064.2514405443
13624.3417977807 3972.31521983901 933 66.6890737410113 12899.3723823275
13535.651721379 3976.16401051925 900 125.07543313568 11885.2512883987
13154.1288344284 3961.7985741086 799 138.863488886018 12236.9544218975
13215.6490451151 3986.92076874575 834 7.17231915422872 12726.570817122
13428.491082268 3972.72715760952 856 43.2525887022066 12488.4916221229
13308.6026240363 3941.92840546002 853 220.140671806691 13680.7986438404
13656.9549722974 3976.69509879747 932 48.1393593522157 13873.6279670512
12995.1364064269 3957.88851414709 744 97.1017405146631 10921.293105025
13427.1473615037 3980.07226638854 881 119.524575018646 13245.6305780316
13511.0369741393 3980.79769254926 921 178.941557085854 14457.4692301756
13125.7264967138 3964.41907536404 821 169.371092249391 11725.8922255378
13600.6459122752 3991.36024221874 921 1.47186426428425 15246.1485302653
13476.9929908949 3969.316800765 862 64.7357309917122 13465.219441831
13267.5451344795 3969.97408298628 864 247.793243039026 13138.4590766962
13275.7355152043 3982.27986255313 899 196.712677025523 13808.8571588571
13831.4119134985 3968.91119483099 964 124.862834611232 13053.2039640346
13280.021648802 3984.43443767409 840 13.6828487140294 11404.3572092102
13374.7035447695 3969.72290438102 852 103.447402207159 13803.6047874604
12988.2851453835 3988.14187317007 780 146.501150590243 13708.6916451963
13207.8491244677 3955.61801061784 805 273.803698268022 12140.9342418944
13296.9665853869 3981.21556213198 851 8.38470275254122 14662.3401381604
13582.2848889306 3973.40369788968 919 241.064433955571 11362.2081612525
13511.3197210525 3990.44436255272 860 160.225461723839 11244.1976355049
13563.6439580427 3960.24926256357 941 68.2416769222209 14510.0809923714
13578.7191502268 3965.57589902781 888 30.2483790820936 12321.408882698
13137.1853000896 3971.50735581683 823 227.514502978221 13419.6033203671
13116.4463011619 3973.48641745394 816 47.8170745047751 10535.1429252099
13577.8386393707 3953.66665283205 914 90.1396299212947 13911.2822493537
13432.8479771083 3919.82915136001 909 94.9220872128546 13185.9900580465
13317.5186333345 3954.35063636023 839 11.3291310265208 13531.9344723095
13243.3090861597 3981.99906509882 872 248.191060517692 13611.2704960021
13455.6855415786 3981.05883502717 863 7.92363058125511 13270.1173685848
13483.7593608479 3985.38172488613 856 51.9074668870167 12634.0751842689
13095.7619897367 3978.28105391925 785 158.120297869663 11723.1981897889
13067.2919658986 3968.79379709704 778 14.3779485786449 11824.3451480736
13385.6489396956 3965.55692150753 887 207.12803986349 12489.9226016537
13219.3141493033 3973.22707966237 830 206.69487995971 12421.0433308097
13456.9959735901 3966.96738030863 881 129.832169156165 14143.7517885111
13033.1951399109 3971.48893435699 779 78.4782335157779 10820.8543581436
13396.8394964109 3954.35540000809 842 275.958121446665 13934.2419681272
13333.1150623669 3973.42318106966 909 303.851811151677 12516.0356683032
13388.8055384803 3966.56719504822 856 72.1909741121765 11276.4184882315
13202.4402802372 3949.73083935889 841 140.527741902899 13136.5234295794
13334.0408646583 3992.30610150361 878 115.303164507898 13196.2397212406
13306.6524149067 3972.55438258243 813 58.5345330092405 11854.6376312753
13169.958904221 3984.79062515109 867 235.771727763921 12885.099368525
13562.3854198445 3973.51042053909 899 79.8489240122121 14172.1280376748
13130.4012803712 3970.88965440706 809 113.890386916138 11810.8187674617
13478.0194224266 3962.72159083882 894 160.975285674333 13853.9059426529
13117.7668566337 3965.91675260055 759 70.8330617502311 10884.0344148258
13850.044461527 3964.91544778091 968 296.589858264826 14449.545967013
13298.2015222031 3966.98587695965 808 114.721044912476 12563.7215918148
13378.0483986722 3991.21856989232 899 63.6834039710866 15420.1726633089
12929.618671343 3970.80427703286 769 372.184748763892 12264.6926836533
13423.427305356 3981.81539730229 879 12.0115806743968 13450.6907100781
12974.7785570173 3979.40657528896 835 169.903116281605 12191.8372904888
13673.9842975762 3979.42533974221 895 155.49752691668 12778.9319105313
13645.9870398336 3974.95289745626 930 55.3701542270242 16004.1535784545
13401.8441396996 3966.77786110529 917 153.316963822855 12949.5096951419
13678.8684456855 3970.28967709228 926 82.1812874112611 13241.80186419
13287.2351185944 3978.03797033939 916 135.17735217596 14112.7543318461
13348.3170743781 3965.4477493078 882 236.182122030692 14603.731453041
13169.766921129 3960.28984231954 797 55.7662532709082 13327.9631707342
13087.3725130887 3959.39026461993 831 264.278893519421 11741.7104008913
13645.680433684 3982.34194371369 935 191.565878266992 13805.1362037154
13857.1090245807 3994.36597741829 995 299.5683128972 12767.3959404161
13887.7926601208 3990.08981756956 1031 148.999388541384 14961.8243943533
14523.5378846589 3991.57367686 1082 251.065192741445 13994.8414835731
14471.322100643 3997.932861943 1137 37.7245267724034 15441.1161700341
13987.8533022078 3994.44536936727 998 174.483710444979 12594.9955090495
13605.5769070371 3989.97540898055 916 103.703027288419 11671.4850861365
14074.1475569266 3982.04761371436 1020 204.153294414338 16118.4748594235
13883.1357691085 3997.1973152788 1027 35.5301765143722 16528.9852399185
13662.9486398567 3996.82071597828 937 75.3662922454896 13276.9069582685
13957.9795968924 3994.04508813045 1025 42.227940056041 13864.1759849995
13531.9985944672 3992.92289179061 924 48.4433752920054 12994.3270212057
13550.9160889825 3996.52522615836 951 31.5934088623353 15350.3685619648
12953.3906574181 3978.95650714215 791 279.287643048313 13776.4771795087
13383.5316237375 3991.2417247567 978 130.018907554721 12195.5712322763
14176.179556687 3983.03479108061 1008 331.838611296445 14609.5827652418
14015.2044809028 3992.37993351446 1038 177.029502528588 14920.7859605129
14155.3971187054 3999.05398522879 1083 174.314767519877 15952.8331622807
14410.0344525844 3997.42604251123 1097 147.967263205128 16715.6128573913
13555.9992687122 3990.08904626839 938 85.2185313631865 13699.4398200448
13333.556143771 3994.783865812 939 51.0902174008688 13405.2720439003
14309.7368323063 3997.45882061416 1092 188.912708281554 16685.214325986
13632.1796212303 3996.53358331487 941 108.893403604563 12869.0271154716
14660.8953651098 3992.82187520853 1165 77.8492063132876 16363.425505508
13717.8178543594 3984.36739087472 970 170.488370171512 15752.5160757248
14339.8787000981 3995.01004498661 1018 21.4386065004869 16213.0829891918
13400.3937054423 3993.46988770336 876 129.022525076764 12013.5806524212
13706.8611028673 3989.49249501075 960 118.258749675369 15225.4724206411
13464.6080224255 3995.68725656468 951 113.661536213855 15048.412946816
13826.3906807936 3992.59731638289 978 126.592641494916 14579.3894902433
13315.9192591635 3992.91817874413 908 175.20360910495 13858.6994150506
14122.6128105391 3993.4271951525 1110 153.149812648591 17147.2343398064
13562.691418842 3981.35742536353 927 26.2499281697285 13409.5827363178
13412.991764668 3987.26972763737 918 38.8609729371358 12989.1434422423
14178.6443054817 3995.47501035269 1094 224.374403012481 16720.8446553985
13444.7663833092 3995.40410784037 925 209.906535116577 15598.1205416113
14241.9970948018 3995.53276137517 1058 176.747084234023 14507.1940994119
14325.1893951284 3992.07559733998 1123 292.035647262771 13691.2701291565
14195.7467514278 3991.26059306954 1065 38.2083997418315 15906.016955056
13456.9803218551 3991.84616123883 887 175.078901376105 12674.8959020857
13438.3372193139 3991.0132668205 934 291.428687172238 12720.0410090042
13724.7355837279 3996.65948521143 979 75.7361970897812 13798.6909807924
13874.075273123 3984.24624402037 997 45.5828484379708 13336.0685619009
14712.7376879105 3993.94826081452 1174 124.54876112675 17035.3499435116
14269.1507390956 3992.61911382548 1087 174.725343805237 16896.4413118717
14856.3485644119 3990.44965526469 1202 276.516495968947 17005.6424738293
13925.8383521089 3991.31444006322 1020 24.0009884868055 16664.6403530254
13555.3302514906 3992.13762206542 953 143.315836105204 16616.1953503851
13553.4738738049 3995.99074135249 988 270.344778496472 14582.0983967875
14443.3397744688 3994.77934837357 1078 221.934830010473 14550.0482444541
14250.6174991712 3996.43844128777 1072 203.767666657742 16399.7511093319
14113.7222666267 3996.56376100977 1030 78.3412003384506 14657.9461089241
14444.0562532062 3997.74319774829 1108 154.521200360498 16690.6738705357
13848.22594776 3993.90180727656 1061 69.9930718326573 16889.4089225507
13836.0032384207 3994.3105252649 1042 49.8904100597078 16437.6008981405
13142.2916095478 3996.25563696054 839 243.775516722969 13525.8594861449
14825.9839887239 3996.14829261499 1127 219.27335796408 15830.6402190404
13173.3451660028 3995.88073006122 851 103.278935811531 13113.4905090381
13368.4631525635 3995.4891232665 930 129.933995941323 14059.5022164454
13950.1790950091 3987.2770440684 1024 59.6891373483004 17029.5055873162
13381.7778422991 3987.62217562788 894 17.8395176999345 13669.0388220063
13276.841152492 3994.08992223057 878 13.5213542331132 12015.5794339519
13457.6386441521 3995.99735981385 946 152.060663420536 12789.7108448195
14210.7034955585 3998.33787139991 1073 267.041751229235 14870.5376462366
14335.0592767739 3991.54680955737 1128 213.517172849167 17090.700830619
