13039.7295483263 3995.4149626748 806 21.8908792840066 11716.3126301751
13644.7448149991 3965.27117759413 943 7.81023659638504 13237.6216206092
12950.7320602935 3970.1848407605 828 172.178617718192 10378.8478037584
13371.6271315051 3973.99597688245 890 20.1294725998921 11801.500412529
13053.9792132461 3954.12730165829 866 192.381081900311 9783.28641622
13349.5208214734 3966.74962398714 899 193.973579885496 13046.1815299376
13202.6101142179 3993.34233915515 907 236.066788757499 11667.2693567181
13280.6887095847 3972.10809820104 854 8.34273034276748 9783.77460536905
13616.2912486302 3976.2849878411 910 154.237704889599 10331.5204404931
13152.0464541413 3945.05553071139 823 156.326083318581 10627.3024788998
13802.7482976529 3954.45320445386 914 100.084135293822 11842.0516629253
12716.1413889074 3979.954419048 726 175.39916440814 10604.6120303397
13047.4193162081 3962.2069675869 844 285.52376248831 12272.2031712166
13223.6744171219 3953.27166084893 828 127.379615171121 12439.4999441711
13969.262763795 3986.39871162428 945 18.9020994211633 14164.961695761
13183.4438039773 3978.58917245281 813 17.6793050899043 10109.9547301804
13378.4026436539 3979.31183933188 817 31.3640468730173 9048.45916799022
13106.1925357877 3981.32938475379 878 243.349138905235 10496.1252788191
13199.1840243108 3912.91433876237 821 61.2155441401442 9766.80289644807
13176.6436269268 3976.84649353501 792 30.0041843048948 10304.8078686294
12752.1676982409 3993.49764401546 717 84.3170814832702 8816.26101142485
13922.213689441 3970.27992520189 911 217.377119393138 10622.2846115042
13009.0240768193 3977.08834705766 828 323.162431564306 12796.8393182594
13088.51956171 3986.64346545562 828 228.083625961726 13404.375672049
13362.40222056 3984.65345026523 914 217.277958102204 12653.8292363181
12995.0700635136 3984.49696218832 808 165.242285585765 9543.92322150279
13149.0728168936 3954.50561116809 841 124.29293487684 10244.724257877
13700.549347503 3959.92306874942 951 59.1150360936147 12238.2388617178
13246.9250752396 3955.9122665096 859 197.463254356064 11194.8555907903
13806.2009048308 3969.12749692442 1014 68.9303125002502 13679.1986645955
13519.6376986644 3964.47306069785 874 36.5437951178326 11839.0899806136
12833.0350198479 3940.75116384666 775 173.830644717167 10874.6879994734
13106.0326878161 3982.1258311637 864 217.141818012466 11000.740567873
13407.6373421269 3980.47949041328 885 73.3315920084217 10599.8093927542
13237.6946783202 3972.04106032322 892 120.993481335195 8356.70485897669
13365.7298764972 3972.0499443123 858 79.6552139362691 10436.6432826502
13321.9444927801 3959.58064497452 808 78.533241991162 9667.55449742164
12865.0444191705 3981.41548376865 750 173.389745653691 8436.77381005793
13552.1147213328 3982.00480965499 798 7.32743556558034 11911.0013318288
13153.6229646236 3965.46107853146 883 147.93499651788 10678.454252649
13450.5702220781 3968.60785366629 831 3.85954577809093 11911.2162231001
13586.7470817251 3970.50806242556 960 28.3511423773271 11630.4850621159
13595.3726002397 3981.59240412978 964 183.955906967135 12185.213783558
13782.3393578345 3982.8756683406 976 53.5582486281537 12308.6740997829
12982.5099005993 3983.60554570521 779 307.63017490971 9995.74686199305
12790.262824614 3985.53870188531 788 296.994797615193 9975.34367953061
13366.3869056999 3990.61359504215 875 86.4311013259862 10759.2087822271
13143.1875775917 3953.94228165421 832 172.439822198386 11530.0289539079
13556.7126176006 3971.04056674044 873 36.1165051398273 12355.5310919178
13354.5586904597 3976.83092001579 888 94.5578493247526 10827.4932806334
13402.6784179993 3957.07274505009 848 121.887456881529 13103.7092118953
13558.8094379218 3966.80119367815 903 115.760485348248 11805.9627172489
13240.2042481133 3980.93196879078 847 316.192624390934 9051.85613985626
13192.8527714723 3978.9530321547 864 40.9293717381211 10504.1132529066
13192.5710265768 3968.17945224769 775 108.879547120819 9122.56933488224
13410.8585292603 3956.16761836637 837 202.6306016873 10745.8941963843
13030.4680224454 3920.78985011964 843 239.558119361316 9281.86619912723
13125.1303239455 3977.84864869579 828 127.112162031499 9172.55466799736
13098.6852949502 3991.38714421955 808 24.3835534101299 9710.49547572858
13267.4450350876 3974.65106077253 831 117.190632309987 9822.16414525122
12937.9339227562 3973.58901060736 756 228.246921584353 9730.82837335428
13424.9892933374 3970.2741584095 922 266.820701333799 11114.5417368441
13215.2176625907 3965.95733216315 824 139.764339836292 11051.9693106083
12705.7893194787 3974.15798165791 691 204.700747194895 8373.18096678069
12894.0125684648 3984.86368837291 813 305.719948244765 10254.5923660889
13921.5571326572 3973.92990394051 966 68.7765727034162 11849.9312042605
13526.4413353041 3983.40359538406 915 12.6522772188569 11018.9750494363
13193.7636194882 3957.76059307974 808 30.8093595086318 9281.53391416561
13642.3443562566 3984.70236564907 952 84.4148006051523 12002.7747415828
13064.5040097823 3962.41158930319 824 321.612765899234 11447.0710866364
13389.3842840138 3962.16645292147 882 85.5816956134743 9181.55580294377
13353.4380638573 3958.78155877914 876 172.825534373406 11039.7750135438
13402.9314575624 3960.95283086932 839 60.8867419242649 12035.7363939773
13432.1767480434 3980.80390712184 891 262.008918577702 9669.71706920229
13352.9742743097 3969.85308435039 891 194.170995708488 10015.9584246962
13389.4650490191 3985.96746849629 912 51.7482059125759 10814.1828408497
13397.2160188044 3963.38698283938 912 144.268803414138 12100.3198328605
13353.0580148716 3972.97583983258 878 109.064957173442 10726.9845272894
12952.7350895009 3953.92696881012 774 126.320952377181 8931.34329900811
12903.09345274 3976.67325540041 671 183.692949070176 8969.60656398624
13211.1665642523 3996.40081561013 801 130.781577466532 9245.12082374863
13488.2942909323 3972.01148718897 870 205.200033830839 10747.1278132727
13328.7999595862 3973.67076099412 846 126.680537627994 10128.9251984785
13808.0509847089 3989.89112382335 956 116.578580592431 15054.7636761478
12942.1612399599 3973.57353907011 771 235.68801189589 10320.5099992025
13487.4370141273 3986.10578187461 860 94.6609516924632 10718.4127618787
12975.9035271497 3987.90216176832 842 195.62697821585 10822.7239341443
13873.2380159436 3974.8412699366 935 34.6584079233612 11923.8358288472
13340.1426354589 3989.59767432883 857 55.391848992921 10842.1723048898
13273.0267842073 3975.0940850998 874 113.659911675184 11169.0574189533
13511.8433076253 3943.08183192624 850 8.56418437222533 11203.9294883988
12762.2462862049 3960.29754758132 767 272.963394028565 9950.19427827003
13424.2893143097 3990.97293161772 779 38.612692111783 10708.6951466317
13709.9784841683 3987.12406952331 931 139.439483590808 15709.2115007044
12973.6334701126 3964.01477132338 812 88.9306143019512 10360.4491573999
13817.8556439179 3990.62582354881 941 99.6571395808505 12920.4028899485
13175.9821689117 3967.73457303687 870 161.956261593073 11887.110733905
13178.1585122746 3973.37401632851 864 165.620674460957 10343.9858383816
13363.8760172139 3925.06802377842 888 231.785870688846 10842.6549212886
13170.7361642346 3993.28753223825 835 218.569162191372 10182.7290261725
13274.8449069077 3991.97766651974 855 215.430737593279 10189.0430207963
13413.8460127029 3963.53305278911 814 98.8318842517367 11778.1656115628
13465.4160816071 3981.41734146022 821 123.563391345511 9964.47016218377
12951.6548535646 3974.87833537571 798 256.6648126819 11664.0280157601
13192.5420441339 3985.02045742175 759 85.9338839738584 10572.7041537963
13078.398725375 3965.36053735166 899 236.713237898386 11618.6194090962
13058.2766640999 3990.03179564104 717 2.8619839899452 9038.57834272887
12989.0462976288 3960.84337530995 758 191.308556514233 9991.1687265949
13198.0520342329 3979.6932746912 870 128.407096026003 10631.0989898816
13350.0358279244 3968.65671973425 862 173.390761884855 9607.45424861819
13315.9782123931 3991.30729644081 817 70.5372661006795 10534.6382040646
13157.76318494 3968.75933502211 907 54.9444645098947 11347.3169829213
13322.0580398826 3961.07635352965 890 115.326989893139 11641.1503265136
13073.5033986938 3988.81969865996 837 259.096490842164 13010.9319863137
13459.2470967523 3982.24527025066 856 47.6682284397029 12798.8193391645
13114.6735090166 3971.8429013258 773 67.5061143248859 12275.8410432063
13485.1767388383 3966.81618038044 882 146.316159112136 11281.0828361161
13116.464405566 3987.20635802575 833 312.084656599429 10864.7560711857
12905.0477255437 3988.40525597347 806 147.106799048281 8939.86500473474
13333.7582087786 3968.01111425373 883 50.659348612611 12299.3897142865
13126.4924988078 3996.84639920397 874 185.469576944884 10973.1891500057
13331.962194621 3997.68870189676 875 188.720761300729 10208.3312898165
13476.7777058477 3996.85160365164 968 157.781887124787 12035.4491157041
13240.668368741 3995.85997287046 928 231.625886394621 11687.4104264406
13919.6319112986 3995.69716484445 987 122.106104931226 11557.3498428506
14353.3766722334 3995.73669892933 1076 129.788916229408 12668.097349514
14197.2270702432 3993.79372924233 1012 227.210230033594 12846.601862226
14604.2595805386 3989.60292908289 1058 294.167383980973 14295.3274990627
14466.4839833487 3997.26321553961 1037 113.164587796106 13883.3013986801
13713.1864211579 3994.7756087447 971 272.572395129587 13301.8702115747
14057.6322404706 3994.60776305607 968 29.9482840056107 14324.5414757022
13479.5988745446 3996.05892926266 918 2.10187936907232 11844.422837126
13951.4264988256 3997.41317722596 927 192.09566190558 10898.0435484324
13879.1154377256 3993.6773907956 1016 322.208099044844 12348.3972660492
13995.5493578275 3994.88542211917 970 16.0491613969757 12771.1389797131
13992.4416961008 3994.89803452292 903 3.60353615541158 10517.7438021668
12780.3378916736 3996.03225162156 718 87.8383556623542 9201.40846181152
15014.3938335198 3995.60605475931 1111 302.070409634052 14630.7082351717
13148.9307928189 3993.81626619794 887 311.516852809201 13315.6676300625
13428.2269767805 3992.83582229597 923 225.506052629766 13280.2976559401
14000.2997903425 3993.79955644197 1031 78.2843908099057 12965.7338477018
14264.7559395483 3997.13003124517 996 78.0793083780072 13259.4086141239
13074.4881013644 3997.88505533058 825 127.20322898347 11088.5813227779
14054.3410371762 3994.73154186975 1084 46.7522454835932 15020.2450225367
13759.489990685 3993.64863621606 918 37.4339854383652 12905.0802014028
13467.1810693964 3993.04324120558 915 53.8632378332861 11865.4123087585
13598.6145537217 3997.47276590208 974 107.067856897944 9084.15591608985
13648.9986085843 3995.44948861208 976 106.149708912145 11352.8863961317
14386.1901193028 3991.15111759589 1041 191.092936537829 15087.3949861407
14029.352501828 3993.10783862097 1002 78.8362482145239 14366.4751749428
13035.7577710293 3995.35646192877 825 177.221642895178 9163.7237447986
13306.1851461524 3994.68090335301 927 157.59353698787 11418.7130582281
13641.2150177119 3999.28084937673 899 11.6941797267593 13124.9065447174
13771.5827424843 3994.59599567309 972 34.5530916841358 12811.3929983909
13994.5480099637 3997.22993902623 986 14.1114441070915 13183.2891525317
13138.943964789 3994.90841952127 872 143.006439464583 12137.2922409093
13553.7739759964 3995.03527197002 917 46.6052997001295 11575.493533391
13408.8077334994 3996.90392907568 889 242.509730797435 11499.8147698536
13519.63086765 3996.79874921757 929 83.915028559501 11948.5965168953
13850.8498925445 3997.03940525856 986 136.36575188403 12721.8498759397
13548.6667903571 3995.9898967536 981 86.4582401323423 13255.5104300641
13771.6717204588 3994.53146794578 979 108.061237678397 12447.9941337704
14089.2932072498 3995.1888865426 1013 80.5654951250385 12084.9763474327
14625.1235756737 3994.35311140066 1075 171.300935156423 13023.5714500135
14062.0215895873 3995.81147956322 1043 375.251444281658 14311.3305453605
14752.4841802552 3993.59386655539 1030 381.534073998292 12754.3592888144
14438.1978377709 3996.05832359637 1031 139.931902888782 11393.1551180729
13479.1666910931 3996.00955558139 988 278.873470922075 10639.3534087882
13341.4754215557 3997.27075746299 904 96.5704200798039 10256.2230677036
13153.9509552872 3994.74764304888 854 31.2917609522563 9801.57429070398
13784.2539719665 3997.75548448034 980 163.842990767754 11558.0098999527
13890.600712321 3991.03178399818 988 66.5584022775511 13863.3641434237
14395.9285252276 3995.38256222069 975 80.459454154814 13148.4934044814
14186.116016485 3994.41425290576 1084 361.961541727256 12157.4726143855
14073.071252962 3938.66003074806 944 133.749132037146 10955.0219062961
13801.6712201574 3996.66982039285 990 131.826474891254 12751.5156639352
14549.9123685719 3995.07746328505 1043 116.064421588449 13478.3912421696
13654.089265263 3995.69904442876 971 9.00143661004972 11427.8425620034
13506.6733272742 3995.98684090923 961 72.2925402250228 13392.8487576126
14496.1464551568 3997.61582651946 938 164.885289428097 10846.3307285888
14157.5131955525 3995.13960472505 1103 140.242081487649 13997.1918296425
13303.0258959625 3993.33330663852 919 335.141173740506 12763.5515473825
14258.3755607638 3997.19086368987 939 165.465549451376 10936.822515355
13705.7405763857 3997.04843063731 987 216.863348439463 12620.8084145332
14334.7378994013 3973.83978575037 999 168.658416164596 13778.1374436504
13268.4309363633 3998.74348998168 886 274.828511973617 11906.683569419
14559.8210724021 3997.19270862148 1039 94.4898317777183 11680.7135307895
13459.4186066126 3993.25609448522 960 131.25612406608 11213.9732064716
13553.2669703454 3997.91199428855 932 72.2234460783652 11591.1167789379
13679.0957204583 3995.19534659901 1004 135.7492481421 13455.6076859038
13567.7346074678 3995.51625258033 952 76.7867352916619 12165.3529148993
14203.3137560691 3998.72455586848 940 232.696513082363 11559.1914390636
13277.4613764864 3998.00808876093 821 113.633682685665 9139.40647848806
13621.933646733 3997.44087571838 934 81.4946491682408 11534.8576871709
14342.94688049 3994.65121695321 982 383.207691711727 14149.0315108094
13821.5800924802 3996.68229734159 968 136.42883648658 13019.5100624514
13344.8181218375 3995.50445402228 909 61.9184192184505 11763.409177069
14254.5027389803 3997.61945548523 1040 29.4281116300785 14347.6403610935
14027.6793717445 3968.72888811732 977 180.190092590673 12375.5358301787
13901.6606096378 3995.71742561439 966 2.26816728560061 12859.7505566896
