3521.6147152515 890.846695362832 391 10.643303767302 233.257436847117
3608.9216306706 901.92913563307 429 2.08701923144599 355.944378471189
3430.20011770118 893.117895543144 354 2.6041706009629 224.102403297922
3565.14272513824 910.913550158036 416 26.9135963043537 321.345490132158
3346.46621002136 881.539135164561 339 26.8883958243748 229.257234492355
3262.2359059185 900.796442359847 285 45.4744354573402 123.206897273728
3282.79815629398 891.624511082679 297 35.9766906465516 141.905801259828
3490.47931454796 893.34095082504 348 1.13274519399835 148.896949588908
3485.40304111989 901.261002194465 359 11.9881929946794 110.546706601461
3526.28616684984 897.363831141984 378 7.33969921398096 70.3638311419836
3527.93296962565 889.600733691598 390 30.5999405475849 388.930817234454
3616.04878526584 891.533655032977 423 54.3135280635923 206.32284917518
3400.36725357944 895.637276102105 323 0.459395726848129 238.04172899384
3430.88159637516 901.687305058671 338 3.78325487851873 69.3862698718616
3554.7938673125 897.298292553156 365 5.0620518418948 195.836043161318
3537.11974733507 894.955048201719 396 1.46621524620633 200.672221916852
3607.90600023861 899.719803691724 420 9.07230658954961 264.062469461736
3604.79689939674 910.842356560952 423 30.050592138608 322.05954689572
3368.47399644852 897.361972037324 319 4.52051378439893 210.015844802114
3306.73933492705 903.377283547163 293 35.5295584332084 79.6552224705395
3525.23838262446 912.06548927507 391 25.4201328847943 195.393481710943
3651.69539120468 910.848273202434 412 8.24983839787183 179.810913838407
3665.79336506674 897.717336398407 432 75.2971591531361 115.609091055617
3568.5197586078 899.389650296021 386 20.2741242353882 99.1134140666248
3386.841112968 885.800822779486 353 22.7415524529906 95.6736773898141
3645.70610388595 906.216391418977 393 0.0954547137043278 244.797355314745
3487.06562503358 904.380982088705 346 0.179138179330209 265.498331227075
3485.99181919715 891.699576509558 391 37.5893860268508 287.737581744106
3552.74232827891 901.204594358513 378 0.557488004846505 232.009717781664
3362.00995612618 908.722951184582 297 4.14709787135928 162.28637988369
3475.87400072667 905.789536870178 364 1.30533633030757 183.655011923023
3475.67770967093 908.720628537504 365 3.30449559501335 334.231165692956
3427.77876559695 896.85938270535 387 22.2917009423235 207.870356537363
3421.71018878592 900.803921914063 345 2.61768987687589 266.703603708239
3569.6031970033 905.537364166373 386 0.432003688567022 217.164159470101
3604.68251634125 904.742477083847 370 0.88669001193739 177.308629393595
3679.19013781354 897.902226446521 411 0.315601134030601 358.49274926538
3476.76963068961 892.403493993536 365 6.12655085347313 208.130194259202
3595.77614123518 900.287959003083 417 36.0628465390765 186.145452471548
3403.47979695731 862.370624963042 375 4.12356101947137 225.381569382989
3677.72186099347 897.276421188892 438 10.6870480218046 313.259566723967
3565.14272513824 910.913550158036 416 26.9135963043537 321.345490132158
3508.64421703788 890.584136397987 392 21.9880102586002 310.282548925756
3459.33237274779 887.674706801105 378 4.43218299592638 279.05246779557
3650.90215581815 885.087737108183 404 13.5477969576569 229.515111088379
3485.40304111989 901.261002194465 359 11.9881929946794 110.546706601461
3664.66438402898 900.276116356269 431 9.95757793341204 73.2761163562691
3527.93296962565 889.600733691598 390 30.5999405475849 388.930817234454
3400.36725357944 895.637276102105 323 0.459395726848129 238.04172899384
3551.49643805085 901.266097775544 370 18.8601100879804 68.9650625887351
3570.76536984447 894.515137268813 383 4.93431643784425 222.586247020972
3578.59090067321 886.852975775118 412 6.65010941347424 150.35134691323
3463.81464983937 862.465454070719 381 21.9477348604341 147.401155381344
3514.90474327217 899.013722068328 407 3.65896640810411 320.224639692678
3525.23838262446 912.06548927507 391 25.4201328847943 195.393481710943
3362.46109790329 868.996698587742 372 8.9335543251234 178.394239165705
3651.69539120468 910.848273202434 412 8.24983839787183 179.810913838407
3585.75295385197 901.814472173252 385 6.22419078200812 201.728048792472
3665.79336506674 897.717336398407 432 75.2971591531361 115.609091055617
3618.60541276791 890.1056346357 402 1.49200392534829 99.7383929642627
3605.68191891243 893.568179632662 419 4.86248787794949 182.314530222977
3416.51112330023 883.565222358474 363 7.60588950384846 194.478394454628
3394.79839861342 901.070984664622 343 13.9809528272532 249.071068616264
3487.06562503358 904.380982088705 346 0.179138179330209 265.498331227075
3409.06894934217 881.059410386765 339 2.64145628318494 186.074682623393
3722.40916059562 902.136305481199 436 7.67878782717185 222.483845175501
3499.01369729384 892.97982936097 361 18.9293767600502 176.891679737611
3403.99380664885 904.940166627797 326 1.10088344397502 259.467092587341
3433.7073944318 885.561593252836 354 6.57616211716584 141.995324074149
3475.67770967093 908.720628537504 365 3.30449559501335 334.231165692956
3427.77876559695 896.85938270535 387 22.2917009423235 207.870356537363
3604.68251634125 904.742477083847 370 0.88669001193739 177.308629393595
3568.29307966678 905.650547851354 397 21.5098398754147 212.274139255447
3679.19013781354 897.902226446521 411 0.315601134030601 358.49274926538
3476.76963068961 892.403493993536 365 6.12655085347313 208.130194259202
3456.97881037349 893.443748957605 372 6.63357613602466 370.208049715863
3465.84625252486 892.892578162555 365 39.8156774004829 126.454336867933
3595.77614123518 900.287959003083 417 36.0628465390765 186.145452471548
3339.26580536838 854.301479407668 339 9.74438689631199 127.952454789706
3388.31101234781 886.440255683933 339 7.40639849963486 211.635410883135
3411.69052527426 896.96064683415 353 10.173451277429 401.82042191103
3459.46385927313 890.708364391074 365 6.77533666504274 303.431325401918
3524.86219899106 899.805831645053 369 4.70034450177684 254.797302589751
3425.21455336689 888.897424225497 359 14.9745642168759 185.816298654858
3388.46211668731 892.774180195108 332 12.5413227603084 194.771141726521
3487.16235818683 892.885086551766 356 20.4599758409397 187.225837415656
3435.38718953399 907.407476714597 332 11.2293228554872 131.614222060763
3462.9905615308 896.759248289553 363 13.4158192826702 208.198294468461
3394.79839861342 901.070984664622 343 13.9809528272532 249.071068616264
3549.90463827347 906.109035161535 390 42.6490439721096 114.393323415732
3634.67982691632 891.925085897125 413 24.7764427254053 239.365428799026
3676.66996396245 895.566099314284 438 10.5555608929275 311.54924484936
3502.8002372224 898.534561904841 365 0.605212963615486 403.394336981722
3463.708234278 891.926882100714 400 64.9515303769433 216.286083462984
3555.36435344661 904.83040907272 401 16.4361805832781 303.793010996752
3740.26755695147 871.293652428195 428 50.2046632516195 187.510675829911
3596.84464128382 882.996410263627 403 14.763791662306 306.968281623268
3855.24618088562 905.612559968014 461 3.33436201361008 332.179591984996
3732.77943990681 875.759638424312 438 16.1638421327108 265.168004034576
3485.40304111989 901.261002194465 359 11.9881929946794 110.546706601461
3662.48501652145 898.056003495937 431 9.68515699497067 71.0560034959366
3527.93296962565 889.600733691598 390 30.5999405475849 388.930817234454
3736.30569036645 898.144491298018 442 27.7598776033513 240.157626202029
3570.76536984447 894.515137268813 383 4.93431643784425 222.586247020972
3578.59090067321 886.852975775118 412 6.65010941347424 150.35134691323
3646.98463792237 898.252405170395 406 7.73082606374351 246.5842096554
3463.81464983937 862.465454070719 381 21.9477348604341 147.401155381344
3880.01193064305 898.375171084447 481 4.13554585045802 311.866816453748
3629.60017078864 907.475420149668 402 7.95377736225208 243.718355905881
3515.86803698555 872.543429666972 385 21.5715569807998 222.454584596269
3832.4125439237 895.369856904896 462 6.73737075440295 256.875922743851
3757.26201331985 899.157788274548 458 10.1755831288796 299.924128257882
3524.70777568551 878.33858098866 390 9.67924160557004 247.360661969781
3443.71807120961 888.047315366923 376 38.0053880301494 221.275660610204
3712.38036426108 889.334315654778 449 45.3445874727573 385.122020056828
3505.91315743655 902.849010073278 391 23.0044797363052 215.988680217024
3615.10505963802 875.282495675615 413 40.5140495419651 191.454563751454
3787.70060600862 895.282238608269 459 11.2673216152853 314.94416615523
3721.05499618518 910.588164020362 418 16.9197890204346 179.550804656335
3665.79336506674 897.717336398407 432 75.2971591531361 115.609091055617
3593.02700762172 881.728887596204 402 1.70529671792445 91.3616459247673
3807.4369705754 911.99197315092 463 9.56499311154499 257.15061278456
3435.53355692564 890.520171046165 352 26.571744307821 151.980015082821
3534.79778254346 877.8949209218 390 12.5362643160869 241.332749417424
3682.92028811613 896.665957228638 428 24.1019005734393 222.524521810886
3396.44707467559 882.490094315632 332 6.36180849818714 98.0178155713744
3641.74091586811 912.589550026793 421 40.9993686389531 210.043528780118
3416.51112330023 883.565222358474 363 7.60588950384846 194.478394454628
3592.21740065909 883.825317403668 393 6.59063318965428 222.265746435838
3403.52345290293 865.163475187216 346 31.1491763696658 238.70225057759
3319.8162943933 869.873600075204 330 36.11120188901 186.074682623393
3452.066633916 880.886537707644 362 0.856820637008809 193.702979714665
3559.3708933047 889.366819632367 389 30.3963980220676 225.532884222529
3722.40916059562 902.136305481199 436 7.67878782717185 222.483845175501
3455.57511094868 895.151597823469 356 24.5015425990842 157.796258764142
3717.9787533641 886.02831543449 423 36.1003949945749 285.299561960897
3350.4878107809 866.853952684435 349 39.5170968198422 151.268163815404
3681.19233897913 888.639850036545 417 9.90964208233476 226.280158491389
3444.61669170136 900.291026765808 332 6.17874407553802 250.168812863363
3503.74755862548 894.691302024456 367 11.0102681745961 157.946097073138
3582.15345846032 910.483578103677 376 11.9795958863983 156.174421763667
3475.67770967093 908.720628537504 365 3.30449559501335 334.231165692956
3427.77876559695 896.85938270535 387 22.2917009423235 207.870356537363
3746.96824976429 894.837946770331 430 1.48917687366537 232.116593714339
3535.31410595235 901.938600664892 375 0.025538122096691 290.971951191048
3502.35511666549 872.431654156198 406 36.7053537711124 141.502738974798
3550.62211374791 903.213168981744 396 43.1399943858967 157.606450617393
3741.40015126584 906.086771009936 423 17.6772169842983 144.31338917875
3634.67982691632 891.925085897125 413 24.7764427254053 239.365428799026
3676.66996396245 895.566099314284 438 10.5555608929275 311.54924484936
3578.76940867972 885.539719902164 390 10.1013593957808 390.399494979045
3463.708234278 891.926882100714 400 64.9515303769433 216.286083462984
3555.36435344661 904.83040907272 401 16.4361805832781 303.793010996752
3740.26755695147 871.293652428195 428 50.2046632516195 187.510675829911
3641.27405711147 896.280146387067 403 9.21011468384978 306.968281623268
3855.24618088562 905.612559968014 461 3.33436201361008 332.179591984996
3889.10535509271 892.574388745304 473 16.2276029516631 289.914755650136
3722.52058342394 897.50807951695 427 31.9711306809021 166.936772531904
3732.77943990681 875.759638424312 438 16.1638421327108 265.168004034576
3426.64355618645 882.411089874139 349 19.3331286113587 106.262589692488
3665.62592824167 898.05566302925 419 54.7905004070687 71.0556630292504
3785.45337139247 897.300014025035 469 21.616417475099 238.468671656063
3650.93968402596 905.150119615188 423 55.6796906706531 171.376699293356
3741.40015126584 906.086771009936 423 17.6772169842983 144.31338917875
3506.34129586785 888.810361241282 379 6.03534173714064 314.929750979424
3634.67982691632 891.925085897125 413 24.7764427254053 239.365428799026
3638.71459104542 880.243725483062 390 27.7980876477951 307.710521467046
3676.66996396245 895.566099314284 438 10.5555608929275 311.54924484936
3578.76940867972 885.539719902164 390 10.1013593957808 390.399494979045
3655.25270174824 881.105523222879 419 8.93917316511096 230.236242650764
3565.70167044773 906.281939835055 403 24.2487913115219 249.38067080358
3609.85844616043 887.161896674382 417 29.2804154735555 387.596508437923
3944.14062505393 888.041762182244 492 34.6349468266243 215.940482453591
3680.68454206745 904.726512286076 421 26.2125156213793 243.05872425293
3371.03102613422 900.288407304304 332 59.0738254843048 178.942841079499
3597.21534547361 903.784764686912 417 21.6675545866531 287.800022787642
3612.83993342585 892.484106185204 390 77.2319127880358 101.685474672691
3855.24618088562 905.612559968014 461 3.33436201361008 332.179591984996
3722.52058342394 897.50807951695 427 31.9711306809021 166.936772531904
3868.10325565081 879.777856202689 481 13.4280595296797 353.579429943637
3426.64355618645 882.411089874139 349 19.3331286113587 106.262589692488
3665.62592824167 898.05566302925 419 54.7905004070687 71.0556630292504
3629.63501092001 890.325030653079 423 43.3126957093795 370.281239370531
3656.32962087644 901.702310802588 415 55.9521667974813 212.623842036217
3525.61672790712 851.676314015876 383 8.31682543576738 323.693913220249
3754.67472274113 893.319240405585 434 16.0178955498874 136.833461648521
3609.05664405054 886.714813668259 413 21.5735448671821 275.917127963973
3735.71875844968 890.935896936773 465 17.9366602038311 295.24431182264
3578.76940867972 885.539719902164 390 10.1013593957808 390.399494979045
3655.25270174824 881.105523222879 419 8.93917316511096 230.236242650764
3565.70167044773 906.281939835055 403 24.2487913115219 249.38067080358
3847.32884980639 909.518261961925 465 3.9258769827498 406.182474149545
3678.63825513937 903.875707762626 438 37.877891595923 427.407915617609
3944.14062505393 888.041762182244 492 34.6349468266243 215.940482453591
3745.84002162592 901.474870032486 448 1.77921078695334 239.807081999341
3201.7283743135 860.890317089142 330 37.9109940067148 145.978943512002
3597.21534547361 903.784764686912 417 21.6675545866531 287.800022787642
3656.32962087644 901.702310802588 415 55.9521667974813 212.623842036217
3613.33772331086 882.396012966729 390 11.1710551727655 343.337479083646
3525.61672790712 851.676314015876 383 8.31682543576738 323.693913220249
