19361.2793041558 3532.29223864031 550 54.61865895559 5556.93335179355
18789.3315992813 3338.17851857131 570 82.8311289964276 5137.07514159049
19019.6418526399 3524.42489489414 540 214.899656649264 4004.08032242055
19059.9952856418 3339.60729014496 490 46.2463808452873 5293.43451066726
17911.5378017321 3228.4260370722 500 60.0058050448644 3607.57885661891
19868.3145251329 3437.30578661046 630 85.8258532507449 6780.68178727515
20282.3325798177 3550.27602440209 610 118.460384008198 6249.67495775591
19687.3711519247 3534.71401727394 600 174.155222249696 4946.29918603912
19007.510776235 3235.55069905348 610 105.739523860173 5452.68181371959
19123.2419255901 3370.78395815755 630 147.782394596929 5507.32218203663
19719.0377628453 3459.99957854689 570 95.7806635636469 4999.76292960099
19839.3258892047 3563.88187118857 550 287.908672736143 3940.93900909022
19191.5987942297 3342.5494875599 560 70.8683279333858 4631.73281617232
19778.4000665878 3466.84936142863 500 9.19108255699711 4330.50332596289
18771.7821633107 3237.98798638702 510 211.986500505094 4925.15069038873
19945.8602995005 3342.59738476146 660 2.86472606809416 6571.43959725697
20487.7930628271 3459.48827827489 630 196.109763809645 5996.77020206141
20516.7533147421 3523.52602748865 660 305.782020940027 5287.83275038754
20355.483597596 3351.08911822328 620 221.572732265473 5850.53360598748
20564.0698020158 3532.58852109139 600 87.8081541279223 5160.51662029056
20452.3644917474 3503.22290670181 620 138.311480247997 4696.48082011112
20244.2567139063 3457.22055706488 570 375.736888720941 2956.88231660813
20141.4988460644 3411.36813478809 500 36.0914585947467 3488.9768302019
20831.1158968442 3461.29178425248 670 326.467823879141 5430.08146689978
21722.6252358227 3645.37595322164 650 179.557007518616 6117.58267763023
21233.5506093034 3418.5538537591 630 102.533119104574 5941.24031999297
20732.1103980262 3533.12166622887 590 318.139016496695 4544.67407766411
19187.7854523031 3205.66673607765 520 321.0979882417 5855.61749891283
18897.6528348903 3479.03801050903 500 494.827986473983 4093.81165873987
18668.9301937636 3261.31678478748 510 369.125959122193 5103.69621087788
18739.377283601 3170.96983544802 470 209.151110374179 3566.80157380307
20052.4618060659 3529.74085920725 670 505.439293349646 5984.19288518573
20311.5844631958 3566.74744393714 650 554.33953666872 5534.88407791323
19001.4401331875 3402.91794829526 650 416.770393392884 4639.69740765381
19974.7822004782 3475.49959410743 570 410.084410511121 3657.93633041123
18785.0279216836 3213.05426404132 560 336.557267803631 4666.87844423088
20619.5889103488 3523.21873790198 660 643.535372828414 6095.56141668708
21382.3390324137 3650.53237167905 640 601.599507738673 3685.90926561207
20982.6397753522 3550.82610834035 580 659.940661581516 3224.37290355388
18868.8157836608 3469.37648625735 630 617.151773546678 4898.08025419662
19248.170490255 3458.82064137229 570 616.730908295913 3085.20746112114
20545.2806625296 3451.35739552172 660 716.157385601183 7475.74305203946
19768.237990885 3460.68057412371 650 531.018772252888 5056.76267601895
19740.2874561901 3393.28791985812 580 559.316876114987 5372.03783248899
19704.9922414945 3438.24391944554 610 515.807997884407 3417.75206009647
20154.2746010457 3419.97473188762 570 723.022701515823 3963.32241853315
20540.0661491101 3482.74930596505 660 658.839535364384 5419.39575594187
20996.0674127546 3548.61123720837 630 675.937515602166 3380.14586220003
19362.0727208922 3489.21259236876 630 737.073156674626 4119.48356963688
19745.7605350317 3498.11397296834 660 703.259449638237 4947.47585994335
19634.4189962863 3393.15964196056 580 833.131411188923 5128.55526217321
19884.7427571336 3374.44294067225 580 952.928859094172 5023.17551233613
19361.2793041558 3532.29223864031 550 54.61865895559 5556.93335179355
18490.5501293589 3185.00626980586 450 312.536540133096 4937.83834495167
19868.3145251329 3437.30578661046 630 85.8258532507449 6780.68178727515
20282.3325798177 3550.27602440209 610 118.460384008198 6249.67495775591
19746.4039718556 3465.56508473759 520 1.56057087267603 6657.62015181791
19868.2664040126 3451.9866497757 570 64.8796188529745 5514.96530332547
19839.3258892047 3563.88187118857 550 287.908672736143 3940.93900909022
19209.9750333916 3383.36888805034 540 7.07314924144282 4512.17310826377
19778.4000665878 3466.84936142863 500 9.19108255699711 4330.50332596289
21123.9513497024 3555.98035012774 670 604.792159930728 8062.56150032956
20487.7930628271 3459.48827827489 630 196.109763809645 5996.77020206141
20333.9795715316 3566.42021952615 700 160.323058914982 6168.70177473158
20564.0698020158 3532.58852109139 600 87.8081541279223 5160.51662029056
20452.3644917474 3503.22290670181 620 138.311480247997 4696.48082011112
20261.1358676266 3531.63981174541 570 233.591560495443 4590.97292955875
21414.2414497212 3571.01486717579 680 214.245258904179 5735.68207835597
21722.6252358227 3645.37595322164 650 179.557007518616 6117.58267763023
20732.1103980262 3533.12166622887 590 318.139016496695 4544.67407766411
18897.6528348903 3479.03801050903 500 494.827986473983 4093.81165873987
20042.7952243924 3526.51866531608 660 501.718624328747 6122.98861351699
19354.8353525279 3497.8883905229 630 399.816886387845 4710.32581356164
19974.7822004782 3475.49959410743 570 410.084410511121 3657.93633041123
20619.5889103488 3523.21873790198 660 643.535372828414 6095.56141668708
21369.1444329608 3642.21678848384 650 604.138809587331 4327.01284771827
18868.8157836608 3469.37648625735 630 617.151773546678 4898.08025419662
20545.2806625296 3451.35739552172 660 716.157385601183 7475.74305203946
19740.2874561901 3393.28791985812 580 559.316876114987 5372.03783248899
19323.6675022812 3414.48148933068 610 591.827387375281 4005.31789330656
20706.5824827234 3501.47898111489 660 689.494454438213 6225.05896860377
20996.0674127546 3548.61123720837 630 675.937515602166 3380.14586220003
19634.4189962863 3393.15964196056 580 833.131411188923 5128.55526217321
19361.2793041558 3532.29223864031 550 54.61865895559 5556.93335179355
19868.3145251329 3437.30578661046 630 85.8258532507449 6780.68178727515
19746.4039718556 3465.56508473759 520 1.56057087267603 6657.62015181791
19561.7113425068 3494.70208106078 570 213.533555301329 5262.25781567595
19839.3258892047 3563.88187118857 550 287.908672736143 3940.93900909022
19332.5405961248 3401.5273275451 540 293.029241523192 4615.15782171243
19778.4000665878 3466.84936142863 500 9.19108255699711 4330.50332596289
20333.9795715316 3566.42021952615 700 160.323058914982 6168.70177473158
20747.6538403321 3509.35992554901 600 105.858276931454 5276.76112701681
20484.6858935332 3571.82623490541 600 121.034279251008 5340.58298410241
20976.9361905224 3535.65845940262 510 285.468525214498 3881.11127948984
21129.3392499142 3531.20986127445 640 293.734948742196 5897.92177241377
20732.1103980262 3533.12166622887 590 318.139016496695 4544.67407766411
20070.6604910334 3538.45250214016 670 512.443970459541 6401.69735821663
19354.8353525279 3497.8883905229 630 399.816886387845 4710.32581356164
19974.7822004782 3475.49959410743 570 410.084410511121 3657.93633041123
20619.5889103488 3523.21873790198 660 643.535372828414 6095.56141668708
