19843.2439047121 3488.68886427275 600 707.8616319812 8238.58552635775
19637.3455255063 3494.39629922848 600 154.126143053975 7283.4776664532
18995.3510746695 3302.65488418261 570 129.517782979518 6154.48367014454
18640.8129628743 3276.11575983533 560 56.6361504869698 5571.99232422117
18074.6041151467 3156.55068954096 530 152.188470587256 5487.20687847915
18855.56717327 3330.90680234548 520 59.5658178484745 4984.1142978465
19950.058945912 3468.89248793093 610 22.126937194001 7151.44665554491
20055.3277171841 3517.55345841803 620 307.802274863227 5860.61373514024
20105.0901952758 3295.03659032602 580 239.266357662519 6483.95660733843
19854.2522852295 3381.60596684713 580 78.4778247537407 5312.50307594677
19972.9426537306 3470.03644590361 560 152.591372690437 4319.4427594372
19235.4480049622 3209.3549790286 570 136.472247243364 5187.75181575855
19402.9523994919 3312.86881112882 560 144.06603036948 5011.16576485954
18646.7575293775 3214.58922226797 520 6.85731045390381 4111.00328933333
20553.4109894287 3365.85426015682 630 483.38215691457 6345.24428775087
19853.2254582451 3409.91466190519 600 346.696872730646 4216.94757877998
20725.4545746931 3428.92874479279 570 275.095593481943 5009.22007575528
21570.618533367 3503.32696452377 620 462.202845915113 5984.20843371396
16831.9463535167 3020.95232305281 460 474.347691999023 5150.53812106817
19610.437810977 3475.32377507214 610 784.04400412259 6792.24817345289
19725.8620526461 3535.93620270096 620 793.938959644396 6496.53342893804
18514.9215001636 3289.27477675448 590 551.680860060196 5749.90400568851
18795.7853169124 3360.08581663466 570 505.241920462927 4882.89685267367
18206.0378369397 3066.28015870826 570 383.820114309575 6076.02475511726
17899.8761465808 3077.32968275246 510 291.6179129816 4690.46026958203
20047.3899922382 3349.76472998066 590 828.417988620568 7278.69985330843
19982.6841654746 3435.04034038728 610 510.055267270815 6491.77631797743
20283.0288654223 3507.18833605166 610 514.636385517073 5594.77380617027
20229.6280326807 3264.62531066173 610 534.291718228998 5447.63990689414
20038.4171090795 3399.83987414218 590 420.485276602771 5058.0314966229
17160.54866871 3020.85875534415 490 716.659004123772 4452.62327706656
20035.1974520753 3453.04624278382 630 1013.23224286229 6257.84234023954
18126.3374780226 3139.28663058625 550 494.736434430152 3641.602995815
18815.8166701416 3059.55701672506 510 701.583234808999 4760.74590066435
19416.0989862823 3316.92373467068 580 765.730676842296 5726.13123807881
18747.9331831728 3395.50242047626 560 1028.64091690061 5594.66176095338
18276.1648670676 3047.77446806005 520 1069.84434143114 4236.22941075084
19583.3237035952 3398.14231588093 610 1124.87545010822 7061.84580216271
19947.1408690929 3322.19854669313 570 1156.99058348362 5089.30823192948
18565.4138230435 3038.60840475779 540 1281.91541732309 4395.48411523381
19843.2439047121 3488.68886427275 600 707.8616319812 8238.58552635775
19822.7674957753 3557.07045053235 570 376.281123078148 7099.03304683754
19799.3730792526 3464.37155707108 560 68.6909891569562 6865.08167745893
19020.5185463506 3344.77174169941 560 184.710829613585 5503.34413087558
18370.0257703032 3188.13818387926 510 133.229059997222 4851.65255591147
20099.9830424017 3478.68314774509 610 244.081123362728 6907.24516868208
19878.0936703263 3533.90598914419 620 180.128665260035 6433.96427383982
20296.0139841266 3289.71544889386 570 116.491992983324 6596.66449477239
19731.7056599639 3403.00199711374 550 18.4249499534434 6412.80708684644
19785.365458308 3429.14028189634 550 50.8477692709228 5406.60324164941
19007.8425450677 3238.70919300314 550 6.34135374359585 5806.38134600945
19459.3186814651 3396.0075722417 540 186.948291205772 4836.9307901739
20558.1980811067 3364.65362248055 590 395.958291775169 6263.51119912425
20398.6164010721 3501.91466190519 610 241.736336845728 4715.45284121739
20059.9127250976 3470.55460699112 630 984.195013057594 8104.90115790274
18486.4897032856 3372.26275190706 560 605.137456290409 5823.8365170164
20895.1991027427 3492.93749852865 630 868.534481248441 7748.2059629213
19982.6841654746 3435.04034038728 610 510.055267270815 6491.77631797743
20283.0288654223 3507.18833605166 610 514.636385517073 5594.77380617027
21254.4083679163 3493.29871899431 620 778.594992709043 5513.79626131815
20792.3780435797 3561.36628657323 640 1266.12104558937 8195.71283748485
19453.8554689604 2985.31429495998 470 1147.59448576667 5099.75544024117
19843.2439047121 3488.68886427275 600 707.8616319812 8238.58552635775
19822.7674957753 3557.07045053235 570 376.281123078148 7099.03304683754
20145.7501405899 3474.22441017907 590 29.9001192616044 7114.60696096217
20158.7494033007 3457.79014304351 600 114.929386708405 6549.579385259
19723.6048616881 3443.04370815363 570 521.52145378351 5762.05477739126
19826.2376636731 3474.4678966143 570 269.705544334515 5583.39885778062
20996.1521772262 3440.45492014729 610 350.92669787047 6199.33989561533
20409.9140422839 3506.06050861923 610 239.562104780784 4697.67681235016
20059.9127250976 3470.55460699112 630 984.195013057594 8104.90115790274
19982.6841654746 3435.04034038728 610 510.055267270815 6491.77631797743
20283.0288654223 3507.18833605166 610 514.636385517073 5594.77380617027
21254.4083679163 3493.29871899431 620 778.594992709043 5513.79626131815
19843.2439047121 3488.68886427275 600 707.8616319812 8238.58552635775
20455.7491357453 3616.29948193313 620 469.129839505489 8161.51660487576
20145.7501405899 3474.22441017907 590 29.9001192616044 7114.60696096217
20329.8564691521 3464.82549396496 590 180.792402606475 6122.89322147291
19826.2376636731 3474.4678966143 570 269.705544334515 5583.39885778062
21060.2173145351 3496.81559080761 630 126.169639884904 6376.03634579987
20409.1191893152 3503.39257861818 610 239.715074305941 4984.85962288463
20059.9127250976 3470.55460699112 630 984.195013057594 8104.90115790274
20260.2167322427 3483.06551554839 610 766.385629910711 6259.64467025277
20283.0288654223 3507.18833605166 610 514.636385517073 5594.77380617027
21254.4083679163 3493.29871899431 620 778.594992709043 5513.79626131815
19843.2439047121 3488.68886427275 600 707.8616319812 8238.58552635775
20455.7491357453 3616.29948193313 620 469.129839505489 8161.51660487576
20145.7501405899 3474.22441017907 590 29.9001192616044 7114.60696096217
20329.8564691521 3464.82549396496 590 180.792402606475 6122.89322147291
19826.2376636731 3474.4678966143 570 269.705544334515 5583.39885778062
21060.2173145351 3496.81559080761 630 126.169639884904 6376.03634579987
20587.8726903668 3472.3436719375 610 360.848450346428 5584.71619121788
20059.9127250976 3470.55460699112 630 984.195013057594 8104.90115790274
20260.2167322427 3483.06551554839 610 766.385629910711 6259.64467025277
20283.0288654223 3507.18833605166 610 514.636385517073 5594.77380617027
21254.4083679163 3493.29871899431 620 778.594992709043 5513.79626131815
20400.5916262711 3587.61987533082 630 600.600012956412 8716.02614829483
20455.7491357453 3616.29948193313 620 469.129839505489 8161.51660487576
20145.7501405899 3474.22441017907 590 29.9001192616044 7114.60696096217
20368.214100116 3495.88445543976 600 457.964169375022 6517.56264271924
