27806.375110668 4409.15896024959 740 23.0452463666534 3120.84337040483
28385.2041432534 4435.59481037701 750 2.56350214865415 3479.92624401515
29126.9148308769 4652.97543447381 900 100.548652628016 4836.17177105423
28521.4346333336 4646.84960451679 810 0.0453569155133664 3465.39080531307
27921.4331018475 4510.15620781158 800 32.19402973055 3011.52458748386
28027.0100334168 4532.0522000852 800 16.5515827158815 3504.8776264896
28345.3179983473 4659.4502905149 820 6.47665886829554 2180.30587518407
27944.6582608502 4502.56067787184 720 11.4866131584213 3059.12423883469
27114.0488872196 4190.85417655908 760 480.529607139776 2010.8479831451
27421.3587264209 4202.77931361589 760 411.42379769998 2605.43185498818
28662.7832868473 4675.52448013308 710 1.80648099036353 2012.32277854051
27927.5626580097 4641.71369538272 820 1.08716465029465 4685.57877645607
28582.5447328934 4603.95158776961 750 1.39223497806097 3751.88879478182
28207.7627641377 4633.36031868637 840 27.5630187682109 5241.11438980964
28616.4946310243 4628.90476368911 710 1.44655617394756 2683.59971598748
28511.8070116845 4622.97480531942 870 352.273908881431 2976.79275149627
27826.6669406492 4646.99431124854 710 95.819341340175 1252.37135712247
27139.0516257515 4630.74229012285 810 109.448264557217 3091.61341214707
28947.9282631319 4631.61526672203 860 16.8411492415712 3525.11058896644
28128.5058817855 4449.96619070209 790 16.938649188095 3078.17285522327
28070.7415417604 4498.90155126871 720 23.1635999448545 3752.56396488754
28337.9073735921 4673.03501033761 850 70.9623107850862 3146.38416782189
5620.8241880069 1126.24860230132 230 702.603023500862 196.724548483892
21300.057983302 3214.23247865937 580 111.858113197371 1686.94986328924
28805.1418616954 4712.82914076782 900 21.9993220950601 3752.91170627796
27061.4917507448 4515.95558760505 700 154.686849122902 1404.07834764892
28097.5297614213 4389.59514836226 770 38.0326875884402 2117.10116817544
24040.893526813 4034.65140082213 640 186.741216654228 543.586345772423
27756.1539455141 4630.77878040659 770 94.2536887008177 1561.61688863912
27773.7203166536 4465.93931117182 770 30.4933687202711 2254.83728702703
27875.1051725816 4644.13279490194 870 437.535812370692 2214.47847583205
26821.241195712 4400.48019694046 740 213.170004385458 1593.80774533864
26992.0331280169 4164.60042051386 760 156.4853660564 4608.8637454733
28689.074674187 4692.78027277868 750 0.755907860672778 2836.35042985943
28365.5913144139 4677.65292769253 900 376.225044641657 4172.66187968264
27908.0704190553 4707.92721961907 830 53.6838925107386 3721.33283895747
27076.678590727 4501.86230118889 820 219.905120475472 884.899730288877
27982.848482254 4742.34210256732 850 109.595680782008 2171.36785766326
29174.4189877697 4707.37189746884 890 58.9707292210883 3089.38341251293
27154.7781870317 4593.64818991673 810 196.913578890445 1566.85189194413
27875.4963640135 4512.44527898978 780 107.80489060805 2134.18731737411
28857.204274139 4733.52186448115 890 7.26224695825249 3727.20232981292
27973.1878443375 4700.14395363266 840 60.555934003386 3132.37858340774
28427.040859479 4462.42912371858 870 361.241804753839 2159.42584055486
28832.4302645368 4723.06964735741 800 0.585302540361226 2551.57974312213
25146.0294571045 4272.62465236457 770 234.492041728111 1518.94306353687
28677.5424708237 4681.5267084953 910 321.62759022522 4010.73913965433
28115.7005543062 4677.07126856631 860 75.8406313985101 3134.85499066484
27771.1916961846 4646.33249392732 770 110.661383982677 1371.70940005217
27725.2696665897 4648.92417962407 870 165.212489133988 1022.29705730757
27847.2302609766 4572.91329724913 820 42.415957812997 2191.43202969828
28702.723074477 4668.12604896086 880 12.0479029994881 4077.14706926432
28478.0053980684 4684.13303606689 880 327.997394837256 3823.69953999658
27182.713383756 4620.6793426616 840 125.802812426032 4878.40640235389
28925.4319113953 4749.89342165186 900 11.857565898642 4134.57329106146
28654.5371958898 4694.13903234934 880 340.106809457169 3095.13218616014
28786.3616145219 4719.20326237754 850 28.7585357092353 2631.99605005429
28066.9083097915 4725.8303640638 810 38.0585462965091 2274.82991839301
24878.6479746525 4196.6154714248 740 66.4470229071144 2114.53651238861
28094.7092569207 4710.58734965188 880 268.197442317887 932.871972841637
24282.3660388785 3960.11433019028 660 3.32884885513204 1711.02914692042
27175.9786824931 4600.74636447707 810 194.263516957772 1892.70949286782
28469.6197881271 4717.41998042703 840 17.4976913468877 3028.81262144946
28164.9155985429 4778.41763488006 830 67.538960139239 1286.78477690239
5662.99030500065 1152.02284725436 260 707.873788125081 0
5949.39425008903 1208.14968845203 250 743.674281261129 0
6790.04813699394 1046.51169568359 170 2276.26805137273 0
0 0 0 0 0
5662.99030500065 1152.02284725436 260 707.873788125081 0
5769.5116371195 1199.8228115571 260 721.188954639938 286.31028288132
28332.169507616 4690.32346637157 830 51.4600907061322 3250.63986976999
28079.8926612222 4600.00769957214 710 18.5871613142672 2475.9498580085
15208.6070507542 2431.46723374338 480 103.447525731797 536.511182558894
26894.6656478856 4314.85088785504 800 162.445034527228 1776.82105983887
25902.2685540803 4323.10715410888 830 797.366672553909 3456.00536634472
28477.9321797808 4755.52555534799 820 25.5604053571233 1263.00204519246
28094.3158259429 4592.30004051602 880 79.2239444580664 4102.7938446714
28135.8907337851 4615.34371625389 810 59.337802527788 2626.83000399487
27539.2495836991 4624.67139946269 780 86.7708918175558 2226.4016973626
18840.9823361435 3199.54490575523 510 26.7871300597635 225.718220717836
28556.2083560694 4759.65892574375 910 352.397914434723 3130.21956584833
28067.5404773563 4586.03666821671 740 19.1376513645764 1411.31300078712
28701.8797452375 4758.51145501449 910 329.535744393347 4273.87914155002
27740.6196855417 4655.70381420846 850 124.660718448707 2004.85767557306
28520.0020448265 4705.11059658525 870 319.238852432669 1454.49844464156
28398.7779410774 4728.12721965031 850 70.8779154931885 2411.0070214242
26907.1001047279 4602.42556528917 760 35.7415878717084 3218.11149326181
28166.7533796034 4657.64351442558 820 67.3092375066781 2338.66166016744
18236.1351650703 3109.24928619304 550 1672.93968923457 87.7591212832915
29137.7407605182 4788.61078689588 930 279.706363878614 3617.5642660451
28711.3869437546 4698.92257916266 810 13.0759853081354 1745.00927422391
26909.7805824077 4646.76255211769 790 242.784727369521 1688.20532326195
21559.9431172184 3629.29663528543 660 880.808871111863 1905.59173188479
26966.5624506507 4691.06978511172 790 33.9690163155574 4743.80816737078
28125.1036378241 4628.70242112611 770 86.3613985494439 1319.79467429018
23183.4210332466 3860.63142602274 720 608.210721179573 2558.72292245344
28339.1810476225 4658.63088854858 860 14.0961418781585 4578.11059037971
26470.8057726528 4287.20990186779 690 246.052893600622 1200.99567520898
27498.8847025224 4684.23634333502 880 167.229830481159 4263.78944332962
27218.4223686487 4533.20136056525 810 107.992169049136 2968.67092965756
28194.9149910802 4767.65634111128 840 51.8357909777428 2137.6201771164
27697.9450628855 4673.08770491184 790 55.4751226625194 2391.5380265583
28573.3699151383 4731.26381230308 940 355.29248741613 2823.89696716374
28104.1109494204 4603.92635729125 710 43.7886265222432 1628.83881066535
28067.8326389557 4716.76041663857 840 67.7210849933076 2218.06648717533
19918.8910041409 3451.43060774255 630 492.05716372087 1064.03235979644
12392.9824829645 2296.59582926271 480 1549.12281037056 1589.38892096114
19246.3890071206 2810.18863993312 480 858.081877714764 2700.0937927019
22557.840766148 3906.50439280165 680 620.468154464194 736.028002725368
27996.5996620198 4630.75596933616 850 80.7176071369322 2677.96579732409
28263.4098546345 4642.56776387303 900 388.997727114084 3440.69274347826
28068.0318077811 4679.89867675447 870 83.2389098086701 4323.52880000754
27032.7721335725 4317.07980188222 850 134.307306871491 3063.05987934133
23075.4505565558 3843.13342794646 700 1770.07751993234 2326.95347753518
28408.9491327509 4663.94112339853 860 333.120466442117 816.115094678578
25806.2656631075 4424.54412424212 730 101.862717330835 2552.11214532535
25782.9585854186 4276.14466852565 800 720.814174670688 2911.59090064224
28341.9456045882 4707.26729301836 850 33.795989906831 2117.99709275597
25232.1588114186 3877.23440271365 700 771.480380354642 2341.56481930447
14412.7717132466 2582.35029910802 450 187.262804625493 563.05396766897
22830.4167026192 3933.39556395183 650 641.697381277521 554.507959495396
13208.8333661026 2001.69889272073 440 519.631089367112 988.716660339474
26724.4109186609 4481.33117820839 740 99.6468854000823 1481.59595124473
28732.1936825438 4705.69286960396 860 82.5769996512809 2546.78192503689
27992.0265516542 4727.75500895979 850 100.884968352341 3317.50792848103
25650.525276032 4237.70541057124 740 320.653843706308 3764.53610924957
28574.100570789 4802.90949982665 840 16.0690729015096 3525.00397955251
23492.9946938903 3985.08855184743 680 1015.83224813208 333.170545368936
27884.2408690003 4651.64568683439 820 107.451170533094 1806.94259319827
25442.2355613849 4263.340475353 710 30.5574895959239 1951.02439634462
27813.0345094495 4679.31952450093 760 141.13630801358 1296.81912503546
15973.5476271845 2816.97319099167 500 865.34005740261 744.418070021689
28068.2647219313 4735.94223596265 840 121.567227949445 1884.5810319805
28256.2672138152 4681.89109497734 860 67.8548855822228 3764.78616084119
29248.9222166776 4688.59026508607 870 279.122069746008 2162.57999404391
28029.2954649492 4721.49170240867 790 33.4909667934098 2714.34387788368
28068.5937807926 4754.19680291127 840 66.601035601333 2449.40965999787
21132.7916190397 3620.69346555687 630 118.700505464342 1343.52549668237
27912.1398525158 4750.83957752062 860 111.068262314591 878.144132976981
27385.8993709954 4466.05019601881 820 42.5648155120698 2717.97234074092
28624.6237804798 4670.36369030928 760 9.00514153183894 2269.17312394214
28292.5567619571 4659.52439266336 910 385.354363698751 3610.47731248507
19239.7905651864 3187.86957982511 630 250.400861402931 1414.50198204694
27942.8379457852 4748.7736521364 820 136.945423513458 1758.50550698811
28205.3414122381 4768.9740172631 900 105.203520927943 1967.67904802685
20515.9581828701 3484.54203330924 570 524.518895553225 566.439050046921
27821.0895230935 4700.13962947193 910 112.667010300099 1924.71129083858
27942.8379457852 4748.7736521364 820 136.945423513458 1758.50550698811
28165.6164581301 4701.54872498613 860 101.382997243505 1734.40181962526
22094.9821854444 3713.83449516823 700 310.014035230098 2233.67604554815
24327.0749979226 3980.72267364755 730 897.922782436652 2195.49978959572
28334.2021642425 4573.10315212775 770 50.4666655794217 2776.16888085208
28522.9857151001 4657.03954808598 850 39.0001864712249 3645.99703311579
26010.3921297812 4302.1362175546 770 674.563437988229 2209.19785977591
27818.68339744 4724.84019929214 830 175.927625366525 1740.87788796938
27791.0083033842 4640.23169804585 790 63.2768619890394 2273.97949998525
27881.2638656547 4696.3128717236 830 455.285958672262 1457.9540203748
20289.7038659295 3520.96228729983 690 2536.21298324118 2358.40005990604
12465.4884201361 1905.50815404779 380 2394.27053235134 87.7591212832915
20901.2982030769 3462.61910960071 660 2612.66227538461 2409.90677836191
28147.367941075 4774.40082755456 830 69.7324173227339 1273.11826068127
23646.9069901719 4027.03392127324 590 484.302592547088 772.520666033367
28670.3452367031 4709.51350161775 860 364.271265989299 2679.90066065057
25616.9346820261 4305.37850557165 780 445.313745922459 1073.32490337276
26780.5009436637 4733.67383568842 740 96.9913821862247 1882.82631526806
27459.1704710936 4512.06683562475 850 334.97327145827 2982.69859849828
29215.1019739072 4740.68519293788 900 428.538279933131 2692.9131867876
24067.5680075084 4041.5392405066 800 1427.65909982353 2989.02311211067
24759.7637907966 4173.30691383641 700 787.028008973137 1143.01830466013
28530.3310056439 4749.62878053769 830 368.945971125213 1921.70437448744
28387.0326079557 4754.06864112882 830 8.82533855110205 3533.09687254204
14219.7087190377 2260.69763281531 390 640.025552782221 650.876386330941
27617.0027366724 4625.65739706575 770 44.7928480247438 3189.22544258054
27205.3174548658 4576.1057210926 820 141.24634049677 1351.8144546197
25170.8830854116 4206.33592955926 710 1181.32718553385 1387.20453935496
28364.9118897147 4730.22298845875 850 54.1940121637435 3359.48187822949
28406.1001542369 4741.96596736147 850 389.043929960227 2362.35700418131
28027.5294010292 4738.54745213692 800 84.7122348284552 1522.94710763099
28581.6639152682 4792.9058792815 890 6.16448900461182 3318.43245446997
25612.130362501 4282.087055367 800 702.263013814659 2082.30393797343
27955.6162138245 4681.79766215365 770 50.8789165193789 2057.51281039115
27836.4221684051 4775.07197807057 810 150.247395685969 1167.63259851809
25835.4920002405 4280.03875517701 780 832.871853511791 3175.71651204951
12472.1571598679 2043.96221088837 310 1583.46649287253 66.0310312111533
15831.8731116478 2815.56895709054 570 2.23985745533355 1274.79101122006
18203.0325602017 3269.37353310129 580 199.326757318369 1501.94533535513
28736.9464562907 4726.73617537106 850 10.280327895231 2827.81604647144
28218.4549523991 4734.2548385017 870 64.4360167314258 4336.50476774171
27594.7770421558 4585.20407845926 850 77.0126158789485 1934.67894722862
29732.0992117065 4765.37552331262 880 180.59124076478 3159.77995295714
27283.6759692735 4633.09773661646 780 61.6390005593671 1430.97580137098
28476.0644725221 4749.09545160774 770 14.5744720680705 2278.55621344592
28093.6280050627 4611.35293987821 740 68.968509751372 2216.22879766277
26784.5135871553 4440.06895407393 780 217.185336154388 2083.00360147505
23990.7287443023 3861.53332735644 590 187.214128935687 1718.66786112503
28080.0273699014 4721.50741302145 790 446.405505335653 1390.00128816951
27454.3527047888 4674.10169316637 790 137.916266147079 2538.63094581518
28321.4235871231 4658.2214834151 840 298.627323967472 2091.57410249538
26256.8322503586 4373.30984768852 720 264.550334168239 1853.5431169408
28309.2781394338 4842.09970556783 850 399.87027132448 1877.11277500513
