67068.2375303272 11384.942007522 1800 2545.40833892196 40395.2294024359
66999.1517345994 11406.7512152754 1800 2292.28901881877 33314.4286884854
65607.471113815 11411.2460363768 1800 3447.46215170784 46669.3653790188
64633.9590343106 11194.1321139876 1800 2789.94773726582 45889.122368765
65756.5195771586 11428.9471041831 1800 2462.72294160593 38865.9331285846
67101.7757493574 11663.393318141 1800 2089.25300199799 37917.9054120867
66032.2663726704 11541.9941337523 1800 3051.33843828435 43285.8876853018
65650.5940321194 10928.132232227 1800 2287.57536382412 40390.1942300721
63487.6532516939 10787.7112178157 1800 3350.08874566715 50166.9611669874
65438.3063177789 11493.6615673187 1800 3264.22796516971 49804.1269068644
66929.1699647616 11637.7947781199 1800 249.07841192776 48567.8118760287
65817.5444076254 11513.1603759448 1800 3168.75792557093 41716.0350533293
64842.7863412856 11031.8531494336 1800 2714.73771829878 38192.5257153531
66675.8296765185 11370.4006621414 1800 486.556134750161 38992.8351024518
68274.8667832692 11523.9915056704 1800 599.611455527429 41571.3193993554
66448.0024261297 11651.118589571 1800 1946.69006537611 42069.7984301688
68365.5521895559 11279.221127622 1800 2377.42712224481 47443.3400916075
66802.4371689732 11251.8796844824 1800 2312.93641805294 43162.1768500955
65859.9042459663 11061.9458281925 1800 2438.94409763112 53178.4489699513
64640.4534804605 11013.7105151837 1800 2125.82503228416 42323.9651523916
66267.3623242321 11658.6225317819 1800 2451.22059194556 46285.6348018196
66404.2840072745 11240.8622399942 1800 2542.1182992524 46774.4585533862
69176.4154607087 11702.9419120041 1800 1499.13726680251 45256.3456333121
67138.8916252084 11782.3036713594 1800 2378.56812724996 39558.7685813554
67091.3162666934 11474.5808684915 1800 1527.23380122492 42279.9639351867
67736.1380206966 11126.7663577543 1800 2011.40125725148 39052.0515906493
66554.0492353256 11161.3449994794 1800 2443.11589634879 47261.5548148986
65626.4169739878 11397.3048555852 1800 467.038080140946 38612.8241186432
66543.9603168176 11486.1644546766 1800 3519.41571093753 39765.1597974758
66710.0827205997 11312.5638274042 1800 2206.95997947303 41529.0942835777
65267.8399792312 11377.21621311 1800 2421.84367772888 38778.051085845
65978.8846688388 11178.3786482716 1800 1998.32569594294 42525.0651639798
65537.4116158141 11497.0979976475 1800 2161.67168206826 40196.1219955225
65866.8729433867 11342.3479132276 1800 2221.20446495755 35385.8456681297
66704.9265397118 11441.3481377121 1800 221.218212654474 38977.97348666
69026.9747354025 11445.8833701743 1800 2047.22385019485 47217.6323078971
64017.1410951581 11013.7744791428 1800 2233.45237663226 40790.6195200599
65295.0944966401 10730.7484705187 1800 3160.17263854425 45951.0737142227
66497.2431735703 11303.3725831485 1800 2572.69889749305 42142.0829227382
67100.4598918748 11671.0607541179 1800 1626.56010910126 47519.2365620936
64635.7273023276 10937.4021441001 1800 2577.08234857228 48114.4430542209
66804.0698250559 11273.4181512248 1800 1991.42790428564 40078.2153772478
66078.6956126786 11524.6580124935 1800 1878.12560613001 46640.719165563
68586.9650185604 11123.4999551949 1800 1543.54415015943 45051.192612512
65315.8355038151 11103.2370863784 1800 1969.48483870293 43291.2012767105
66021.3933607862 11205.0469425328 1800 2346.72562131149 40303.804565081
64549.0964712227 11415.0247413337 1800 2452.41734590373 48864.9229256917
65593.8214066066 11370.8954558998 1800 2022.28560917508 40557.8115480094
67331.8716580402 11584.4075671119 1800 2132.14304431319 40267.2109906563
68645.4594996657 11847.7874615096 1800 746.461493851803 39674.4924769254
66161.9503723231 11122.9650605427 1800 2394.09165704633 44388.1918130644
64296.7570311403 11298.0635535454 1800 1952.60928500965 40230.4558091279
66472.1246858215 11303.5469835066 1800 2269.50343526302 46072.1560555137
65868.9072157348 11244.9170838822 1800 1699.76071331301 49492.2165456317
66439.3395376551 11291.2862537922 1800 2198.02801821169 43894.462740817
67319.7240335488 11485.9007849859 1800 1823.23170938204 41423.8016389491
66783.2497842116 11178.5441141274 1800 1906.60951103636 32690.3212730648
65415.5956342783 10914.2029809651 1800 2912.75333539131 40264.9246934823
66334.954560574 11157.4929637437 1800 2620.80642791309 42523.291984555
67106.5608051603 11748.1353918838 1800 1554.43378088207 40023.4693856716
66154.4913848178 10991.7245306409 1800 2249.2988226209 44501.6799105367
67840.3661510324 11433.3963707111 1800 2066.83692649372 39123.903562165
67732.2328926408 11130.39041968 1800 1749.03895349153 50589.9709551896
66010.6814301967 11119.2379273505 1800 2088.8433067053 42000.6523078215
68567.851436235 11312.8474248943 1800 2084.73881462493 39470.0107277456
64893.4125393117 10868.1222759959 1800 2484.51670257364 37828.6450020718
67730.3078470841 11672.2440460241 1800 1939.39626658012 45808.5665473321
67843.7322923459 11427.0417710974 1800 2176.79836244273 36975.9471555708
66678.7595546104 11241.7719690156 1800 2160.91224345291 44445.0904656792
66885.0824316818 11607.7300718549 1800 3117.12172684812 41141.635676712
66179.7530214102 11569.0324099015 1800 2137.64838320722 43068.6305279327
68634.9193458926 11588.2418788216 1800 1216.63031047905 44252.0690203732
65813.0832615798 11590.8523148012 1800 2234.0278324985 47840.0086219607
65323.6218754757 11370.4481595442 1800 2711.08655564096 42190.4555465689
64893.7269249908 11029.1429024955 1800 2627.75480139193 38754.6766716579
65555.5882300146 11414.9905973745 1800 2002.76539194167 41529.9858690014
65291.3680328262 11380.7205335166 1800 2418.40254198934 44876.0722838311
67002.1715865649 11492.0037146294 1800 2177.02715126828 49029.6226950902
63767.6885556535 10687.1294096567 1800 2277.90101710856 36732.1645337662
65901.416047287 11501.1543388505 1800 1824.7658392884 46295.8356109279
65234.5324859012 11267.8798971642 1800 3774.39974999377 37923.2970650253
65523.5146622059 11337.0514290693 1800 3288.38389179926 42892.5965152271
64391.0546210271 10996.3254022957 1800 2771.67908986013 49646.4452655863
68722.6612311956 12038.5184551941 1800 1786.09165857637 44216.409343264
64575.2187031572 10907.7878476087 1800 2916.56278493162 51641.8827944221
66831.9256827898 11540.2843530588 1800 2159.31582508003 43035.0169295059
66409.2344653442 11447.7909365123 1800 1912.66146033126 40321.2453206875
66167.183810785 11284.1287115337 1800 2804.23676239484 44054.5437272357
66332.3039510639 11090.7593190747 1800 2628.43901574061 40715.7933315336
64663.2360161117 11052.8914324949 1800 4330.57881065346 44174.3369986812
63663.3177383886 11019.6835020993 1800 3038.23149378514 41678.7731301299
67482.5307147183 11403.8742027079 1800 1984.03131303499 40819.294179172
65879.7174592182 11502.4432527317 1800 3275.518655861 44157.3215748918
68761.9886342948 11091.3790268372 1800 1671.68240863028 43472.475600318
65591.3172038925 11179.156535574 1800 2288.90279976288 45180.6431165504
67348.9148183916 11650.7986292095 1800 3280.6739882048 38556.2128022954
67272.1042341421 11439.6042044339 1800 1506.29391263869 38506.6158954349
65393.1302404177 10941.1259219673 1800 2085.83646231938 42469.5004217436
64210.3167062341 11088.3066853657 1800 2608.25064852257 44017.112232617
65869.9988279136 11422.2684187445 1800 2273.07849157721 43352.7496047443
68321.1345693378 11653.2407031766 1800 1800.44831420321 31816.3618674007
66164.9747953791 11194.5483266978 1800 2260.25594544602 45116.6294797601
65244.3900624597 10888.0922788921 1800 3035.28017512662 46417.9275554576
66712.849193898 11268.0501247203 1800 2744.10765300517 45203.3732809604
66104.7517456144 11266.140004124 1800 2319.40818592761 42951.5564205823
65184.6064806194 11140.2763666057 1800 3094.7541920821 45519.2772467393
68091.7108645948 11391.5802147818 1800 2301.69125756976 51526.7446585097
65601.3574386059 11522.1817002448 1800 1708.93412561844 42031.9024842042
64819.9404363248 11200.7138207012 1800 2386.7402333662 44028.6957198498
65815.5258299616 11158.4821597215 1800 2910.51246810535 47007.6917713059
63437.8391963927 10794.6134405338 1800 2975.51177214892 45758.0855686113
65025.4505386904 11121.987229982 1800 3249.716409775 44274.8083412894
65798.4589298347 11114.3014906965 1800 2214.25875305067 41895.2757176652
67838.3548493422 11565.3526322037 1800 2085.76594812876 40449.5273898249
67073.7278408383 11540.2873894592 1800 2512.2752433295 45887.4470786752
66217.0198436519 10834.7570663695 1800 2265.39469495116 38053.5021597591
64861.5280950742 11155.1130804738 1800 1963.12797894813 46199.5831866061
66152.0197434945 11491.137506966 1800 30.7990220064821 37989.2938611413
66727.6635644386 11131.2486877535 1800 2462.03685134076 36654.3620993984
64715.4300977399 11020.7630265693 1800 4327.51905374457 45211.0267058153
67384.1108505081 11486.2999097792 1800 2259.25326193936 40417.3943856474
66546.4079950557 11257.4711714003 1800 2778.9437998124 46697.0805371226
66424.6398121116 11274.9367588358 1800 1923.04505087274 46126.9566590776
67951.2683387188 11506.1901887116 1800 1597.67863200539 43666.7598529856
68024.1184242763 11437.9848914313 1800 1869.90611018638 40326.7847101465
66524.3295308292 11503.0868711584 1800 1926.99370139447 42450.6660629409
65529.0007229678 11238.8476754698 1800 2580.01560104979 45981.3907325057
69112.0087675114 11445.7308747812 1800 2006.78337578897 44524.6269562302
67256.5987424431 11909.382144172 1800 1856.7951054985 38145.8354249526
64772.9689142514 11205.9158779885 1800 2164.09790013821 44092.8884379256
65978.3579403032 11381.4735552853 1800 2402.66484891835 43764.1713058704
66243.9390904132 11015.2573430455 1800 1983.47190364819 41615.1593864025
67434.9941525773 11828.9769246859 1800 2705.13724559782 44159.4044192431
65431.2658161906 10955.0306149196 1800 2306.58710977351 42946.3768981246
67814.8689195921 10915.623584019 1800 2157.4111168925 36362.2563423928
64877.7140582451 11017.6284234618 1800 2988.80364865826 37280.8740110635
65007.206500935 10601.0443139981 1800 3722.5911077674 48510.7262304759
65547.7545566037 11297.162739025 1800 2066.21553087269 34611.3490910589
66036.1865014986 10974.915391646 1800 2933.78859000236 43234.2866898706
66906.8562014856 11316.5894027808 1800 2039.31614635439 41023.2169553983
66171.1492493604 11433.9443177276 1800 1450.81271755453 38556.5998447893
66912.4627162667 11599.9538682234 1800 799.780833647383 34298.2791448706
65436.1914546262 11460.9893932186 1800 2574.29410632014 40387.9499616663
67361.6942135487 11619.3324791346 1800 1222.58192556154 42316.1629586615
65827.7298028425 11257.1467897833 1800 2300.28067880068 42071.817886579
63362.6480343105 10903.7058777051 1800 634.443908077959 41091.112367468
68537.8710015909 11001.3409123076 1800 1697.59315249406 46432.221427748
67119.7704376647 11365.5293593047 1800 2390.61198256527 46266.6566775277
65626.9922914008 10891.4487352357 1800 2172.33794815238 54139.742936633
68030.1400769185 11859.4576042181 1800 2508.56374926836 42017.3038160391
69231.1745265898 11478.403015727 1800 1353.76664478908 46949.8792869998
68126.3204858332 11519.348794345 1800 1550.3201193525 50243.6292638514
66366.028763911 11680.5433869495 1800 2661.34003486124 33176.6332410628
67417.2190443073 11911.5852812033 1800 299.228497268421 43190.0124215534
66458.0500106678 11231.2537207208 1800 1798.0348417376 46522.0958069648
65907.2529874901 11193.0773036916 1800 2734.75885732582 44266.5600448186
65957.1304065073 11039.0847059357 1800 2244.48938219946 47954.1421749312
64134.8530403119 10935.7805815132 1800 829.384879163766 37256.3790464648
66425.9526052057 11207.5200045897 1800 1893.93342169212 47871.0416638638
64608.3381845395 11273.3675146393 1800 2195.57106030048 48432.2145299577
66192.5495864499 11188.9680483877 1800 2385.123812311 41846.5857984344
68809.0406339333 11613.411433939 1800 2098.73323994004 46518.2726800697
65108.8821048296 11272.0228564535 1800 2260.15153123352 42203.1711481616
66661.0950267432 11404.8303243732 1800 2483.73021292853 41732.1371481977
66511.4004414775 11235.0644597946 1800 2507.06730291816 43038.5494352778
65713.7687334833 11273.8398656746 1800 2116.98090694788 42483.3329978693
65474.7670422058 11478.4489469781 1800 2006.45402483452 42296.1201266858
65314.3560578005 11332.1606885059 1800 2690.01117768122 50502.9669511976
64879.4538096719 11098.5487783383 1800 2770.49211353592 44741.9840754385
67600.3218565428 11615.5581433206 1800 2224.91603310721 42607.4082906153
68134.2239114796 11533.9939799991 1800 698.961567796903 35531.9343784777
64828.3173003856 11002.9877614735 1800 2316.50889608761 46679.9132380836
68378.2042184781 10771.1338716566 1800 1681.27885237232 46632.6246405199
65319.6080434719 10939.9112357971 1800 2628.39648820303 39790.022512673
63504.6308441859 10858.7693233233 1800 2933.28557990111 40541.1689814419
66707.0047314716 11416.1320920799 1800 2159.96970723905 41172.8273377888
66227.9446446964 11064.1166936453 1800 2278.07175294673 44965.0358348371
66896.2431885051 11394.7643911933 1800 2069.22745409994 44362.8091493732
68612.2921660267 11559.2687918772 1800 252.788731685794 38219.0862730603
66484.9888529916 11155.0847688728 1800 2786.17500415662 47972.8706488933
65108.1304826457 11321.0675299556 1800 2418.12639548288 44766.9817367535
66500.2607803483 11368.5515631989 1800 2287.0927414907 42814.1969685974
68636.5601287601 11919.8439358269 1800 825.028842975086 39272.1323273329
67830.2338867588 11922.4946140363 1800 2015.48411464507 48533.8461660767
64956.7088327304 11266.8952108848 1800 2019.64804937461 43518.4714027753
66310.0724526939 11637.581678618 1800 2091.21033793495 46957.8295331465
65547.299056759 11326.8671085482 1800 2761.37284888531 45428.237548019
67000.1290840539 11583.1989343085 1800 2229.18420241097 42751.5690526055
69379.7917569919 11777.5550299865 1800 2085.63607069709 45154.9790642721
66362.7124976584 11047.9595436904 1800 2242.04979850158 43178.9411725906
68430.7462365427 11271.4605017824 1800 1490.59754960477 45760.8022662049
68866.1878258882 11107.9921477949 1800 1519.57472246125 39322.6706387449
66453.8572774861 11219.7169142163 1800 2471.04306868999 47029.6743032656
68602.4453232201 11495.5714153885 1800 1920.9316759824 41198.6098401677
65475.5053394451 10956.3732742935 1800 2138.86012310291 40425.9939148576
66416.2926256942 11614.1352373434 1800 3348.9777560064 43396.1350246181
63837.6518404666 11069.3747015093 1800 2561.62041809316 46220.4387503385
64125.4922392848 10867.3498066785 1800 2152.69081453396 42820.9008752212
67380.8956976867 11237.788632485 1800 1857.72168989492 35968.2951006311
69048.7584572023 11415.2764299821 1800 2165.10588344072 42125.2287030764
