12947.8499263201 3289.38098094398 928 1071.14789631416 12626.8076565342
14191.250369158 3788.32340212649 928 241.990382840019 13012.8307696442
14449.0128906068 3906.68569896823 928 140.682060713981 12289.5514733098
13966.8803751215 3759.54944141612 928 213.17224174278 11485.741542599
14441.5500546173 3836.49934928554 928 134.802815024087 12865.2049124669
13516.3596552681 3325.24286828885 928 258.544472517879 12589.946893474
13736.3962130153 3664.99448455072 928 441.483149212644 10194.5337048501
13625.7991957193 3598.09905201187 928 463.169371091042 10745.1105155842
14061.6571945894 3707.10974298716 928 3.90678013559113 10306.8907172323
12957.75674197 3363.36560156839 928 345.203523113946 9040.79981192277
14129.8401704255 3841.87171735011 928 9.79000000083624 13353.6151531083
14237.9441954797 3782.75741364671 928 35.1882669850197 11079.205246067
14413.4359247058 3846.08909856918 928 81.4910877873308 12155.240512022
12904.7059200554 3471.2438894218 928 165.883196470067 12052.0532024355
13856.1572775498 3695.72045174844 928 93.9142345959813 12465.2846211283
13381.2500657242 3473.93407778397 928 805.345833596851 11885.1576317133
14529.1764928306 3874.32849254642 928 208.514083022304 11784.3253283063
13869.0456899569 3568.78795115589 928 8.70678035255764 11485.6046493875
14335.3875073313 3839.79770557592 928 28.054349177773 11648.2604887891
13419.378173651 3638.20940062019 928 43.1497941688529 11909.5008827379
14502.7532981398 3847.01923739107 928 68.6632791033303 12570.2989761065
14216.2662655763 3787.24697948668 928 423.950831515159 13225.3593157181
13262.3013962059 3375.74252776341 928 788.959193521413 11020.4497240353
14212.1797433814 3731.73302363868 928 400.017569347706 12187.0267922874
13710.2432531282 3615.72434260808 928 440.565571428198 11565.1801887407
14315.7708961781 3861.52643894679 928 7.88573406535329 12912.3371363093
13618.3695039148 3400.15248816502 928 159.902448881599 10773.8090334431
13382.2622173737 3442.36221837964 928 633.768974020417 10958.5395394272
14734.7642675838 3979.91621321711 928 33.5238525121663 12659.6405267034
13961.682260602 3665.90703392488 928 501.267333084415 11704.2729760013
13538.9845566274 3552.30355773532 928 102.348944357313 11054.7296820646
14526.8495478917 3927.59699739561 928 61.9389924544807 12454.8800919743
14641.4751707476 3935.83483928881 928 71.3287816115619 13782.2301438694
13936.5748018204 3669.04417225406 928 525.551513573389 9471.42895838134
13094.2142838768 3410.64253753635 928 634.396151875384 9708.04046053795
14126.6839043977 3766.7714784797 928 77.9335407374122 12320.4477339293
14177.7046639991 3761.84350279345 928 99.0667633359958 11465.4117734345
14076.380857212 3722.66514857647 928 212.170687918118 10922.6802805558
13148.9508476732 3449.94506078497 928 65.6712670631193 11000.1998576587
13684.2849441318 3557.56651273872 928 619.783077142023 12466.0055223033
13547.1459027813 3472.00129226435 928 685.959009579295 10844.3549115203
13635.3419975125 3528.47104412604 928 645.567236948862 10973.5828075819
13826.6221933115 3655.7968392601 928 75.3751471312371 11055.1102848757
13634.8594504076 3579.67719071801 928 200.12811770974 10953.0479977376
13572.6317586369 3592.28117709756 928 143.078485581155 11185.2753452573
13907.7268046711 3649.03873643426 928 436.871659568336 13397.4094564357
13004.6849518902 3359.8075488928 928 870.063643936883 11203.2664872797
13870.0858009192 3623.3343196976 928 198.312149638936 10511.4724210915
14359.0315552328 3721.44779176212 928 248.958847095647 12595.6235336224
14504.5704188694 3868.15252395166 928 10.2541257596322 14359.4358834106
14669.1469779975 3914.45980048574 928 64.6481486304901 13809.0865868344
14087.7060731018 3744.22623590356 928 284.139311519906 11111.5865467734
14412.6442408746 3847.35479588475 928 263.063743129332 10931.1250354874
14062.2387148924 3716.74584090035 928 95.453967535266 11001.255589386
13832.3272111974 3606.98288911379 928 503.203404225512 11575.0285609772
13798.2201017098 3580.42661352567 928 528.594478616977 12441.6804460677
13792.1886670542 3651.22579866862 928 70.3742245074109 11302.7205007053
13388.3384257426 3437.10330757188 928 169.546573244363 10996.4365915499
14442.7230065391 3897.10932956847 928 10.177619006924 12612.6586082049
13867.0677455091 3701.96429139146 928 100.911976453589 10036.7635600319
14223.3692267759 3792.27580857122 928 220.867098703966 10864.4459965972
13607.7151695836 3568.14325419611 928 676.401420935476 12004.1261839027
13346.7281046335 3417.63025380628 928 951.662148882919 13735.1833545419
12901.6929855989 3452.12419531889 928 76.3339330819326 9742.35764560175
13630.6747797025 3518.00901548692 928 309.565664985872 10142.5510718768
13788.1128755061 3680.14082248564 928 12.5737516581717 12188.8561055633
14563.1350516954 3920.93544242869 928 108.215205567073 13886.7091470428
14322.8072111312 3849.73747062037 928 63.3962979594191 10793.8987366505
13628.7096193987 3503.95307720305 928 589.097920234015 13250.3131228406
13020.0158046104 3391.85065947335 928 332.163284351843 10251.3363147373
14274.7503311581 3861.19489038185 928 48.1714246746042 11001.371626655
13897.0596055253 3590.82076084884 928 144.418468864225 10846.2272828452
13405.8532960609 3536.08917822176 928 109.539852300867 11289.1388382036
13593.9768189856 3519.83296740904 928 172.45838339816 10242.4271981936
13932.034822603 3701.20165744645 928 435.647122205247 13092.1854919488
13965.6517469414 3683.56807213614 928 465.216957707504 12392.8138674913
14620.4761204284 3952.89469932487 928 148.957851147705 11691.6952917367
14138.0700673464 3744.71889446926 928 43.0850098878243 12338.6499069278
13984.3954742895 3712.0571652518 928 133.033447950039 10126.6811594449
13261.0906997824 3499.36973184739 928 184.855926334529 12357.6194620806
13858.9028771104 3650.85240261484 928 586.599186185022 13224.1313320559
13882.9024292097 3530.03343856359 928 94.6654288462355 11502.8281781097
14092.2696474137 3787.64697044624 928 39.136737316589 12121.0502228137
14042.9241233014 3597.87240760105 928 3.21716244975664 11542.429476787
14443.5753845646 3907.45819923939 928 162.197310611172 12059.9686511562
13384.6366489676 3445.09779723756 928 764.811925563175 11350.3069850277
13720.3351296396 3658.18006474027 928 53.23398054223 10500.4113291192
14413.4024091385 3839.26005116518 928 276.031566457894 12711.8817790389
13833.8045710727 3578.06963270002 928 17.4468665862173 12658.3199330318
14225.5097653858 3777.11064591793 928 275.790214896522 10788.5599874532
14654.0344332246 3925.92046014026 928 91.2502178650102 11326.9321874559
13975.9490730178 3709.27351911763 928 495.626341528912 12640.2372573562
14167.3332772886 3760.993229966 928 37.6080937799254 11359.7671048365
13989.0969229342 3686.38323969524 928 6.39443930099083 10693.6021316966
13463.9731061604 3517.17441156474 928 611.956394762006 11699.464598748
14081.0265279656 3782.52275808076 928 288.606399155384 12351.7691108322
13460.575952366 3536.18423341423 928 173.880628146273 10963.0087251067
13137.2520539489 3379.80264271175 928 519.716321460267 11435.537553929
14289.4145169888 3829.32866594046 928 5.69861038864087 11777.8006725586
13944.351794566 3647.22827572366 928 571.994359059488 11868.7243069524
13849.0188606892 3662.9330576921 928 231.063296315375 12018.5523949558
13082.8696385959 3453.3974945372 928 48.2686001243776 9939.24370835812
13949.819903745 3708.57979280317 928 421.60934488479 12853.7692741842
13917.0057265892 3621.39046313893 928 543.948254189531 10962.0025984975
13189.5686822555 3440.52058300217 928 60.654240480683 9803.7763221766
13563.8910197342 3619.54037189493 928 55.0912387441504 10047.7433167974
13585.6394719841 3620.07319448489 928 19.063009327577 11778.1394912305
13720.7994748925 3666.15700362525 928 58.7919862201197 11427.4631423108
13381.8484060445 3435.86377946503 928 635.390498901805 10845.239536907
14188.0043524081 3715.24682340096 928 27.198034635459 12960.2524046322
13907.4281397132 3633.48267758365 928 377.051926668817 12240.7927987477
12902.3892738479 3327.00538813323 928 278.443697623871 11297.1887520007
13366.6793167258 3460.55628073474 928 545.936604755213 10020.3961698154
14165.0714070947 3806.16523211783 928 127.73592248827 12095.0120580925
13682.2391826569 3626.92603880636 928 154.992322615842 10270.1839986899
14053.8974391407 3712.10254467415 928 28.7900812864712 12020.0865048111
13851.6149457253 3687.7813450352 928 25.8501205924122 9713.07864563307
13782.5360298907 3601.80169192194 928 555.918040361362 12065.7311025684
14703.8053432218 3940.0994812132 928 40.3639130554491 12364.6449249323
13984.0696804983 3694.28500758605 928 528.03542799385 11753.0467309711
13650.7845691549 3483.96137801839 928 717.036573357806 8564.2114816689
13814.7418162227 3672.49004610125 928 631.652595082141 10741.7854126322
14255.4187105018 3811.85959556462 928 131.07404655281 12596.7241178418
13509.3828394304 3396.27256240511 928 95.0579254583536 12091.8444174777
14428.0608150669 3911.94367843229 928 92.755773891327 13181.3196529702
14142.3098845297 3760.78013632152 928 347.164834032559 12858.3794453904
13471.296033326 3500.26371881625 928 808.841683184754 11152.0719123444
13715.756084259 3623.95581050834 928 151.324430755256 10687.3990193292
13822.2811228589 3679.29427561119 928 151.614201068317 11730.7861066808
13692.9496319393 3739.92642264682 928 98.6099116479168 10988.9899419235
13674.8224213869 3674.60306919632 928 68.5529377983794 11607.4683868316
13929.4352779702 3682.3590943241 928 84.8098130859482 11867.7286148932
14623.8692530916 3950.7193445082 928 74.1396368822002 13504.1269551006
13615.6759565431 3540.53015034868 928 82.669859990131 10892.187511434
14343.4158008664 3896.30939928425 928 135.56676588287 11702.2500751124
14469.4748909335 3897.62370156205 928 143.901434222847 13702.4923828194
13878.1932580196 3551.62126768666 928 136.448424151702 12348.1059143137
14590.3896127221 3950.66045294664 928 213.467873658954 12770.1532053532
13739.3968762927 3530.98696753973 928 35.1672965384971 11699.9732655917
13762.9672959891 3622.89866492415 928 221.588144972033 10564.6928660673
14117.331006248 3679.26284633968 928 9.7926432072054 11063.5405454038
14125.5357296325 3826.7746108624 928 73.9867252784768 12160.4810808807
13694.9588503481 3551.8986933857 928 148.179075814055 8491.8250073601
13636.4964377973 3527.94185326348 928 718.478563344747 11263.6088040453
14055.1438595912 3662.61067403434 928 458.475570393916 10565.535527866
14161.4347171388 3835.98963012676 928 301.679136964035 12658.5743531797
14144.4070134984 3738.62793681665 928 472.480208371438 9509.2721008205
14023.780816868 3694.87865732606 928 461.127088803949 11717.2879017321
13948.704131641 3611.54266588828 928 293.544468491475 10734.6971241078
13789.6619959611 3637.53620137416 928 527.705969813951 10078.0749154337
14549.9847772133 3884.49981975282 928 176.624704471965 12189.0297297211
14449.4039573701 3880.95816987258 928 133.301057151232 12065.5999417521
13863.2780107777 3725.68558080559 928 82.9430660799208 12150.3808814268
13988.7652777451 3745.63729070667 928 100.717139138374 11959.7118602342
14106.1984477062 3678.00345355902 928 7.14991426600363 12256.0346064685
14437.7471814879 3865.21108787381 928 62.5073606408791 13023.9082775849
13057.5501503885 3465.21755312655 928 160.192809304944 10791.8050597524
14632.3923347144 3944.39027454373 928 136.355077706564 13487.8662238728
14171.7098546796 3738.59111317589 928 247.756678096434 12116.3319100709
13888.6834676896 3685.26373257579 928 499.043177788338 11089.2866716068
13432.8947430109 3549.05282111007 928 178.544087715696 10817.8057829255
14593.7944289385 3952.42848443173 928 4.65565442346383 13595.8888343207
14578.1546326855 3960.21656546298 928 122.382675675424 13766.0499640981
13948.328065627 3661.51827407915 928 136.69808510974 10459.1364958155
13820.2508068911 3630.2655158828 928 194.233758702722 10937.9206660308
14181.6280410761 3772.13705174983 928 41.3536859513606 12547.8926652844
12822.9090355011 3385.62460159448 928 209.384204686208 10766.8865265809
14249.5040310984 3749.24428143558 928 300.558082353726 12268.4756965245
14611.2371476928 3913.82518993453 928 51.4844563002969 10098.4825099961
14109.9870609186 3784.36478917837 928 190.17338143911 11931.7551437131
13645.4338198467 3587.78943291563 928 154.048424273275 12720.5387180064
13959.4474933585 3669.30740351551 928 433.816619741603 11098.10672536
13774.2380267749 3635.56060958124 928 481.217065668714 10114.8928309255
14160.0942283722 3662.66431112906 928 105.441226418214 12021.72851713
14358.2970745168 3872.72949360399 928 179.989199237521 11607.0952057611
14595.7025241382 3850.15013318614 928 128.98387309699 13054.3329639702
14458.418500515 3882.95368788098 928 206.217124722359 13591.8673294981
14076.5449885137 3793.53410506322 928 70.8402769707836 12030.192647438
12789.7575338918 3391.77984117409 928 222.278743388391 11373.2580760038
13454.3445953251 3410.68570231404 928 153.412935867636 10639.5336379046
13915.4408402774 3528.77286261354 928 85.9698064600007 9912.33921856732
13363.0046410732 3456.40387324465 928 808.975985895802 12514.7647319654
13824.9509172446 3603.69596276844 928 580.22002343656 12055.7476136079
13673.1482146361 3494.02822047227 928 672.77630916592 10473.7665548723
14239.9359796791 3785.26614071509 928 339.650467287654 12749.8927864027
13613.2171848494 3569.74769725614 928 175.627141183642 11811.221648234
13457.3973968855 3475.03396311373 928 46.2297504850321 10366.5413106047
13663.2565482228 3647.79363015873 928 71.6131933846968 10945.7586083131
13539.3572925286 3459.47630532591 928 63.1966339020257 11943.1215480883
14162.2841945868 3769.40558021438 928 274.000297232654 11675.8813604818
13490.1703205393 3458.13642072131 928 688.206212148042 10568.3974255647
14468.2672020315 3889.58777742056 928 35.0520000184888 12891.1639875539
13221.797860063 3474.89707533549 928 189.670190258455 11341.0593080413
14072.5172656623 3704.08704238143 928 97.4497074479079 10782.6560610932
14171.6682819151 3794.77088058488 928 290.985859436594 13058.9890655832
12986.7390412214 3289.92831228759 928 986.081092461919 12428.4091163846
14197.7898064395 3795.81084967292 928 239.538093859456 13021.4021132448
14449.0128906068 3906.68569896823 928 140.682060713981 12289.5514733098
13769.9858311956 3702.98929692727 928 188.560423752044 10900.673463834
14309.070678328 3785.34672708402 928 25.2055052748783 12482.0312878916
