14954.2842670251 3998.65385936441 1162 3.22983856588939 14765.6805077916
15256.6288423598 3996.0734753302 1228 0.971043724346146 15373.7837603917
15863.5157051147 3996.16601626239 1399 19.6285516966041 17540.4762678159
15713.8829871549 3996.51801053829 1344 121.872121978643 14891.6948865796
15284.6482654806 3997.37403507242 1253 9.75461593765567 16278.587771228
15808.2114770567 3994.25721117625 1363 1.44953204265562 20617.4319302396
14855.763410292 3996.7475864991 1179 40.9172040077679 13637.2777529135
14932.4832529197 3942.07159700316 1157 5.66323135390871 14980.4558663281
15865.2822802861 3998.16576305528 1402 0.762939044923996 18719.0748544427
15750.7974856574 3996.54022437697 1397 5.53877426443364 17009.3033169664
15402.2690764576 3995.25361267445 1312 26.7594608310119 15477.6811237508
14337.4882587405 3947.58690579133 1154 43.6577961213702 15831.8234877992
15310.810880264 3992.74507337096 1276 13.0249427855799 16244.3425222751
15136.0738512172 3931.38092894298 1263 23.0257245805483 14954.0102921508
15750.7974856574 3996.54022437697 1397 5.53877426443364 17009.3033169664
15803.8262976142 3995.26049555065 1417 19.5600323705341 19452.8227463099
15556.1368274015 3975.8855183024 1334 4.76364176144534 18305.1225571342
15402.2690764576 3995.25361267445 1312 26.7594608310119 15477.6811237508
14313.7250792948 3951.00444615942 1156 40.6873986906571 16198.0308404457
15750.7974856574 3996.54022437697 1397 5.53877426443364 17009.3033169664
15553.8236283737 3993.81046676807 1292 6.26204285414269 17012.1702529621
15367.4155285739 3971.2841117175 1282 11.4565134107461 15839.827051803
15815.5494644208 3997.61906437024 1394 6.97954102808649 19015.5089586405
15662.4835985693 3996.85812209532 1329 5.500461621569 16622.4297072729
15498.597172715 3996.03965920289 1385 84.2006979022142 19025.7496834167
14987.0376259593 3997.92731281579 1213 20.7670885958171 14685.2658078097
15648.5472792516 3992.32077536048 1371 48.5381828134637 20247.6057694
15462.2205717691 3982.23889178889 1263 1.21565216636736 14943.9129339278
15089.3583241101 3934.83936115282 1216 0.413244588038424 13189.3564053941
15112.5877675832 3981.77877991433 1226 9.45070277828404 13891.4516125613
15667.8848780577 3997.72116586211 1303 3.65973605708496 18037.6955546224
15662.4835985693 3996.85812209532 1329 5.500461621569 16622.4297072729
15594.5097582127 3989.26689740937 1413 96.1897710894275 19833.1442848204
15952.6616599219 3994.35673060081 1420 0.955612082076414 20211.155753592
15165.3662742204 3995.43001097856 1303 114.713448401562 15181.3988138615
15173.2206182364 3997.28130356942 1271 15.257354336361 17609.5677251731
15754.5801725909 3992.20740573397 1395 14.6007025068177 19310.2481130653
15919.3053136882 3887.68683485227 1472 29.8101191259047 16292.5930589616
15639.4988775303 3986.88062827009 1303 7.20798612301132 17965.7736034403
15763.1171019356 3976.24051459536 1376 7.07872629920848 16863.7652133187
15904.8432089735 3993.16376040468 1503 134.981452434522 19822.9672324674
15212.1199187022 3997.10648356419 1321 119.520237919137 16277.6951540421
16032.2841566299 3996.97027456408 1409 20.2664934171846 15987.2400356617
15198.3164751229 3998.49934260371 1306 102.357123063153 15215.1614617381
15947.836500025 3996.67276437501 1440 151.281594382021 16858.4345917755
15754.5801725909 3992.20740573397 1395 14.6007025068177 19310.2481130653
17047.7535685946 3994.2327625283 1692 170.866150989207 19729.4987439516
15717.1110003156 3997.14591425892 1310 8.1326298126728 15923.9759988841
16023.0107925966 3996.82363522723 1430 39.5654376318328 17049.25139439
16059.2509713138 3958.7054453592 1526 154.282422727058 20161.9976582704
15818.4683503754 3970.70821216825 1379 70.5959630286188 19876.288813809
15723.9998169857 3986.96026030183 1395 64.4204275016048 17861.0339902031
16096.1728544861 3972.35292268919 1472 5.52803746597192 17839.0352459558
15243.7064418446 3979.60114545729 1315 85.3358855424922 15040.1028051083
15702.4834905864 3934.29148290618 1339 66.7139866506175 17175.4237339747
15864.2016773559 4005.96152015211 1355 128.572757917259 16144.1823777768
15440.8401757222 3972.88086287999 1341 51.8237335770268 19090.5618675785
15923.6379662236 4019.41032991288 1331 10.2281555227682 17089.4226869047
15949.6931446292 3992.08389624777 1450 6.24839628310042 18082.1134225412
15414.8801475626 3993.91911243616 1341 68.0064448137146 15750.8731515973
15702.4834905864 3934.29148290618 1339 66.7139866506175 17175.4237339747
15441.0666876922 3990.62924711077 1379 70.4463220500227 17110.4151823878
15844.7529872043 3964.12431733718 1357 171.114175011611 18558.3511078082
15897.0691756456 3997.04439586668 1424 16.520516743534 16561.3342531725
16103.7934541059 3997.13358465746 1481 9.32001806400444 18862.0836506131
16305.3675953505 3993.69891441806 1619 54.1465120708331 20780.5784278975
15753.6281370074 3992.49928679971 1393 3.11977354148235 17253.3220202096
15732.7364140395 3948.62133951216 1339 70.4956020822474 17102.7360573784
15730.5353706386 3975.00391942944 1429 122.545925830007 17003.5852176186
13192.5347252677 3475.54714276731 1149 38.5336915327216 10054.7714819146
12860.2141131218 3411.07835256941 845 106.169416645412 9161.24225629596
15803.8262976142 3995.26049555065 1417 19.5600323705341 19452.8227463099
13877.5442979272 3768.74527726301 1180 146.575734110719 11561.2800646046
13881.2836481766 3793.65873955595 1016 3.74775732152239 11685.0974624165
13576.4772885158 3761.64796218247 1157 233.25403856197 12217.8311954353
14621.2608501061 3831.02877838942 1222 229.061261143636 14695.312149528
14555.470750638 3808.34874350246 1176 16.7429296423211 13848.7871855549
14558.7510624162 3947.90684899867 1116 4.40142412771752 14308.3558189438
13261.5729052273 3530.60450635095 1157 363.368084880032 9593.84395969503
13376.3487005516 3612.68757432681 874 292.348334692501 7839.95439548359
14208.8493563637 3889.41119010256 982 0.390351706634647 12079.2339330573
14222.689316686 3764.39316611581 1252 333.598154279925 13944.4701475355
14106.2693505353 3844.13327522631 1032 12.7995135500832 13958.8417286798
13800.4278800347 3738.04254914569 1111 165.999844957158 13783.6686880231
14069.0794433068 3765.21644292736 1176 72.753961583458 13080.6950508414
12520.0470693649 3527.04616018607 918 100.428543032884 10794.8379785639
14690.4511882649 3920.29088026149 1253 242.113944960172 14894.212016943
13287.5145007235 3661.13555741101 974 191.716123251845 10053.861982205
15441.0666876922 3990.62924711077 1379 70.4463220500227 17110.4151823878
14995.1259680315 3889.62901683661 1279 22.9617881423615 16353.3032840748
14577.7259913633 3931.10802253062 1140 1.71394424118898 13377.2828413321
14134.5680046284 3665.42770792224 1050 40.4511342997484 11527.2591855376
13969.6722756995 3620.31842309128 1145 154.420005009977 11253.777157646
14524.4754481383 3910.22019913671 1086 17.3802702437049 13463.051994488
14285.3871084122 3813.57244700692 1164 170.622755477258 11298.2150151001
12853.3489062304 3575.95085140051 1049 80.2638663058981 10482.2823563954
14565.6254409686 3873.06946127668 1236 143.624217789724 14040.5500912661
14628.7077335491 3890.54391202884 1190 15.1817783643032 13971.5186120553
13176.9713947568 3601.48063668452 1059 712.12070388145 10609.0475952831
15288.1805299478 3984.72515820319 1360 2.22435948771022 18495.4542914572
14482.9603999119 3800.14749327604 1220 45.1839994799236 10586.3432504556
14750.5328241961 3973.27112663684 1225 49.9917634725728 13967.8250650942
14375.4402659176 3809.61810943732 1155 284.124942488543 13474.4699860762
14614.3131758958 3817.409922412 1164 8.0469525855774 12105.8487843836
14140.7156015371 3825.37273666934 1175 89.2953647410784 14030.7784725019
13531.122819851 3675.16115210307 978 27.7184673008824 12570.6656868203
14334.318420882 3854.27558666634 1166 205.310090672208 13153.0456467156
14518.1512387179 3854.99961878767 1153 65.8354675888154 13843.2446323003
12870.0519634632 3488.07722634004 1034 238.371829621239 11773.7133709066
14534.6325403763 3775.80899619088 1156 34.2844818045205 12622.5458453703
14466.5266619863 3900.60838477132 1178 150.840823325669 12638.6734829817
13440.207658409 3549.12357768457 1104 45.6284949766596 10804.2846936259
14223.1790706627 3770.21571041066 1182 89.4767141116045 14059.0078960422
13422.2890595548 3772.90257719342 1000 137.283400559995 11094.2764900968
14055.2333036528 3868.46458843677 1103 221.303414406043 10639.1080927565
14737.0792205938 3853.14239018314 1173 67.6730440032825 12239.5302154091
14660.6044089346 3842.23324368796 1247 0.137720397197427 15443.6845344807
13946.5438267031 3720.90687606367 1109 47.1411312538073 12776.2193871773
14695.5447224223 3873.93607561574 1196 20.9335998183719 14940.1808313543
15399.1852449024 3975.08802643162 1311 82.7001874916969 13634.9636552613
14737.282875733 3970.45120548936 1127 0.242053378353148 15098.8899373055
12609.6890206082 3416.03401389338 892 114.179820920586 9098.66398660081
13871.4184990277 3750.14836809574 1089 26.0305028774956 13492.9746038907
13256.0559764805 3553.78251167823 1033 538.355190498854 10242.9374955693
14211.0693925132 3717.2541135637 1080 69.0878867443751 11743.2742409439
14689.1255920605 3878.39421747075 1198 53.5961132650518 14196.1289264147
14411.8674803668 3888.7613365408 1177 204.975860952495 14035.3940084999
13603.0144492928 3677.17999842267 935 14.4815706491418 10430.3886758778
13691.6799609482 3706.47704817343 1022 150.997661689821 11790.3005363895
14011.1840297074 3770.70558093936 1116 161.733091625931 10733.2409829455
14447.1047405947 3794.40894870393 1205 180.3411899435 12729.4848139349
15180.5272575746 3914.63613346037 1252 4.02853525377873 16339.6959402171
15013.0261189371 3932.31489828546 1218 59.5452423683726 11786.0277651398
14709.9830276897 3717.61760818355 1280 128.428414312597 12824.0588821119
14755.7688959302 3784.79051065455 1279 290.33642342291 16385.3789821218
14452.8848831373 3907.87812876135 1160 1.94434231879632 15986.140095344
14367.062990036 3774.41709730087 1002 106.605594873614 12975.3306585213
14649.9058388989 3932.64081035975 1166 169.623185843843 13561.4896194202
14809.4964779079 3946.45166247301 1245 176.769016330703 14729.5325663986
13191.511850741 3534.81248760358 1001 560.466238531763 12214.0887186985
14818.8144870833 3760.34701646018 1303 25.6265718695317 13671.4155708525
14213.7882086164 3807.87593618123 1137 158.865451434464 13180.2784457554
14405.4857930605 3781.74595690341 1097 51.1073283765456 12916.5938314362
13865.3236927293 3771.39038082689 1087 147.301355690941 13428.9398777059
14136.662700316 3846.38754468652 1063 22.0585574397862 13305.3813070832
13348.0047150149 3612.01628373892 979 460.587949565775 10284.787874416
12608.8067636524 3303.05195738523 975 34.8617659262472 10274.1258561258
13844.3519330867 3688.43841558621 1152 41.0336964327514 13663.4792306943
14822.9942576534 3866.06327134425 1172 112.470378465639 16822.5699644143
14962.611982202 3954.71728817172 1212 188.59111773207 14181.5659195827
14685.5405410324 3806.85461011833 1256 295.641081707682 14560.9276062095
15073.1292375413 3918.59454343101 1187 71.6972363142932 13792.9849554057
13354.7065877046 3543.57100062715 1029 382.664439883328 10539.8299712381
14630.5319168257 3919.78251160089 1083 37.8638816756209 14434.8299717769
13228.1316724264 3344.38603828485 1145 177.839499224536 10764.825170834
13422.8168332152 3650.91147368899 1019 202.480043280405 9919.76833866159
13865.2499957833 3873.72459862761 990 6.31842280494448 12692.3398913538
14986.9227125402 3996.460005074 1147 4.38183224593149 16873.6269624324
14771.0804216687 3995.70368963605 1072 12.0594771559263 15892.1165191504
14945.980430449 3997.19104155582 1159 10.8092330009133 15521.7837446064
14972.6159135815 3996.02947920025 1133 32.6999329653763 13715.9010255466
14825.7057015829 3995.68655970814 1128 18.2678970376032 16277.5913482578
14984.1141963838 3996.54610359008 1144 93.0150951922801 13449.6165729505
15681.7433146686 3996.45695705887 1305 125.889581039439 14861.5906797801
15151.349156617 3996.51498472236 1154 133.391900678404 12972.7054142907
15236.0819391251 3998.01725850886 1177 0.265106899946431 16736.7531727269
14875.3984999614 3996.88155060568 1107 16.264436591202 15163.5374703779
14911.1171069918 3996.00782161494 1187 20.1595677453597 14616.0651235575
14981.9723287429 3995.21473968286 1106 6.64466375265783 14297.2381960787
15060.1609602563 3996.24075360096 1092 47.3711751708315 13618.3441813811
15491.2615840766 3999.19738471059 1265 153.863112267059 13716.2661704375
14654.1891876309 3998.44857400132 1090 102.284411367175 11761.4422795344
14812.0528305621 3995.70291530406 1090 6.93792604425335 15797.7054850556
15144.5514611384 3994.76831163461 1241 2.83900013134735 19583.3435819632
15047.5508726364 3940.70156317912 1190 94.9412107630055 15545.8771129912
14981.6960975364 3997.95195548081 1120 1.99638513489367 15443.3014297564
14663.7025610376 3996.11888124863 1159 82.168498441217 16124.9300620272
14678.3888643085 3996.0917676655 1179 188.52433081186 15592.3297284598
15013.9998136667 3939.51258352955 1189 118.944785966798 14431.5965000417
14893.5116137882 3998.51312079443 1125 22.8118954912143 13997.3219185639
14911.3108248318 3974.8703624298 1162 12.8852022565995 14398.9804874263
14632.8417940581 3997.38573148344 1198 80.5769880360626 17654.8035310616
14986.3506043595 3997.68042630539 1159 93.2946461892359 13371.2592487227
15016.7612482736 3933.5997168537 1188 32.2034991659764 16311.9113212676
14813.9005440449 3995.9030105548 1116 32.4353110175584 15581.5245327948
15151.349156617 3996.51498472236 1154 133.391900678404 12972.7054142907
14932.092985667 3998.12896118974 1119 9.17762587800007 15558.8008742364
15016.2812887913 3995.96535552209 1139 2.35604374660534 15881.3105514252
15355.6631179279 3984.42377660044 1235 136.913303998477 13733.5547833122
14515.9189052973 3968.96391778433 1101 85.0006260754826 11784.9165348763
14971.066409974 3996.24512681454 1113 12.9387713822337 15588.5030896896
15111.8939459822 3995.38534024125 1236 1.24318926317051 19564.1026598606
14814.0791057518 3966.13085694769 1105 26.8545748427387 17135.6855794277
14838.2708265534 3997.91179669748 1179 65.7193353671337 14651.9686886917
14955.1942936451 3996.23651433196 1183 53.1901390094481 16011.2920433047
14688.3972666537 3987.35954754208 1172 85.2553366432237 15930.9987826767
15086.3240600288 3972.21192083311 1155 46.1919262833312 13293.083489788
15077.1057657921 3994.39443724184 1214 43.4579843710421 14119.7855311548
14930.0872469087 3996.44774315128 1101 5.19911041280602 15132.8671361126
14921.2716468648 3989.36145473885 1193 13.8978309489285 16675.2137993321
