14163.4182342237 3995.24972319183 981 0.586018743616478 11324.2757638417
14667.6168663976 3994.88838105166 1148 0.426363672839443 14929.2683937264
14968.146218662 3993.10147768849 1202 1.88560044120868 15140.0775171232
14965.4969392442 3938.34635436207 1310 45.6614079740184 15861.7413851842
14634.8549845772 3923.827307846 1189 15.6477355529325 11693.0547880211
15154.9426813596 3993.51533858765 1338 19.9369405722264 15277.2602100566
14764.9839071956 3989.38729489544 1163 0.64759328574155 14347.043410269
14742.0791146716 3986.7521102927 1292 2.64104770056383 14163.5955031723
14742.9433663243 3982.75338521518 1180 0.375897978105058 15475.8130972548
15313.8017190884 3992.19496799916 1401 33.7263929744149 17260.6650660743
14919.4887611361 3989.95667500957 1292 33.9689886865733 13839.1861237838
15168.4247938864 3931.40667535043 1339 55.9342576024123 14005.9319784809
15135.075696917 3960.93348596075 1379 35.3585166351513 14321.4058372026
16083.4590274305 3989.53817566056 1551 116.621071659484 18409.325899651
15972.6098085195 3983.36803387373 1489 156.457384431554 15857.8226563608
15021.6025522175 3985.61764892022 1391 249.714068858888 16800.9651167958
15486.0918853731 3993.52701004914 1467 55.2626637599935 17787.5964716682
14380.4077735761 3968.99927605245 1119 1.02969332137604 13755.8447985253
15135.075696917 3960.93348596075 1379 35.3585166351513 14321.4058372026
16083.4590274305 3989.53817566056 1551 116.621071659484 18409.325899651
16281.7955555469 3967.7978336697 1571 195.105602809975 17525.8409417443
15204.5042037893 3997.78293081158 1263 1.13957646813697 17099.3782730608
14969.4561919869 3949.25198913533 1303 50.8581317607941 15429.1907646504
15486.0918853731 3993.52701004914 1467 55.2626637599935 17787.5964716682
15364.5496314527 3990.60009373317 1352 15.0967804900488 16037.2010897677
15135.075696917 3960.93348596075 1379 35.3585166351513 14321.4058372026
16346.7473960631 3996.32708749542 1614 149.532117738565 19106.5806321141
16808.6681971385 3965.27816279594 1669 78.9364474506951 19224.7522042271
16182.9632443159 3993.37468356838 1554 159.696264171532 20878.1055418455
15477.0478320382 3991.41301050878 1419 7.38800025499359 15680.6110419788
16379.2680715937 3993.42994319355 1602 184.234367581265 21173.8603401962
14135.2151583223 3739.59558525545 1191 103.017346773949 11723.9871433112
12487.8716386503 3378.15880175051 1021 253.878186609102 10205.1504324198
13690.0409618009 3663.95090656834 1196 26.1981797903084 12620.4970255098
14558.7042316217 3822.23096921251 1313 199.204892466023 12963.8554423797
13320.8279782605 3446.50867906368 1096 277.235573272795 11162.1122924249
12311.5278400605 3335.06165213029 869 48.2665709264672 7788.8311799991
12253.3731460737 3535.35681359801 902 774.36564298914 7258.59462770714
12980.121516127 3670.53131399946 1015 35.6029774722704 10316.6151800372
15288.0564057613 3896.23642490663 1308 31.3122092757494 13016.6259605519
14318.878693124 3905.75910952957 1119 3.86552866055354 11433.6314413796
14170.7889146799 3836.79444284862 1220 27.8812131976892 11197.2843988341
12757.9908249371 3642.34232186769 923 9.81708728964531 7636.09534890168
12696.7800306565 3666.0832894393 896 8.26973175715966 7704.79882492348
13351.9880216797 3465.84307410595 1195 238.337405441943 10378.0595181089
13670.1970665272 3563.22760754564 1144 192.574268734825 10882.8276008414
14442.1803983213 3851.65871214964 1292 11.8920027875656 12813.9889184996
13369.0470193156 3559.20783103337 1070 4.77986342000327 10929.9101777084
12959.1017276036 3471.54080911998 1092 736.884173525979 10860.4678601659
12635.4430975923 3607.99131242043 1021 225.14817962993 9957.81776227975
13983.2942862265 3726.89773128736 1184 474.013793547212 12439.3432156302
13984.8326814673 3690.52249843047 1276 107.115704429641 12463.5394908992
13883.3689122213 3707.91324439801 1088 1.4904481712565 11150.0578710989
12730.6026358959 3512.66478796542 1010 132.855474776906 10310.7387034117
15578.3931496772 3952.05904337958 1348 21.01152203483 14745.5354433033
13904.1129683109 3898.08597575649 1073 1.19451078392194 12415.3898351475
14481.6718200083 3913.81053838216 1232 21.5851848745324 14407.194046219
14301.5015824003 3884.88759914351 1216 44.2202966627374 11689.793177128
13786.0216675197 3750.53389380192 1232 23.3140192963731 11702.3948301154
12687.4785877387 3350.96899799591 1092 224.561574432056 10156.0305399826
12831.7270356488 3540.28333913556 917 18.0000983509867 8101.05195244111
14807.7870733649 3900.69248596061 1361 52.7622600165876 14031.5836815023
12664.3278260276 3414.51670477098 1041 278.8875283169 9412.50005839106
12333.3279302617 3331.06194187258 930 113.219266453936 9846.45245361853
12169.7317838065 3341.13280928565 928 59.6983453717457 9219.42511612257
15296.0668535621 3986.78031188733 1393 15.2346220545196 14709.1082261013
14398.7452176692 3796.55799894714 1282 53.2829805867809 13990.042946013
14743.1730965786 3851.88225367498 1306 100.051184950296 14997.7209801359
14030.5648588488 3928.29389192106 1117 9.12455514173121 10186.4209355532
12689.9526330553 3365.216471995 961 242.095321735031 8461.51456877003
12792.8786748324 3330.46618954509 1072 810.24981754338 10545.3009008452
14571.9475705283 3891.40550847151 1219 33.8716006176792 13931.4162854987
14068.7263623121 3757.20083661183 1169 243.258788767082 10312.8914072692
14697.2154098617 3856.09511246273 1193 9.90985500257739 12210.2804631009
14307.7169889858 3855.39612333852 1211 27.3833679857898 12985.7724408595
14323.7201483882 3893.91445706953 1177 4.67368214766134 11919.9523620004
14366.1400364573 3929.03636398843 1307 412.069945645852 14715.7817506759
14203.1902373366 3793.42456352265 1290 261.849890451396 14508.4472099893
15204.5042037893 3997.78293081158 1263 1.13957646813697 17099.3782730608
14249.8371814681 3821.31795660206 1123 3.20291371594135 12534.3959763853
12754.4557327921 3421.52953412683 943 55.959590089625 8740.47673880604
13579.7306835065 3812.8881931299 1078 56.7114427998722 9649.7680412209
10491.5599797952 3009.69730970005 714 106.529758194285 6255.31042467782
14095.4376973615 3977.93892600389 1119 1.01545032765262 10418.1656545169
13768.730096146 3804.14716778999 1170 92.9292898869178 10626.8146333835
12820.1330971655 3486.96976063123 1007 10.5623864787874 11251.5861084392
13970.24108258 3770.25056925579 1187 240.286765890428 11652.5635031823
12110.5275191459 3382.77796230418 893 127.199197315137 7476.52260623857
15135.075696917 3960.93348596075 1379 35.3585166351513 14321.4058372026
14442.5371049624 3950.40087815612 1087 15.1476413343817 10353.2752679199
12303.4250336784 3445.36143660964 957 133.193835390695 7447.68212090662
14600.1651944572 3888.90589836732 1224 47.7174539445643 14413.7918196993
12998.5486188548 3529.9677223877 1095 476.392347768051 9737.9390664967
12976.0046144601 3721.01395648651 926 3.01906376727129 10758.7440992121
13440.5507380339 3794.12593200309 1159 4.5929934955841 12168.8508459447
15168.4247938864 3931.40667535043 1339 55.9342576024123 14005.9319784809
13448.3352139117 3695.7392167568 1109 56.5585883466708 10750.6099632725
15243.533627223 3816.37029259613 1430 180.624940753664 14258.4994272682
14656.0026369964 3770.08663166637 1281 6.0405796619707 14696.1781238695
13321.3218951352 3575.79789887897 1141 130.42434437636 10877.5722634714
14133.9082175966 3787.29617288466 1205 50.4066451541735 12857.897823306
12402.3020441154 3436.58252449511 1033 577.543702926356 8781.44637215619
13716.4997113778 3737.97758054726 1218 95.9220329160707 12947.9658925302
13002.2403387736 3634.27774701988 1063 420.21093400844 10110.319316851
12798.6801423566 3548.20609730307 925 0.385292717538505 10231.8345703334
15247.2917843863 3917.55315058332 1377 326.566097608721 14754.3101267365
14202.6066088402 3881.32811805889 1195 155.870875858258 11932.7523032497
13951.8532001817 3802.33010038102 1225 378.939774002949 12411.9835463254
13341.8533595847 3586.57149123687 1125 133.428881502077 10312.8926660525
14565.9807580787 3920.13951962218 1314 74.187423137962 14201.3872557706
14374.8272722002 3875.03214894533 1222 159.053813518685 11562.6470130742
12525.791079157 3460.21945244223 945 75.244730991009 7444.83132489336
13180.1768380987 3726.48498463559 1118 360.839450067458 11249.521349572
13981.1751639051 3767.06585411882 1193 139.523816269315 11787.4312547818
13818.9399991466 3783.04482606383 1080 8.55261151689047 9363.95959828406
14706.0445156181 3788.46811972413 1294 177.155260957311 14350.1768179175
14273.5468226602 3901.96773430147 1270 151.88133708273 13470.9633957563
11962.77266137 3401.3718414055 877 9.70871935537093 8042.01793951343
14406.0702418925 3890.61347228923 1185 31.559902634003 12842.9774929858
13226.6079393349 3567.29880230337 1114 339.17969139251 8501.2738093402
13746.9993495206 3818.20178746763 1118 30.9762586980814 11961.4871122226
12771.0035024707 3620.01317212707 989 31.007835252331 9932.93060979511
11983.3565817502 3367.86272959765 867 62.2702255185043 8151.96453271169
14975.4703636384 3906.00879853884 1331 96.9829806132889 13994.2766625754
13120.0991479927 3586.50218770522 1043 0.802938839132366 8686.81205970292
13195.2839332468 3581.49905976239 1065 2.04293704909037 7335.95440181597
15478.9284372966 3925.57565215302 1423 94.747213028686 15897.8000566815
14465.2069224263 3910.06863462634 1268 15.3456500122779 15705.8818290873
15440.6500162287 3808.78490437316 1452 273.219903018799 17142.7831795785
14358.9768637665 3841.59794529645 1288 136.55632661146 15691.2443794418
13889.9637105281 3938.68792926817 1053 5.25181470762732 11653.7728775899
12449.9604196381 3616.27119343063 870 52.0221034519386 6954.08351878507
12998.4671325142 3347.66252223539 958 113.139470237809 9602.17558855656
14338.013016371 3915.80480474896 1213 2.88707364980723 13108.7300623025
14548.019750739 3937.5676849073 1227 22.2669761600894 12873.8929446687
13599.1912680589 3730.69249549757 1213 89.1974513895186 12511.901409049
13754.0182976123 3751.12823563282 1102 178.540254657697 9417.6365284012
14705.0149054477 3909.95017465303 1279 62.9767332832296 12469.5406043185
13243.9217559793 3651.17724835426 1151 515.960442604517 10148.0518717837
14898.440499638 3866.0072772626 1304 304.991058372355 16641.654081764
12748.189550216 3550.05396997055 1011 90.63423303638 9613.92468936552
12818.6911815222 3404.84928519307 1030 39.8057733805199 7569.87951761224
15597.9401633608 3991.63784359595 1440 84.32752392712 18159.5063156706
12744.1624516693 3659.83336548124 970 11.6363627942271 8963.43677227593
12748.2691518353 3378.79141390862 1034 64.0803632281891 7944.74291802227
13051.4729431505 3656.0293090596 1085 344.225652012444 11363.7687924558
14028.0572086456 3878.22086866716 1188 316.381198917348 12415.3531298905
12509.0736867912 3384.81922951062 1085 487.009818561017 7249.33373949069
14554.1524508965 3767.86051033425 1180 59.1640882279203 12185.3657883372
15298.1841622055 3857.88065185905 1502 89.6349847303302 16032.8641788614
12849.0663609358 3738.50279890491 975 296.528150064801 9214.85053188291
13136.9820543359 3465.50301481709 1004 190.152067381733 9237.80655705063
13774.8307536467 3864.58913293477 1090 20.4656553590492 9987.11016074807
14568.3859422622 3871.6335914086 1202 74.9129388678837 14315.0048292315
12319.7521412626 3267.69204904137 894 49.6722602542636 9789.67899828779
12505.6350363085 3468.19710735412 1000 620.569129637233 9590.17979231424
14585.8752935463 3928.53872561607 1308 79.7670105559901 13923.234599519
12702.1644215818 3717.73366902382 873 16.9908289264999 7323.88790709522
12841.6623255994 3611.54802461504 825 7.70999507683177 7734.18123644237
14210.5650261713 3814.98989886506 1083 21.4391496105186 12914.9755770502
14338.2695295051 3729.56366740957 1256 81.4383269143423 11996.4809678004
14346.9603194443 3919.5468555571 1083 69.6680229164635 9500.7133406852
13398.9448554367 3710.37407048314 1041 76.7421867051298 8593.38447669477
14275.3859867491 3906.06073914536 1227 82.2934593179752 13895.2754402869
14648.9935226135 3916.83347402792 1267 80.6144025901353 14353.7568571515
14380.8825697441 3875.00389621683 1293 265.697745577855 14583.1354023861
14133.5017507376 3858.82806304117 1094 7.0507249615398 13979.3861064503
14973.8468174746 3829.74684109689 1331 143.628106951988 14555.6534978033
13669.2095041714 3924.80964619341 1058 8.71249887782847 10105.5680232487
10880.1237261391 3181.41361325038 799 487.990598831104 5589.60268600706
12646.3727220811 3536.2325590086 1063 639.954706812163 10297.9689289739
12966.9481215225 3620.35502575094 1060 83.2294531782791 11168.2513296322
12853.9564426249 3607.26103247466 1021 171.165146760984 8091.76737217437
14674.109692786 3870.39336034015 1276 122.31695603684 13122.5859386551
13210.2351774362 3527.80953490172 1108 61.2823224222054 10104.2494798778
13033.1387294814 3593.87683945954 1071 12.5505845042528 8684.08156608979
14546.1607892188 3898.96912607 1151 2.19468080233173 10704.3845644776
13332.1279927776 3624.23318309328 1078 79.3966514984777 9531.64990329257
15012.7199400715 3863.20067530225 1361 69.3285349590044 14487.3054694693
13986.1605032849 3831.28022742269 1193 190.723044402215 13437.0737598802
13877.702860433 3747.24303307174 1181 91.9484753127324 11331.9860862365
14519.9218673723 3898.68957359851 1225 112.252745328247 12187.3438152323
14060.1713583512 3879.14809966804 1164 10.9612481720324 11770.2306150051
14540.5145224916 3730.76411887928 1243 341.364657767726 13328.5308392412
13380.829221382 3594.68687854951 1064 70.354222125746 12211.5191129626
13091.9664483769 3365.34011170974 1160 70.8062496622397 11364.228875118
14589.5196578566 3883.00027046899 1213 34.6080326002743 13428.06291833
12510.7395692562 3481.07299842722 900 26.0385011892797 8897.09695822932
10598.3153372862 2816.06291008684 907 1324.78941716077 7904.70670891393
10121.9545360248 2556.1571229853 812 324.402433555122 8044.60104868753
4044.29415438324 965.901324089922 476 1516.61030789372 4684.61678141852
3334.43390190186 971.886148239096 432 416.804237737732 4351.76161346149
4151.37889444505 1105.70480901034 343 559.406119312755 900.471506156208
10038.1786164992 2737.43656859089 803 99.5098805066978 8458.59944508523
7665.34613557675 1861.43986970443 736 662.464869539597 6484.59689670979
10796.8650095745 2927.3966025365 948 1349.60812619681 9909.82145239029
2623.96740273988 1000.29598912228 262 327.995925342485 2638.84461274198
12341.508819781 2904.92203538728 1082 297.420938001716 11506.1113841857
6832.34579840575 1856.70328880139 652 854.043224800719 6842.9345382932
8129.85389644651 1932.09366822286 756 823.887104577575 7339.91892436181
