11588.9424714692 3006.49671709637 1448 352.660482885394 5434.05989679593
11333.3846376052 2809.42797535655 1448 162.684493984436 2924.76407219712
12237.6211490355 2966.14220907053 1448 308.2248429766 5143.908329011
11473.9614587259 2773.83563970227 1448 458.78486453979 3735.52895679671
11423.7255817203 2905.09289533479 1448 414.665495528191 4068.3862043749
12515.9631527747 3093.11960954126 1448 281.750865677589 2329.60781227333
12194.0276836802 3094.60297963076 1448 359.205895644398 3616.24981647788
12140.5446159282 3008.9013626963 1448 339.126191451548 4010.85119868319
12486.7242335879 3112.52670861809 1448 1154.41762508553 5358.85937509192
10969.0897942068 2756.74423169118 1448 76.5562491927876 4349.33209390065
12487.9089453281 3118.58222336109 1448 299.893571645237 2900.60176596277
11847.2502688498 2771.13391308128 1448 207.053129401665 3014.70122693218
12818.7429172103 3274.87677027561 1448 427.878059155229 3190.64280734978
12444.5251180896 3172.55977534007 1448 210.479775602098 2903.21417832828
11668.2683080529 2931.51186081605 1448 73.435773319005 3428.00477861101
11588.5550468093 2752.9778610832 1448 413.726003687292 4701.1319947445
12425.5531724331 2955.04092190347 1448 281.754000443393 4174.00952061157
11506.9540775441 2808.91522781851 1448 265.15733981691 2150.52864305989
11674.1296444762 2938.24581595816 1448 492.90806627783 3266.91792184842
12092.8028145929 3104.25336290678 1448 133.969749244526 4417.01193680348
11526.6116538087 2844.98624844101 1448 571.465322178925 4082.37046310228
12178.7182833259 3070.33513911077 1448 437.598103246778 5219.87103792157
11378.4577335073 2888.68279921467 1448 475.792000674598 4867.17967972147
11838.8814322335 3077.83201198615 1448 449.588215562559 6044.33804807837
12026.0890127744 3097.96099091199 1448 304.66679057378 3385.32771121545
11561.6374393046 2963.87526006877 1448 431.643090142694 4546.51158932976
12942.6451026517 3237.05092328081 1448 185.512976586077 4657.01934806122
11855.4622431382 2931.95622357629 1448 437.246799181849 3401.99026343615
12443.1003895858 3033.0410929691 1448 218.83675176926 3055.09220599227
12157.9579994504 3094.2732742478 1448 210.493589528658 4014.13929978635
11244.2042162931 2794.98736014717 1448 601.793790388029 3830.89142512916
12577.2267428373 3138.26121169792 1448 187.859293983991 2785.19143972097
12178.8011308602 3129.72184979639 1448 327.625135960626 3861.55384053643
12419.2035564095 3119.59887713335 1448 321.762674515692 5032.63179112863
11340.7815788389 2848.46705335392 1448 497.617636648249 4930.92465315939
12065.5867405623 3093.2568698031 1448 419.702269323456 5083.94829480551
11484.9737031646 2931.30505545355 1448 44.8469674042201 3667.71482285207
13221.9438937265 3331.60587724861 1448 80.5971585495736 3334.94458179302
13000.3978160723 3272.67931573586 1448 421.04472325373 3688.56308720822
11508.5149449245 2918.11689457959 1448 442.144176424784 4001.13771012929
11646.9397383535 3059.94486836682 1448 426.051679576892 6494.38031017201
11572.5266934178 2950.66261282647 1448 404.460782813728 3802.7796563467
12387.9440259072 3017.85853705996 1448 368.879170921605 3011.40181315253
11930.5359368944 3061.49555701576 1448 238.615807609595 4732.40387398234
11640.8084315391 3011.39209941925 1448 376.679163598004 5264.00534710836
11526.7360747683 2972.93568089772 1448 405.167810566334 5035.72286326561
12669.7606382746 3295.91876484146 1448 220.175825182666 4687.74913854644
12279.7535406319 3135.98703401361 1448 249.686129228814 3855.74838240517
12622.739051776 3256.05196284583 1448 328.885165086905 4615.47765704549
11678.7957877506 3030.07378792487 1448 491.934615433103 6214.80717021684
12249.7088291691 2971.397392447 1448 333.272708623605 4473.62394623668
11422.439856281 2663.86592289295 1448 607.797784538624 4714.42532460517
10824.046897322 2741.11744051677 1448 604.869077527626 4443.19662783446
12723.7929564667 3215.04169998834 1448 880.651706529708 4924.68363040243
12063.5960091309 3061.39414127847 1448 232.594648299901 5408.59381988384
11487.1949486879 2974.40177406485 1448 409.056642193972 6293.64732723634
12524.5135170011 3190.10533175206 1448 237.256743715694 2828.09780995338
11644.508169907 2769.31462335235 1448 598.845242478014 4521.66271060096
11564.3572670248 2892.24251783383 1448 414.409550562109 4094.95580042162
11459.058708636 2942.76160071507 1448 157.908441626975 4884.31856581383
12796.5702012369 3307.73412955836 1448 208.615323696891 6319.33934329033
12007.9124217593 2989.27678536521 1448 424.517750052799 3477.81636012033
12292.7321079579 3193.20168174414 1448 183.154322578701 5180.59394345235
12913.3704875205 3177.69112136538 1448 248.984050594873 3933.52925736463
11742.9809881159 2855.47775389729 1448 563.190115110257 3951.96536245287
11432.4755213695 2939.28144326299 1448 438.684650152953 4403.14458945159
11321.5582356472 2834.82747631047 1448 429.789688113899 3435.15936029396
12190.5033973941 3004.41858918153 1448 508.560252349469 3970.57861568876
11730.1180391882 3010.93508148704 1448 478.530065654618 4702.82530562087
12486.6713498132 2995.91077820027 1448 291.592747489206 3860.77898922436
11773.5467533749 3007.2375991131 1448 321.091398885054 4725.96079248241
12153.13188401 2970.09265546015 1448 1028.50983879758 3961.53539445257
12503.0594892645 3108.41624872191 1448 318.554900779346 3198.37488089045
11964.5328382664 3072.69547248233 1448 88.5974262750749 4664.95897104561
11701.2418596509 2883.51886079811 1448 124.239324232811 3399.04951198451
11880.3212633944 3093.52267263189 1448 532.085798769094 6336.2290549189
11753.8580378598 2813.69159676264 1448 606.347160298603 4240.67286852692
12099.5089760972 2973.42134014768 1448 326.835271549306 3778.99880057407
12617.4239592266 3020.49399433154 1448 326.689341373268 3797.09179235805
11823.791602333 2905.99121595043 1448 471.381592328907 3413.89093031276
11630.2093065443 2893.10882950912 1448 107.534426587863 3538.63005917468
11755.0283353563 2904.13192119997 1448 174.837471723277 2626.29997628591
12316.5541928489 2977.13263394509 1448 348.878926572973 4221.84741139024
11890.3795956761 3066.67704338997 1448 428.950600398105 3846.03238833346
11844.7228302078 3038.89308596486 1448 435.120862741234 5079.3465960492
12494.191551752 2890.49342408395 1448 349.285047145478 4847.68235242613
12017.5853429357 3056.5310392087 1448 249.953840498948 5008.61601956872
11853.1375396109 2853.05755872577 1448 492.343348019573 4732.04537210334
12560.7232687205 3144.88341013143 1448 324.563600115168 3155.29454562126
12816.0648785653 3113.9966390373 1448 320.799585560871 3313.27013658908
11525.5467990387 2823.55204300435 1448 592.529884222769 4320.26416422195
11377.1665009165 2826.77145893078 1448 22.918536200629 3573.95665779206
11791.8477332825 3026.99374275666 1448 418.372155559704 3674.97873435739
11794.5959626075 2993.32686514786 1448 413.18232693508 5182.3285491117
11997.176288582 3060.23789459071 1448 304.706332104177 3773.29729176204
12639.1634905416 3128.49455360938 1448 269.384860848958 3800.78115694492
10776.2829211127 2625.2574575633 1448 703.47829655695 4561.27947275775
12294.3815874918 3116.00609036568 1448 318.069517728083 4249.91826497024
12018.8523546111 2969.84844357527 1448 400.863333221279 4530.72927187377
11718.84827143 2895.50974948662 1448 66.2558806425986 2966.47578971075
11453.7635213178 2814.76199880557 1448 78.1672045900521 5489.15939401053
11569.2469548186 3000.98851145219 1448 373.387121722573 5378.86162592798
11951.2434942348 3018.59700561554 1448 694.490018711806 3677.26871747505
12060.7764589647 2940.27641283677 1448 1019.36695908124 3414.26717922309
12669.5762565244 3233.74851982534 1448 708.001610259542 4109.91258885249
11648.6853605184 2911.65586517689 1448 113.907964006319 2957.98537845709
11680.1739056044 2946.49836292024 1448 439.110257148867 4385.9334445756
12358.6158037242 2904.93583653065 1448 297.871106913735 5005.33287584969
11534.0673755968 2837.70352010439 1448 594.462724763692 4354.61044987117
11709.0185380951 2986.96950499712 1448 649.899899749834 5160.1984664375
12524.0600852662 3155.8345580515 1448 387.315659627202 3084.17089996169
12072.1217302061 3154.37070420771 1448 328.231102241596 6283.68868204862
12352.6901806371 3133.97489743312 1448 313.488467118034 4552.9818378956
11714.5662558929 3052.18612369085 1448 296.644677698982 3599.08172101069
11338.3608914978 2868.12139280379 1448 438.475214246655 4943.7107114494
12667.9393080452 3196.50068545496 1448 620.131641841762 3655.38382784663
12157.9997044529 3155.17235977776 1448 40.9983574263538 5266.82201716995
11927.661903212 2968.46367078462 1448 291.770134346603 3016.18163624957
12001.3885652906 2980.39995468028 1448 385.268757738163 4182.69384431972
12422.7256994671 3110.3345670112 1448 283.743515146347 3495.21104052932
12493.5176475544 3023.62245072872 1448 226.06039881335 4006.8822747815
11371.912086703 2849.65497117183 1448 492.417625141012 4497.42492491192
12319.2313534546 3067.05838856174 1448 275.634367333166 3332.92854521622
11599.9213496344 2995.18693379107 1448 305.464196640655 5042.69148623619
12659.3292617081 3240.40253681908 1448 202.326951092713 4286.95599029834
12398.3605997918 3162.63322513903 1448 243.474135393979 3697.21670275864
11752.6851928636 2907.38359044516 1448 447.873201555291 5001.76086742713
12097.0479803759 2968.17554755658 1448 1002.40851299582 4197.30036584452
11610.190932182 2837.12387912806 1448 40.7889035322055 4222.51693719392
12296.5687763359 3105.22650054281 1448 792.156376503468 3327.77645945889
11972.2620752612 3105.91283320693 1448 484.405638590614 7003.64350020208
12478.2948336015 3000.56688566154 1448 327.312894919673 3354.49437289337
11857.0507781804 2849.1637727336 1448 552.448227834562 3488.88068136117
11807.218772737 2929.29961678759 1448 419.690624992692 3611.1119762852
12928.5949240207 3134.7996615982 1448 186.765807596043 3584.0833305745
11420.8390941852 2906.60321655238 1448 244.128016414731 3582.85044172117
11940.24016213 2974.39547522476 1448 588.724470978911 5474.49659169904
12404.5993261833 3192.09058472801 1448 217.040412021584 4030.62716197285
11988.4098532703 3154.64561220539 1448 252.973121240984 5196.24995216119
12435.3676111518 3120.21344378895 1448 730.599859028185 3039.40743530032
11834.8377691674 3042.69255979456 1448 423.724398861756 5015.9950843526
13145.0807084374 3202.83396292552 1448 282.978018857924 5410.75083131144
12387.9438966377 3284.4370298933 1448 327.859976162953 5405.73165213306
11856.8021012601 3049.71524012816 1448 370.283800159048 6621.69301254904
10969.1614665167 2816.29654659128 1448 540.472675515546 5169.92633746478
12192.8709881596 2857.3420262511 1448 367.837107492705 3697.6866748838
11877.477504514 2918.28117049714 1448 308.879170410737 3848.88040545222
11642.3323664614 2981.0878047374 1448 515.961785350618 4512.74403753539
11558.2635474487 2903.27591732923 1448 68.5582299170446 4835.92701080532
12335.5054995761 3141.46444258614 1448 489.043677089292 4456.6956579781
11762.0722193883 2885.89209133567 1448 465.258412475885 4161.29118309477
11981.1362405444 2867.89893443785 1448 421.028723909897 3949.8154671062
11930.5092780919 3069.93402855132 1448 102.711884658894 5198.82935643933
12200.8717121109 3032.63965311634 1448 26.9708659068087 2009.74486968311
11748.8411837888 3030.20623667423 1448 400.301445057336 4049.21961819365
11763.968778508 2876.22497594677 1448 397.700195906493 3363.40245244629
12620.5465963863 2980.01138420612 1448 288.394990477485 4668.14692919599
12261.3368538752 3018.98237812768 1448 1028.05953853885 4069.53914945071
12761.7484213768 3034.67441543212 1448 442.881917656149 3697.45854028549
11540.0074884104 2874.3659029666 1448 507.401074312626 4864.82193010844
11896.5902584109 3036.41247427381 1448 364.052433383919 4484.61799200231
12339.4544294656 3139.82766743461 1448 537.862997959889 2482.6082590631
13176.0826677297 3155.54899182918 1448 120.444379395278 4926.26320939327
10776.8752902372 2707.7534516068 1448 398.258511703059 3417.39132426703
12112.2541894264 3125.32265003756 1448 287.056167106961 4034.28670878152
12578.0241443433 3052.68037394582 1448 360.193296846526 4188.29781462699
11343.316995893 2854.92797571907 1448 505.925696709188 3600.42046185227
11569.7594716103 2972.75417959164 1448 475.279512210894 4468.93706733175
12909.1577764971 3118.3163419111 1448 153.014188620148 5505.13396520651
11426.0984990367 2883.06270143257 1448 538.553420425688 3592.72037700348
11904.823281728 2945.55404865651 1448 173.454346197637 1504.60693968709
12284.9714274484 2869.76466022512 1448 227.473717396658 3286.81066390815
12107.3398286485 3155.32832891589 1448 268.917773741158 3744.93300269803
11906.9108930565 2948.39616203297 1448 750.175752355094 3624.79545511615
12759.2673032011 3306.3636313158 1448 294.867392359382 4270.37546512825
11245.9388600239 2799.16429378978 1448 515.45089644619 4376.50190905622
11905.396416358 2903.4948374992 1448 131.253015708716 3584.35771711583
12064.0123105909 3054.81493051761 1448 451.497762709742 5837.65075160405
11561.257315834 2885.54729836484 1448 526.245874881188 4041.04487418512
12775.7531127698 3131.45199181098 1448 286.888728158728 2563.4546431859
11965.7142684057 2811.4274992127 1448 249.510037780729 1722.37244492797
11983.6589611002 3135.88655728695 1448 342.217113340363 5909.78329238425
12675.9233122443 3144.49408478767 1448 1083.07428100075 4789.44561022048
11350.5541824857 2892.81368410087 1448 583.107590492793 5058.59479934364
11652.8908094531 2955.8063905883 1448 642.179269862784 5883.13990273782
11831.6711835269 2900.93389583356 1448 338.87188195073 2100.48659921162
12455.8766331803 3129.87950093055 1448 810.609656883436 3906.66582852678
12167.8068938942 3084.76537183714 1448 309.284154897736 5951.37546544396
12112.7487901215 2972.19919007083 1448 353.097416455696 4231.83010290928
13169.2785515569 3221.64992972916 1448 144.813607959572 4363.70425381464
12033.796508866 3004.72837662643 1448 487.050238265092 5253.71494080131
12344.4735291245 3018.91046361311 1448 338.950941208358 2660.32994990788
11921.4781432529 3126.49826189031 1448 408.028476150618 5280.67599979941
11982.3454268284 2980.9338245409 1448 4.49811071445811 3957.10815438539
12028.0861038917 3089.23888183103 1448 397.344723503497 4133.00405270976
12100.8527567472 3030.08899088323 1448 384.231675137439 4347.86850416293
11328.9454520946 2929.79104356233 1448 490.352089348354 3554.84866641628
11744.3005862483 3060.65865089532 1448 344.194199484642 6379.92280892426
11046.0704558737 2791.52538896725 1448 150.83122568446 4566.41839482129
12274.8229929233 3061.34930665115 1448 608.182220947954 4333.1809710447
