4240.2656969415 928.970321183776 830 0.532290255256385 824.046788334284
4711.87980813779 932.394006869734 973 7.52156669859414 950.037683134676
4363.30124955199 937.292429062363 860 0.0807190214119373 735.246812346017
4688.84060380789 932.156329140892 972 15.8529138452348 779.948691029642
4233.3712966449 930.053708607144 830 0.329509781818842 832.604847569038
4706.65603310113 936.958764170269 973 5.56265105984687 981.990984238421
4233.3712966449 930.053708607144 830 0.329509781818842 832.604847569038
4706.65603310113 936.958764170269 973 5.56265105984687 981.990984238421
4363.30124955199 937.292429062363 860 0.0807190214119373 735.246812346017
4237.98720583219 919.839673721302 820 0.696708409261646 741.062035036655
4717.09819653175 937.139104057768 973 4.25738063101994 983.1852363268
4839.03689948171 940.103265936813 982 20.484591429064 763.333323973068
4839.03689948171 940.103265936813 982 20.484591429064 763.333323973068
4985.70975056902 936.01274480599 1010 10.3012996541163 873.2697893938
4821.45014978438 924.314301484039 982 16.4693954586477 694.455314758811
3548.09792540349 789.608332181351 678 6.68014981214509 320.424255052775
3549.24057752841 767.531925104385 691 73.4406351193467 291.687115683455
3545.00936503469 757.924608684743 647 2.804086989805 321.230847459899
3627.68522371168 812.997968139299 662 9.57985190045792 268.000200790122
3888.21680228643 888.19095096731 709 2.429341164633 384.102748311232
4070.8262092859 848.119122322309 749 0.450999078240841 620.9000458236
4239.86868818496 853.85243975311 890 77.0661121665078 515.692054077743
4411.97424223997 926.016621288495 888 1.9166990638671 676.365159011484
3918.39711050624 854.59506909069 707 4.66527111400865 412.202866920096
4036.45084146594 892.581250554719 741 0.956255530814587 418.954423061207
4279.68431030814 842.84679092552 890 37.9361168000814 505.719587538402
4717.09819653175 937.139104057768 973 4.25738063101994 983.1852363268
3681.26927533119 780.98174403841 706 46.6568859844137 206.429753808473
4665.97681714308 931.164036277393 968 13.2594405729327 848.456443371491
4396.34558052962 904.683779842835 904 95.4358578561956 469.818615707213
3861.58177098117 817.387515849668 788 149.480679310134 531.263736687131
4417.93236080584 935.005684809236 879 45.4259996999175 401.359846701948
4314.15311343061 865.219913468835 870 9.33774663219776 603.78520092392
4208.27359265135 858.177209235255 866 44.2179625493321 529.302681001411
3615.89282708418 794.689659826596 672 35.0259493474875 315.93835544847
4433.37993091932 891.062150784077 920 18.1380943519711 716.783527895942
4622.84730709985 913.826172280222 957 31.0867029059392 829.292028825222
3750.59432783665 778.378332253967 778 242.18249543944 378.798030144673
3565.06763420635 792.140193500588 658 5.75057201274871 170.546287556154
4319.44235892023 889.516065404373 863 1.1183952011379 659.418502007886
4341.30880619756 922.937395129632 884 28.2996010301622 541.380964859314
3698.7379903869 816.694384527494 625 5.95053196957298 222.804012028064
4062.23235161262 857.003919945264 836 0.894293727601621 530.929063548307
4376.70264275603 862.64182597366 874 57.2435575935167 625.578678157075
4076.1748921267 840.64048020592 802 27.0887060967759 330.526576741345
4363.30124955199 937.292429062363 860 0.0807190214119373 735.246812346017
3791.71764932001 889.750478799723 688 1.77550465438554 485.593706730612
3768.95792478206 794.717390736267 795 47.2772292674009 550.972390387211
4312.23648806785 844.530943966902 891 65.3018269295396 557.534494107288
4706.65603310113 936.958764170269 973 5.56265105984687 981.990984238421
4087.29160793238 872.261868765582 782 1.34040331701488 292.047528507512
3576.17088461089 795.477287932127 689 46.9067700884411 166.313423288291
4041.66391121109 824.619040568268 799 10.0855695845314 575.984149202279
3935.0095260221 846.299065567362 767 0.800464457316536 510.353086422355
4781.11929412608 903.050543909166 971 35.8751067094834 800.829560163901
4340.04478914024 878.645317740242 910 2.33464365434099 600.117938879023
3145.0940067814 670.515125960299 537 6.80145838888973 209.846360929533
4319.58481867555 873.640438884965 880 30.1622871217405 516.308585493435
3939.4179654514 842.783839404125 821 182.578429084802 561.931740275122
3571.99515075395 794.163827601288 735 75.2410181873885 311.927981524694
3896.33015333789 847.576072180466 799 17.6629501660927 450.100020397092
4184.46842171276 844.47049374461 835 21.9949993373569 331.954912431917
4054.12833022213 865.032057493409 838 42.8140399383623 368.221043897212
3718.7841316877 669.569741269986 723 57.2991956862129 519.005403413399
0 0 0 0 0
862.452434955451 215.493407195242 133 283.419663108294 0
3297.31073675637 643.496289216734 709 412.163842094546 378.798030144673
3727.65543740626 680.160787289113 763 127.937725521705 761.184980057619
859.840018658535 189.150080257392 260 107.480002332317 58.1500802573918
992.740384579009 243.247359076308 250 84.0925480723761 76.4634757782881
4349.75700181204 890.021900222802 880 3.54867023831594 575.362365348255
4450.97788881516 912.405885753372 917 2.22775760717866 713.913030845398
4753.0647199934 897.913316777943 971 39.3819284760693 838.50198463954
4154.30152151134 894.619232759517 794 1.03506735494398 586.88331316408
3608.45123741274 751.315671331219 745 81.3558924445546 178.21629690471
2619.46927014859 621.039722399578 512 22.3093045513322 305.415488875574
3983.16441106028 903.148167296188 735 10.4721731427891 365.413713934987
3829.03786432202 782.922832255247 761 93.6808526766331 432.426723578289
3841.04707504299 847.117083124506 741 0.582121381772708 450.343718106242
3753.35414821123 736.275468206832 768 362.494704538254 728.983820928612
3729.28232358994 862.271403909384 597 0.258689369975514 466.038963042463
4189.09757935953 891.768426219798 874 9.27319767540826 362.456664511349
3898.99802183147 886.798299728871 661 1.08168872150361 412.541667218631
4148.51578496768 881.727748404225 855 42.625703499717 775.082899676968
3924.32322811866 834.07187833283 744 21.7182151814849 312.98010371308
3905.00863473809 864.483501611945 717 33.5445198047498 259.216814721143
4985.70975056902 936.01274480599 1010 10.3012996541163 873.2697893938
3961.25263419934 830.862975391777 782 14.4144683996151 267.67721767112
2452.05626958395 491.631757882565 509 194.556519678745 151.735596574125
4821.45014978438 924.314301484039 982 16.4693954586477 694.455314758811
3805.25109372113 822.057977498544 771 30.4849703351514 452.379733404511
3545.71649114197 664.019616627404 710 129.096024324139 647.56065385177
2681.44696929949 454.642825304089 525 298.334147312807 394.071020679912
2557.23785752416 450.11984180302 523 276.851810525298 529.602899151094
80 10 10 30 0
4334.07869127582 898.158887254721 870 1.58888142128899 556.937201365475
4183.86004379088 842.87985784203 872 47.2696561568916 406.715540624063
3790.32837919256 818.264987163689 709 6.92195836307701 464.243174377063
3043.35572052937 608.704038905008 652 380.419465066172 246.434970561884
3338.60207340656 637.732717256234 634 11.8025794746773 316.717472863221
438.774126171426 122.078620490321 61 54.8467657714283 0
3648.95755474467 676.865969952632 730 84.0512606451053 686.968522185171
0 0 0 0 0
338.067842897317 107.248486524135 60 42.2584803621646 0
248.878581743441 84.0312423743285 60 31.1098227179301 0
2148.06765493512 359.09241220789 460 153.691265859483 183.64826416858
2882.05415904441 601.104066765511 582 320.256769880551 143.163021338699
470.435136982264 114.554007156667 58 136.413176368349 0
3805.45033250416 695.216676384988 763 120.825251152798 847.714264539512
264.966779668859 61.9061122670876 46 6.87915254139259 0
1097.04852187822 205.137057135426 230 97.1310652347777 56.1233852071791
851.745163986996 200.432617838028 240 106.468145498374 74.4009864794821
3213.42578604476 649.745177263147 626 39.0099242864181 448.611640842987
2436.00920606832 436.29043382315 503 236.547539307626 182.910084009258
1972.41529949989 403.91752792791 408 131.170874452992 116.107882549633
3249.6330448394 738.571290828716 602 49.1940579669335 223.633269117879
3826.30353030451 832.471246364688 763 61.4217030473151 268.685127496091
4540.80858077798 915.370167910505 935 6.80491137520698 755.635373619402
3710.57911460184 789.086332698228 682 23.5003056856986 426.487020969458
3138.09591199737 764.006964771707 560 27.2218016005423 235.326008923527
2471.15206600943 624.576540068653 388 89.1134907245602 110.701223546152
3633.85141852544 802.892214237053 707 9.92776971777261 309.542939407139
4525.29175338444 931.750215910434 902 2.49418687225102 594.233312642866
3579.42231571806 787.854653209892 659 2.65034200831553 326.76820513577
3349.57878608203 745.130688417535 630 211.39903273782 203.466812423732
2659.37012265097 658.627415143751 383 126.026908666717 60.770569126369
3047.36096739271 607.168165284384 546 18.8761111976779 307.913744969994
3413.30099197388 766.513336826992 650 161.188331005791 211.794553104272
3433.86536854208 717.803853003417 693 272.629943578793 347.268489490135
3439.998863462 706.606445975336 752 67.0245640556853 442.619228935905
4421.26368938176 905.6572166612 876 4.77358947040148 508.579691251359
2714.83156592384 701.572081228995 365 32.625601166609 65.1125399515599
3907.74197229431 819.411650535976 798 133.814003448444 581.188503747738
4016.37940573402 852.736521691099 801 192.19860912013 524.88007536697
3938.71203309337 838.227939006322 800 4.68541785176495 377.263370778048
3919.27596050512 901.668651636364 713 2.89694233013017 450.283877163172
3482.66276262002 755.810172169094 613 101.071114510359 155.883746506492
3999.81149422242 880.086020699117 801 17.1796570635538 553.892425207396
4132.74994976073 834.787142991378 809 53.5166457360936 607.513680557337
4085.72611478204 874.549199124268 757 3.90021894694303 277.20775477615
4489.80660742821 927.84898976586 889 85.7483972792579 503.329244322349
4226.70182315928 864.054954799485 877 31.3133059064739 507.731768887465
4360.88237793851 843.898543926685 874 59.2210906957076 584.863779720709
4326.34905380893 870.142534343662 881 29.4585299046346 512.02657571948
3442.31981169368 666.115613588092 766 139.820412994474 548.539821300358
3685.89708245081 838.655332117106 672 5.55214461673654 333.05526245325
4028.89967993908 819.947891031038 792 196.735317633581 255.825478887127
4089.75276198389 859.191315601465 824 107.859420777877 679.360535635877
4190.85706214674 891.621194048913 840 23.5262876908495 549.50372016828
3221.37068637445 649.109064159775 595 11.4451183190811 423.246471247669
4003.47821723383 876.444802910888 797 11.2165117120688 599.867724543947
3837.01984389297 770.138783841 783 54.6299519121771 415.263146491594
3700.2565038691 810.277536370498 715 41.4488515147881 474.348395094702
3152.11044742003 665.77159372064 681 139.737075653005 242.247828180031
2619.26126207529 450.529042073678 516 291.743006422284 340.034715741282
2005.60207795735 444.122726160834 405 250.700259744669 80.1227261608336
1708.14127112506 293.652283511407 357 106.843094902483 395.503419021097
3124.88567625426 672.188066381156 646 350.610709531783 506.113209984198
882.483351937379 225.062181357484 151 330.931256976517 5.06218135748375
891.093932552549 192.479236680407 246 71.3867415690686 65.3561480937711
3045.4993065397 658.92624600566 635 340.687413317463 479.564548570235
2619.86612701129 459.881488641911 557 287.483265876411 474.074380553226
1881.9195519107 446.223445490298 374 195.239943988837 211.794553104272
2765.39673399573 569.081809609076 563 345.674591749466 273.248452999495
1030.60711981069 201.249834696165 200 386.47766992901 31.2498346961649
858.255677300995 190.076292882953 168 321.845878987873 8.07629288295294
673.956583199089 205.494826367188 155 84.2445728998861 168.413411289699
3889.28830929519 704.997991127908 722 139.203165202379 453.592709556994
2681.44696929949 454.642825304089 525 298.334147312807 394.071020679912
888.876287272801 230.911306293034 260 111.1095359091 129.061386550426
888.876287272801 230.911306293034 260 111.1095359091 129.061386550426
0 0 0 0 0
3120.65891356415 621.560820534869 663 390.082364195519 347.268489490135
2141.31658479538 469.59129089449 466 267.664573099422 173.741371151882
2186.93663816354 425.232630131185 420 232.777064871133 378.9880443415
3863.93161429822 816.086516020373 754 62.1476891806792 297.508595761095
4126.76000852768 872.578618141309 837 45.3451755547169 724.933769414051
3791.67348081226 891.02825556731 688 1.78102571785485 359.440681950876
3957.80109569572 842.992065197974 803 65.7100706402743 640.619850620799
3940.95805716262 874.616054868858 781 65.7168719830219 505.3117559617
3592.59125143459 779.447953251643 668 38.4682612921 129.079023580641
3279.91905859045 637.998755084309 676 101.403706306414 434.565627109882
4045.46618940882 865.454124549472 776 26.7290234450441 280.308240258876
3740.42716340022 814.682405049468 621 170.335506460015 136.356851377508
3369.79519045129 753.15567931363 602 63.1732045521284 148.407430553754
2466.26513090937 652.97022960054 378 39.4190297461772 184.286490030806
2063.88128297611 463.531240230142 303 55.2127178048793 168.014051254658
2141.72999961582 407.950338496643 364 365.798768523266 214.625125633062
4118.81512431752 880.75036833218 813 17.5604065814568 379.563535242779
3700.18931222489 796.022822060231 629 31.2328555352512 456.671463225203
3345.30361091424 733.466253698467 666 42.1167796746365 425.723478092219
4247.98320395334 889.20192189145 850 9.17305449402124 585.560270737046
4064.73475557433 848.372566143647 777 176.712009965302 193.608257001539
4020.58295317874 868.756412067965 829 2.13135018598615 457.033796641479
3692.47362071641 801.927960403026 734 42.1475691723249 342.043550577634
3483.03096237992 714.743928275854 668 150.884679148263 575.692024449928
4085.72611478204 874.549199124268 757 3.90021894694303 277.20775477615
3854.88807113837 831.282342092065 743 24.954536508516 308.469130524719
2534.18567633763 628.034229838226 510 3.50552189299935 249.113747412946
3820.02760776797 757.512988030559 777 19.5209710174391 522.542129662713
