12074.5385350665 2940.95903409657 1704 856.44981294271 2460.29409544633
13063.1050571559 3254.20246006376 1704 19.5948254441034 2106.06597814658
12351.4093060115 3163.70368294317 1704 243.109601088586 4904.11116639431
12003.0501754296 2939.23757142425 1704 1244.12388472886 4658.51781558957
13070.5363696854 3277.47251704396 1704 742.257755053198 4594.71148253023
12181.4127161185 3144.97707355941 1704 356.732067609166 3843.95971597784
12506.529593008 3174.9218186732 1704 323.055509002409 3813.42037863659
11697.6594690551 2973.49132982143 1704 489.152659153137 4207.04230866348
12873.3594938081 3396.69907637826 1704 41.4672703376248 4553.46039065573
12754.3087266645 3244.13145098736 1704 282.586885647118 3852.88606390628
12272.8315135746 3098.46010895159 1704 315.057473538295 4015.09478688331
12677.5576476658 2985.74909027173 1704 259.971350542282 4352.83965658488
12870.6035678685 3339.97139219038 1704 389.022674248811 5157.3857603046
11921.8004956243 3020.13191264377 1704 495.697835765814 5760.20567772615
12064.5445147435 3098.724679516 1704 356.408031774415 5558.68032850208
11801.439331849 2876.32277336881 1704 443.193319929983 3359.79562005011
12856.5520683612 3104.11863509437 1704 331.435533048277 3983.70047427491
12207.7270036949 3096.22569758979 1704 517.252815671486 3733.47181056087
12858.9398013543 3164.54696421327 1704 149.706738576668 2502.4668303149
13082.9893475864 3197.57453976768 1704 210.148628899007 4722.69800970501
12794.8697416777 3275.3011309167 1704 50.6486913677024 3180.21698533569
12854.7556188093 3090.80830888571 1704 287.236930970282 4590.43792292809
11775.0004340952 2845.48950174619 1704 1252.41688666297 4348.75293937346
11509.8814465703 2853.9146970416 1704 528.040390959029 4743.43998791294
11934.5860794191 3030.74635914187 1704 339.266580582735 3275.95246792477
12497.3620042321 3111.6796546144 1704 975.885154217115 5471.05241769284
12274.6881125927 3080.91771963691 1704 189.391300398459 2450.44557761853
10964.4837230684 2738.36733915212 1704 510.117351668738 4208.20357857935
12523.1058704838 3122.92634000207 1704 1024.8632831526 4168.29642743287
12543.690186845 3132.88951059909 1704 1037.54672315084 5514.92230021114
12311.7916959692 3155.16552954161 1704 344.650126675748 4432.33589643993
11353.563742149 2874.46123396667 1704 549.19031619406 4238.38986900679
13217.9029265522 3391.80713618909 1704 616.376054060227 4278.07312616713
11949.1283939577 3040.95284992707 1704 146.803398501399 4147.28192454732
12255.2587342269 3029.55158704591 1704 1213.9628337841 4132.66085756287
12693.9897675151 3144.21748944848 1704 307.906286471846 2413.77029066366
11877.8464105953 2999.38570493215 1704 569.936098790434 5907.77864690726
11442.1564431595 2802.47708436045 1704 548.493941555015 3896.11143281803
12328.3746194538 3113.89501306503 1704 245.170552784579 2575.20579340543
12839.5936057479 3219.04456567557 1704 615.632275707914 3352.40286735633
12634.2805228592 3268.25373490249 1704 251.219376377627 4056.58871709798
10954.6511270865 2723.24057566354 1704 614.480285023656 4263.63217485783
12261.2400630831 2931.50565713089 1704 335.698200135215 2266.06759416772
12526.3350139291 3171.3650950551 1704 814.106194741585 4681.93654848285
12205.6506456584 3144.90545195894 1704 299.364788140165 4598.12306374783
11801.311266002 2894.54366730272 1704 411.889692944104 3557.91049584111
11871.5099686112 3007.21534492797 1704 435.072108196102 3355.02896967979
12855.4518364395 3228.10808123514 1704 873.370664750396 3975.98054827307
12669.1565399277 3131.64852411805 1704 324.710929570688 2660.91775988508
12942.8255517504 3380.11978866113 1704 137.907178949305 4989.64491924614
11659.214302961 2896.57608158708 1704 53.4040308465123 3725.19807934132
12666.2463656425 3154.67694895261 1704 972.99468558075 4750.70627381789
11977.5137184591 3032.15301045441 1704 474.853033890968 3532.50480136402
11978.3839414116 3139.27861500883 1704 230.802568952841 5590.61052573003
12281.3907376716 3195.58272243664 1704 406.935193215874 4909.80509472067
11320.4169657705 2900.2600647905 1704 547.893787838194 4957.95997701621
12183.8721039482 2994.71660947951 1704 1230.19186383891 4351.11397538237
12150.430459419 3041.17643520078 1704 559.68540995149 4305.82781570797
11213.0539800689 2793.54147842925 1704 288.004928970558 4657.52660565473
12647.0179959275 3222.79124556289 1704 542.863127640833 3586.15269876216
12305.6160350245 3157.06356073068 1704 274.92751334687 5550.99941613881
12272.1978210271 3006.45456007958 1704 1031.85328326825 3119.39456558825
13098.552276291 3188.84756728743 1704 172.499190719216 4935.76198754807
12501.9595616339 3227.26712775696 1704 305.309809718867 4395.98344450335
11429.2307689612 2993.92704856827 1704 322.134304133714 4001.50195789265
12475.5208902875 3238.23482036509 1704 225.645782126483 3785.18550772238
12124.8626097245 3187.95921267247 1704 210.430711350648 5043.4362941703
12664.8836895158 3177.60636497496 1704 934.273116227365 4331.3728720249
11561.1456078928 2846.25105399622 1704 534.315892840037 5125.43061061564
12527.8507515087 3149.83562916431 1704 234.686683093333 3963.00945519654
11494.3853330162 2865.39618775143 1704 384.380507249879 4380.78476083582
12193.5913968309 3116.54809649784 1704 292.094842870591 4715.94172385111
12495.4829518382 3285.31684955969 1704 241.939864791884 4399.50551544511
12130.1144676363 3064.56961171283 1704 608.03586031364 3819.04939476651
12111.5851855106 2936.56295741168 1704 48.841236527727 1251.46442399599
12573.2538815142 3098.10277626857 1704 1153.43892397784 5309.00598695107
11632.4391294385 2900.02003950395 1704 946.22941064802 4195.74851871664
12791.9849650933 3239.31213937364 1704 857.335448352926 4433.96876112819
12425.5175514098 2875.10343651766 1704 377.259751928379 4879.95335784499
11932.6773835882 3046.19593147963 1704 337.220388288152 4068.28277105715
12934.5816355872 3355.32249136085 1704 111.773952006401 5113.59180790152
13161.1533017117 3359.28227704108 1704 683.425468006785 4706.76591170546
12646.4972241512 3269.04149729412 1704 404.93920231223 4968.9530200351
13096.6531071589 3320.31050180569 1704 722.263261221296 4385.43971984858
12530.0170253066 2928.4557557953 1704 388.720597357484 4133.54990685205
12796.4564085676 3278.39665663129 1704 706.9423615655 4537.91051949716
11517.3217844608 2937.4795995402 1704 508.066961391962 5673.98308280617
12380.6022918505 3104.17069883672 1704 139.645402820654 3646.94845527122
12201.7377537805 3080.96639395458 1704 242.465611762164 2975.93886064364
12297.0361750673 3143.47220151175 1704 638.517780801112 2595.88485972962
12600.6737486517 2958.62435568656 1704 361.66316101388 4642.65219139106
12459.6985407226 3203.24072377097 1704 358.470952098036 4854.9967964922
12661.616140869 3110.88856391217 1704 314.627505936039 3226.37057587977
12515.62321284 3162.48984161684 1704 950.477633798391 4196.84445579059
12034.2286832139 3145.96908734067 1704 257.946709148677 3243.27950481874
12737.5059776729 3093.11847486152 1704 83.3515583690012 2892.6911486572
11574.4467245912 2906.679629641 1704 505.618944167806 5884.11319583862
12348.9612409486 3235.54872549759 1704 350.651237903625 4435.64703016078
11772.1024013405 2775.82231614589 1704 557.088144821096 3543.97992507875
11932.7777468842 3045.71067900084 1704 361.29018295952 3938.64038112824
12638.8373416886 3200.26744690756 1704 431.543270395758 3263.48160280675
12154.3223889696 3122.52667092179 1704 83.7402516893094 3706.27943947679
12427.7905235806 2981.72882845972 1704 318.698749118758 3814.44881993517
12727.958152864 3211.16638673051 1704 835.960152666552 4235.52592987482
11977.0573106848 2982.93237518179 1704 462.988322901369 2777.74814528334
13092.5499063497 3457.318346202 1704 97.7794852570626 4475.78063592028
12899.6511725534 3219.47972957437 1704 322.051567029437 2430.24742075083
11785.8722275895 3011.97577942299 1704 322.802341844923 4524.94369363147
11965.8583465279 3043.24370285224 1704 356.606808027901 6110.38830061865
13138.241759197 3350.75696074207 1704 233.98375023465 3979.72505935551
11807.736063427 3061.63151320202 1704 347.229349238224 3464.74078682282
12993.2348057829 3417.27659331389 1704 223.652269849463 4981.58564585765
10806.0160896697 2683.25009255423 1704 901.294670198301 3352.12052279374
11355.3032642377 2861.42341122752 1704 460.13568891606 5664.01233639774
12370.3693218221 2876.93771870712 1704 307.37791035301 5799.49098633208
12254.3255702799 3180.85027786363 1704 247.407753899013 4768.33616136483
12624.7721716894 3071.42159912491 1704 450.437000411458 3086.23901698209
12466.832544311 3153.34497169653 1704 475.926661010255 2881.33096428154
12276.581581486 2896.91847439763 1704 322.813760334977 2948.50828403561
13334.1716322732 3414.20005708737 1704 42.7685035949708 3680.93801531985
12775.0529815103 3205.42869673769 1704 303.66856504036 2284.37172998207
11896.7321715415 2912.96158773083 1704 1035.84574229928 4244.03675806869
12563.022334716 3246.26549300691 1704 230.578882337392 3313.30647908658
12316.6064895581 2975.21213996969 1704 238.233973193427 4289.17265908724
12063.7956257926 2822.89449812211 1704 266.99482539189 3723.43855108725
12394.6911414006 2949.36162115656 1704 180.014809420111 4926.5651304215
12373.6763725317 3085.51702710378 1704 1106.33633472126 4770.40001509631
12891.8694790492 3322.0158078653 1704 90.7562898803421 3196.62571394431
12646.0641302593 3224.14361820528 1704 846.354949827549 4287.80932322841
12351.8309101669 3193.60400976171 1704 237.965233779341 4703.11578415293
12624.0532217566 3118.24220771667 1704 262.079756830885 3648.52320868623
12161.5437049952 2977.33773449116 1704 1167.96604822559 4327.58025888539
12602.0196342217 3224.15770892808 1704 409.493355949574 5033.80795238335
12456.7502266243 3157.84026248292 1704 667.910514356963 4069.07286173245
12285.4996515571 2998.5710926128 1704 1250.88800071508 5232.13252460997
12280.279892811 3125.63925273468 1704 620.733998008134 3417.89937990385
13871.9410296945 3648.71319951478 1704 51.0425467004125 4181.25804527084
12651.9286245791 3255.00441333156 1704 96.3701688855572 3611.07745811426
12390.8954279664 3155.12135721678 1704 12.6915676532471 2956.87347913104
12415.9394305819 3084.60325361636 1704 1051.51375016812 4821.40232571633
12529.1173580069 3130.9904247669 1704 858.10181465411 4505.69859257413
12797.0219024327 3157.59252929502 1704 117.734489137358 5329.38373937813
12314.5370755116 3170.77194208345 1704 369.440614244611 3988.05854469295
12242.0176442535 2977.80015818813 1704 1224.49238349765 5126.12102228912
12862.6748903012 3329.46399176852 1704 597.245083392499 5089.75442478651
12178.3515773675 3100.50949219462 1704 336.042919622879 5653.38715610511
12443.7068963363 3160.82157653982 1704 89.6896233230486 3335.99502942006
12417.1504499782 3241.71951369975 1704 404.028874549017 5501.8320757852
12786.2378056635 3237.41050917791 1704 696.877022723059 4301.95135021236
12172.0316123181 2984.96515015156 1704 411.213222122327 3188.33292792632
11960.6191012764 2923.14295342763 1704 1293.99967803493 4730.35425245386
13052.4748089008 3443.81071525971 1704 66.7806298429198 3982.28669393653
12550.5236772241 3239.28003262651 1704 239.772861192617 4597.82164878811
13168.2041189944 3238.7249016094 1704 265.430128050412 3854.60028826695
13006.7041880885 3342.09763291765 1704 646.637252736367 2928.84731310559
12338.7995451118 3138.33981020193 1704 251.211754953432 2739.25775190669
13291.9882149256 3242.60811702707 1704 93.2298908011069 3972.12134544961
11597.2486223928 2875.36770623242 1704 892.898175744155 4085.38334227964
13295.8982187933 3320.45513038092 1704 150.934321559436 4763.96348740516
12018.8777286168 3069.88286398001 1704 447.813250582466 2859.83549743419
11749.8374118821 2912.09984875568 1704 768.535232574532 2937.83923377645
12925.285763206 3260.37257766113 1704 280.26843482843 3493.14173087542
12339.7789442901 3103.29394996984 1704 200.766533431442 2864.71742326459
12415.185394552 3195.31921481688 1704 249.56072159346 4435.53827229948
13293.5253223331 3494.82890397426 1704 91.5577951018549 5732.55374995011
12376.2757483977 3201.37232228508 1704 355.153853807978 4653.70007112027
11777.4106213707 2950.13812216192 1704 54.2180462264812 4220.72288413336
12168.038360779 3002.08049712138 1704 1228.21264594278 6089.81478048864
12386.3253516822 3073.16976559408 1704 1117.12635315116 4999.69997964859
11744.741937951 2909.25494389103 1704 1071.77548957806 3998.21643606239
12837.6892397707 3308.34471714131 1704 233.042779362629 3823.50857056763
12321.5448081777 3140.87153912168 1704 395.857940139591 2563.75583976314
12004.7970455697 3009.89421034892 1704 226.116250169761 3184.2133788988
12943.1527705063 3363.65731487391 1704 268.343050943848 4532.47976118749
13178.6322203738 3375.59198413027 1704 622.711892936549 4305.59940682315
12542.733280414 3105.59184638202 1704 1067.81262184236 5609.19368763465
12007.3485706764 3045.80366091979 1704 507.568776591932 5575.94155510442
12886.583370239 3399.75740875283 1704 123.35166384526 4136.14654128268
11416.4976882719 2842.73844823265 1704 505.363096157452 5158.45655928924
12975.0426495726 3279.92650882195 1704 270.387011567166 1948.8425461352
12395.3003012349 2985.62050003038 1704 500.105127561838 2948.01876124741
12631.2775909222 3284.54740960389 1704 110.938933003158 3270.32133005291
12022.0238819518 3100.38008914438 1704 283.185097739577 4538.75060357841
12536.5455692879 3128.38653717649 1704 961.852112358374 4537.60697423832
12228.0979988197 3151.79086887498 1704 323.456513684675 4433.37611204623
11419.839844834 2896.73264610551 1704 372.49948574469 3266.2207617275
12017.5617654603 2863.34137762503 1704 506.785089199773 3245.7360378216
12466.9603163943 3167.87932309145 1704 472.98550370468 3962.997865664
12251.2841872517 3194.81569529952 1704 225.135367198056 4757.78421124702
12340.544172728 3192.78642673174 1704 434.580046026524 4783.56068617676
12132.8018186421 2990.12305760504 1704 1227.87947261441 5150.93353262606
12305.4431029461 3084.05993707843 1704 973.553861621039 4574.64163213182
12792.9136176323 3255.34919667146 1704 434.376696089552 2751.0881769911
12597.6085442417 3135.21163418104 1704 989.40841915919 4923.1665912635
12243.7150245726 2975.0085906558 1704 1207.45307416121 3637.34306499177
11869.3493626506 3034.08733912835 1704 405.63353742033 4441.46809795093
12032.1172883777 3026.48766318319 1704 188.366599429061 3168.62313080472
11980.0598116503 3102.43837743134 1704 309.616634040566 4890.3435138183
12366.928650407 3193.77084893356 1704 353.760296229787 4342.27683283327
11896.3520890781 2860.37797986928 1704 480.456262538925 2984.65288653436
