11946.9449096072 3021.07473504319 1704 340.423403794681 10671.3316058713
11894.3117622382 2973.73300631867 1704 651.99876088185 7197.31476996332
13073.1491458625 3229.3843972175 1704 156.347196779767 9131.1221156395
11849.1865949296 2940.62427650409 1704 721.506092910654 7570.40536955135
12988.4633795782 3291.01540197363 1704 807.845564544673 8668.83988249014
12701.5750808115 3156.18362821244 1704 1008.8251376558 10252.1603031943
12826.6682818992 3333.98427988925 1704 266.864565921863 9119.69573481655
11967.9355807633 3066.49672822402 1704 238.471931963044 9693.94985488861
12593.3107727319 3151.12478213299 1704 1038.80885907672 9185.00883045996
11756.0941330107 3044.06592493488 1704 62.1147789317683 8374.82289907073
12073.2754731504 3064.14365341835 1704 324.578725341005 8117.5833446591
13099.2441742348 3324.00518306538 1704 114.657866453394 5483.37597927517
12362.8035490866 3121.4712504186 1704 731.140313099372 7514.93631688886
12971.8881209701 3253.0901182383 1704 267.649152608654 4829.56815649229
11922.7213036679 3005.97447408213 1704 461.34574663984 8180.43937599855
12235.2306346105 3125.35179500262 1704 324.558424531445 8479.52647622813
13238.6021247617 3506.2333998143 1704 58.3913179571828 6438.48713891465
11960.8246806044 2865.49989668199 1704 1228.97607786114 6484.71547790155
12211.6415970997 3165.29042670189 1704 389.552492711796 7795.36663411235
12044.0620656378 3068.41935973261 1704 287.918358562101 8672.09411365913
13294.9899164191 3323.79588574382 1704 67.2079109663478 10420.0376302254
12989.7090285062 3198.81249021707 1704 272.640036485433 8050.96747256159
12210.0980821555 3032.2290164766 1704 36.538414038298 6086.94318136438
13098.7038356545 3271.25864402669 1704 152.336025343303 9469.2135555295
12442.5641790073 2840.07893080424 1704 107.822120039218 8460.41965091246
12015.0004207845 3018.55172008046 1704 351.213419325647 8346.03790190425
12020.0442193984 3049.80933530973 1704 390.102920802252 9333.56267255947
12010.5889198544 3019.14178599478 1704 324.65696605741 7887.26141169447
12500.8555529089 3319.92542750319 1704 155.38500954053 6339.62160299232
12796.3039620132 3340.15662183813 1704 170.548590822593 7066.08513805616
11068.0542049904 2601.5804353222 1704 1139.17048852366 7882.62607364384
12525.9998094933 3098.36196824004 1704 1148.27911665564 9864.61771381391
12932.7073693566 3285.2488709912 1704 762.568793459701 8846.70499930116
12259.7467917852 3120.25246973486 1704 298.246029866141 11446.8695970613
11953.0008751399 2909.84281295137 1704 1388.41017255833 9081.28368517755
13460.4611074174 3600.02095247088 1704 16.0126978407907 8723.1855075336
12479.8732671087 3160.5736173861 1704 27.5126180552252 6956.5018138434
12784.486072222 3181.42809856799 1704 361.022616959592 6160.28679593133
12016.9132335726 2928.90368602063 1704 1343.87457823424 9595.20809131823
12923.7340904058 3114.69149183617 1704 313.582976402222 6689.66667550442
12708.2610319363 3216.73648961093 1704 899.657313360874 9179.94805812678
13101.2446738757 3307.77975930372 1704 664.284956434284 7832.54909613349
12711.4762388537 3284.13800922268 1704 315.732048728355 8720.73257554543
12455.9698462707 2975.14114025178 1704 377.451178990993 10058.3041776938
12095.8819677367 2963.81503862733 1704 1289.31573876901 9947.69537215334
12274.0445794179 3151.33405791835 1704 271.019884320726 7888.5104127536
12344.1344625674 3163.82565671027 1704 403.812311966619 10582.9200263618
12179.8653622923 3125.13685944605 1704 333.61262048446 8995.74714926746
12194.4328802686 3094.95916619336 1704 214.654873392857 6498.86414374118
12912.2626486738 3295.89397202095 1704 688.621154586081 9646.53882107016
11566.3518808709 2790.55770639548 1704 1405.79398510886 9937.41032335943
12551.5186533394 3162.3001965375 1704 386.78929478589 7511.36030696897
12773.6412912583 3220.56741664087 1704 912.957374117753 9800.13775908417
12519.802890679 3088.89605605935 1704 278.991717726713 6714.78695766219
12098.2970152504 2994.70796579754 1704 288.670836415668 6916.51157708904
11707.29796257 2972.05973519596 1704 206.382099317065 8469.58909671649
12414.3804961389 3243.69242557135 1704 241.824911460797 7139.01097985097
11992.8226522845 3033.60369463082 1704 364.633647305323 8258.35680267538
13057.7095895682 3440.33016473067 1704 51.8608594880832 9212.89072756436
12628.7760077174 3087.75088856658 1704 257.434876630957 7453.15155883211
12294.4822448514 3116.6617314153 1704 353.872055495601 8645.53592780414
12401.1037469711 3124.55059978501 1704 807.661998558922 5452.80897110362
11570.2694466023 2906.33008543053 1704 518.64201036613 9465.87236829157
12679.411304711 3023.92390273716 1704 387.827121830237 7571.98007324993
12815.1282056877 3326.11032507562 1704 207.0188798164 9276.9186278131
12828.397882987 3028.68093331256 1704 377.004200228687 9870.67913246549
11500.9628407643 2882.224188614 1704 548.86383308832 8422.34188092527
12892.9979586905 3145.44401651014 1704 186.113439182514 10084.954428956
12460.5986817867 3139.14183800513 1704 1068.35925374539 8087.98612936338
12239.9952471637 2868.1668941014 1704 264.999790004388 6912.67174581079
11453.7154490215 2897.4231235515 1704 93.4284972049381 9553.15230130465
13180.7069149605 3346.80045487753 1704 627.589347901899 7430.12816348227
12366.9891514531 3169.13073120415 1704 288.113438801222 9568.24294514099
12403.1754829215 2960.86216590771 1704 267.758853175706 7912.41369531618
12090.3480112627 2984.64594818215 1704 480.974216320958 7771.19856289203
13286.4044541126 3359.76018687277 1704 90.7644407707319 8167.51353092941
12184.9157399156 2967.6155849477 1704 1300.44496029137 8530.66949761891
12746.8758848309 3087.08575191195 1704 288.125820621325 6735.14440066077
11759.1577924513 2863.38125219766 1704 1429.89472405641 10308.7803579492
12157.7538141814 2965.10719018274 1704 1330.66179027372 8513.30319346518
13345.6554214464 3388.04249996369 1704 243.1881666969 6902.04858048239
11748.6913085027 2952.22157051523 1704 113.145580980824 7809.09214083046
12006.8991288598 2981.56332149881 1704 350.056752085111 9812.72928093017
12764.5735978889 3172.3272570654 1704 1007.991735089 9384.63576329083
11915.0778716978 2895.5357104728 1704 1292.80163793197 9408.85402868125
11462.9258046519 2782.74998566226 1704 960.871351717062 7977.29200947314
12309.4597892062 3059.27661245514 1704 387.717194128004 6840.00956938556
12873.4902145961 3247.1041410472 1704 838.433543708059 9065.65599458669
12302.1144304238 3118.97579108146 1704 308.737050951349 9596.86420579323
12178.8280806673 3179.59753858568 1704 308.883438122527 8359.64348640679
11736.2669345685 2866.89089198702 1704 1007.17462011296 7561.7905882733
12887.3254081939 3265.49103033167 1704 883.913857688598 7492.13547920105
12489.6654172639 3217.64018720332 1704 331.96824395788 8568.64532458168
12701.2868077625 3284.74736808692 1704 243.253972589726 8204.57333179077
11880.3710870093 2983.64178813178 1704 425.550363757404 9366.04201205735
12257.4195086798 3111.33009386264 1704 80.8105093394395 7425.50269362661
12834.7552230476 3360.27257043353 1704 130.950864913855 7763.77460997677
11914.7740499167 3098.76682767832 1704 341.893903835979 8824.37362139297
11718.8250375756 2935.69626787807 1704 412.954369142532 10040.14082184
12399.4410028627 3147.14795568738 1704 230.948674289641 6886.69780681917
12722.3887766037 3315.38227853866 1704 202.80671055764 8230.47348196361
11687.5706951656 3049.51798039143 1704 161.235221445867 7435.84566802911
12306.3214593899 2976.16137935869 1704 621.423879631973 6242.82771675438
11707.5964204278 2788.16685578446 1704 1357.73461571932 8649.64573767414
11438.7449275843 2809.68093873798 1704 524.929147048189 7620.99467255963
12815.1306201258 3227.83638728644 1704 841.267006245117 9137.3607990971
12056.7307280943 3052.10292880297 1704 357.124348719485 8650.94072437159
12580.9326173018 3150.55155309009 1704 1030.78456987093 10211.3829434575
12296.4554502784 3145.3323818118 1704 331.266000626959 7720.94684523439
11568.4956644053 2954.76650584931 1704 361.136114035466 8749.98457767206
12208.8714689136 3063.58624732655 1704 326.348304677093 7006.30895651949
11662.860256489 2911.45361536505 1704 562.834515666065 9923.01813280233
12410.1682535859 3188.8878365976 1704 343.058069573214 10098.3869179724
12075.2786601296 3129.63759156399 1704 3.41040513906842 6143.43463082868
12930.013769282 3089.4652766257 1704 433.93567608383 8725.84213727342
12425.9963160038 2988.6824380503 1704 256.843894112356 5530.00703803794
12855.5915213505 3363.05405206441 1704 120.973036703867 8906.22601810108
12137.4911959879 2964.10151802412 1704 1033.33170869957 8459.75310440061
12912.5324718644 3271.15979626915 1704 66.1890184284744 7624.86790645557
12929.4720498603 3202.44083193854 1704 209.804155191289 6931.37164047254
12575.7016209415 3216.34836979592 1704 480.964707098713 7765.40927212468
11716.8596806197 2963.81541655162 1704 409.154955810668 7371.6470126943
12494.2606014272 3094.66694481784 1704 1041.68205066226 10848.6446783211
12798.2186400627 3027.0746882759 1704 286.91333446833 11504.5645394396
11152.8995325424 2931.35310951459 1704 367.634879915981 9541.39130025252
12190.5150645519 3193.59702345604 1704 197.013446636226 10178.4522818541
12311.7273171186 3071.05508516662 1704 1135.81699467192 8794.38997448594
12346.4569108908 3069.26488677048 1704 1094.88914198894 10981.0307554257
11715.2668567823 2960.1697035254 1704 431.166552207556 9646.51767779741
12521.8647722127 3235.36997978121 1704 767.985617549486 8649.44975331415
12481.9330119432 3270.80948062391 1704 88.7765205234482 7153.60505192455
13051.3469683691 3188.55730897162 1704 146.177593098417 7148.55094645301
12302.3795958149 3144.59046940745 1704 217.272473058852 7283.81213702922
11451.1123083606 2780.95796907432 1704 697.107628527577 8168.21256098177
11853.7955832841 2973.15535810081 1704 303.548633798225 9048.86882475469
12832.4609989419 3289.96884367944 1704 773.237906225832 9129.23380644823
12660.6512590519 3203.82524751369 1704 885.129526019013 6425.55733912507
12798.8757281282 3341.17919405547 1704 248.007786754977 6839.76947511082
11458.6707397891 2835.43052731095 1704 705.60155275668 7942.13781790979
11776.8984498047 3037.25340795174 1704 337.743911017486 6417.41423577
12119.1884379727 3109.40255178956 1704 327.32178907561 10258.8755619787
12561.1525963302 3107.81160690499 1704 266.838671479908 6942.73837296687
12933.6437258365 3111.94928168988 1704 298.73288788619 8565.62105327053
11535.035042303 2910.66281958258 1704 483.383604581313 8369.03253919328
12927.7286387016 3288.51285108802 1704 766.222545251234 7770.72290524444
11646.0149450515 2945.43027749927 1704 154.051641285616 6808.91851788371
11685.3747786715 3038.57615507619 1704 324.427481186387 10824.2646812202
12700.1210723383 3229.93881806491 1704 833.880350528974 8868.37995289605
12052.715597289 2954.51889980815 1704 1255.53629155501 10372.6441900458
13315.0358901269 3428.07018093786 1704 182.565284925852 6929.15710976818
12503.0926388328 3060.01830531386 1704 1124.14680736705 9681.58807442048
11317.6309833372 2881.47802624799 1704 554.525920101582 7710.48892636668
12727.9657397039 3190.44250339613 1704 1050.74427013165 8289.92938300537
12356.4590239021 3155.89595785321 1704 2.38826554935736 5650.54289905856
12546.9105379694 3264.34255659222 1704 321.848361686187 8329.03625000684
12062.7433936546 3039.91569224717 1704 414.788747552269 7640.45517777004
12108.2330433281 3016.32572153265 1704 1159.09441628679 8899.29136946292
11612.267996827 2995.84962115019 1704 242.246200813672 9107.07985635935
12203.3498770948 2951.60929091816 1704 50.7356684523666 6486.16953790266
12699.4457797194 3280.05086474131 1704 262.739490842533 10558.624739912
11997.4189967693 2821.10992961642 1704 424.313031212549 8122.73631764686
11468.7246847365 2919.56962377319 1704 26.6405101846713 7971.2777401694
11820.999180079 2958.1380357456 1704 373.14575674683 6476.9239991766
11635.0893476345 2873.10175927371 1704 212.503897968123 6866.38078611773
12792.8019475627 3275.65451222996 1704 842.522716077271 9750.13462294118
12264.750355309 3196.67160865464 1704 242.5165600341 11169.7761922208
12242.7439792717 2999.50769166626 1704 1237.55084825436 9799.38157534852
12060.12876758 3076.93808752836 1704 381.356113447706 8426.86756618971
12777.9319192441 3236.74092569837 1704 875.603649154996 10410.0566235946
12413.3754276268 3253.30723579796 1704 285.893917347142 6890.04423900476
12015.5673021869 3027.06261406605 1704 310.420509308833 9609.81659117781
12547.5401384164 2950.69298838567 1704 319.884109517668 9188.10056057878
11957.9907740323 3023.15581169618 1704 254.295985918158 6826.3004617189
12796.5391470017 3184.21365819723 1704 32.2485750261817 6465.94697074058
11269.4807468482 2836.24051002053 1704 481.204167932067 6517.57563911201
12013.606280954 3175.05047025983 1704 320.695710920878 7935.28382670795
12186.6509040331 3117.69564750806 1704 279.253691718578 10578.1643091138
11765.5942770675 2973.22134736904 1704 439.371874015164 9115.73040891538
12983.6408899986 3380.63891596254 1704 210.626585020379 7877.7907720609
13009.4006163677 3355.90508835683 1704 193.878214487792 7190.22014444785
12107.6742314834 2842.96282688693 1704 400.081998234649 7957.5464234092
12965.2827599673 3277.83915933306 1704 748.031474154987 9157.77961662042
13110.3434527279 3424.24635470738 1704 194.694386726846 11140.0550412279
12659.2451607149 3210.40407928682 1704 946.028960846824 10909.9160936795
12260.5369008963 3226.27954769943 1704 263.062044409186 9133.62214234158
10903.39505339 2712.13765087986 1704 260.177237582893 5940.32557659452
12511.3358226365 3160.61980298487 1704 960.134798859824 7750.55618434694
12610.8722961755 3239.81164070467 1704 108.553344049975 6499.169502003
12612.9666249683 3140.63827596695 1704 963.764896225333 8202.70754472512
12735.5175047119 3304.94055524125 1704 189.352024278114 9393.42909335572
12063.4011625019 3110.39563864484 1704 330.774884202375 6713.95889238261
12042.7516894948 2967.44005286973 1704 973.927771222246 8249.00344829619
12004.9472460315 2986.52459946153 1704 435.82536316852 6333.04913156103
12863.5516832722 3343.35802809439 1704 220.84769609658 8730.1913560925
12899.3063945808 3188.35531907631 1704 60.4052365350597 9007.83804541309
12999.4470286011 3375.22910478254 1704 271.250228822661 6932.8588491235
12373.4033796296 2937.49421706035 1704 85.0712527710527 9376.71866516186
12120.9360940387 3162.27063155153 1704 297.864965593641 8416.99545348284
11832.0993207774 2953.45587486198 1704 462.561551917651 10807.20433987
12238.7860397758 2992.8183759912 1704 1237.05610581737 9898.05054116692
