4039.52506740944 796.14745357007 150 144.94063342618 0
0 0 0 0 0
5218.55057715569 1019.81492257888 250 292.318822144461 0
21761.1126498448 3415.76142726784 640 824.507340985107 3453.73228666446
27180.5071189008 4577.66137652851 750 94.9162416057911 3640.07181794599
19144.9919759416 2907.86243506496 450 461.941538472033 2077.19957032423
21830.3385683527 3486.80403480165 570 512.447315558186 654.385100838184
11827.6375609696 1736.25479778348 280 61.3881395270496 751.644101949146
29873.0568939707 4633.37041357342 840 245.858358982222 4246.09938363299
22107.7542676457 3537.66240336755 570 886.478202793073 1261.84252776863
21197.9755588846 3228.38047396792 520 469.991450721778 1775.63410671461
5443.34645984764 1226.61280881798 250 680.418307480956 1646.52350261896
4498.55057715569 929.814922578881 240 562.318822144461 0
1454.90442079131 185.830951894845 20 545.589157796743 0
11927.842402948 2225.69985241107 360 1130.9803003685 431.327885721518
8381.07293871977 1297.18479931889 260 687.634117339971 788.824199580438
6057.03738299477 871.064852077785 180 757.129672874346 414.349565454423
22225.5430251428 3428.64105554252 500 1292.65574104487 587.809835514234
14628.6995302623 2088.48998708789 380 875.666158167699 1294.59318859336
22652.705578748 3463.25174586588 590 1228.90835524939 1830.66814307196
3872.23471286243 580.582542899647 90 1452.08801732341 107.944695646816
21467.3828190165 3641.17176550928 560 2323.42285237706 3410.01841227153
13645.8909780126 2275.75327268782 460 1345.73637225157 2108.92419949453
12830.0280049984 2311.79535296953 480 1603.7535006248 1359.94813623232
11509.5220566454 2032.06160807342 400 1438.69025708068 697.792054376776
5885.20884520629 862.33354853469 140 1936.95331695236 0
21418.0257241581 3498.61650508916 660 2677.25321551976 3284.33158625762
18599.9349811074 3058.9093253355 540 2324.99187263843 1119.90674492026
15347.8592951481 2417.74596808802 440 1918.48241189352 367.663269152925
4076.63759643226 817.645823137219 180 149.579699554033 0
0 0 0 0 0
4746.22142567351 970.843924374519 200 233.277678209189 168.772828094631
29679.7729908026 4722.56880321573 890 583.253777660279 5189.18733406328
27774.6156782644 4619.36507187289 740 41.7894698409054 3674.21171863514
19684.9919759416 2997.86243506496 460 529.441538472033 2077.19957032423
12070.3168087145 1767.09664482442 280 422.392857431354 1034.52661389684
28822.6667648947 4690.61707173195 850 416.6484990504 2493.05070860576
22896.7803176382 3517.1742400938 510 776.880112284725 595.937285463085
5443.34645984764 1226.61280881798 250 680.418307480956 1646.52350261896
4498.55057715569 929.814922578881 240 562.318822144461 0
1454.90442079131 185.830951894845 20 545.589157796743 0
8083.80152443798 1144.6254135763 250 650.475190554748 961.098743026608
22168.4056254461 3381.19022857891 560 1128.47818429236 1991.25162802644
14088.6995302623 1998.48998708789 360 943.166158167699 1294.59318859336
3872.23471286243 580.582542899647 90 1452.08801732341 107.944695646816
12842.1526869935 2315.70414312123 480 1605.26908587418 1862.06555753908
13265.8902292552 2309.79535296953 480 1658.23627865691 1359.94813623232
11509.5220566454 2032.06160807342 400 1438.69025708068 697.792054376776
5362.31405889525 778.831610521079 120 2010.86777208572 259.376427885392
21418.0257241581 3498.61650508916 660 2677.25321551976 3284.33158625762
18698.052464418 3091.54688411022 540 2337.25655805225 1119.90674492026
4868.73530132773 890.511187869229 150 248.591912665966 0
0 0 0 0 0
5930.3587942312 1202.42307768951 250 381.2948492789 415.177724233358
30984.5205341578 4826.48931309438 910 480.569703469417 5417.53981597049
28201.7755601367 4658.7426701726 860 28.621765788575 3975.60401883687
21064.8071420351 3297.14932893454 510 155.739759964792 2237.0346003227
29893.1485323383 4780.99225263471 880 599.110083814026 2617.08946726972
23055.1716234585 3537.98146853664 510 757.081199057192 613.869696718029
4498.55057715569 929.814922578881 240 562.318822144461 0
1454.90442079131 185.830951894845 20 545.589157796743 0
7555.73900361358 1205.93236518287 250 944.467375451698 606.319331308388
22293.4263125145 3450.69927983406 500 1284.17033012341 1113.70890272931
3862.36491704132 577.243191722696 90 1448.3868438905 282.882511947698
13319.46079496 2291.41796072645 460 1664.93259937 2305.71222193176
12845.3784856017 2317.30579748356 480 1605.67231070021 1569.62807272352
11177.6991140591 2120.0053030421 350 1397.21238925739 415.63333635255
5362.31405889525 778.831610521079 120 2010.86777208572 259.376427885392
21418.0257241581 3498.61650508916 660 2677.25321551976 3284.33158625762
18705.5902357345 3101.34693089175 540 2338.19877946681 1134.90979257693
0 0 0 0 0
29932.2799294472 4777.71077314971 860 276.657916578773 5867.68977249499
29410.0238559658 4692.22435264454 850 378.58248816131 3675.96724422728
21029.332457192 3278.62591048259 490 142.436753148661 2237.0346003227
29158.8332387323 4753.14879285101 810 273.229017648872 3234.44054314232
21836.8629258866 3319.77492269245 530 390.13052984653 2137.99389272795
4528.21928551366 950.333757018169 240 566.027410689208 33.9730772431714
1454.90442079131 185.830951894845 20 545.589157796743 0
7661.07293871977 1207.18479931889 250 957.634117339971 788.824199580438
3899.32031827664 594.785226295375 90 1462.24511935374 0
13378.6205877296 2401.69173622607 490 1672.3275734662 2494.9493501029
13233.1694048873 2279.83104236617 420 1294.14617561092 574.93335832823
5490.43424101736 847.160959743256 120 2058.91284038151 0
19381.3533271832 3261.29339827449 610 2422.6691658979 1482.76483583578
0 0 0 0 0
29274.3330941179 4663.80230866914 790 336.869580824438 3737.32181082334
21296.8629258866 3229.77492269245 520 457.63052984653 2137.99389272795
29421.1387247336 4732.13683074301 750 340.318280518837 3178.35855659027
22015.0148357235 3333.22352625848 570 801.171469904095 2071.96932244263
5394.58274890722 1200.63867235192 250 674.322843613402 1306.76636837695
8096.36789505234 1144.6254135763 250 1012.04598688154 1321.09874302661
13477.7569736575 1954.086217499 350 1324.71962170719 189.414433727604
21363.1620385129 3420.80392723867 640 2670.39525481412 2495.32589404059
29703.1325784006 4649.66287138356 810 620.125199154912 3872.2945338914
21296.8629258866 3229.77492269245 520 457.63052984653 2137.99389272795
29757.4797142644 4709.19966118229 810 300.431629811865 3495.11110479548
22428.2816452118 3431.27443358979 500 1033.93895422054 1143.69452590949
8096.36789505234 1144.6254135763 250 1012.04598688154 1321.09874302661
12905.0273534496 2335.33324959142 430 1613.1284191812 1216.36063307847
20575.2128223872 3442.59376297191 630 2571.9016027984 2953.75582603922
