14527.845074607 3953.95338945963 1123 109.715067007289 19496.0255244762
14601.3350053281 3991.51818066177 1145 20.8258283267471 18569.5256930739
14518.5734579868 3980.20912393991 1092 16.4163040644733 17030.439399611
14323.8031802092 3996.15211118649 1032 13.7652559141393 16477.7547195961
14165.2328069048 3953.98258238139 1025 51.6384534051333 14672.7301947546
13994.3858466498 3993.68485311412 1040 69.9801953631163 12681.4940377316
14209.8749716441 3946.06975936665 1009 77.8236603184637 15513.829014426
14180.6964322688 3977.5583889974 969 25.5893643852714 14719.5643410426
14803.7320499286 3976.35015982617 1183 61.7543390114613 18921.1489958942
14717.7878814176 3989.56690140023 1194 26.7995352300834 17110.3922936559
14678.8769596108 3958.18136095756 1154 39.1897228543085 16138.1075769336
14780.2776767491 3989.77120651553 1131 28.6872535368664 15494.185621615
14665.2356527319 4026.28686703279 1101 72.5931866168219 13884.6935473686
14698.6832467001 3950.48235382368 1101 20.404706744999 18109.5790020327
14285.4772916971 3972.97881432432 1112 50.1531369788167 15471.1089948897
14466.5140941643 3986.38441080791 1106 3.05903400068473 14217.0237486671
14097.7714070941 3893.85703443608 1099 18.8197141946496 15831.0231918667
14449.917881605 3946.39533160082 1083 35.9441159031628 15369.5379199956
14363.4373290775 3976.90742929292 1059 25.7884429536784 14156.2733650825
14971.0538870433 3940.31002843563 1223 26.0452050540889 18498.3657916739
14890.2679920726 3966.07562544749 1195 40.6457166986502 17266.2128446477
15091.5072222418 3990.12456159451 1201 37.1311103216615 16231.7749104249
14810.9477503554 3938.35157893965 1181 12.5479275541209 16990.5628467437
14686.6154418828 3947.88959387889 1156 88.1165151583773 15312.0584036641
14932.1523126735 3992.77194357968 1160 62.4920548875823 13233.6004573973
14616.5902396021 3930.29295432949 1144 28.9456866089042 15164.6571706374
14861.1926376041 3968.86162855768 1128 16.4002631051399 14829.0581632965
15793.6639863974 3988.49188970302 1257 32.508209250532 18365.2803304924
15523.0597618739 3990.50409069905 1258 23.2777326829666 17222.6577359191
14434.4617894808 3968.73932611462 1127 164.900891382445 16557.2262380836
14038.8112186985 3991.48751120069 1055 187.978617913856 17337.3187246648
14532.4885334872 3994.23535477708 1105 145.649135733986 13339.4239630788
13877.5519440641 3955.11644557415 957 146.19422104715 16537.0895640226
14255.2385437515 3977.9050657708 1073 124.815292613314 12287.1056362777
13913.5696920702 3872.5973710697 1021 121.327492478201 15457.1300849571
13732.9709747687 3966.87913699451 947 159.791110777449 13343.0844137891
14668.5207979815 3984.72493394463 1212 143.068048596244 16856.5982418177
14693.0714662175 3951.55663416168 1179 98.9590518174211 16262.3579050755
14673.9880894024 3986.33170507172 1128 132.383922056831 15135.1287910879
14600.8418230436 3926.73410326168 1128 89.7627985213251 15190.3560817048
14465.9964322066 3986.77357309839 1086 137.380414906916 14769.6098839887
15048.5548375074 3974.63983901741 1200 145.726925329304 17264.4419212536
14910.547363839 3987.69484171046 1225 153.078341879892 16251.1672261348
14829.7658175211 3952.11766044316 1174 106.010312113162 16174.2664419411
14637.1132051498 3983.59903941166 1147 207.595516531513 17337.3334141216
14539.1353310857 3955.85795050045 1149 225.510981309166 17076.2796462748
14515.7713458185 3974.21166758579 1123 228.524169323463 16245.5798327987
14285.6676046439 3881.60554069697 1056 175.285572516081 16660.3707126159
14333.6693401968 3964.66986795697 1089 180.305199487412 15353.9060341784
14093.1401023244 3977.74631626724 1056 185.602208148505 12414.2060243975
13930.2566338188 3946.68591277788 1002 165.241774585308 12578.5520668547
13949.0383283366 3912.19378439575 964 170.637364634365 14365.1477131515
14781.7643532724 3926.21516395464 1134 168.375452372246 16539.4310371743
14767.1059093987 3990.59890273948 1136 174.976307722919 13969.577517738
15518.9438014594 3973.61828932299 1229 219.73984160378 16432.0594863994
14491.7490772663 3971.75880074007 1093 246.462261716899 14056.0401241493
14016.4236859802 3953.76326038083 1034 309.776209367 17164.2083101178
14060.9873986065 3962.94581636128 1026 246.662339922469 13684.1711486906
14507.5336820239 3985.19102033794 1163 125.470134603378 18741.2285734807
14363.073539109 3968.87676341731 1052 30.0715277971706 14987.7862077138
13997.9619492956 3994.95769460065 1043 70.4272081938411 12701.859501516
14035.575282875 3955.99385389418 969 100.454526985652 15964.8840373402
13861.1564755236 3973.90057545148 926 74.3070563680271 14127.3533308568
14947.463897393 3979.77446158696 1156 7.90928318715169 18708.7272343511
14503.1319561906 3970.53599729507 1130 33.101209468939 16522.0825036906
14601.3434149245 3991.04804665915 1155 86.2427440948104 15909.2947159959
14665.2356527319 4026.28686703279 1101 72.5931866168219 13884.6935473686
14320.000157421 3971.12276983013 1118 54.4684951943079 15629.5287567469
14526.1147406998 3992.29234037707 1104 10.509114817617 14135.9389867571
14468.5339042699 3988.24157342787 1045 76.0368959870475 13631.1790522603
15069.1662405769 3971.07432331558 1175 9.77588463819029 18416.5727992296
15016.5262705685 3984.2038422381 1202 1.65946864929333 17068.8600750099
15073.8257748998 3994.94317976068 1191 10.1788790568246 16396.7192604945
14694.0547392756 3948.63115078182 1153 50.7812908990395 16125.7711326758
14954.4505966388 3980.96637026597 1188 21.6189090743383 15959.4803668494
14769.7731668662 3994.02264078045 1139 56.6673982168845 14181.3403471374
14860.2563628524 3991.58404904646 1101 56.637818168349 14084.9691185426
15587.4933759067 3979.05967555865 1267 83.3191318507511 16958.7311285834
14069.6715524039 3994.15394357381 1048 191.836159627026 17324.7861918344
14105.5095797261 3965.20384839429 1013 143.350453212085 13592.7497330103
13913.5696920702 3872.5973710697 1021 121.327492478201 15457.1300849571
13732.9709747687 3966.87913699451 947 159.791110777449 13343.0844137891
14492.24448956 3988.19841296574 1133 135.022022472887 15888.2702946567
15232.1874137161 3961.80078952054 1201 153.706589971495 17898.1829387728
14937.3792999667 3990.73039245742 1233 156.43233389585 16600.3549957451
14829.7658175211 3952.11766044316 1174 106.010312113162 16174.2664419411
14539.1353310857 3955.85795050045 1149 225.510981309166 17076.2796462748
14516.2263206158 3976.13841274395 1147 222.647355000422 17193.7768824787
13984.1968006317 3947.2364839308 1031 181.1518156555 16338.1983731884
14093.1401023244 3977.74631626724 1056 185.602208148505 12414.2060243975
14072.2253406032 3945.12343009822 1013 152.931721072824 13682.9024280616
13734.9727597596 3925.40206161241 985 205.910510066601 12801.6502733516
14773.2942946672 3989.28752464432 1133 201.193595359023 14283.3402255934
14536.6891454422 3984.96753368979 1118 257.795162171851 16059.5306608676
14101.7594430353 3947.26682127867 1030 76.2385215959102 15736.3976874044
14227.3052674154 3979.42965668072 1014 38.3614859623201 13645.4059008723
13742.3326212577 3979.10434161836 918 107.82243666735 12287.4399285363
15042.5741586424 3993.99606158432 1206 1.13869806073308 19411.9503076787
14850.0715151211 3978.85339729214 1155 36.9584963311054 16796.9326754269
14740.1298812436 4040.44485858903 1124 81.9549651807874 14253.2786436325
