19641.2644954595 3592.61841632171 670 93.6283817249825 8682.2176741476
19084.3660986705 3615.3706965922 600 283.172661375725 7590.04197315374
19772.3080297863 3663.9421689589 620 150.778175003558 7556.57590331904
19358.828076111 3504.12214582991 600 147.983295971594 9133.81261451784
19820.9951751648 3581.16310670608 580 59.0391962884798 8446.77977270593
20020.7736894392 3623.73883577327 590 102.960936508563 6605.97634605463
19963.6626988743 3630.55344248209 530 113.951951767335 6892.89765415836
20255.5953656183 3496.73833772681 660 24.599649360911 9902.7612794435
19478.8338539636 3524.6434155469 690 124.888173255757 8236.77219225885
20148.2244380342 3544.73695180106 690 3.93610471296626 8581.95370956866
20384.3350155931 3624.8957877562 650 49.3756065503587 7438.34982534703
19800.6228655619 3554.90975487114 620 62.9598490995628 8369.36321308451
19621.501377673 3574.03375132291 640 179.800928734612 6682.89007371128
20290.8919617437 3594.12728757707 640 50.9766507658884 7028.07159102109
20527.0025393026 3674.2861235322 600 5.53714892849589 5884.46770679946
20061.0138084665 3489.38477697165 610 194.696502901646 7914.14127354492
20233.4169648956 3523.8880988654 610 161.517499977148 7231.84155032924
19855.5637998707 3540.30845755139 590 176.112222450938 5963.9228317689
19884.6478333562 3533.31037800365 590 170.514997596935 5913.44413238717
20035.294479576 3528.85314793576 500 141.523037014435 5728.48493032723
20634.2899531876 3496.28030715344 660 121.159965354957 8769.46815961401
20297.1399938924 3542.71852883826 680 186.044505273747 7733.37420196075
20526.9190256035 3544.27892122769 690 141.823510002902 7448.66058973917
20763.0296031624 3624.43775718282 650 96.38400816551 6305.05670551754
20707.9595987428 3465.35392796942 620 149.515425149882 8439.68541031091
20660.0123266263 3532.62087699112 650 193.051145451486 7451.62197651746
20836.6992487176 3593.5113779988 610 124.739467960434 5975.27395621444
20469.8946700295 3444.42837895649 580 57.8841913650442 7184.4664370648
20362.5237424453 3492.42699303074 610 78.5477360129889 5863.65886718996
20598.6343200043 3572.58582898587 570 33.1082341755964 4720.05498296833
20757.9341342928 3446.75710850277 510 257.16323609508 6338.25598146975
20839.9452118539 3482.21588654526 680 200.316711322448 8411.21703313366
21214.2967461514 3593.81594627584 660 270.076812486234 6576.23567485541
20968.6848618287 3610.37333657464 670 175.540754133 5946.80557903719
20729.5561817204 3497.75939448576 630 7.91231014072969 6843.42874104407
19236.4228155099 3521.17233220525 670 171.540199357669 9261.30266738914
18666.9255502147 3516.17720040763 600 281.139999164657 9425.21534398309
19085.8933687596 3524.55183318289 650 200.50960489176 8390.4580218666
19148.3083460739 3592.49082864111 620 270.866970125427 7189.9260274145
18969.5986997196 3496.83513717228 580 222.890524383607 8356.91510086505
19169.8199015545 3498.82876665165 640 184.357936124667 7181.75428681397
19228.5608924691 3573.9421689589 600 255.422360370616 6836.57590331904
19377.3550570121 3487.21780130367 570 330.933612767754 7750.69665058952
19155.9978793722 3513.67040204587 570 310.743746622826 6425.62924932262
19312.487425264 3548.21910242766 590 239.270691603521 5627.8721682664
19615.1174030793 3520.71430163188 670 317.299814073537 8128.00954755965
20254.6983751807 3571.09788559241 690 312.947517554339 7140.19472845603
20257.8301384861 3496.55716270794 640 270.451143646828 8418.63531195472
20161.1067784565 3524.13321336047 640 233.222305013461 7814.5078727476
19559.4777197621 3476.84001608474 610 295.884089979678 7180.05116289674
19793.8054125361 3505.35495500067 620 246.120782675027 6601.94642079785
19693.1331583747 3472.33345677658 610 207.372013981712 5518.47734988015
19384.1192059657 3446.51880788133 560 266.841776850622 4463.45944443527
20534.3644522614 3502.8777954186 650 376.483916168286 8407.93812787612
20502.7952525587 3528.65410823008 700 265.201251241237 7375.1230754804
20805.4380411224 3573.48357574289 640 401.302745884074 6767.92206388048
20384.9727117975 3540.38730368959 640 287.876209782921 6877.81896677467
19801.8887582157 3480.31109942638 630 249.232063877765 6155.52068776644
20935.8445804927 3502.49440672164 680 299.219029465417 7706.623558452
21069.1899174985 3551.61764129417 670 350.54367360907 6827.628364191
19638.6499989956 3517.02766624263 650 431.506082829105 8340.40390877209
19384.3354099337 3542.64246229172 670 361.71382936244 7610.51502613258
19464.5879563289 3524.09380260952 650 346.269219607629 7257.16490203712
19037.0889631904 3541.07479426782 640 428.541439196577 6640.73707669643
19348.293287289 3496.3771065989 580 368.650139099476 7223.62198103556
19110.7586087455 3510.1484150838 600 456.896898991502 6310.95432739332
19300.1926731708 3472.24187441257 570 282.993445617716 5672.16317948791
18872.6936800322 3489.22286607087 560 365.265665206663 5055.73535414722
19857.5284415329 3524.18538497353 690 270.647787971625 7103.47907242936
19873.5135112181 3482.30928810347 640 503.664739070144 7515.12787074994
19492.8748058066 3454.49645053114 580 308.701826746675 5100.50278232156
20266.453996422 3482.40087046748 680 428.043307434141 7361.44204114218
20399.7993334278 3531.52410504001 670 479.367951577793 6482.44684688119
20134.3077434854 3478.37929356614 630 377.180190963886 5913.13584645656
22132.0145813781 3605.09271611519 700 759.62507747061 7317.39545011881
19496.8872807729 3485.09735892727 610 600.59241820125 8563.10119349147
19242.7442218566 3527.01037365964 660 507.698185164067 6282.48595021608
19663.9691681953 3487.12446239314 600 543.991566687271 6890.61183004836
19313.8682651429 3495.26870286043 580 535.073842188837 5450.39385072362
19915.8550993178 3493.47199170254 660 519.962023928353 7528.34387137498
19754.1697477901 3484.3063154701 660 409.274296808025 5690.21004050413
20090.7853810188 3505.70945614476 620 538.837714446703 5427.42894143631
19488.3561061793 3510.45298336084 650 602.234243517301 6911.91604603429
19629.6405060768 3614.55183318289 670 95.8654195247035 9110.4580218666
19084.3660986705 3615.3706965922 600 283.172661375725 7590.04197315374
20140.2776501291 3615.02425805394 570 79.9623885507211 8125.15380281578
20020.7736894392 3623.73883577327 590 102.960936508563 6605.97634605463
19963.6626988743 3630.55344248209 530 113.951951767335 6892.89765415836
20255.5953656183 3496.73833772681 660 24.599649360911 9902.7612794435
19478.8338539636 3524.6434155469 690 124.888173255757 8236.77219225885
20148.2244380342 3544.73695180106 690 3.93610471296626 8581.95370956866
19621.501377673 3574.03375132291 640 179.800928734612 6682.89007371128
20290.8919617437 3594.12728757707 640 50.9766507658884 7028.07159102109
20527.0025393026 3674.2861235322 600 5.53714892849589 5884.46770679946
20102.460244771 3493.02123048353 570 4.87121838695203 8661.89232727203
19884.6478333562 3533.31037800365 590 170.514997596935 5913.44413238717
20297.1399938924 3542.71852883826 680 186.044505273747 7733.37420196075
20526.9190256035 3544.27892122769 690 141.823510002902 7448.66058973917
20707.9595987428 3465.35392796942 620 149.515425149882 8439.68541031091
20469.8946700295 3444.42837895649 580 57.8841913650442 7184.4664370648
