21073.9555618948 3533.57674134694 690 726.751096857343 7540.89633753731
21140.5423494788 3562.13672106055 690 713.936463611963 7424.10406446882
21632.2759332906 3587.5837735727 710 619.302291284187 7355.33805271349
21160.5227858924 3568.7035851597 690 710.091226831337 8009.45874401435
21651.2631006147 3602.74633458937 710 615.648209228947 8512.72682185805
21073.9555618948 3533.57674134694 690 726.751096857343 7540.89633753731
21079.5907838142 3536.46862821101 700 725.666597893298 8158.17401236559
21652.5352842794 3603.32007555416 710 615.403377368524 8699.11457117473
21135.3481871836 3549.48211921435 700 714.936080611754 7354.26084707103
21135.7812042533 3547.85463889345 690 714.852746437828 7726.39256145969
21133.843695495 3548.72987337007 700 715.225620172215 7307.21950796035
21072.0134383617 3536.10262891654 700 727.124858705548 8440.09950489942
21198.497441384 3594.42692414601 640 702.783000974504 7656.98344009041
21651.2631006147 3602.74633458937 710 615.648209228947 8512.72682185805
21122.5993251056 3550.60457840631 700 717.38960026262 7602.66405780754
20511.1720555172 3528.623671739 660 835.058833158193 7616.25875091871
21636.7267930552 3598.60996200343 700 618.445722923132 8448.97241875237
21072.0134383617 3536.10262891654 700 727.124858705548 8440.09950489942
20493.8468675143 3511.66798632315 660 838.393067143946 7189.23262676496
20583.1529550554 3552.30768725822 660 821.206102583236 7479.39694194698
21072.9329649764 3529.26934188152 690 726.94789572604 7081.75225022733
21679.351807422 3611.38867752477 700 610.24253508349 8669.85674825462
20493.8468675143 3511.66798632315 660 838.393067143946 7189.23262676496
21651.2631006147 3602.74633458937 710 615.648209228947 8512.72682185805
21080.6596029986 3536.22348189661 690 725.460903545352 7041.81453210718
21052.7613259498 3573.59589342303 670 730.829929466697 7981.38447701732
20493.8468675143 3511.66798632315 660 838.393067143946 7189.23262676496
20511.3757510049 3518.26029428759 650 835.019631943318 7366.4683929911
21052.7613259498 3573.59589342303 670 730.829929466697 7981.38447701732
21152.4190205525 3619.93860701396 670 711.650797198135 8857.99312472929
21073.6619176713 3577.63341315351 670 726.807608714503 8209.24068612786
21168.4807854048 3625.48733399048 670 708.559709111089 7942.48647481475
20991.5378323576 3552.31601109046 680 742.612396302098 7893.02417651273
21076.7544030968 3535.20252157002 680 726.212459616873 7147.76207319089
21619.9273239618 3583.693977406 680 621.678782257557 8075.66052298629
21112.7801659409 3595.07282682847 670 719.279298324944 7851.58804417009
21065.1126716253 3527.70819876784 680 728.452911883169 7190.84931842164
21116.3817505674 3600.97157313191 670 718.586173040402 8708.45943991173
20991.5378323576 3552.31601109046 680 742.612396302098 7893.02417651273
21005.2443655635 3560.0314347287 680 739.974572756732 8089.32146435606
21073.6619176713 3577.63341315351 670 726.807608714503 8209.24068612786
20994.479998849 3553.29706223534 680 742.046176096826 7928.9815511939
20991.5378323576 3552.31601109046 680 742.612396302098 7893.02417651273
20999.0252837488 3557.37115279223 680 741.171435610008 7860.94974094227
21175.2644036407 3576.92757117227 690 707.254201172906 7635.95911497923
21593.4892893662 3584.166997557 710 626.766784387775 8046.32027277407
21592.570335599 3581.66231708604 710 626.94363712272 8049.33950202806
21119.9291970895 3561.79534723114 690 717.903466638899 7801.54505628856
21225.2314696069 3602.00014585119 670 697.638034844172 8537.11641212141
21640.4786970778 3597.68833314803 710 617.723668657308 8437.38272993995
21673.8681220274 3624.93757615329 710 611.297870829739 8412.53140794454
21656.1317063326 3619.0202701667 710 614.71124562169 8343.72011387653
21076.7544030968 3535.20252157002 680 726.212459616873 7147.76207319089
21600.2760494974 3587.89369111766 680 625.46067179154 7824.43558394013
21603.5734993549 3586.11521518791 710 624.826077270595 8419.68841637831
21593.4892893662 3584.166997557 710 626.766784387775 8046.32027277407
21593.4892893662 3584.166997557 710 626.766784387775 8046.32027277407
21230.1140457039 3582.93874764364 660 696.698382636191 7647.26499362695
21210.4101368174 3578.12853308763 660 700.490401669435 8174.92706174907
21630.7831406857 3592.12308288394 710 619.589579354961 8405.22716997678
21609.523737543 3581.03256866876 660 623.680953397369 7477.93390398773
21699.932298588 3623.92203335503 680 606.281817711906 8778.78677419873
21630.7831406857 3592.12308288394 710 619.589579354961 8405.22716997678
21652.7413325062 3601.27254997144 700 615.36372336879 7933.55305496434
21076.7544030968 3535.20252157002 680 726.212459616873 7147.76207319089
21623.6885195593 3592.51753160848 710 620.954939827324 8362.593862324
21085.031453553 3582.04469313941 670 724.619540513882 8423.68936488123
20991.5378323576 3552.31601109046 680 742.612396302098 7893.02417651273
21623.6885195593 3592.51753160848 710 620.954939827324 8362.593862324
21076.7544030968 3535.20252157002 680 726.212459616873 7147.76207319089
21012.8158604001 3559.12202664055 670 738.517437896049 8053.20974868459
21596.3681729197 3585.01763723023 700 626.212742989573 8225.31021728774
21100.0523674954 3594.29793628001 670 721.728764277843 8136.96626737918
21100.0523674954 3594.29793628001 670 721.728764277843 8136.96626737918
21100.0523674954 3594.29793628001 670 721.728764277843 8136.96626737918
21105.8469501249 3598.81424969992 640 720.613596330846 8060.53791317573
20554.6690311049 3534.17934435017 640 826.68783630337 7597.925204261
21248.3193701979 3603.2618196261 630 693.194766303756 7665.33387830124
21020.2962987238 3565.09458647437 660 737.077826869426 8571.88547769039
21159.0793566781 3567.48561946382 680 710.369014913143 7813.84701284003
21158.1204938273 3560.72441791112 680 710.553548154815 7250.18239343165
21023.8768148765 3563.1790130839 650 736.388756214562 8090.79642114044
21018.1256928881 3561.23525964743 650 737.495560157275 8299.3983779069
21100.0523674954 3594.29793628001 670 721.728764277843 8136.96626737918
21026.0686561297 3563.81563050781 640 735.966936168716 8527.32265401046
21017.5354255621 3567.70348527273 650 737.60915715714 8199.02368869128
21017.5354255621 3567.70348527273 650 737.60915715714 8199.02368869128
21061.4412340722 3589.12705708023 670 729.159480369699 8345.31185415218
21015.4258687653 3560.54250762936 650 738.015141551962 8024.82961305025
21056.4700615157 3583.221148119 660 730.116182974262 7865.30717450014
21017.5354255621 3567.70348527273 650 737.60915715714 8199.02368869128
20560.1610560247 3521.15103962215 620 825.630895614744 7464.42910323378
21060.7167475379 3587.29825675009 670 729.298907868236 8242.32312606125
21061.4412340722 3589.12705708023 670 729.159480369699 8345.31185415218
21017.5354255621 3567.70348527273 650 737.60915715714 8199.02368869128
21061.4412340722 3589.12705708023 670 729.159480369699 8345.31185415218
20498.7309275678 3518.36761476522 630 837.453129348393 7519.21954553507
21081.6144736326 3534.36292707943 640 725.277138606161 7992.09282535804
21069.9092495437 3529.1945091365 680 727.529810032372 8374.46670441304
21085.342452066 3599.42712290355 630 724.55968882214 8527.81319088125
21017.5354255621 3567.70348527273 650 737.60915715714 8199.02368869128
21114.1981168815 3593.80667283808 660 719.006413539184 8475.10433689494
21019.5702240393 3565.3799306127 650 737.217560007614 8664.66879794295
21136.6414839297 3621.44357101023 650 714.687185536927 7625.64007429648
21138.0550788947 3622.60341452152 650 714.415139059062 7537.59174078533
21129.4253868668 3621.229735094 650 716.075924064175 8102.31324373716
21129.4253868668 3621.229735094 650 716.075924064175 8102.31324373716
21013.9367665337 3561.10420593834 650 738.301719410048 8511.05410659366
21043.0171618292 3577.75908147284 640 732.705194726055 7874.58469631598
21136.2123278724 3619.43516889434 640 714.769776658647 8345.47654981655
21128.0117919018 3620.06989158272 650 716.347970542038 8190.36157724831
21026.0686561297 3563.81563050781 640 735.966936168716 8527.32265401046
21087.2893742835 3588.26537557037 650 724.185003466691 7629.17262759676
21055.1408403292 3580.08430470257 640 730.371991710885 7811.73690351441
21128.0117919018 3620.06989158272 650 716.347970542038 8190.36157724831
21043.0171618292 3577.75908147284 640 732.705194726055 7874.58469631598
21034.1125365909 3569.23571098098 620 734.418890652185 7701.13862732475
21027.6048197671 3563.49353521298 630 735.671301338862 7687.50507340452
21072.2709776899 3576.87964738781 660 727.075295238727 8224.53982345318
21026.0686561297 3563.81563050781 640 735.966936168716 8527.32265401046
21018.0421647788 3567.92669229193 640 737.511635149405 8580.81997661005
21112.2656927004 3610.61946841294 650 719.378308746235 8327.60541698714
21172.9869109714 3632.81220165698 650 707.692504841468 8289.19333996348
20595.2724360484 3566.41388330449 660 818.873707378643 7609.60264807872
21020.8222243401 3564.0474484916 650 736.976612437387 8055.15118918057
21026.0686561297 3563.81563050781 640 735.966936168716 8527.32265401046
21110.8840453293 3611.06684859873 650 719.644206906785 8688.60138377256
21215.1408169904 3648.62697122838 670 699.579981845643 9030.13941310804
21110.8840453293 3611.06684859873 650 719.644206906785 8688.60138377256
21031.9931944917 3561.91088829563 640 734.826758229344 8332.65508967203
21386.6179346649 3565.49919950336 640 666.579195162566 8460.66178638803
21461.8878459762 3527.7695510713 620 533.801954973252 7735.76775025942
20893.9862526065 3592.59909526588 670 634.259440000393 9225.14344284882
21528.2571228567 3551.87007097809 650 512.193954107701 8720.52584532062
20939.2023373612 3567.17890361038 640 752.684367010224 8483.89922492041
21409.8370733341 3500.24072592475 630 543.81913083874 7469.25915619742
2936.93500235678 702.884122481199 570 38.0356889442138 296.526175694823
2960.48129066896 703.636536340363 580 41.823821292693 374.741592646582
3102.26235563533 708.281197281036 610 96.3953786422427 463.285141048034
2938.90305738838 692.156432583622 580 37.6569365767895 200.972148787361
2997.1286824353 703.573923566061 590 26.4514098119311 268.636001474652
2997.1286824353 703.573923566061 590 26.4514098119311 268.636001474652
2991.40483535877 735.807080442918 560 17.5526499397247 442.324017869779
2928.81121278768 701.224345754054 590 39.5991129757334 291.625563501326
2976.80650337288 725.894178097775 560 11.9337493385406 432.411115524637
3090.13827738256 740.15655904592 610 8.55170491859154 445.615921953705
3090.13827738256 740.15655904592 610 8.55170491859154 445.615921953705
3008.7258886073 740.685346305458 560 24.2195264435142 447.20228373232
3090.13827738256 740.15655904592 610 8.55170491859154 445.615921953705
3086.91194086563 733.129541551889 610 7.30988741422833 438.588904459674
3090.13827738256 740.15655904592 610 8.55170491859154 445.615921953705
3057.666159223 701.179634742486 580 51.5347016513001 399.456986582468
2916.64558836623 702.028804595446 520 78.6741231664434 375.837315500774
3090.13827738256 740.15655904592 610 8.55170491859154 445.615921953705
2943.03383001008 728.647262219165 520 36.861969015088 411.088031473441
2918.01402318662 704.95773678358 520 79.2008339743908 384.624112065178
3090.13827738256 740.15655904592 610 8.55170491859154 445.615921953705
2820.50262275226 699.190545556417 490 56.0323221752568 280.455189257552
2820.50262275226 699.190545556417 490 56.0323221752568 280.455189257552
3085.36156740004 735.784933106683 610 9.47098318334134 432.501044135993
3090.73443326982 738.854258727584 610 8.78116542658273 444.313621635369
2928.81121278768 701.224345754054 590 39.5991129757334 291.625563501326
2911.08437023494 699.616163179852 520 76.4851200972792 367.457255630262
2952.04761274543 709.238836261202 580 35.1272657188648 321.945030814836
2886.1218237377 699.005696206714 480 81.2891644105591 319.295421386282
3022.21346588881 734.426838075697 590 24.7858082371578 382.005811812343
3308.29518835041 794.728188363617 620 44.0827645095651 589.510388530268
3183.45261871962 724.934221065223 640 24.8578924487548 502.371910273246
3106.42930987459 695.039225173812 630 38.8909689353521 377.143265547926
3117.1884916464 763.359051367563 590 6.50785600801256 515.996170264722
3124.76210898917 722.04252676851 620 35.3628201007504 447.176303231475
3090.13827738256 740.15655904592 610 8.55170491859154 445.615921953705
3095.61496531439 740.681674822064 610 10.6596830863978 446.141037729849
3095.61496531439 740.681674822064 610 10.6596830863978 446.141037729849
3182.08418389923 722.005288877088 640 24.3311816408074 493.585113708842
3090.13827738256 740.15655904592 610 8.55170491859154 445.615921953705
3039.70752835484 723.346309370013 590 18.2571070941211 378.374923250078
3086.86800535078 734.501334934565 610 7.29297662667744 439.96069784235
3182.08418389923 722.005288877088 640 24.3311816408074 493.585113708842
3090.13827738256 740.15655904592 610 8.55170491859154 445.615921953705
3126.08795926805 705.117813077021 640 35.1076600956129 371.752367965136
3051.54033166794 737.124848799933 570 15.9798830347579 436.520791215746
3032.86412536338 697.393692435269 610 53.0485952955287 295.371860013221
3063.72880390127 742.510013607068 590 13.6342104597842 452.676285637149
3126.2306956782 704.879564297452 640 35.080190460672 361.832971092342
3126.08795926805 705.117813077021 640 35.1076600956129 371.752367965136
3110.86003526636 729.767607268895 600 38.0382754361378 470.351544732631
2920.93388018973 704.759996974843 540 41.1151063410408 301.67621910825
3128.04748268764 703.430806273093 640 34.7305496376848 366.69134755335
3137.97549014543 709.68053047539 640 39.6007639588271 376.235869626156
3126.08795926805 705.117813077021 640 35.1076600956129 371.752367965136
3126.2306956782 704.879564297452 640 35.080190460672 361.832971092342
3063.72880390127 742.510013607068 590 13.6342104597842 452.676285637149
3130.05170221234 709.082554580682 640 36.6333054662036 383.646592476117
3104.80992293756 709.184616231043 610 80.1066516804675 338.941349180754
3126.08795926805 705.117813077021 640 35.1076600956129 371.752367965136
3126.08795926805 705.117813077021 640 35.1076600956129 371.752367965136
2920.93388018973 704.759996974843 540 41.1151063410408 301.67621910825
3045.74174471815 697.435616212305 620 52.0697640401984 319.570137168447
2917.62035292604 711.755090316901 540 93.9469974098291 273.550071523635
