12746.307219128 2357.1124233727 420 435.839492055638 1205.06720397826
12713.0824007197 2344.33138876035 420 447.586239255762 950.406587731431
12774.6588459301 2363.20558099795 420 471.847821750927 1156.53366246242
12862.2805261892 2404.62368141386 420 477.108976728459 934.578666194653
12838.6794192995 2394.61585178445 420 468.764725365848 1298.34449117679
12770.2928551456 2371.92155149921 420 444.586423738211 1092.92483843161
12828.3438965747 2380.83117296107 420 490.828353430514 937.090661662509
12705.7211300769 2337.54287331223 420 450.188841450589 896.988564439577
12812.5475799613 2375.10925829453 420 478.003725766319 1461.20744900849
12827.0047103187 2401.73245920365 420 407.308620432798 1598.99632935691
12719.798168384 2345.47558028986 420 445.211856827619 1248.84841854389
12812.5460598165 2370.73514723124 420 485.242974680609 1048.60230719335
12750.924162972 2349.03629785672 420 470.690732501221 941.339674700444
12716.9892669668 2340.52819405366 420 446.204953447484 991.353227517583
12925.5618387922 2425.6818768795 420 499.482299360423 845.226183474403
12834.0133327482 2379.49411651874 420 492.832801812413 1226.18537242766
12709.5595643156 2337.1515255628 420 448.831750010935 982.1245485668
12846.2768818292 2397.12102204333 420 471.450834003132 1489.14295622988
12765.9795341124 2370.75394386608 420 428.884278392089 788.177143684619
12819.0893639166 2369.07459329736 420 494.790770415659 1510.22537297417
12765.9795341124 2370.75394386608 420 428.884278392089 788.177143684619
12813.6762814032 2397.94906640107 420 412.020931667178 1147.82410596679
12728.0848802724 2347.46046382847 420 462.615826664031 890.822728719931
12845.4686650359 2392.86420760439 420 472.174829353705 901.896474821178
12712.0654377029 2334.56090763943 420 447.945789978448 1086.35972058505
12766.077553493 2365.82711239527 420 428.849623307731 1289.55148275471
12744.5020152817 2357.58361439543 420 436.477727996242 985.134426202034
12817.8735944214 2392.54947878664 420 410.536957418207 1426.55549193715
12699.3285941464 2331.44385379864 420 452.44894420332 878.691505898799
12745.9300077222 2364.98217377978 420 435.972856427148 1085.98546071219
12744.5020152817 2357.58361439543 420 436.477727996242 985.134426202034
12759.8570289829 2367.58375259405 420 431.048910839575 960.420732165319
12764.496611861 2353.11292941928 420 475.489317824577 808.678299858492
12870.8559639951 2408.84664731171 420 437.885608256268 636.334330520457
12764.496611861 2353.11292941928 420 475.489317824577 808.678299858492
12720.2823698597 2302.98723554081 420 828.478500106289 2100.97263022734
12746.7029426887 2314.74116893457 450 819.137417001204 1970.39498066898
12699.3285941464 2331.44385379864 420 452.44894420332 878.691505898799
12746.7029426887 2314.74116893457 450 819.137417001204 1970.39498066898
13020.0200591258 2401.95931783435 460 722.505223777684 2036.82059592397
13020.0200591258 2401.95931783435 460 722.505223777684 2036.82059592397
13030.6689510215 2409.63271091326 460 726.270175613486 2052.16738208179
13020.0200591258 2401.95931783435 460 722.505223777684 2036.82059592397
13058.7331833933 2417.41144884557 460 736.192380122911 2067.72485794642
12795.4782817294 2385.62481693525 420 418.454896153844 1224.83831725427
12770.4882718902 2372.96376409648 420 427.290198863474 1303.82478615713
12862.126614544 2411.22887586429 420 432.424156342237 1247.97724721368
13020.0200591258 2401.95931783435 460 722.505223777684 2036.82059592397
12805.7181575435 2345.07987790978 440 798.272387692699 2422.09854885591
12752.4082777684 2347.78675784341 420 471.215446319508 791.054369778165
12752.4082777684 2347.78675784341 420 471.215446319508 791.054369778165
12743.3697974606 2356.3404922975 420 436.878027445767 471.968520740153
12735.9867849766 2347.45476298399 420 465.409571864356 991.620658144957
12726.2536647 2349.61877805583 420 442.929494217129 896.866430155987
12836.7131353331 2407.42068576354 420 419.82566933938 1276.34727863111
12813.4039056561 2388.88667672797 420 412.117231036076 647.446251263395
12906.4913546005 2428.27852712531 420 444.495995350951 1662.87536761969
12812.7748489436 2390.84359762882 420 412.339636169657 1017.01282853288
12812.7748489436 2390.84359762882 420 412.339636169657 1017.01282853288
12796.4061352467 2389.96623369725 420 418.126850396845 1041.46053943837
13020.0200591258 2401.95931783435 460 722.505223777684 2036.82059592397
12818.7843030637 2392.12594584973 420 410.214973289875 1307.37333198304
12825.9792469693 2407.14478293519 420 416.030666714102 1173.07671651844
12822.2790083339 2374.39912405963 420 495.918480014153 693.948434977904
12814.1571425013 2401.48807848911 420 411.85092159552 1270.41467135668
12766.6966072375 2367.51358756071 420 429.412720751165 473.631597697504
12699.3285941464 2331.44385379864 420 452.44894420332 878.691505898799
12714.3520877857 2345.52287868911 420 447.137337088563 998.651516652553
12894.5705454811 2397.81826169349 420 516.575105564505 1713.28982824917
12735.015160695 2345.94854594018 420 440.613803595156 992.008252589231
12703.4670942519 2324.0466749421 420 451.7677294528 918.850109116947
12774.2449030207 2371.89940571447 420 425.962029190062 784.198464790044
13116.136067018 2435.97395491609 460 756.487364258273 2292.3565144042
12774.2449030207 2371.89940571447 420 425.962029190062 784.198464790044
12774.2449030207 2371.89940571447 420 425.962029190062 784.198464790044
12757.1682353148 2350.24577561632 420 467.996052929887 1167.66807943845
12755.2803974914 2360.04463460467 420 433.44896041464 203.599822099337
13101.3838771011 2429.17997165674 460 751.271677494473 2129.16667099396
12755.2803974914 2360.04463460467 420 433.44896041464 203.599822099337
12574.454893031 2337.60305922657 420 183.369578016787 1249.02661183865
12647.2263998743 2349.61329012446 420 244.567045302601 1731.03633940939
12737.6075317743 2399.98040423897 420 214.602424734323 1954.5816410369
12822.4438350696 2434.29566897975 420 217.156766719855 1632.21628620295
12733.9221379686 2392.24781697574 420 227.082008335922 1890.7750569471
12660.2424329533 2352.67400545616 420 249.168907929742 1666.37858642042
12780.623684705 2393.60735868516 420 291.730107650441 1978.35465996958
12754.6435105092 2403.53237729749 420 193.185732088198 1677.46003245269
12733.1241172271 2393.56612418599 420 200.793986546612 1751.53971597082
12701.542918933 2379.21235284749 420 215.634225661128 1864.70412869061
12633.467473469 2342.13203908912 420 239.702530221082 1654.35391533988
12733.1241172271 2393.56612418599 420 200.793986546612 1751.53971597082
12650.0405930253 2352.80097222584 420 245.562012832921 1574.46419874343
12754.2959313718 2402.02837526899 420 226.41803053922 2140.53834800571
12650.0405930253 2352.80097222584 420 245.562012832921 1574.46419874343
12650.0405930253 2352.80097222584 420 245.562012832921 1574.46419874343
12633.467473469 2342.13203908912 420 239.702530221082 1654.35391533988
12826.3865273602 2429.49116838459 420 251.905905180822 1472.75086818008
12649.3815014129 2350.80460585772 420 245.328988758643 1671.69904887707
12649.3815014129 2350.80460585772 420 245.328988758643 1671.69904887707
12636.0672460252 2341.69821955634 420 238.783371819062 1649.2422646737
12710.207884173 2385.25025914162 420 210.830551967438 1964.92246052105
12775.2910745339 2408.76945229694 420 232.601929307098 996.695491181955
12709.2243718374 2386.14060835782 420 209.243822563446 1699.32617105003
12832.9990570604 2429.83539717928 420 254.243787476728 1331.30557375727
12707.4721537622 2386.07915989125 420 209.863325204979 1763.29801740109
12633.467473469 2342.13203908912 420 239.702530221082 1654.35391533988
12707.4721537622 2386.07915989125 420 209.863325204979 1763.29801740109
12660.4070383811 2360.46692395505 420 249.227104736877 1589.79610220185
12743.8967431226 2403.1173746987 420 222.741362274312 1404.29051428191
12737.1387904039 2399.00933322012 420 200.097812495417 1874.3809797694
12697.3178178324 2372.74189100982 420 214.176652364788 2004.15314641964
12723.1002111722 2378.26290058411 420 223.292104947679 1808.1117595953
12650.0405930253 2352.80097222584 420 245.562012832921 1574.46419874343
12650.0405930253 2352.80097222584 420 245.562012832921 1574.46419874343
12792.4502403771 2412.75076339336 420 251.935864486958 1211.72311610312
12720.4209367967 2391.946331967 420 220.678803661416 1784.93964877516
12707.4721537622 2386.07915989125 420 209.863325204979 1763.29801740109
12708.3781573849 2383.5442855077 420 209.543004552317 1755.69339425042
12712.2314292475 2385.34786084118 420 223.574231822722 1765.14423539771
12695.1899353493 2367.28089108874 420 213.424332298103 1993.23114657748
12757.3929327618 2394.05807936116 420 235.416412938349 1941.60564540484
12682.6733799555 2359.33131069079 420 257.099445296599 1165.05396511976
12771.5813415938 2395.77401202438 420 240.432772988011 1641.05075250222
12807.068671158 2408.91543112069 420 252.979438678547 2270.57193219342
12679.1289115425 2368.14512165222 420 219.102761721409 1897.74871687725
12728.2666477908 2381.36456044224 420 225.118716131475 2006.79647688656
12695.1899353493 2367.28089108874 420 213.424332298103 1993.23114657748
12695.1899353493 2367.28089108874 420 213.424332298103 1993.23114657748
12809.130010034 2405.68819780839 420 253.708232027339 2131.81180265664
12695.1899353493 2367.28089108874 420 213.424332298103 1993.23114657748
12695.1899353493 2367.28089108874 420 213.424332298103 1993.23114657748
12727.7050194073 2389.82218779894 420 218.103491557087 1778.54369055199
12650.0405930253 2352.80097222584 420 245.562012832921 1574.46419874343
12748.1692231836 2406.66949722971 420 224.251912086105 1456.47016050033
12650.0405930253 2352.80097222584 420 245.562012832921 1574.46419874343
12747.359188666 2379.68860358906 420 279.96933228947 1889.52232382935
12707.4721537622 2386.07915989125 420 209.863325204979 1763.29801740109
12714.1259312806 2379.79597253105 420 206.729446732346 1787.18055015209
12735.4503551522 2376.02496776974 420 275.758923822653 1597.88949512329
12735.7610687549 2384.85418389099 420 227.153374723953 1714.15657288957
12695.1899353493 2367.28089108874 420 213.424332298103 1993.23114657748
12750.3527277553 2389.09411596684 420 232.312305237921 1984.87689450849
12781.7490940607 2398.69074672995 420 243.412596997513 1830.39685702299
12633.622122838 2344.60440060382 420 235.191841162884 1969.3294407637
12640.243832095 2346.02494381116 420 233.632126274316 1677.99985744665
12695.1899353493 2367.28089108874 420 213.424332298103 1993.23114657748
12781.7490940607 2398.69074672995 420 243.412596997513 1830.39685702299
12707.6512033011 2377.13471519083 420 217.830055833533 2012.93879478167
12697.1647887347 2370.73854679151 420 213.507529058541 1901.03718590739
12696.295020029 2369.46876346162 420 213.815038733489 1997.60689132325
12711.487500947 2386.49886538001 420 223.837250195737 1705.12426940798
12757.8857804343 2407.75896942222 420 207.432981165285 1785.10992255933
12697.92183889 2372.20708883352 420 213.775186707775 1702.76771437568
12740.7404078258 2389.25664394635 420 222.468009543517 1826.60085005037
12731.6246313075 2384.21604822861 420 225.690923239454 1794.14264457634
12697.1647887347 2370.73854679151 420 213.507529058541 1901.03718590739
12691.7005676153 2368.53372772801 420 215.439422962254 1842.73710002441
12665.724423641 2356.16836571271 420 251.107084324597 1373.7797064624
12696.7583136593 2373.8392956101 420 213.651239699651 1907.23868354457
12656.7535354893 2356.53050844147 420 243.188629263925 1585.65280739032
12701.5140601843 2367.51484137119 420 263.760631672579 1502.7021863176
12706.9716264358 2370.06288252277 420 265.690172725198 2530.5521921144
12696.7583136593 2373.8392956101 420 213.651239699651 1907.23868354457
12699.7193687355 2368.90464436785 420 263.126112425776 1059.64660948726
12697.1647887347 2370.73854679151 420 213.507529058541 1901.03718590739
12679.9013413033 2364.72911719074 420 218.829666560465 2009.79752993616
12699.7193687355 2368.90464436785 420 263.126112425776 1059.64660948726
12677.378266264 2365.30334086219 420 235.896685768448 1805.87856748084
12676.8361976733 2358.10658135042 420 255.035689709217 1773.8506813259
12711.8187326683 2365.3562065101 420 267.403883568258 1601.91378469149
12655.0759963346 2349.57234559803 420 247.342296745947 1467.69386912916
12628.2708051914 2340.77820847554 420 237.865230531757 1657.18900085711
12650.0405930253 2352.80097222584 420 245.562012832921 1574.46419874343
12770.9420109832 2394.39189601512 420 288.307119079463 1735.5444960755
12740.4918197139 2401.00243486079 420 213.582674953854 2133.96927616995
12726.4428548774 2388.33753409583 420 218.549734106111 1779.72546425138
12659.4732709848 2353.05404859847 420 248.896968107883 1681.74068110297
12627.1657205118 2338.59033610266 420 237.47452409637 1652.81325611134
12761.4817867892 2407.41964491336 420 206.16160092594 1900.30429980481
12686.373385954 2363.30110785829 420 258.407594962578 2085.49197556144
12628.2708051914 2340.77820847554 420 237.865230531757 1657.18900085711
12769.9074753093 2413.33495141255 420 203.182670181571 2417.06795841951
12761.9864000342 2409.37441377502 420 205.983193202217 2194.5444811384
12584.9919257807 2332.64022110726 420 78.894180756709 2485.15910987276
12615.6354085191 2349.67804353709 420 73.3538237254671 2491.26278354954
12578.5162649783 2327.58575671525 420 81.1836725897276 2475.05018108873
12608.1489152039 2342.34047912555 420 70.7069486302016 2586.32840196959
12623.7369212834 2354.02577015285 420 65.1957562282081 2527.93020796393
12769.9074753093 2413.33495141255 420 203.182670181571 2417.06795841951
12587.7918781062 2330.95554439127 420 80.5319445805809 2373.03535293659
12582.2323889527 2329.60168282534 420 82.4975208207577 2370.32762980473
12694.4763341835 2361.38813483784 420 261.272419782942 1749.85206135648
12710.8673276414 2383.68452489244 420 224.056514570675 2024.74610041731
12672.4183824398 2364.35259570287 420 237.650269511459 1745.81632737217
12710.8673276414 2383.68452489244 420 224.056514570675 2024.74610041731
12721.6179836795 2379.79811265176 420 220.255583677299 2184.38787605913
12710.8673276414 2383.68452489244 420 224.056514570675 2024.74610041731
12780.8626231547 2415.82344898739 420 199.30944051638 2137.18265035638
12730.3295062349 2391.35162971685 420 217.175595340622 1949.34220012
12724.0558565882 2376.6678996061 420 271.730360221235 1821.44725936572
