56642.7625377206 10002.9348634211 1570 2998.73451571799 40677.1584671143
56724.6054344052 10023.4463061661 1570 2982.98384290729 40822.8509486613
57188.1882772087 10040.127326745 1610 2893.76728321253 40434.8286606951
58427.7033969939 10117.9032080751 1620 2655.22248718833 40038.9975200309
56755.6243493852 10048.3436518563 1600 2977.01424993606 36028.4405181967
56703.8243048014 10017.1726010322 1600 2986.98317316422 39507.5046764252
57188.1882772087 10040.127326745 1610 2893.76728321253 40434.8286606951
57361.8398522789 9989.73527706651 1620 2860.34802200853 40249.5829082502
56753.9921228653 10044.3596437416 1600 2977.32837207628 38413.3839351361
56669.0176842883 9985.68220824877 1580 2993.68171040516 40415.8498993861
57946.3293338973 10085.8016493075 1610 2747.8629688249 41427.0903069507
57845.1971786172 10052.1769225673 1630 2767.32586118313 39701.9188258744
57396.9949318643 10000.5098618703 1620 2853.58242378785 39426.7255572712
57357.6984510831 9980.60898369052 1620 2861.14503504027 39179.6450477954
57414.1479179922 9997.51124944161 1650 2850.28133006842 41765.20380523
55477.417454104 10110.7097805695 1730 1962.6684193446 51314.2938625717
54583.6091181243 10018.1131500159 1620 2134.6819138052 45327.3793887013
58089.7600480574 10027.2558910949 1680 2720.25971501477 47146.1849968199
55087.3450356455 10059.5541494188 1680 2037.73789127808 47653.5552352024
57728.2800112675 9987.72700313543 1710 2789.82658053054 47122.9577790125
55377.6780381558 10055.5892299423 1720 1981.86327889344 53006.0529910594
56941.1510032375 10078.4618151669 1770 1680.97276647322 51124.889816772
55458.9884252549 10063.6373622718 1710 1966.21508760025 47665.1214740101
55826.9941349134 10102.7363591019 1740 1895.39235575535 53536.3147333112
57389.6897359239 9972.73932117315 1670 2854.98830940209 46732.4026578357
55391.2940054021 10064.9626595776 1740 1979.24288477513 50521.669278418
55006.5470250909 10039.3528932052 1720 2053.28747565931 51563.0540693241
58376.5961638416 10004.530213626 1720 2665.05807879434 48024.9735770197
56411.3664901712 10046.7803126727 1750 1782.92984355033 48833.1692066003
55417.6060751521 10071.7438843426 1740 1974.17912459075 50614.8444580938
57353.712119916 10058.2943867442 1760 1601.57534254939 50910.5129407347
57849.3488562957 10039.309825551 1700 2766.52687044137 46408.5738417332
55417.6060751521 10071.7438843426 1740 1974.17912459075 50614.8444580938
57901.002369889 10031.9237473273 1690 2756.58614711548 48390.4285588743
57689.1736762679 10015.9781251802 1660 2797.35259821023 48328.6673551469
57382.2325461883 10037.8909321473 1620 2856.42344623582 50668.578727373
57728.9475049063 10014.7310733558 1660 2789.69812131986 50909.6226732504
56413.0532408328 10127.8483312519 1780 1782.60522823416 52712.9065339664
55418.189551185 10014.0928008368 1690 1974.06683457587 50994.1971917885
57801.4544975673 10036.9957886559 1670 2775.74414407621 47739.3198526087
57668.8287530536 10006.7347959665 1660 2801.26798050836 49685.4346520939
58572.6900487097 10013.2929840276 1720 2627.31979305599 48073.9406738467
57676.3897692078 10003.8241691058 1710 2799.81286227104 54324.7882713379
58088.4441303396 10027.2388084376 1720 2720.51296349763 52860.8229818353
58118.5663316581 10008.7923830661 1710 2714.71594315104 48003.0248833292
56007.2655881015 10110.6796122167 1720 1860.69909841357 52692.4082323207
57773.3485215333 10040.1549573135 1700 2781.1531416859 45523.2029659741
57174.0358821945 10063.2713621776 1720 1636.15405062122 51329.2006609102
57800.4496317765 10035.9054723002 1690 2775.93753058782 50116.2017413578
58036.1269935485 10084.5131827192 1760 1470.24453888581 52244.9526947729
11031.7290195246 2861.88439141498 1477 393.787500258667 4560.4684211296
11021.3513696058 2856.40230099884 1477 353.933563633768 4116.87973348789
10959.240759769 2858.52699476254 1433 365.88675607003 4252.48571777778
10736.2580960857 2851.36634453389 1387 345.414656113022 4567.65739495903
11531.8102109176 2862.9280418029 1642 309.357659829003 4555.92730842677
10846.04436791 2856.42760166208 1411 387.671411840406 4051.26578491299
10926.6683511286 2862.95655500136 1425 418.703597450035 4018.63879759357
11550.8167979564 2868.63935707632 1642 305.699840447932 4485.56870697537
11498.1088909473 2865.69449253306 1639 315.843481881308 4531.87420908702
11482.1703989293 2875.61266448776 1626 349.298402583305 4786.08650569413
11343.0926107017 2867.10996621962 1606 345.676378924163 4395.59770715221
11416.0891755563 2860.30780858444 1626 362.015739950897 4597.71895650382
11487.4805948828 2867.4751928868 1639 406.654464644286 4932.1385454178
11363.4563838099 2861.16211353335 1612 341.757368962247 4336.68223067453
11330.3095946876 2866.36287135032 1581 387.559707414546 4639.48261070458
11326.6502704886 2864.53877134611 1604 348.84070877354 4370.44880880212
11363.4563838099 2861.16211353335 1612 341.757368962247 4336.68223067453
10851.2435150322 2864.28251507648 1411 389.672564500805 4112.19606601142
11510.2933450952 2868.62319083769 1642 401.629954564446 4859.67752008038
10830.07925979 2869.07650555718 1401 393.745627321245 3938.18279639032
11188.7046354831 2863.82788578828 1558 375.388358608196 4089.89643728571
10862.3645139614 2862.51709199785 1411 393.953038984409 4437.10861362186
11169.1533595684 2870.74769060273 1501 320.721219891551 4358.84620361547
11322.1682796362 2858.51900176084 1581 384.426113790193 4662.84206234779
11327.8713299798 2866.30056406738 1606 348.605715764902 4097.68604521404
10851.2435150322 2864.28251507648 1411 389.672564500805 4112.19606601142
11077.8453589414 2861.86988553529 1487 338.293452805277 4308.68038281004
10707.105273146 2856.44680135152 1372 334.1937293318 3712.09250954005
10990.1848776992 2857.39161410201 1477 443.15111992572 4559.72841298698
11077.8453589414 2861.86988553529 1487 338.293452805277 4308.68038281004
11239.6487080185 2864.76358127716 1553 365.584167277562 3901.83932072589
10803.9192054601 2849.10226291866 1420 320.541608190756 4394.11414066429
10651.4582173953 2857.93015996826 1368 312.775167586932 4247.43936310011
10830.1426687268 2854.63377196701 1442 332.526357926123 4095.14084437394
10965.9139931942 2856.01546000591 1451 438.286376933516 3746.53336828026
10624.4571983588 2847.56893792112 1355 302.382470514187 4237.82805016704
11177.9215559817 2860.48552968756 1521 347.022183505248 3914.97536485499
11058.5815032128 2856.02439910038 1501 420.452506315387 3746.56912465815
11154.4107190467 2851.65513947627 1521 351.546846183005 3734.71560105174
11127.0079191497 2855.68936246685 1519 356.820517482032 4268.25597988164
10971.1764708791 2854.63643934382 1488 386.810293684446 3706.10186912317
11154.4107190467 2851.65513947627 1521 351.546846183005 3734.71560105174
10886.2635685022 2856.19675739082 1401 403.151789366099 3884.13646158711
10971.5062378751 2853.13542972419 1488 386.746829996474 3974.37983110387
10971.5062378751 2853.13542972419 1488 386.746829996474 3974.37983110387
10971.5062378751 2853.13542972419 1488 386.746829996474 3974.37983110387
11125.6978904468 2863.91220260041 1521 364.457467345474 3943.27493467906
11189.0503233597 2859.92665372784 1562 388.841830142895 4398.09857633344
11112.9069815027 2861.26318340397 1519 359.534244197467 3845.10353718572
10994.0848688563 2857.9933721357 1481 382.401570438173 4355.62896467562
10886.2635685022 2856.19675739082 1401 403.151789366099 3884.13646158711
11061.0030576749 2858.47602697587 1501 369.52315899547 3853.83702276141
10757.8403352323 2857.75337630696 1397 246.943367568544 3783.47102568116
11104.7340447995 2868.1277012558 1501 380.367477955294 3905.2041014674
11098.1725904471 2870.97249055236 1519 369.919102781814 3887.17015212545
10967.9688845743 2862.80150989482 1477 322.172085491036 3911.19966083598
11203.7175185808 2854.98062407324 1546 248.37078812959 4072.62641596069
11203.7175185808 2854.98062407324 1546 248.37078812959 4072.62641596069
11203.7175185808 2854.98062407324 1546 248.37078812959 4072.62641596069
11212.085060146 2859.619676614 1546 251.591456379671 4017.6342042212
10911.703956725 2867.12463208823 1464 312.057908246683 3834.81443815379
11250.5254996812 2854.10522262661 1549 325.687273640801 7891.44250331625
10881.2894371874 2868.17328035703 1447 340.920179020603 5197.98009475974
11250.5254996812 2854.10522262661 1549 325.687273640801 7891.44250331625
10932.1821667639 2864.40220036435 1455 398.725512207211 5459.11825574287
11139.0004873932 2856.19039412993 1506 347.15027226274 6956.10453447074
10993.7151182644 2854.74889243753 1465 375.110454588016 7187.58236866799
10986.7520856052 2861.09700514516 1447 376.450490848073 6307.75408500727
10715.9415054167 2858.18239655843 1408 372.741403326521 5748.63323817923
10986.7520856052 2861.09700514516 1447 376.450490848073 6307.75408500727
10881.2987271767 2864.57247635347 1447 340.918391161322 5173.49665952492
10830.7620708977 2843.30484176963 1422 406.470783175497 6369.24860242541
10829.9128216095 2864.09103291478 1426 359.362022904065 5040.45732187567
10800.9320735283 2855.3669137753 1416 412.211568845877 6323.94798102464
10746.1707236919 2862.95012584442 1415 327.129674387247 5928.6284714188
10826.0728647113 2863.34803335715 1426 351.546613348191 4983.3329246331
11260.8848085109 2860.70388631652 1554 325.918251086524 6753.08056068743
11212.3756785644 2851.35184557387 1529 335.253837497445 6923.6060830451
10911.7906709773 2859.96945966954 1455 390.876821819495 5898.82180967001
11095.0506610146 2863.43029886096 1485 299.78181231429 6258.84625915538
10935.9712413001 2860.64234328109 1455 330.396660912517 5180.05357284381
11053.1241500318 2861.23983374327 1488 333.511561507406 6761.59264185405
11070.1274156609 2862.10675962341 1508 297.31480311748 6059.10964967756
11008.6780143637 2866.42823423953 1474 316.404235912465 6445.88365566733
10815.0961495441 2861.96418920258 1426 353.659083167075 5158.45522377046
11068.962030504 2863.85392428418 1508 296.866246161474 6089.48815409184
11082.3843350008 2864.87661926275 1508 302.219447892188 5829.26046155244
11008.6780143637 2866.42823423953 1474 316.404235912465 6445.88365566733
10901.2941402022 2856.91618897741 1455 369.999250641931 5570.01728736035
11082.7081493837 2865.07841888092 1508 302.157129785139 6214.10738205723
11312.6922487101 2863.32150089221 1549 369.136473607204 5454.21473632111
10854.732824146 2857.35616625049 1449 346.031001583331 5338.01360091512
10766.4979666019 2857.54348654859 1419 363.011807835003 5846.34660903385
10938.5366160728 2857.08096857417 1465 329.902954307327 5586.23835436936
11249.3675573684 2844.84879829076 1549 346.928632460824 5284.49405278058
10844.2594763788 2858.65035455198 1449 348.046598300901 5613.80649596054
11249.3675573684 2844.84879829076 1549 346.928632460824 5284.49405278058
10928.5967414189 2866.33642214294 1455 331.815884076372 5787.27222314339
11067.645832051 2872.22421201269 1488 305.055874107356 5246.21715823099
11083.3404550455 2870.68793668148 1488 302.035442503793 5131.03750687713
11069.454569334 2870.08390403585 1488 304.707782454955 5317.9495125002
11069.454569334 2870.08390403585 1488 304.707782454955 5317.9495125002
10981.4326825379 2860.62395094087 1465 321.647602467061 4926.35072330935
10885.9646520537 2855.81386813575 1442 297.637362328285 5560.03772712591
10885.9646520537 2855.81386813575 1442 297.637362328285 5560.03772712591
11029.9382543681 2855.07890316304 1442 362.468342143879 5492.63364929547
11490.1362297799 2873.73378150494 1630 242.458554080658 10056.1177753966
11332.7569017805 2873.22409161661 1590 272.74621987577 9281.91941024177
11175.0841773769 2853.07780720129 1546 303.090349835191 8572.04143136088
11134.9593452273 2857.66035686619 1526 257.990143575234 9127.7641759197
11215.1740892373 2872.66357417663 1552 250.584897739213 9078.0122291541
11300.9291867622 2865.63888580796 1577 346.756474040888 8836.04399363652
11177.605473083 2854.66084550991 1546 302.605126250307 7913.11208395615
11292.7528959885 2876.74042396383 1577 280.444994379995 9291.77943829165
11212.0519385039 2859.63148682325 1571 295.975900889186 8439.27586531101
11178.8980559678 2855.04527666959 1546 302.35636855815 8604.21340933782
11192.0337013535 2864.77901292754 1546 299.828412425017 8619.66687205879
11118.8694452387 2851.63993977939 1514 313.90888007932 8823.70661704873
10956.4760292756 2858.84039042834 1472 345.161507552967 8853.64676629722
10991.176971577 2861.38847547781 1485 338.483308093358 8377.42333527921
11207.3498731516 2866.81051568167 1546 296.880813788143 9416.75420543775
11034.5982115949 2866.18946467106 1496 330.126886555713 8954.13354301295
11095.3296851782 2874.12749891445 1512 318.439109015194 8982.4812695748
11544.2350930041 2869.4939289079 1636 232.047222998862 10384.0402213059
11293.5559835444 2867.42093024841 1577 280.290440107795 9787.4758449236
11125.3000945851 2863.41093884501 1514 312.671301035592 9186.88040645548
11188.0106523996 2861.45713855196 1546 300.602648557176 9182.55613798877
11125.3000945851 2863.41093884501 1514 312.671301035592 9186.88040645548
10891.4723811311 2855.80873876416 1414 273.068663284946 9365.28014106556
11215.2300941801 2852.43730660205 1546 399.652130578899 9470.15133521314
11151.0879868912 2865.74759669373 1527 307.708418847329 9191.36577653764
11115.7182082003 2860.79081318635 1515 314.515335930133 9426.65910506895
11095.3296851782 2874.12749891445 1512 318.439109015194 8982.4812695748
11038.0087329803 2866.1825312051 1492 329.470531409075 8954.06420835336
11184.6884752853 2868.40498003625 1546 301.242001840922 9996.13168746908
11017.0323230278 2859.09180917073 1512 333.507443386643 8883.15698800961
11011.3231510672 2859.05229546061 1489 334.606174042742 8881.59949821342
11176.4859891513 2863.24823673084 1514 272.844643626484 10068.0142137958
11072.8318055007 2862.30349735039 1479 292.792900570908 9499.10073047942
11034.5982115949 2866.18946467106 1496 330.126886555713 8954.13354301295
11044.1507656728 2849.09163022533 1514 311.178158310633 8301.82327014455
11073.7867410395 2861.74178112499 1514 322.58505054773 8182.62831696734
10887.4071519378 2859.4516496539 1448 328.104577037166 7093.32489552105
11135.7669732782 2845.50332869318 1546 310.933725696007 9172.78198598366
11021.4515780208 2861.70536065245 1460 140.704600462842 7704.6391668116
11443.5980354345 2869.10146443684 1607 251.450622040315 9258.54320624909
11353.9847999336 2871.08704841471 1590 268.696697253434 8351.3892081755
11274.4130170939 2871.858179771 1571 285.322857263003 7826.24715742304
11206.3962631168 2859.04200269456 1546 297.100124406931 7721.27821330887
10982.2003296989 2861.7319168836 1480 340.210829695778 7920.81637339821
