33787.2425018303 6637.77728345632 1160 1947.6147574909 24889.2961245916
33166.3542817989 6690.56713876568 1070 1702.20903076119 27065.7272556946
33905.8871531915 6692.60707220022 1140 1905.6675387264 25207.5597155308
32653.4668689139 6652.44052273384 1070 1520.87594694309 23474.2544837771
33880.1849724247 6690.87917244725 1160 1914.75463188217 26128.1959394202
33250.2358881741 6727.30154327287 1110 1731.86565710356 27958.1024800801
33250.2358881741 6727.30154327287 1110 1731.86565710356 27958.1024800801
33455.9862724045 6672.07736871868 1080 1804.6094030641 26684.0218562295
33074.5316642859 6651.21290949543 1080 1679.33526044134 30643.7497135982
33163.6392495594 6624.80909712164 1060 1628.49042603908 24985.1896392704
33604.1309030348 6664.97897265436 1070 1472.75310842479 26363.1993000388
33163.6392495594 6624.80909712164 1060 1628.49042603908 24985.1896392704
33535.5045218368 6658.33866236405 1110 1516.35674368273 27785.0422230022
33056.387169062 6655.99667668552 1080 1666.40976274711 27358.3893762988
33165.7150030896 6699.84312127926 1080 1647.09708184166 32000.6895207959
33088.0945768334 6664.81504414287 1080 1674.54004672382 30652.4412951677
33088.516056307 6667.47343870851 1080 1677.76903976858 27045.6424892078
33823.8544988398 6667.24186501909 1160 1934.67046181182 26138.8010666589
33118.1157808776 6675.61959014907 1080 1688.23412275114 27497.6553439707
34444.7177486292 6752.85188449571 1170 2101.56019190796 26600.6577136618
34234.0611262231 6689.2908160099 1170 2027.08182880536 26632.7519823442
34460.201327805 6636.98897342464 1180 1947.12919378664 27609.2986553079
33447.7015951267 6663.98446786789 1100 1804.76030487035 24291.3542722593
33893.2745974276 6680.13983645118 1110 1976.19177910329 22618.3961095622
34035.9791496438 6598.625111074 1170 2097.11438324037 27871.4157479758
34217.0623450301 6684.31903776973 1160 2033.0918055321 27387.5596521192
33912.928812155 6697.1283954211 1110 1969.24296484698 24204.9340020132
33193.14544866 6691.88023124779 1090 1747.44746272148 20299.4111162089
33819.4987528199 6663.96258804287 1150 1936.21045058572 24974.9083987342
33773.2732782516 6645.26301940788 1150 1952.55362385111 23274.3516086515
33797.9758750822 6654.13889345086 1150 1961.28731071702 23168.0177643558
33823.3138000637 6655.09705681346 1160 1952.32900142922 25896.0410427059
33878.976817678 6683.66319083477 1160 1932.64915282105 24525.0988314601
33823.3138000637 6655.09705681346 1160 1952.32900142922 25896.0410427059
33925.4625082271 6655.76924994112 1130 1916.21397931333 24852.772740834
34264.7813379037 6699.8159150419 1170 1796.24665658903 24384.3694512381
34460.201327805 6636.98897342464 1180 1947.12919378664 27609.2986553079
34408.2138362241 6743.75722348593 1170 1846.95770269147 29927.3775852746
33977.8069103022 6702.78429712958 1160 1999.12953068597 30003.3754026373
33561.0495590309 6703.73900580992 1140 1785.69079212701 27254.7884355663
34404.7391704979 6743.3780354584 1170 1848.18618254014 30146.3005573069
34404.7391704979 6743.3780354584 1170 1848.18618254014 30146.3005573069
34548.482017053 6667.37259162803 1180 1978.34113079419 28923.2487657734
34292.5437007446 6691.34445978328 1170 1887.85327128063 29589.7715223793
34215.956835644 6637.09249897292 1160 2036.91482962308 25511.9113762993
34545.1392491879 6669.38636378534 1180 1977.15928388151 26556.8578901066
34572.0980450777 6668.68284985186 1180 1986.69065757467 27785.2003748893
34524.3500602845 6670.92408812233 1180 1924.44919191625 28118.3253757733
33816.100783348 6670.20586792286 1150 1719.40526241088 25434.1261154298
34194.9835437748 6674.93291957859 1170 2040.89784057614 26879.0401671078
34211.1030178183 6634.92070207861 1160 2035.19874587348 25477.1626259904
34460.201327805 6636.98897342464 1180 1947.12919378664 27609.2986553079
33389.3746240331 6652.24380617715 1110 1576.54529107377 25453.5653813829
34540.5267799219 6666.99698520115 1180 1918.72985783977 27386.6339895146
34448.8727571327 6632.09051360355 1180 1951.13444835838 27411.28134666
34116.8235411343 6634.77051537785 1160 2068.53157451846 23008.4145122686
33393.1958763948 6649.54638311837 1130 1813.55349867677 30733.9803648977
33535.2235656735 6695.13687826366 1130 1863.7678697794 31807.692936969
33393.1958763948 6649.54638311837 1130 1813.55349867677 30733.9803648977
33922.0499254216 6718.26997869166 1160 1527.28492327021 32030.5090368772
33878.2148427448 6709.54882511294 1140 1642.07339862168 29923.3115178466
34457.9839201021 6762.09686190321 1190 443.19028431299 30125.2045059093
33737.7940424721 6644.44726066968 1120 1691.71964866791 27391.1004152435
34273.4947015385 6717.32152941083 1150 1403.03043106781 29660.6524662889
34706.4621594254 6681.36804254937 1180 2053.86109955622 24839.2113522058
33333.3001103937 6607.74604845649 1100 1806.35738331554 29616.7574276673
33773.2778120433 6631.23444075723 1120 1961.9129915192 26159.8941248109
33742.0776593138 6612.31967162167 1120 1950.88207173465 28807.5842222085
33742.0776593138 6612.31967162167 1120 1950.88207173465 28807.5842222085
33685.5955784862 6669.79382571307 1110 2173.23506886351 29002.6079345986
34359.1588747341 6645.57829172945 1170 2176.65135342299 25960.5402664673
33748.5947073008 6688.22401204511 1090 2179.53992557623 24007.0476617206
33154.941929055 6647.71776652366 1130 2055.42180266378 23723.547607293
34784.9094393116 6690.28680786152 1160 1966.83869898701 25614.4183873012
34626.283055385 6752.29785872737 1170 1910.75580311223 29461.4748632358
34868.7540584837 6712.15282611679 1190 1996.48224837832 27041.7456955286
33132.4973968685 6631.7935289787 1130 2063.35714311859 22418.7823289444
33828.3614312713 6624.73850418123 1110 2309.38223187358 26255.3181304273
34477.5317340342 6701.04827064972 1180 2134.80022766324 24787.6247632286
34359.6203193517 6651.69196458724 1170 2121.55385070993 28321.2731258279
34520.6097476811 6705.54396991633 1180 2178.47220894544 26505.9799511522
34406.7810136433 6665.10427101734 1180 2159.81438474434 25882.9005456932
34994.4386436411 6754.24787585198 1190 2040.918459606 27329.9807470803
34952.0545735322 6739.45149350983 1190 2025.93342791186 27948.1197173969
34914.8413157787 6730.63408260239 1190 1999.14011240423 27316.1004595748
34868.7540584837 6712.15282611679 1190 1996.48224837832 27041.7456955286
34914.8413157787 6730.63408260239 1190 1999.14011240423 27316.1004595748
34547.8370474313 6729.21982233632 1180 2128.89571584067 27960.3093122508
34895.5564744836 6722.8866767351 1190 2005.95833343117 27106.1487992384
34868.7540584837 6712.15282611679 1190 1996.48224837832 27041.7456955286
33505.5087531625 6636.88750739112 1110 2453.71387961807 25417.2756666328
33700.2566760018 6728.60313511635 1100 2409.60845985416 23801.5158461368
34579.035720613 6695.19406765819 1180 1925.39126996495 26971.0985813371
34899.7467324069 6728.76584173892 1190 1985.52468342923 26943.607576847
34165.268563096 6726.7877096698 1170 2245.20193050584 29479.8212980166
34181.0160996179 6672.57216032953 1170 2066.11245649041 28153.3209025138
35002.076661498 6765.66439511929 1190 2035.81035488076 24821.9977062829
34883.6227908261 6713.0548458235 1190 2001.73913911178 27250.7658925957
34879.7970183927 6721.89145259269 1190 1992.57797246032 26332.6414165831
33633.9761662268 6696.37998630412 1120 1817.71525547079 29956.8315083428
33954.2290633799 6724.60513553579 1140 1704.48875783496 30021.8534115876
34868.7540584837 6712.15282611679 1190 1996.48224837832 27041.7456955286
32902.7451641547 6672.26375896582 1140 182.389324377716 28335.2489978135
34128.2496754674 6646.27354116592 1160 2084.76820465831 25899.5305210708
33954.2290633799 6724.60513553579 1140 1704.48875783496 30021.8534115876
33530.6852630328 6746.6017713567 1170 404.399675425538 28370.5332825916
33727.8905984237 6696.94470506147 1180 334.677060455008 27521.9589369795
33243.3847044021 6698.26846985328 1160 163.37835886126 27834.2763344079
33727.8905984237 6696.94470506147 1180 334.677060455008 27521.9589369795
33231.606685636 6681.25317261907 1140 159.214200392017 30873.3822159457
32702.2147774497 6658.35233761943 1060 1049.17165542407 25182.4934865917
32713.8062155502 6699.26808441648 1070 1070.54696873349 26226.1866772481
32740.4305737494 6704.34726079718 1070 1079.9601008472 26691.9126446082
32692.759053351 6696.09758824776 1070 1052.5147587397 25039.0966112594
32757.3687341629 6717.74960540332 1070 1085.94864489182 25941.1860706547
32701.7737365055 6698.43708252793 1070 1029.89758001109 26040.9944193888
33124.9099791298 6671.95028890591 1080 1219.79209907953 25981.0344828598
32738.6448730981 6679.9114225434 1060 1036.29167158793 25993.9181535107
32724.2640081379 6668.54832668669 1060 1041.37607515429 24972.2410116159
32738.6448730981 6679.9114225434 1060 1036.29167158793 25993.9181535107
32657.4530899229 6677.80243243577 1070 1064.99730181786 25491.0918017103
32677.7812385178 6686.65853642893 1070 1057.81021595765 25610.1275684606
32763.4848862975 6674.89081512263 1070 1347.57516609586 25741.0760366691
33124.5919460047 6665.25481527299 1080 1219.90454076923 24924.5428119927
32783.4494797112 6685.99256217268 1060 1062.30129930292 25041.7661129046
33178.753707828 6688.06803679471 1070 1202.06244946944 23576.4792059208
33181.8932621046 6735.81643322219 1090 1199.64546617666 25082.1044652705
32739.0112759091 6671.62353610257 1060 1046.59002167678 25338.6775254862
32724.2640081379 6668.54832668669 1060 1041.37607515429 24972.2410116159
32783.4494797112 6685.99256217268 1060 1062.30129930292 25041.7661129046
33181.8932621046 6735.81643322219 1090 1199.64546617666 25082.1044652705
33194.5300174733 6713.91519758774 1080 1195.17769846996 24889.7304732831
33050.5213109582 6661.40379161294 1070 1149.33811631709 26779.4144099243
33040.0740423819 6648.03257656512 1070 1153.03178354466 22073.9183041993
33248.9783989753 6724.34783545376 1080 1226.89062712795 25129.2809867316
33510.6579597675 6712.08119957022 1110 1379.0763048641 22529.2040243727
33568.681285519 6739.0129010146 1150 1367.41004894977 26235.1859876752
33516.3291832635 6704.16720487638 1110 1394.89163694643 24298.7879484784
33516.3291832635 6704.16720487638 1110 1394.89163694643 24298.7879484784
33223.1617988532 6723.19315634316 1080 1185.05483508436 24783.3592918811
33244.3499985654 6723.71647096553 1080 1225.25424047 23529.0450339362
33491.1273143912 6700.86345399016 1110 1385.98143075734 23863.3370049228
33533.8736727128 6714.58585193774 1150 1401.09455067744 25843.3655079536
33167.914656207 6697.5609540297 1080 1198.23026601805 24352.7232961086
33556.4716430574 6733.72887315985 1150 1371.72680943998 25787.8560271141
33533.629186143 6719.9524188322 1150 1379.80283753157 25526.8721822653
33509.4186508385 6700.89207467635 1150 1392.44839477674 26143.4564518859
33079.9422511709 6663.22664290594 1080 1235.69059176668 24715.3979249309
33043.008490677 6674.30811313877 1140 1227.5475012445 26253.7185521725
33166.420316291 6691.04955274308 1080 1205.11597863153 24973.0484911579
33176.9053544136 6699.82463000895 1080 1201.40895785277 25243.8430674088
33503.6403999308 6705.03448250336 1150 1390.40547457665 26213.8773849449
32719.2017216732 6656.73430716748 1070 1363.23162909498 23503.2642578376
33564.2560831692 6744.40134957104 1150 1366.33557586886 24261.3670308559
33125.3794048848 6668.91337745425 1090 1242.21710985335 28168.4037892428
33653.4549414233 6634.20872305878 1150 681.749505602812 29847.2922307485
33683.6107509587 6756.35086281088 1110 1340.67963499778 27007.8815867366
34042.2087882985 6708.79075440836 1180 819.194746271733 31057.638111993
33750.2321571238 6685.16285428963 1160 1312.56187097328 30257.9456968264
33346.834455213 6648.32484922502 1160 332.514267555419 33863.6805735859
32538.4793034 6660.92090508576 1060 312.347101009264 28368.1500527948
32065.7243335509 6668.66000401722 1010 479.491223519218 26177.262793557
32543.4789348595 6661.66198455378 1060 330.845502786884 27671.3681257948
33422.944046777 6694.32358084519 1150 251.160539703491 29844.278638857
31996.5461396305 6624.91505551115 1000 503.949408534907 24664.6436622884
32539.0746583227 6668.05522916901 1060 312.136611257739 29076.1439487363
33437.2404753866 6693.90794825132 1150 290.559864427775 31071.791699934
32514.8184284536 6650.07203906546 1060 320.712483570951 28076.2378724952
33060.268481005 6693.33952098865 1110 127.866768092134 27825.8820559013
33307.1436515758 6637.30626362379 1130 318.48144935409 31521.3614694079
33388.9023937596 6659.61449419316 1150 347.387529863833 33622.5853369288
33018.6716948534 6679.54430118976 1140 142.573452873794 27838.0924744813
33388.9023937596 6659.61449419316 1150 347.387529863833 33622.5853369288
33374.3732017084 6672.53895241687 1150 268.332926661488 29748.042432263
33269.8377057172 6624.54339763312 1130 305.291805706509 31355.4442115292
33504.6563756014 6642.9189312126 1170 388.312742618672 34441.4586449242
33313.3312731525 6632.12837147574 1130 320.669103942247 29891.2996515164
33889.545717487 6657.05627071998 1180 524.391674445545 33842.9387607321
33788.3093658975 6656.55658326297 1170 560.18412980131 31883.5069767837
33922.4889152526 6665.44824402143 1180 536.038853712537 33678.8839428835
33970.1082343092 6677.69346651327 1160 1918.23021153734 32152.7294909267
33450.731640038 6645.47784210232 1140 1462.02765152602 28267.5430233146
33054.6570798657 6649.62815117959 1090 1321.99414784935 27283.3707095309
33054.6570798657 6649.62815117959 1090 1321.99414784935 27283.3707095309
34361.5759728415 6645.51639542881 1180 1779.82546527135 32495.6014127503
33568.2417817274 6663.20502909568 1170 410.793578546765 35560.4206404718
34361.5759728415 6645.51639542881 1180 1779.82546527135 32495.6014127503
34431.5263373173 6676.98796559347 1180 1808.79094222499 32674.5987521892
34355.587784731 6653.96010037289 1180 1781.94260948135 32716.424090518
34355.587784731 6653.96010037289 1180 1781.94260948135 32716.424090518
33937.1888963906 6639.48624337146 1150 1634.40470058996 32027.9238502661
34355.0384522792 6653.96010037289 1180 1782.13682783224 32706.7983420779
33878.480537735 6646.75307884334 1180 520.479542626692 33088.9214619267
33312.1147545067 6647.00816971369 1140 320.238999650307 32015.7821686362
33889.545717487 6657.05627071998 1180 524.391674445545 33842.9387607321
33878.480537735 6646.75307884334 1180 520.479542626692 33088.9214619267
33287.6837044016 6656.92472275246 1150 9.28806795821875 30285.9813021786
33120.6932337711 6649.64167609336 1090 880.151871184538 8374.2281280148
33024.8812849332 6685.36828041072 1050 807.51805512766 4200.77110364581
33175.5069871067 6675.75494096283 1080 860.772282841596 7085.7363987349
