1738.62710304279 431.853835367568 217 127.94081050375 362.008954807418
1763.09710105058 445.402076112034 218 119.209492792502 386.110307810518
1670.99351566899 428.531903767289 215 104.028726369756 324.076567465627
1549.81386581345 412.459840523336 196 45.5280849399636 212.720627737865
1586.08442081483 424.762611010009 196 58.351662639398 246.383416125138
1847.18951250417 452.504922057701 245 89.4783355999192 384.255772685779
1564.2641531002 420.418195605842 196 50.6370330052405 235.977931167518
1564.9883707481 418.708776343829 196 40.1630872697451 231.467435199343
1564.9883707481 418.708776343829 196 40.1630872697451 231.467435199343
1673.69359349582 432.000613742582 215 103.074104699214 309.319775157363
1564.9883707481 418.708776343829 196 40.1630872697451 231.467435199343
1543.72940301349 409.921979779426 196 32.6469071466622 221.234435335177
1564.9883707481 418.708776343829 196 40.1630872697451 231.467435199343
1748.2641115718 443.454941835719 223 76.7094451951522 323.488110854661
1564.9883707481 418.708776343829 196 40.1630872697451 231.467435199343
1750.57418664431 438.553338218594 218 122.563404268545 203.021660850739
1737.91495557428 436.41402473078 228 115.579351163357 307.7363310431
1549.81386581345 412.459840523336 196 45.5280849399636 212.720627737865
1737.91495557428 436.41402473078 228 115.579351163357 307.7363310431
1595.41564708037 426.103530250522 196 50.9207539835388 188.668604089236
1610.42365771526 438.502619402464 196 56.2268870295636 174.644698649298
1548.16277184043 409.958650721015 196 34.2143397271746 221.307777218356
1564.9883707481 418.708776343829 196 40.1630872697451 231.467435199343
1564.9883707481 418.708776343829 196 40.1630872697451 231.467435199343
1598.97090607616 428.548203071572 196 52.1777278559358 240.226172316416
1614.28492365384 436.22048127455 196 57.5920506941304 261.213768458703
1774.20927182717 455.48527702131 223 75.518245428628 401.766316437058
1699.24182822341 447.675469561828 215 61.7925011635714 387.909523888363
1682.28148493135 433.473743831307 215 108.019626175379 388.177782804878
1615.97558617089 434.444060792114 196 58.1897901593817 311.534898983566
1637.33407213051 448.166551710055 196 65.7411552883438 310.501271182867
1604.67293852749 432.722228130664 196 54.1937007623775 304.647568337764
1604.67293852749 432.722228130664 196 54.1937007623775 304.647568337764
1615.97558617089 434.444060792114 196 58.1897901593817 311.534898983566
1699.24182822341 447.675469561828 215 61.7925011635714 387.909523888363
1741.13114665889 447.267404093246 227 73.8486170911901 358.696007980008
1619.86472761845 436.502442754295 195 19.7648547120449 217.324007826041
1615.97558617089 434.444060792114 196 58.1897901593817 311.534898983566
1775.55567154483 449.010803817091 242 51.9950824071016 489.213481981014
1619.86472761845 436.502442754295 195 19.7648547120449 217.324007826041
1775.55567154483 449.010803817091 242 51.9950824071016 489.213481981014
1613.66756232899 436.025707697955 206 57.3737805045075 299.27609363799
1775.55567154483 449.010803817091 242 51.9950824071016 489.213481981014
1593.71521980229 434.083814869202 199 112.197850738714 304.794482309078
1624.92349118135 440.084368884059 206 61.3533523145376 327.466325136613
1593.71521980229 434.083814869202 199 112.197850738714 304.794482309078
1641.50387209261 429.163115368313 185 27.4154476104213 202.645353054076
1724.40374018266 451.798435701053 205 56.7249770533927 247.915993719556
1619.86472761845 436.502442754295 195 19.7648547120449 217.324007826041
1724.40374018266 451.798435701053 205 56.7249770533927 247.915993719556
1619.86472761845 436.502442754295 195 19.7648547120449 217.324007826041
1787.91937244793 456.54024557127 224 42.9012295526825 369.722331452147
1593.71521980229 434.083814869202 199 112.197850738714 304.794482309078
1675.6602133391 442.631256814428 226 38.6516786725112 408.699627152856
1618.18683750711 442.542636977985 206 58.9715855667549 343.929203727052
1634.01982925391 443.205800796495 195 24.7694388894539 230.730723910441
1616.73168409534 436.503204580811 199 120.335399728992 218.666876060219
1656.06020009638 448.634922122865 195 32.561886730743 241.588966563181
1618.18683750711 442.542636977985 206 58.9715855667549 343.929203727052
1618.18683750711 442.542636977985 206 58.9715855667549 343.929203727052
1714.03029959956 445.588935904546 215 116.153914289142 584.127914779986
1714.03029959956 445.588935904546 215 116.153914289142 584.127914779986
1768.49966215535 442.379620854616 217 96.8960864740869 559.140273118667
1620.36371305835 404.408798120837 203 149.270053546084 528.028824414636
1714.03029959956 445.588935904546 215 116.153914289142 584.127914779986
1602.57303299937 425.076517116701 196 48.925584658802 578.567508672559
1533.33449144095 417.433354205543 180 48.4271651039339 444.693394995549
1618.13476504521 446.892773383265 198 54.1397571689708 477.63749394607
1533.33449144095 417.433354205543 180 48.4271651039339 444.693394995549
1684.09541842115 446.496204093583 225 0.914759638683612 547.827552748979
1632.8004677569 442.875844807561 206 17.2207440889773 571.592187567481
1613.86384011823 447.015880502503 190 24.975229710193 477.248515900734
1589.79928458846 442.231664453204 197 16.4671245095215 495.440209370544
1617.50425782591 447.506187884459 198 54.3626751341485 500.091151950847
1667.54477448648 451.452331481924 206 43.9543060663026 498.563282734411
1587.97045603612 432.662838454164 198 43.9208993742606 447.597484149176
1617.50425782591 447.506187884459 198 54.3626751341485 500.091151950847
1533.62863863228 427.258289742417 178 84.0171846881644 386.299053490211
1532.48266881887 416.579450247486 198 24.3030040670844 415.430707735819
1617.50425782591 447.506187884459 198 54.3626751341485 500.091151950847
1624.56635379886 433.936923079772 207 84.8418054710456 634.454229761875
1533.62863863228 427.258289742417 178 84.0171846881644 386.299053490211
6545.86295165353 1978.94726854233 540 191.59953032175 8835.90847176383
6714.11298445205 1998.05130811396 572 212.646380857214 8497.86952106114
6714.11298445205 1998.05130811396 572 212.646380857214 8497.86952106114
6338.50953784636 1998.47900155814 575 245.959693561685 9580.44321710461
6636.73359074367 1989.62612897258 511 174.949939701418 8841.54938860154
6659.75270952528 1998.00640235538 580 231.865640371156 8596.78041732361
6377.29123273384 1975.44916055212 568 195.968947819057 9551.50361126051
6270.58308984993 1984.10324316224 471 317.822913393633 8220.08921266792
6701.83229139828 1993.33904645338 570 197.965806041074 9260.4232533609
6240.93014225849 1967.75682635555 471 307.339013231595 8012.96124947991
6605.78206209401 1997.68644869309 571 132.094955880577 9125.60682277527
6554.86572510559 1982.71127814069 568 103.315112688143 7314.38089419777
6605.78206209401 1997.68644869309 571 132.094955880577 9125.60682277527
6689.98028301125 1997.74653035215 615 281.909529255974 10136.7199041867
6273.32976497522 1951.72431925674 558 249.634592737448 8787.91967881375
6428.59797591247 1998.77802609287 568 214.10862083016 10032.506023718
6205.27822417692 1967.77242331765 527 273.694445721783 7806.14758845487
6201.64883273396 1917.8103166541 558 274.977629372232 8634.90501344571
6483.38362455584 1994.09626483131 588 175.816020096223 8422.40830452542
6507.05582527143 1990.12622752356 527 185.754710275714 7248.96834714108
6518.57261343416 1993.45131613395 604 162.928152146038 8867.64284987768
6482.75192134977 1994.267552734 588 175.59267928587 8619.42513471149
6482.75192134977 1994.267552734 588 175.59267928587 8619.42513471149
6174.71544339559 1912.87425126456 503 68.2546414324479 7708.96509819604
6581.30462219122 1998.27576709359 631 127.63898092814 10522.1640218736
6423.923089672 1990.72079765785 569 174.72150735251 8713.38469746611
6554.46061658086 1997.33709117982 594 116.439851698828 8684.11363312325
6521.1716264359 1996.53728860065 608 140.484950851743 9463.02115210879
6309.2893037215 1963.01143191968 531 115.833686035901 7937.08627947666
6679.73236548388 1963.33867467827 589 242.91776078615 9500.9555162126
6267.08801121762 1949.51801452768 531 100.913275983737 8151.41192978737
6040.2524521574 1921.37073333259 456 290.522851327126 6713.91477073953
6421.81866469394 1999.42158450218 531 155.618823149 8080.88250094867
6739.99777492053 1972.30384416818 558 253.2420647911 8015.40758321396
6307.19278622561 1998.08219325648 471 182.543849010084 7901.34708923933
6129.50571279948 1963.78579823162 427 266.636563996516 7197.65229439573
6056.01040422287 1986.63423902807 379 241.960012861484 7421.76627046829
6310.64185404734 1996.07638629704 466 331.985825298604 7239.79133285397
6144.18243732095 1996.47300691113 409 265.290325032506 6002.2590793962
6144.18243732095 1996.47300691113 409 265.290325032506 6002.2590793962
6418.62765554947 1996.05002088119 480 256.494501910106 6236.45090255982
6268.96587408328 1995.89198388326 466 309.407932189707 6441.80163485773
6253.88723854557 1997.54753648395 450 304.076829469829 5871.76208394494
6389.32016378316 1989.90134128543 470 307.092678466564 6061.56075346901
6253.88723854557 1997.54753648395 450 304.076829469829 5871.76208394494
6271.01243132451 1995.6468522026 452 310.131499441387 6266.93694076989
6207.59666128501 1998.00176695053 420 242.843718007859 5493.14643760264
6144.14525321947 1996.41181630949 409 265.27717846735 5474.06702991012
6407.70109905596 1996.55260826015 479 368.304169580889 6447.21717968045
6274.21623012611 1994.41531070843 439 415.498197583936 5863.64665979434
6144.18243732095 1996.47300691113 409 265.290325032506 6002.2590793962
6237.11433199296 1986.46716107546 433 442.893323233959 5275.27343908265
6144.18243732095 1996.47300691113 409 265.290325032506 6002.2590793962
6484.80149538023 1982.2234144117 497 276.29868746711 6936.53248650332
6248.51325293374 1995.45759420671 440 241.261831669846 5712.37550866791
6357.62428141199 1988.21919656792 463 321.262622671788 7016.72770341153
6271.01243132451 1995.6468522026 452 310.131499441387 6266.93694076989
6204.94840328347 1994.38718111393 401 243.806311733782 5655.01142152515
6134.65165084847 1994.16416473846 400 436.835771223947 5407.79989174202
6134.65165084847 1994.16416473846 400 436.835771223947 5407.79989174202
6144.18243732095 1996.47300691113 409 265.290325032506 6002.2590793962
6225.50486914198 1997.55270142152 419 433.486245421022 5798.87069609983
6134.65165084847 1994.16416473846 400 436.835771223947 5407.79989174202
6134.65165084847 1994.16416473846 400 436.835771223947 5407.79989174202
5943.22867065796 1989.49214606972 358 378.395892738585 4384.58580964377
5950.26497762442 1994.32341863783 358 375.908182553338 4418.40471762052
6350.8170305867 1961.46224131431 473 323.66934928169 6527.3126476042
5950.26497762442 1994.32341863783 358 375.908182553338 4418.40471762052
5956.29369201578 1999.30116244371 358 373.776710139355 4824.85406871558
5956.29369201578 1999.30116244371 358 373.776710139355 4824.85406871558
6144.18243732095 1996.47300691113 409 265.290325032506 6002.2590793962
6423.0254242884 1994.13554156767 464 244.385592903508 6040.96908198359
6334.18747095747 1988.98259575384 466 456.850812741364 5546.41119762111
6088.48498351198 1993.45116978804 381 420.51338945474 4956.04596514594
6141.49771672161 1999.22172769975 389 439.256221025622 5395.24240492915
5956.29369201578 1999.30116244371 358 373.776710139355 4824.85406871558
6040.13549726847 1999.22309873847 408 352.887740432975 5509.66073787947
5956.29369201578 1999.30116244371 358 373.776710139355 4824.85406871558
6145.83402321857 1997.24295155182 409 264.706401238546 5989.49581713646
5912.86911151371 1992.01639482972 347 358.423802467758 4914.09023058065
5912.86911151371 1992.01639482972 347 358.423802467758 4914.09023058065
6170.38882133044 1998.20814116008 427 273.387833366328 6349.77794878521
6052.0146183406 1997.63465678398 395 341.812860592692 5933.6216632613
6052.0146183406 1997.63465678398 395 341.812860592692 5933.6216632613
6147.79243913465 1995.15011354287 416 265.398805825865 6239.31174772417
6501.83571476332 1990.01268445048 499 441.489065255676 7218.44422428636
6145.83402321857 1997.24295155182 409 264.706401238546 5989.49581713646
6188.98916159723 1994.03659712604 414 249.448755743251 5420.7565004141
6160.89883536099 1970.46400941457 430 441.65607320449 5331.32299668074
6182.1630500682 1989.52207501754 409 440.998216058713 5777.65283428579
6038.98337412975 1995.30976709707 384 441.40875573384 5318.06061892297
5826.74283250383 1997.24268507718 333 377.522173624189 5027.75092386721
6745.09449779606 1996.83470201038 572 90.5532882724276 8303.93443271796
6698.4088129846 1997.39820639595 636 264.885467782887 8744.98191632953
6639.60019373872 1997.61105087949 525 127.851157160178 6994.69393293641
6675.75660260513 1990.97755394656 586 196.304534370793 8068.08023064502
6591.31834840354 1976.52718889615 462 154.092255757945 6385.41162834723
6633.09964482329 1979.9940587594 569 211.386046426956 7830.93363004886
6539.92065749622 1992.87488189264 571 208.851443041095 7374.61637060243
6455.72691992956 1990.15720047638 438 202.031065030307 6918.22919593478
6590.09462164327 1997.12214164642 573 226.590618184792 8276.73648792252
6434.92279767169 1995.21613772141 438 211.095466610259 7505.19284195749
6225.1533259742 1962.70375564128 401 207.568240475663 5382.1939169199
6786.95490871327 1997.76537785422 635 177.13074854474 9916.64962278058
6602.47667165482 1981.524935602 544 249.159066148748 8576.89660629885
6776.56221508378 1995.18077620938 639 160.439318582752 10259.599071695
6384.77130067338 1933.64608931156 541 171.808193055143 7540.79655084692
6628.02394951735 1992.81437566353 499 248.587468004578 6933.63233897959
6758.15331527088 1994.83151337343 639 166.947847528695 10346.5488613824
6341.84162836771 1922.67418307459 488 147.40673803427 6729.494832647
6391.40693645196 1939.22752923523 488 164.930720763255 6899.59710591257
6280.96680702235 1967.4167629346 432 197.439725800618 5979.15122731165
6408.26649458447 1996.78218972489 459 266.86258252605 5683.02317095569
6931.32014847362 1997.66747729061 598 304.36720505597 7994.58019974788
6455.96850796392 1952.12343896895 506 300.16034381023 6775.73922218356
6574.1238516241 1975.07196074265 526 348.282071094188 7527.08378776244
6605.3026481858 1995.57805902368 493 134.28397728943 6456.21259786686
6633.38669463735 1998.65546170226 596 158.395281646768 8670.22595878459
