1605.20722755292 420.361231185288 207 132.830983014585 332.453995984151
1639.39673564016 439.859588590123 207 120.743166507626 385.126902631791
1766.89748437106 446.093603335425 219 73.3323612336125 394.2086786112
1869.26386579011 445.93198031809 259 37.1403800001424 460.535778443244
1705.59712180529 442.700511452958 227 95.0053122633384 373.532691067949
1639.39673564016 439.859588590123 207 120.743166507626 385.126902631791
1869.26386579011 445.93198031809 259 37.1403800001424 460.535778443244
1758.64658410154 443.664620740671 244 76.2494949993486 388.357776515025
1705.59712180529 442.700511452958 227 95.0053122633384 373.532691067949
1639.39673564016 439.859588590123 207 120.743166507626 385.126902631791
1616.30618069737 427.333474807968 207 128.906910498329 412.201713138575
1758.64658410154 443.664620740671 244 76.2494949993486 388.357776515025
1705.59712180529 442.700511452958 227 95.0053122633384 373.532691067949
1610.85558056639 430.083239912167 207 61.5091191282938 397.741828131169
1610.85558056639 430.083239912167 207 61.5091191282938 397.741828131169
1716.41546118528 449.354000495576 227 98.830172831724 438.664462919054
1628.93706138064 419.18905702391 197 124.441219806578 374.604345623951
1650.61378409493 421.592935877269 197 120.947899559182 305.035280778115
1633.57606714158 438.18809869812 207 69.5420241928819 394.918927026799
1639.39673564016 439.859588590123 207 120.743166507626 385.126902631791
1693.8130872745 440.876329946976 224 90.0076076622193 409.348813915909
1685.10063601574 438.693714934403 214 51.3253381685662 391.57200215383
1679.24954123296 439.262761879517 214 57.9431797961747 386.647858731654
1633.57606714158 438.18809869812 207 69.5420241928819 394.918927026799
1687.58858062927 431.098429949889 214 119.350531194899 424.684372772883
1632.56649016692 442.565890642426 207 69.8693806043308 483.125246794875
1671.36020236698 426.166879181862 214 113.612933036434 404.958169700776
1650.60665425493 428.768484522089 197 116.779861773097 362.944694495723
1633.57606714158 438.18809869812 207 69.5420241928819 394.918927026799
1685.46080573982 437.722015641432 214 51.1979989414299 405.285145521624
1633.57606714158 438.18809869812 207 69.5420241928819 394.918927026799
1633.57606714158 438.18809869812 207 69.5420241928819 394.918927026799
1633.57606714158 438.18809869812 207 69.5420241928819 394.918927026799
1639.40898338402 440.785680547271 207 71.6042715074427 425.011082512546
1703.25127639564 442.592713000557 227 96.3792719922159 415.965151740018
1706.3672715832 445.937672413495 227 95.2776013285836 458.972941056716
1633.57606714158 438.18809869812 207 69.5420241928819 394.918927026799
1727.62161752477 441.339066017978 227 77.0697904259022 341.244187372702
1576.09658728089 433.546286144983 186 68.8727298901795 288.574938875067
1655.44468649517 448.612402291839 207 115.069359070761 476.038495590189
1639.39673564016 439.859588590123 207 120.743166507626 385.126902631791
1640.6566854851 440.136704635615 206 57.1275757853954 383.885676084795
1639.39673564016 439.859588590123 207 120.743166507626 385.126902631791
1640.6566854851 440.136704635615 206 57.1275757853954 383.885676084795
1640.6566854851 440.136704635615 206 57.1275757853954 383.885676084795
1639.39673564016 439.859588590123 207 120.743166507626 385.126902631791
1670.41178179294 451.439272801877 207 109.777691780903 381.710802939897
1591.76648015585 440.458999557904 186 74.4128736463526 347.221577743984
1606.04699205697 445.268631551264 186 79.4617970484037 344.647446756603
1591.76648015585 440.458999557904 186 74.4128736463526 347.221577743984
1596.79590222799 432.23546887585 198 88.7661019832402 393.178076479463
1507.30694297318 422.216767662941 178 56.2113905117749 346.066231921068
1575.27749586874 444.401356414981 178 80.2426099484996 335.641639441576
1595.36280560756 448.712574597882 199 63.7427248625773 514.953636816288
1724.36904019101 459.014786922245 219 70.8562549341053 166.406905149763
1827.19096898987 445.959310519784 245 161.668200213801 218.197787589524
1724.36904019101 459.014786922245 219 70.8562549341053 166.406905149763
1707.3679836155 451.565649911 219 76.8670361300454 184.544911583605
1740.57341010171 433.290204215669 233 128.427324028197 165.819035289435
1703.5767381017 449.406507267752 219 63.5050660321911 147.190345840778
1711.47848632901 456.281802937176 219 75.4137539586405 183.744087030811
1705.6210553967 452.157520134025 219 77.4846685249221 186.320522252681
1724.36904019101 459.014786922245 219 70.8562549341053 166.406905149763
1724.36904019101 459.014786922245 219 70.8562549341053 166.406905149763
1724.36904019101 459.014786922245 219 70.8562549341053 166.406905149763
1724.36904019101 459.014786922245 219 70.8562549341053 166.406905149763
1740.57341010171 433.290204215669 233 128.427324028197 165.819035289435
1681.85588252195 433.004832545787 214 107.66754306512 169.521612025579
1783.19740598612 450.020360342687 233 143.497182293765 148.318767409401
1740.57341010171 433.290204215669 233 128.427324028197 165.819035289435
1681.85588252195 433.004832545787 214 107.66754306512 169.521612025579
1740.57341010171 433.290204215669 233 128.427324028197 165.819035289435
1740.57341010171 433.290204215669 233 128.427324028197 165.819035289435
1627.15401493489 425.885887641549 206 147.402681590245 163.811079652272
1681.85588252195 433.004832545787 214 107.66754306512 169.521612025579
1670.28177262287 446.314674909452 195 132.154716630974 246.794330869711
1724.63609337861 451.442982009971 214 112.937562234388 217.083153273481
1724.63609337861 451.442982009971 214 112.937562234388 217.083153273481
1682.53386667539 433.662607355728 214 107.907246661336 157.346858351641
1681.85588252195 433.004832545787 214 107.66754306512 169.521612025579
1724.36904019101 459.014786922245 219 70.8562549341053 166.406905149763
1681.85588252195 433.004832545787 214 107.66754306512 169.521612025579
1724.36904019101 459.014786922245 219 70.8562549341053 166.406905149763
1724.36904019101 459.014786922245 219 70.8562549341053 166.406905149763
1770.12091047908 445.930775215238 233 129.018873540773 212.008013376687
1697.78219470874 439.547941327614 214 103.443275309007 180.381992541213
1695.79305536714 439.677325628604 214 102.740008350421 193.551840510747
1681.85588252195 433.004832545787 214 107.66754306512 169.521612025579
1695.79305536714 439.677325628604 214 102.740008350421 193.551840510747
1724.36904019101 459.014786922245 219 70.8562549341053 166.406905149763
1707.51321789372 448.348032079292 209 76.8156880585473 192.109512694319
1724.36904019101 459.014786922245 219 70.8562549341053 166.406905149763
1665.18018151679 449.21982208941 206 133.95840146395 187.145014100133
1631.19673766648 437.764938710693 199 103.797638401035 136.808932120678
1631.19673766648 437.764938710693 199 103.797638401035 136.808932120678
1554.23818956438 428.404489978125 186 94.734484050004 151.993093834449
1651.73774301827 449.960735799331 196 96.5352963127156 178.792556508321
1724.36904019101 459.014786922245 219 70.8562549341053 166.406905149763
1566.49749494654 456.28475886765 176 53.0515867791631 200.397314304423
1691.44760274264 443.539681808605 219 82.4957407671807 138.002122876774
1566.49749494654 456.28475886765 176 53.0515867791631 200.397314304423
1691.44760274264 443.539681808605 219 82.4957407671807 138.002122876774
1723.20437881496 459.028812510997 219 70.9680898043181 143.852931410988
1614.73030486133 421.360516701125 186 157.240568275392 155.650069603584
1702.83624902348 449.461953892453 219 63.766868456494 154.286072792444
1566.49749494654 456.28475886765 176 53.0515867791631 200.397314304423
1768.46203061802 452.350848095049 243 63.5142696300166 200.342069989356
1630.54454612893 439.069291891388 193 64.9804119958322 192.278716238189
1696.60018559765 447.243986073864 216 41.6262166938581 159.601716276176
1736.82839967578 442.543327793781 228 55.8490381786909 105.175056303217
1696.60018559765 447.243986073864 216 41.6262166938581 159.601716276176
1693.74749244511 444.676807879642 206 42.6347960302624 196.060800534406
1601.74635592758 432.785329800524 196 38.7796438777995 124.930341150236
1735.42208090213 447.954733293576 235 49.4435613041521 135.449488023839
1676.80731768482 437.059941097831 206 48.6240522540059 137.526613127936
1719.28005958801 444.958593747848 235 43.7364949375166 96.4639431894438
1652.30649369707 429.059431315333 216 80.9420134404117 109.493515893087
1652.30649369707 429.059431315333 216 80.9420134404117 109.493515893087
1696.60018559765 447.243986073864 216 41.6262166938581 159.601716276176
1674.24984261667 435.960456923508 216 64.4134974265621 131.280595396204
1724.77159584166 446.865518687354 216 2.55628142538553 188.248698741011
1662.96557312147 456.018247091241 196 56.0139739048903 242.831457340668
1696.60018559765 447.243986073864 216 41.6262166938581 159.601716276176
1696.60018559765 447.243986073864 216 41.6262166938581 159.601716276176
1696.60018559765 447.243986073864 216 41.6262166938581 159.601716276176
1601.74635592758 432.785329800524 196 38.7796438777995 124.930341150236
1696.60018559765 447.243986073864 216 41.6262166938581 159.601716276176
1640.00467244948 439.582695477396 196 64.1318781885474 176.300853071304
1655.72334393281 452.071099057904 196 58.5744885899956 219.027730044563
1696.60018559765 447.243986073864 216 41.6262166938581 159.601716276176
1696.60018559765 447.243986073864 216 41.6262166938581 159.601716276176
1696.60018559765 447.243986073864 216 41.6262166938581 159.601716276176
1696.60018559765 447.243986073864 216 41.6262166938581 159.601716276176
1653.19893264537 450.554385518454 196 56.9708768311343 172.500530255951
1662.96557312147 456.018247091241 196 56.0139739048903 242.831457340668
1635.89197270322 444.757772082214 196 63.089811199541 157.042726626447
1696.60018559765 447.243986073864 216 41.6262166938581 159.601716276176
1656.72898778725 452.58907204414 196 58.2189397955285 206.178182961816
1650.75431341014 452.526339930351 196 57.8351802504588 224.661981281235
1606.41256423726 437.072721089145 196 36.0194658656239 163.30004801213
1631.49016954508 438.513850680956 196 64.6460836308288 182.62451353305
1662.96557312147 456.018247091241 196 56.0139739048903 242.831457340668
1662.96557312147 456.018247091241 196 56.0139739048903 242.831457340668
1696.60018559765 447.243986073864 216 41.6262166938581 159.601716276176
1638.93655150762 444.111451793489 196 62.0133900403175 155.750086048998
1635.39503259459 438.757073346834 196 63.2655060598702 183.301190206474
1620.82032201633 434.634587974664 196 70.9145703305198 227.306638614145
1592.74530446365 439.257898499544 189 101.595146999727 206.278001827054
1635.39503259459 438.757073346834 196 63.2655060598702 183.301190206474
1644.35871406798 441.490057331903 196 60.096366082754 160.903740730375
1644.35871406798 441.490057331903 196 60.096366082754 160.903740730375
1597.03663374499 437.580688712605 189 100.077932982155 202.923582253176
1644.35871406798 441.490057331903 196 60.096366082754 160.903740730375
1656.72898778725 452.58907204414 196 58.2189397955285 206.178182961816
1659.43551797959 453.983560565555 196 54.7659109404961 209.153804634804
1620.82032201633 434.634587974664 196 70.9145703305198 227.306638614145
1541.66073355642 430.313657759031 173 119.656270250978 135.049201674087
1661.33816725973 454.535944396865 196 56.5893487651818 212.018800019992
1648.884949794 449.10553367832 196 60.9922260239854 255.64934749192
1648.884949794 449.10553367832 196 60.9922260239854 255.64934749192
1597.03663374499 437.580688712605 189 100.077932982155 202.923582253176
1583.58241074415 442.585146459606 196 86.5326543177716 209.508128050303
1629.10278749565 441.716250974355 196 44.0416712319475 172.587107782548
1662.96557312147 456.018247091241 196 56.0139739048903 242.831457340668
1662.96557312147 456.018247091241 196 56.0139739048903 242.831457340668
1617.66477972373 446.684504522826 198 98.606918067046 217.626832160581
1648.884949794 449.10553367832 196 60.9922260239854 255.64934749192
1738.62710304279 431.853835367568 217 127.94081050375 362.008954807418
1670.99351566899 428.531903767289 215 104.028726369756 324.076567465627
1549.81386581345 412.459840523336 196 45.5280849399636 212.720627737865
1586.08442081483 424.762611010009 196 58.351662639398 246.383416125138
1847.18951250417 452.504922057701 245 89.4783355999192 384.255772685779
1564.2641531002 420.418195605842 196 50.6370330052405 235.977931167518
1564.9883707481 418.708776343829 196 40.1630872697451 231.467435199343
1564.9883707481 418.708776343829 196 40.1630872697451 231.467435199343
1564.9883707481 418.708776343829 196 40.1630872697451 231.467435199343
1543.72940301349 409.921979779426 196 32.6469071466622 221.234435335177
1564.9883707481 418.708776343829 196 40.1630872697451 231.467435199343
1564.9883707481 418.708776343829 196 40.1630872697451 231.467435199343
1750.57418664431 438.553338218594 218 122.563404268545 203.021660850739
1737.91495557428 436.41402473078 228 115.579351163357 307.7363310431
1549.81386581345 412.459840523336 196 45.5280849399636 212.720627737865
1737.91495557428 436.41402473078 228 115.579351163357 307.7363310431
1595.41564708037 426.103530250522 196 50.9207539835388 188.668604089236
1610.42365771526 438.502619402464 196 56.2268870295636 174.644698649298
1548.16277184043 409.958650721015 196 34.2143397271746 221.307777218356
1564.9883707481 418.708776343829 196 40.1630872697451 231.467435199343
1564.9883707481 418.708776343829 196 40.1630872697451 231.467435199343
1598.97090607616 428.548203071572 196 52.1777278559358 240.226172316416
1614.28492365384 436.22048127455 196 57.5920506941304 261.213768458703
1615.97558617089 434.444060792114 196 58.1897901593817 311.534898983566
1637.33407213051 448.166551710055 196 65.7411552883438 310.501271182867
1604.67293852749 432.722228130664 196 54.1937007623775 304.647568337764
1604.67293852749 432.722228130664 196 54.1937007623775 304.647568337764
1615.97558617089 434.444060792114 196 58.1897901593817 311.534898983566
1619.86472761845 436.502442754295 195 19.7648547120449 217.324007826041
1615.97558617089 434.444060792114 196 58.1897901593817 311.534898983566
1775.55567154483 449.010803817091 242 51.9950824071016 489.213481981014
1619.86472761845 436.502442754295 195 19.7648547120449 217.324007826041
1775.55567154483 449.010803817091 242 51.9950824071016 489.213481981014
