1627.76301282538 435.331677566905 200 58.4539240479809 229.455258868992
1512.18522227061 420.335711385233 190 17.5910043200604 199.463326505648
1627.76301282538 435.331677566905 200 58.4539240479809 229.455258868992
1729.96046225232 441.572257326048 237 68.8434605979179 344.951888209043
1512.18522227061 420.335711385233 190 17.5910043200604 199.463326505648
1512.18522227061 420.335711385233 190 17.5910043200604 199.463326505648
1512.18522227061 420.335711385233 190 17.5910043200604 199.463326505648
1780.78804416335 452.576639633329 239 72.4049514146949 329.807060912166
1512.18522227061 420.335711385233 190 17.5910043200604 199.463326505648
1512.18522227061 420.335711385233 190 17.5910043200604 199.463326505648
1529.16127497761 419.110714467615 190 110.110194466592 234.0904554015
1711.03489601349 453.291976021193 218 52.8139730785553 333.497244544377
1711.03489601349 453.291976021193 218 52.8139730785553 333.497244544377
1594.9327525516 430.514197434755 198 58.5182759287581 247.654420137698
1711.03489601349 453.291976021193 218 52.8139730785553 333.497244544377
1780.78804416335 452.576639633329 239 72.4049514146949 329.807060912166
1634.63690311895 445.125095214119 210 79.824742500941 245.653605071626
1512.18522227061 420.335711385233 190 17.5910043200604 199.463326505648
1711.03489601349 453.291976021193 218 52.8139730785553 333.497244544377
1661.77656185341 428.387508834832 237 30.406977810628 291.154371273254
1508.21234320714 417.523967726497 190 18.9956291833674 193.839839188174
1512.18522227061 420.335711385233 190 17.5910043200604 199.463326505648
1524.35357404967 426.387503438319 190 21.8931663494812 211.566910611818
1694.63408454169 441.776087664091 237 42.0238663635625 334.898717364394
1512.18522227061 420.335711385233 190 17.5910043200604 199.463326505648
1512.18522227061 420.335711385233 190 17.5910043200604 199.463326505648
1524.35357404967 426.387503438319 190 21.8931663494812 211.566910611818
1745.60103125357 442.082551366197 236 50.1757756091448 164.660207524558
1524.35357404967 426.387503438319 190 21.8931663494812 211.566910611818
1674.90233293072 442.569716521654 216 60.2342558081486 157.300773134208
1614.40317913127 439.825960182167 196 38.8445748543281 151.813260455233
1662.96557312147 456.018247091241 196 56.0139739048903 236.831457340668
1643.18453862771 443.691536018081 196 63.0076257196028 187.518534152674
1644.54764191492 447.411375907112 210 64.3881865724383 260.982313515378
1643.18453862771 443.691536018081 196 63.0076257196028 187.518534152674
1659.43551797959 453.983560565555 196 54.7659109404961 213.12172696495
1677.70274957717 441.773378719152 216 61.2243526085719 188.701363272142
1712.73237929932 452.947307230531 216 73.6091969680676 211.504024967235
1641.91988013508 445.774884428484 210 28.8160751780645 303.07607434581
1647.88876920987 443.524743857588 196 61.3444290471482 188.581393436239
1643.18453862771 443.691536018081 196 63.0076257196028 187.518534152674
1643.18453862771 443.691536018081 196 63.0076257196028 187.518534152674
1647.88876920987 443.524743857588 196 61.3444290471482 188.581393436239
1662.96557312147 456.018247091241 196 56.0139739048903 236.831457340668
1647.88876920987 443.524743857588 196 61.3444290471482 188.581393436239
1647.88876920987 443.524743857588 196 61.3444290471482 188.581393436239
1592.92719864883 445.595603843255 190 46.1376038317835 284.689756798034
1647.88876920987 443.524743857588 196 61.3444290471482 188.581393436239
1662.96557312147 456.018247091241 196 56.0139739048903 236.831457340668
1647.88876920987 443.524743857588 196 61.3444290471482 188.581393436239
1658.58797059437 452.965551291845 206 33.7926061553382 233.089270384884
1590.38882435116 443.990197907972 190 45.2401529922478 279.873538992183
1582.11991908002 441.944179659601 190 49.9585541664248 282.208696047811
1662.96557312147 456.018247091241 196 56.0139739048903 236.831457340668
1592.92719864883 445.595603843255 190 46.1376038317835 284.689756798034
1649.01705227927 442.995040789043 207 103.779288795434 180.813980759933
1592.92719864883 445.595603843255 190 46.1376038317835 284.689756798034
1637.1076013664 442.658448351426 206 72.9326824257258 418.680384882134
1637.1076013664 442.658448351426 206 72.9326824257258 418.680384882134
1654.49707693867 445.128483599521 206 69.2425465873004 378.959349057996
1654.49707693867 445.128483599521 206 69.2425465873004 378.959349057996
1607.95191248162 425.558049497055 206 51.5056338469735 373.533818225889
1654.49707693867 445.128483599521 206 69.2425465873004 378.959349057996
1811.2879406093 458.179427583741 253 114.226557360507 506.790018867775
1811.2879406093 458.179427583741 253 114.226557360507 506.790018867775
1811.2879406093 458.179427583741 253 114.226557360507 506.790018867775
1640.13893656705 434.312504553299 218 53.7162466847085 422.343085068554
1811.2879406093 458.179427583741 253 114.226557360507 506.790018867775
1640.13893656705 434.312504553299 218 53.7162466847085 422.343085068554
1811.2879406093 458.179427583741 253 114.226557360507 506.790018867775
1639.9190284292 436.938420742142 206 74.3966650660579 374.773338369984
1639.9190284292 436.938420742142 206 74.3966650660579 374.773338369984
1620.91914586805 432.042135914954 206 46.9210245165846 417.802347791864
1612.887749272 428.151814521211 197 104.309629538526 305.041649104029
1659.51447419132 445.941878698489 215 75.4536580921693 283.334844417145
1652.22173637231 441.127567996135 234 5.77503381235195 300.883541320331
1729.56513722291 445.967368509199 242 33.1200554230974 383.915219464007
1666.90151076158 446.464093544178 215 3.1736929820246 300.839747151621
1691.16231665417 457.028905303589 227 5.4037971998262 359.657672480808
1628.96315307814 432.707733421332 223 16.5869279745444 304.444332965014
1648.05839849314 439.557608511109 223 9.83573921386132 277.085298567506
1628.96315307814 432.707733421332 223 16.5869279745444 304.444332965014
1615.861947879 436.255330447978 210 24.1161937520939 310.291233966402
1615.861947879 436.255330447978 210 24.1161937520939 310.291233966402
1622.85826976477 438.681374152285 210 21.6426204276987 275.435730156835
1627.81240427411 432.150503343677 223 16.9937791159293 276.694203470169
1666.90151076158 446.464093544178 215 3.1736929820246 300.839747151621
1615.54297528475 436.449679609197 190 3.94638208357219 248.186511462894
1585.00601181507 441.844172534611 190 42.9357187085431 247.745041177008
1691.16231665417 457.028905303589 227 5.4037971998262 359.657672480808
1630.94310890989 441.067323884532 206 9.54212569043167 320.002546825868
1607.10980485387 433.673502658958 190 1.11578023238534 267.721934401012
1574.31121376816 433.53039872881 190 46.7169008197366 217.168209934084
1599.84132878575 450.156462890363 190 37.6906420930326 274.019882577553
1585.00601181507 441.844172534611 190 42.9357187085431 247.745041177008
1585.00601181507 441.844172534611 190 42.9357187085431 247.745041177008
1585.00601181507 441.844172534611 190 42.9357187085431 247.745041177008
1546.82647036643 410.658147065231 190 1.27258333103324 237.153893330624
1596.83751838819 451.403502416295 198 29.6856300231854 318.607303888277
1724.16451308687 451.135471648004 237 57.1800498238674 467.8909069656
1691.99529148464 448.426534355225 217 12.8044180417046 201.681526734562
1589.3973787051 442.663054584487 190 60.7383740626517 161.393655010893
1704.67489724538 431.991038319347 219 8.32150043360785 95.5591269634425
1781.58804587208 454.657145543305 238 18.8714040445653 140.891341411357
1690.98787620669 446.860750550069 217 13.1605931289595 105.054861556287
1691.99529148464 448.426534355225 217 12.8044180417046 201.681526734562
1761.46726882356 454.821513624412 236 11.7576350976903 178.855957144849
1761.46726882356 454.821513624412 236 11.7576350976903 178.855957144849
1720.34268168555 440.614929715224 236 2.78210212170123 112.780136641346
1739.16948281903 446.199705878243 236 3.87417725306523 118.364912804366
1739.16948281903 446.199705878243 236 3.87417725306523 118.364912804366
1720.34268168555 440.614929715224 236 2.78210212170123 112.780136641346
1720.34268168555 440.614929715224 236 2.78210212170123 112.780136641346
1691.99529148464 448.426534355225 217 12.8044180417046 201.681526734562
1739.16948281903 446.199705878243 236 3.87417725306523 118.364912804366
1751.61997374578 451.151259847798 236 8.27609053476849 184.564812339879
1720.34268168555 440.614929715224 236 2.78210212170123 112.780136641346
1589.3973787051 442.663054584487 190 60.7383740626517 161.393655010893
1781.58804587208 454.657145543305 238 18.8714040445653 140.891341411357
1720.34268168555 440.614929715224 236 2.78210212170123 112.780136641346
1589.3973787051 442.663054584487 190 60.7383740626517 161.393655010893
1761.46726882356 454.821513624412 236 11.7576350976903 178.855957144849
1781.58804587208 454.657145543305 238 18.8714040445653 140.891341411357
1761.46726882356 454.821513624412 236 11.7576350976903 178.855957144849
1570.37335796853 421.835975784548 190 125.292777402525 135.682500802388
1741.11667697009 445.266503538844 236 4.56261434731431 182.927483969743
1660.74446597611 447.425846033932 210 67.0659572336437 68.8806507062652
1660.74446597611 447.425846033932 210 67.0659572336437 68.8806507062652
1564.22943234957 418.832183057592 190 127.464983136661 122.678708075433
1745.7810112708 448.038221719477 236 6.21170555419025 165.289373334978
1589.3973787051 442.663054584487 190 60.7383740626517 161.393655010893
1691.99529148464 448.426534355225 217 12.8044180417046 201.681526734562
1745.7810112708 448.038221719477 236 6.21170555419025 165.289373334978
1571.25540928206 424.253566198737 190 124.980925169947 138.100091216577
1745.7810112708 448.038221719477 236 6.21170555419025 165.289373334978
1691.99529148464 448.426534355225 217 12.8044180417046 201.681526734562
1691.99529148464 448.426534355225 217 12.8044180417046 201.681526734562
1745.7810112708 448.038221719477 236 6.21170555419025 165.289373334978
1585.07060365254 441.574168187675 190 62.2681200528182 210.509440239757
1691.99529148464 448.426534355225 217 12.8044180417046 201.681526734562
1617.3945346423 438.339086237008 209 9.13346803392023 71.6858144290886
1695.97617143946 452.309636763648 217 11.3969644361343 186.881566171579
1589.3973787051 442.663054584487 190 60.7383740626517 161.393655010893
1617.3945346423 438.339086237008 209 9.13346803392023 71.6858144290886
1695.97617143946 452.309636763648 217 11.3969644361343 186.881566171579
1589.3973787051 442.663054584487 190 60.7383740626517 161.393655010893
1517.79399454424 416.566596256591 189 44.3475766905098 39.2601103877854
1617.3945346423 438.339086237008 209 9.13346803392023 71.6858144290886
1518.36920471191 437.529783124949 178 44.1442091854265 77.9097167387421
1775.17386022815 457.418145282213 236 14.6895469312872 112.372276176177
1552.67640917637 434.824062438668 189 32.0147807252419 34.8240624386684
1617.3945346423 438.339086237008 209 9.13346803392023 71.6858144290886
1617.3945346423 438.339086237008 209 9.13346803392023 71.6858144290886
1607.16298380561 455.351044488698 180 31.4723467735582 191.98661405402
1574.2562488865 443.083734897497 180 19.838059069552 167.451994871619
1589.3973787051 442.663054584487 190 60.7383740626517 161.393655010893
1589.3973787051 442.663054584487 190 60.7383740626517 161.393655010893
1552.67640917637 434.824062438668 189 32.0147807252419 34.8240624386684
1574.2562488865 443.083734897497 180 19.838059069552 167.451994871619
1536.57325442934 407.16581569342 190 137.242918611208 133.429149078869
1617.02995227287 450.250640176688 181 24.2098399775711 175.539327984096
1617.38195353436 437.476121386518 204 29.1703901778855 144.274428202478
1611.23463260726 436.969630857258 204 26.9969840210436 143.26144714396
1617.38195353436 437.476121386518 204 29.1703901778855 144.274428202478
1617.38195353436 437.476121386518 204 29.1703901778855 144.274428202478
1617.38195353436 437.476121386518 204 29.1703901778855 144.274428202478
1617.38195353436 437.476121386518 204 29.1703901778855 144.274428202478
1674.909235562 438.861934081838 216 8.83142456540017 147.046053593118
1617.38195353436 437.476121386518 204 29.1703901778855 144.274428202478
1624.22123027373 436.968366061191 204 26.752340697476 130.656275070772
1617.38195353436 437.476121386518 204 29.1703901778855 144.274428202478
1611.03256761027 442.244584585492 181 26.330235659725 118.985647833373
1618.07390934663 436.461875531931 204 24.578934540634 129.643294012253
1537.46661971941 436.869008401057 169 52.3397259687456 117.343961700932
1617.02995227287 450.250640176688 181 24.2098399775711 175.539327984096
1617.38195353436 437.476121386518 204 29.1703901778855 144.274428202478
1617.38195353436 437.476121386518 204 29.1703901778855 144.274428202478
1617.02995227287 450.250640176688 181 24.2098399775711 175.539327984096
1617.38195353436 437.476121386518 204 29.1703901778855 144.274428202478
1605.87662318865 442.091104951636 181 28.1531372916977 155.708287223739
1616.08024412687 452.09055851011 181 24.5456125126618 176.75311643522
1610.1906755335 450.758395502015 181 26.6278894579807 189.157481115802
1696.96636525728 449.012028331367 218 83.6238993840254 243.068243562967
1610.1906755335 450.758395502015 181 26.6278894579807 189.157481115802
1744.04741434188 445.334175827081 237 68.1230845024685 203.727266078413
1610.1906755335 450.758395502015 181 26.6278894579807 189.157481115802
1522.61599007626 419.128556876471 190 63.8765957629878 142.739980847652
1531.30884411945 408.251573328195 210 1.2572438372246 268.400951347477
1805.91273918168 444.477983584504 256 49.9993196123491 450.390871141955
1805.91273918168 444.477983584504 256 49.9993196123491 450.390871141955
1697.91706206136 439.541505333887 237 45.9299601204723 211.925294933924
1668.10554294071 433.425632777238 237 28.0352775446734 323.623135969894
1531.30884411945 408.251573328195 210 1.2572438372246 268.400951347477
1805.91273918168 444.477983584504 256 49.9993196123491 450.390871141955
1798.47673525931 438.556938620409 256 52.6283440115685 418.548781213765
1538.71544591983 415.620021948363 210 1.36138534207304 264.912891679322
1831.81336480219 453.137582030609 255 53.013042274831 325.451107388953
1835.27463299984 454.731734569599 255 54.236785381864 323.451775690402
1805.91273918168 444.477983584504 256 49.9993196123491 450.390871141955
1745.6364500688 440.385775589602 254 71.310206000589 398.441886592685
