7251.05420656038 1987.7116235698 958 234.13697749116 5223.22435708891
7165.55840169038 1988.71925777606 907 280.049646201434 5803.6978622799
7165.55840169038 1988.71925777606 907 280.049646201434 5803.6978622799
7226.59033537285 1970.42177914968 929 242.786262096547 4084.6181541267
7087.76301516235 1980.55587983882 887 307.554468880933 5336.53684157949
7248.77270123194 1992.09683257169 929 234.943611435687 5211.49881541969
7317.11714520654 1989.49535999061 999 210.780201540255 4956.35832264026
7266.80038078769 1985.50803799168 974 217.411519227349 5088.57863136951
7226.59033537285 1970.42177914968 929 242.786262096547 4084.6181541267
7226.59033537285 1970.42177914968 929 242.786262096547 4084.6181541267
7252.22150408037 1987.08219024622 932 233.730786334635 4503.1762506503
7270.70581689675 1976.70953832971 974 227.189084026118 5279.19291394838
7207.60686742447 1978.42796733855 932 292.290725155084 5109.19899458147
7228.56949041743 1978.98011076685 929 242.086525120026 4243.197266651
7124.95019095787 1973.74697839041 887 278.727990614353 4765.19633185492
7241.30361815886 1984.39798806166 929 237.584331080794 4414.47927342962
7048.04798179038 1986.49656591691 878 321.59585358712 4859.0157989776
7114.23031467068 1976.25256109855 887 223.485731240837 4765.95390002366
7071.61094289938 1981.62200475758 878 313.265088794613 5735.16895875208
7022.99826114562 1987.0659914885 859 330.452267254487 4744.81338316487
7011.68908236103 1984.29718383946 846 338.965943607137 4943.64708488724
7105.29612511458 1981.3893534881 887 301.355578409677 5969.25171202047
6997.67924003457 1981.00902818997 859 334.012716350941 5125.3833013832
7005.30351518975 1983.47082737298 859 336.708304682872 5137.69229729824
7178.5120943307 1985.98286155172 878 251.5408443143 4179.07606831467
7101.56733552805 1977.82795461322 878 327.35443011617 5795.56060537426
6990.06367337635 1987.53680022123 815 331.320206937638 5113.44085241677
6997.18504225368 1984.70219621344 846 333.837991049884 5243.15367676559
6969.6454847942 1988.20488456422 843 324.101287134646 4927.20217909685
7121.41832866897 1978.39897332715 860 271.726538745743 3970.56745881268
7186.04712590309 1985.63978344238 878 248.876808353654 4494.67511548326
7186.04712590309 1985.63978344238 878 248.876808353654 4494.67511548326
6947.97455369597 1979.47639957517 815 316.439455967552 5127.83169069275
6986.23756757393 1990.02484880926 815 319.520155173874 5480.65545686285
6993.95788371891 1990.52257168778 843 332.697018207933 5352.49682887303
7076.26962032407 1984.46385674283 878 314.446213848952 4965.57221740867
7171.79416490288 1989.65485339973 878 253.915991041273 4188.59021807308
6986.23756757393 1990.02484880926 815 319.520155173874 5480.65545686285
6952.18032640269 1981.60433101059 815 317.926421168078 4891.75076219234
6911.49399508115 1971.14541842787 809 345.94599865375 4188.89365045802
7062.60027462171 1986.86394057978 843 296.593643314681 5939.74438764036
7038.42923058539 1988.4647042486 843 301.067615755472 5342.94529446808
7139.23729114718 1975.45510488494 878 265.426584144716 4043.21917438189
7056.841905107 1985.16700357928 843 294.557752248466 5717.52464447299
6766.90801913185 1989.81523590115 759 331.093519742933 6257.97476812379
7044.43474790416 1987.33456316605 843 298.944344745153 5004.84289174118
6971.46282723412 1982.20249715572 815 324.743814716149 5250.69533234878
6766.90801913185 1989.81523590115 759 331.093519742933 6257.97476812379
7124.45556420979 1984.56995312125 859 270.652713822256 3580.84434552708
7112.74032170485 1985.13539568047 852 223.465489606903 4152.64640961507
6887.08711002636 1986.26946798226 800 286.729988378629 5163.10567573242
7185.33075541341 1984.277376092 878 249.130083569201 4699.51760270561
7010.35128791458 1987.17119398349 815 310.994667587619 5658.72929967724
6893.59366678677 1986.24746887696 793 380.246244937349 6387.72892804463
6914.6276111803 1995.7818590854 800 276.992950817015 5190.13809282333
6779.624912363 1991.51765722771 759 339.952205389131 6284.74671018257
6944.84220582819 1989.23043908433 787 250.668621989706 5331.18994131216
6934.55991791999 1985.23733322699 787 258.196071733254 4755.63466775326
6893.82267284089 1995.26246681847 779 382.117139364369 4852.17763074402
6866.14936518755 1991.46321432173 779 372.333147614598 5377.79447002751
6950.3464833915 1989.79227725243 787 252.614677984979 5265.36425040137
7181.30326114182 1985.74505067317 893 333.240410163448 7782.83129493176
7171.11020699533 1975.83985115261 893 321.939888731657 8156.13074666585
7045.09312338527 1996.68842906988 824 274.712119555494 6848.5762180787
7073.8777741387 1966.29922034254 884 295.259764997362 7495.61425537653
7093.83807115155 1980.55909990563 884 302.316795683503 6211.5564769361
7237.22224168682 1985.07774446823 938 322.515254835579 6997.1356832966
7160.98233947161 1976.79424975689 893 325.52063063415 7771.66432601359
7176.23672079554 1986.08481370054 893 331.449117645443 7980.06652757129
7084.49283851399 1991.02144860465 855 260.782216683326 8665.06562253067
7190.19687923174 1983.0567830952 893 315.191731047332 7950.30613776
7243.43365777308 1974.57636104035 938 355.206822551334 7686.199415995
7045.79172872968 1991.09450395808 850 274.465125267294 6012.76258788934
7077.96753507893 1973.03565595532 884 296.705713844496 7116.3387041497
7073.8777741387 1966.29922034254 884 295.259764997362 7495.61425537653
7155.01444604825 1990.7728375235 891 323.945910452437 7189.245548227
7432.64634119263 1991.6959443589 1019 301.64190094735 8902.66227928129
7162.81592972098 1964.65902079801 929 315.83942830924 6889.57402170894
7192.40459052665 1983.80328260724 910 282.986434042861 6555.42519053122
7389.88242833349 1988.3215145782 1010 296.867428037946 9644.33989207935
7126.66160682268 1993.80115265986 891 358.936088843976 7583.09936908907
7245.67151468035 1980.41382583097 961 295.217955994946 9659.88000914022
7082.26179817717 1987.7443898209 886 374.63379173229 8838.70954293187
7438.14022278527 1990.7091394741 1015 313.986588765566 9430.94054099804
7361.18115292475 1995.26116246534 1004 286.777448679473 9502.52478148161
7082.26179817717 1987.7443898209 886 374.63379173229 8838.70954293187
7121.49026633911 1977.84504733306 887 307.301153127103 7532.65420666007
7121.51656447045 1986.40773768695 904 388.512447452227 8779.97854242116
7102.20233325881 1976.5288321089 904 381.683835520648 8631.79495875043
7121.51656447045 1986.40773768695 904 388.512447452227 8779.97854242116
6921.24493296407 1987.9901328516 841 406.937812420707 7803.93743572455
6964.73197960333 1987.49948707572 805 296.571104387657 7855.49202344965
6981.15473596419 1996.20302105137 805 302.335295452006 8184.07448624385
6798.69812411063 1994.24061188437 776 363.610972644185 7842.77671088011
6790.31814368074 1988.59528881258 776 360.648202150091 7589.58570982426
7046.03525762063 1982.80082332382 850 322.392079550218 8977.73321088899
7105.10516028243 1958.59586158381 887 343.276443918314 8820.97576368783
7046.17487810572 1984.12542038584 850 322.44144284612 9008.34559927079
7046.17487810572 1984.12542038584 850 322.44144284612 9008.34559927079
7141.40233698642 1991.82624246637 887 356.109433810972 10682.5152335061
7046.17487810572 1984.12542038584 850 322.44144284612 9008.34559927079
7072.40270160125 1977.00329804794 902 364.602753057815 10362.6212734916
7038.26434649388 1983.89159661681 856 319.644647573359 9064.82396676512
7132.17774295272 1989.81413956382 913 282.660785458701 8996.36419809291
7348.48735659332 1994.92540371649 999 359.137782779253 10346.5345578618
7218.17366418319 1990.32454451948 932 313.064934986924 10183.3568733762
7046.17487810572 1984.12542038584 850 322.44144284612 9008.34559927079
7138.41444032798 1974.75841098224 887 355.053052816639 10539.9531859498
7069.62018310983 1971.19727675837 887 409.501830376296 9691.74913363784
6998.99687573274 1978.78582230179 833 446.709068519315 9051.99811291487
6998.99687573274 1978.78582230179 833 446.709068519315 9051.99811291487
6884.11486154862 1992.15142352173 780 410.054313652087 8624.60448825559
6937.81941062903 1984.94071962102 812 461.272707186347 9107.06681455402
6932.05174120125 1970.50911626551 833 427.002559987735 8584.63114399856
6884.60585031252 1992.86269257635 797 442.576138231028 9290.96655797279
6884.77168908432 1992.90020899378 797 442.517505370967 9323.57526557274
6881.7792800716 1989.74633989298 797 441.459529018478 9180.14144977743
6844.41046823607 1993.90912674538 779 456.787351850351 8948.52397223148
6789.21750156456 1993.59765679247 765 476.301012353965 9189.77374526171
6884.77168908432 1992.90020899378 797 442.517505370967 9323.57526557274
6291.04083438639 1910.50539406753 543 527.433430559422 6936.24851885499
6291.04083438639 1910.50539406753 543 527.433430559422 6936.24851885499
6592.33457760378 1997.19370008669 606 426.580436961773 8304.67932657318
6592.18074681257 1970.91055400068 564 420.964393478184 7850.7380744133
6638.114458659 1976.06271573151 626 378.302016133974 7806.71106156702
6546.94852062676 1996.77819836885 594 410.534042631887 8291.11817801559
6556.8822863977 1983.27246243565 564 453.880433103765 7445.17502408949
6541.77608941252 1992.36746809995 546 438.785131003663 8111.98471261399
6291.04083438639 1910.50539406753 543 527.433430559422 6936.24851885499
6527.40925498442 1996.08263883916 580 413.967797838288 9204.113181909
6541.77608941252 1992.36746809995 546 438.785131003663 8111.98471261399
6615.53003285129 1997.56246886766 556 395.143819334535 6157.19376435993
6507.32472558654 1998.78821773348 577 472.346827068499 9694.65163939069
6600.31113801056 1992.57608993757 556 389.763127462513 6337.85080038506
6615.53003285129 1997.56246886766 556 395.143819334535 6157.19376435993
6323.45414317091 1995.32437415996 509 498.580607968077 7512.37041844101
6615.53003285129 1997.56246886766 556 395.143819334535 6157.19376435993
6292.14917968425 1971.03757713295 474 487.51263198497 5694.3326304717
6650.43502280629 1938.33939433406 628 433.216877708912 8805.59334803123
6372.24294612348 1988.57607907697 498 515.830054674944 8080.79502697164
6371.36879007518 1989.09726390105 474 515.520993840162 5895.85795403577
6507.89570271564 1999.17284116991 569 484.895659134781 9031.40857811436
5973.48114064867 1930.16280042512 451 374.84646631023 6061.15193629143
6243.79589846911 1978.575203847 452 470.417165465047 5547.18750206357
6328.44237477958 1995.55118186159 536 429.813107959969 8797.39287054249
6487.71464734152 1998.66131483863 568 492.030739688051 8732.18051551758
6836.23143113155 1997.94818454399 631 330.222088520325 8554.26139872783
6656.88125154294 1996.43347345579 664 407.850071723021 9274.32310866616
6615.23597903305 1969.82747636945 645 323.970216475222 9235.10385809241
6304.52354534991 1977.02167022731 495 491.887630922504 6214.04522071874
6754.68264418932 1999.80886526178 715 373.272057748148 10359.7945939969
5941.29462868553 1943.2535751058 435 363.46681587429 6594.73639795111
6669.60563792168 1998.48200003464 662 435.214332011442 8465.68336733277
6095.13663346378 1963.67878649377 451 417.858178279309 7317.53421260517
6095.13663346378 1963.67878649377 451 417.858178279309 7317.53421260517
6604.4370798375 1998.63080735799 671 412.173767340706 9627.28455907122
6542.84131721982 1998.76778133828 587 457.111668606468 7251.76132071158
6477.30098652432 1994.01393186725 598 433.93966246847 8586.90847917283
6725.28595127284 1978.8524303991 595 333.614860905348 6850.76672457953
6452.48207182236 1997.8157170509 534 466.048780594458 7294.88998228739
6022.5953155627 1941.37618201931 451 392.210949377276 6417.51325191409
6545.90834565058 1980.94613998106 570 392.859683025478 8538.31308135674
6517.21104979704 1960.67765652727 554 403.005709275354 8227.47237633942
6652.50663974587 1998.48593780547 558 355.171494716628 8790.66608614423
6251.38985418461 1999.89775544115 504 166.067288990883 6280.27667942833
6022.5953155627 1941.37618201931 451 392.210949377276 6417.51325191409
6249.60856959871 1999.26098497524 475 471.967413818638 8117.69874358485
6223.98163485262 1996.89385620268 481 175.757557865833 6244.22988856671
6530.06913155362 1996.00545315371 501 359.282679520804 6540.08427813883
6373.99572702412 1995.97346032548 438 304.102398167965 6081.24242027986
6240.74117622528 1997.7664256622 428 351.21499641488 5970.14522597623
6027.36332214033 1997.61007958691 403 275.83379524443 4867.32714385659
5999.75717761398 1987.85989279404 386 285.594041242927 4912.86566329823
6560.2614389143 1998.0540340451 498 271.535693895818 6206.35696055235
6617.62768182394 1998.58331990436 534 328.34566638876 6492.23710251242
6545.82213445269 1998.33473476892 505 332.15554384698 6006.61074813865
6351.59259518417 1998.03747707447 470 197.76011668385 5791.20640379016
6545.82213445269 1998.33473476892 505 332.15554384698 6006.61074813865
6587.11288851071 1998.60814889836 530 317.557057749615 6116.74397505459
6758.66282273983 1996.88288581121 542 269.594526413838 7733.13056042055
6775.59539500745 1995.35913235399 582 274.386754850881 7809.65768379745
6811.06206647479 1996.60288879955 572 286.926116801218 7583.04348238537
6755.47781048326 1995.30440060304 569 281.499395069954 6661.47274310059
6646.90260972309 1997.6218182683 561 319.88652543306 7114.08692487562
6739.58305162283 1997.40908399268 561 287.119040957725 8085.76524170508
6739.58305162283 1997.40908399268 561 287.119040957725 8085.76524170508
6499.36824595174 1995.00262660506 508 272.45327829125 7008.37629853797
6605.95189478131 1997.33540239594 540 310.136288716746 7338.53808029987
6201.15175780357 1982.9599979497 449 214.39030456979 5283.7519858724
6499.36824595174 1995.00262660506 508 272.45327829125 7008.37629853797
6669.77010273243 1974.97207014111 560 225.774430067597 7330.54902591308
6583.75731217456 1997.78155877841 551 279.84273955193 6645.30434842079
6803.78218096757 1995.26281263808 607 264.421221104753 8291.66395708442
6709.32980822639 1996.46075380706 565 250.958331964785 7412.32479523384
6775.59539500745 1995.35913235399 582 274.386754850881 7809.65768379745
6742.19981736373 1992.47920140948 564 286.19387455764 7151.75967312468
6540.51630092532 1999.6608042504 513 304.933270672467 6117.61891615517
6154.19890044915 1993.73294122492 415 230.990646485487 4371.84016402326
6644.6149233586 1990.55045055769 563 320.69534470384 7190.54291751039
6536.21845191125 1997.64899934351 485 282.369380604178 6679.11624026176
