7157.90087523181 1998.41296246522 846 430.933294962696 7863.8772072871
7170.55133015026 1993.1098371915 919 476.792112584042 9030.7070209128
7066.25076468272 1987.4570823179 878 534.708705188828 9054.58887954043
7158.53913158932 1985.07578162458 887 481.262535135653 8392.7243254002
7186.85310110025 1976.35750251232 932 482.555658976084 9228.55053408297
7156.66849522481 1990.87094543191 869 431.927450701448 8297.29558299415
7158.53913158932 1985.07578162458 887 481.262535135653 8392.7243254002
6994.93008773799 1981.66102956859 849 509.493038035611 8866.97697155729
7101.39439118807 1983.15571523853 878 501.466251859089 8784.33478156639
7034.68856793201 1987.88720192951 849 523.54978351304 8866.21524017854
7069.9786572616 1985.89650902292 868 536.026714249855 9164.82023731427
7034.68856793201 1987.88720192951 849 523.54978351304 8866.21524017854
6889.42613263407 1988.19349462338 780 472.191756987619 7625.89702850496
7036.81064958992 1988.59456248215 849 524.300052678312 8608.13266758026
7094.99864555967 1976.70107503979 887 340.717667189338 8157.62206038594
7197.6983375082 1987.60905482215 907 401.246555187562 8494.01887578164
7197.24559252401 1986.2976902613 907 349.32200384786 6775.85909667316
7197.6983375082 1987.60905482215 907 401.246555187562 8494.01887578164
6966.53344846062 1990.7841736515 833 499.453309937643 8590.84826740675
6870.41686485661 1985.77995519674 798 464.873408657955 7790.01876236876
7043.78089116303 1991.48920146063 849 403.579969350419 7674.3653261904
7106.58585449571 1983.62597649865 878 374.826303938959 7584.59321071194
7104.94702098013 1984.66521746525 878 375.405719085009 7954.089717041
6869.57179128336 1984.72028113195 798 465.172187285078 7776.24299952657
6966.53344846062 1990.7841736515 833 499.453309937643 8590.84826740675
7076.70504043585 1994.01289844305 876 385.390767063509 8020.06323086147
7007.65049552324 1986.43004048063 849 423.593171436411 8017.30096408119
7066.26530426419 1999.84539448962 849 506.607681401291 8084.18404389654
7120.90899223719 1996.02370082892 849 390.692398280735 7061.19971366004
7101.77238381272 1984.04137636026 871 392.706998264056 7458.17296257614
6879.80953527999 1981.72712042964 805 468.791776387113 7965.65974715164
7014.35815686255 1977.5863003678 865 363.347814983245 6990.86362499859
6919.55765402763 1989.92382331919 833 454.738694234182 8298.74964044655
7172.46702038682 1989.23917672043 893 460.205781035024 7866.78111319378
7126.22002165451 1992.27092125422 878 402.896956558528 7209.48849343069
7096.20412635896 1984.69395369958 878 392.284735005096 7808.47938125309
7093.10759149511 1987.82114982824 851 460.322979374639 6925.70961990615
6994.36255969743 1980.12506752324 849 428.291166201614 8211.10261481003
6904.24669751805 1996.29754593878 787 405.330838026299 6327.84378290897
6900.12403589945 1992.66925831927 787 406.788419019824 7060.33809937963
7104.86634285263 1987.9029648422 868 466.034968144349 6668.50370509205
7123.73507449159 1994.65626001909 878 414.558003349395 7316.48614391682
6822.02681857287 1991.03330962367 755 434.399955001536 6668.38388695129
7041.50128690928 1989.13684400685 849 443.632037770446 7717.13091579552
6874.77818379686 1981.16607724702 805 470.570627763239 7545.15264780202
7148.06220602084 1997.59586159179 903 444.764727752712 7755.26953378053
6874.77818379686 1981.16607724702 805 470.570627763239 7545.15264780202
6920.04281603406 1988.28660113631 805 486.574091964657 7694.77149175521
6998.90287803933 1989.931598235 824 350.983164271679 7003.8312410162
6957.20322334605 1979.65064424129 833 499.712279965641 7813.22480839677
7146.61578094261 1989.55167051763 878 396.635153058742 7984.01969680814
6916.02764398985 1983.77755993334 805 485.154514274611 7297.76016566468
7079.76327287841 1996.44413514483 874 420.617408366301 6693.05984444667
7354.77859132069 1986.30832196085 1004 312.195160665805 1940.88945948962
7263.5756923465 1987.44263374625 961 318.54895142368 2435.80540685391
7350.73365812116 1988.37116751187 968 349.363945740522 2656.7684649468
7215.02883807058 1979.23639030933 898 301.38504649179 2106.27534423185
7527.20614441521 1993.0109217843 1053 411.75639161621 2491.52812494195
7250.21954917536 1992.68522181779 947 384.901049760773 2702.7070850129
7215.02883807058 1979.23639030933 898 301.38504649179 2106.27534423185
7455.52212941162 1985.14771746598 1044 343.742066585532 1730.11756332976
7343.87154856696 1990.18977934573 968 346.937823641013 2517.07116458122
7325.7158965349 1987.52311847276 968 340.518831306645 2738.69772116506
7350.73365812116 1988.37116751187 968 349.363945740522 2656.7684649468
7360.53629816356 1987.89297320259 1004 310.159503889464 1915.21859773328
7172.79723678378 1985.34021410931 913 376.535285587084 1800.27845098003
7300.19152477133 1988.97724327305 943 331.494603126872 1593.77224489209
7204.63997818514 1974.71463657344 932 365.277176398849 1612.65176430209
7324.07499660391 1985.54888844697 1002 402.595521009951 2132.96949036437
7239.16972411454 1994.44501056211 932 353.069067649184 1534.04091132302
7467.59707682589 1986.6114023093 1044 348.011205185086 1967.68473059603
7473.02991644728 1987.1095597952 1044 349.932004053778 2007.60522961097
7242.77780950197 1985.28863885047 947 381.926447979039 1320.9375309192
7200.16326817122 1987.5376627505 934 366.859932402973 1279.47795013695
7200.16326817122 1987.5376627505 934 366.859932402973 1279.47795013695
7157.67433230074 1984.67994031663 953 381.882039742681 1382.50850749937
7081.06059051688 1990.77683963522 883 272.793302210634 1537.78090742058
7204.60800041206 1985.22390735868 928 365.288482248946 1023.17721962729
7200.16326817122 1987.5376627505 934 366.859932402973 1279.47795013695
7081.06059051688 1990.77683963522 883 272.793302210634 1537.78090742058
7360.53629816356 1987.89297320259 1004 310.159503889464 1915.21859773328
7081.06059051688 1990.77683963522 883 272.793302210634 1537.78090742058
7254.61142891372 1989.719820446 957 347.609600560896 1571.57730655988
7145.95431163348 1992.32552582122 887 295.736697339625 1521.0971644981
7145.95431163348 1992.32552582122 887 295.736697339625 1521.0971644981
7160.61871700452 1999.40374246045 887 300.92134757959 1480.47343323936
7118.26839294106 1992.21462571044 906 369.400035813964 1544.45581277118
6997.75035024683 1981.1174676759 855 358.504010867162 1584.92540201096
7197.0342273006 1989.06863564871 907 313.796174714952 1643.94916416612
7160.61871700452 1999.40374246045 887 300.92134757959 1480.47343323936
7183.61818142341 1981.47046592061 932 309.052886206718 1649.64388533871
7166.0945392036 1987.56978299848 887 312.361326030579 2235.37828643634
7160.61871700452 1999.40374246045 887 300.92134757959 1480.47343323936
7171.45295777862 1996.50115110987 887 304.751830139777 1711.15122418711
7171.45295777862 1996.50115110987 887 304.751830139777 1711.15122418711
7085.46633445254 1985.81950052679 836 346.748775500367 681.405722836956
7187.85229582277 1994.54751442942 878 310.54987170877 1372.51694370848
7174.41163424366 1985.64333229715 878 315.301863181879 2039.84665021881
7061.06218874312 1988.94724157552 833 355.376943960464 842.190633508818
6977.79794669933 1988.41106416444 805 379.403469643472 1465.74228278125
7117.36513778506 1992.98613310011 849 335.470845426285 812.92948360624
6974.79444952369 1996.12717983686 833 182.251183343605 1169.26021990336
6985.45142924361 1990.76278419658 798 382.109384346848 1317.43723124841
6974.79444952369 1996.12717983686 833 182.251183343605 1169.26021990336
6974.79444952369 1996.12717983686 833 182.251183343605 1169.26021990336
6919.40555290765 1986.34696916011 792 405.460127860131 1284.25993396305
6967.6303471772 1994.92230183282 833 184.784076018766 1166.85046389528
6890.79917906553 1993.91561386416 787 211.947996007885 1448.90243113069
6880.66287000042 1995.28496497712 780 215.531722445959 1635.82067627391
7046.95466635368 1987.58795878888 849 274.324750874501 1723.00761501514
6972.38659350329 1988.57688735525 833 424.191754399881 1285.95476988315
7009.60478356591 1997.95412650783 836 169.943871715294 2036.50746488798
6957.58430107887 1991.25801190152 833 242.727555213032 1982.00753619855
6980.00242021335 1990.24487120324 805 312.258460371351 1108.58600787232
7251.05420656038 1987.7116235698 958 234.13697749116 5223.22435708891
7165.55840169038 1988.71925777606 907 280.049646201434 5803.6978622799
7165.55840169038 1988.71925777606 907 280.049646201434 5803.6978622799
7226.59033537285 1970.42177914968 929 242.786262096547 4084.6181541267
7087.76301516235 1980.55587983882 887 307.554468880933 5336.53684157949
7248.77270123194 1992.09683257169 929 234.943611435687 5211.49881541969
7317.11714520654 1989.49535999061 999 210.780201540255 4956.35832264026
7266.80038078769 1985.50803799168 974 217.411519227349 5088.57863136951
7226.59033537285 1970.42177914968 929 242.786262096547 4084.6181541267
7226.59033537285 1970.42177914968 929 242.786262096547 4084.6181541267
7252.22150408037 1987.08219024622 932 233.730786334635 4503.1762506503
7270.70581689675 1976.70953832971 974 227.189084026118 5279.19291394838
7207.60686742447 1978.42796733855 932 292.290725155084 5109.19899458147
7228.56949041743 1978.98011076685 929 242.086525120026 4243.197266651
7124.95019095787 1973.74697839041 887 278.727990614353 4765.19633185492
7241.30361815886 1984.39798806166 929 237.584331080794 4414.47927342962
7048.04798179038 1986.49656591691 878 321.59585358712 4859.0157989776
7114.23031467068 1976.25256109855 887 223.485731240837 4765.95390002366
7071.61094289938 1981.62200475758 878 313.265088794613 5735.16895875208
7022.99826114562 1987.0659914885 859 330.452267254487 4744.81338316487
7011.68908236103 1984.29718383946 846 338.965943607137 4943.64708488724
7105.29612511458 1981.3893534881 887 301.355578409677 5969.25171202047
6997.67924003457 1981.00902818997 859 334.012716350941 5125.3833013832
7005.30351518975 1983.47082737298 859 336.708304682872 5137.69229729824
7178.5120943307 1985.98286155172 878 251.5408443143 4179.07606831467
7101.56733552805 1977.82795461322 878 327.35443011617 5795.56060537426
6990.06367337635 1987.53680022123 815 331.320206937638 5113.44085241677
6997.18504225368 1984.70219621344 846 333.837991049884 5243.15367676559
6969.6454847942 1988.20488456422 843 324.101287134646 4927.20217909685
7121.41832866897 1978.39897332715 860 271.726538745743 3970.56745881268
7186.04712590309 1985.63978344238 878 248.876808353654 4494.67511548326
7186.04712590309 1985.63978344238 878 248.876808353654 4494.67511548326
6947.97455369597 1979.47639957517 815 316.439455967552 5127.83169069275
6986.23756757393 1990.02484880926 815 319.520155173874 5480.65545686285
6993.95788371891 1990.52257168778 843 332.697018207933 5352.49682887303
7076.26962032407 1984.46385674283 878 314.446213848952 4965.57221740867
7171.79416490288 1989.65485339973 878 253.915991041273 4188.59021807308
6986.23756757393 1990.02484880926 815 319.520155173874 5480.65545686285
6952.18032640269 1981.60433101059 815 317.926421168078 4891.75076219234
6911.49399508115 1971.14541842787 809 345.94599865375 4188.89365045802
7062.60027462171 1986.86394057978 843 296.593643314681 5939.74438764036
7038.42923058539 1988.4647042486 843 301.067615755472 5342.94529446808
7139.23729114718 1975.45510488494 878 265.426584144716 4043.21917438189
7056.841905107 1985.16700357928 843 294.557752248466 5717.52464447299
6766.90801913185 1989.81523590115 759 331.093519742933 6257.97476812379
7044.43474790416 1987.33456316605 843 298.944344745153 5004.84289174118
6971.46282723412 1982.20249715572 815 324.743814716149 5250.69533234878
6766.90801913185 1989.81523590115 759 331.093519742933 6257.97476812379
7124.45556420979 1984.56995312125 859 270.652713822256 3580.84434552708
7112.74032170485 1985.13539568047 852 223.465489606903 4152.64640961507
6887.08711002636 1986.26946798226 800 286.729988378629 5163.10567573242
7185.33075541341 1984.277376092 878 249.130083569201 4699.51760270561
7010.35128791458 1987.17119398349 815 310.994667587619 5658.72929967724
6893.59366678677 1986.24746887696 793 380.246244937349 6387.72892804463
6914.6276111803 1995.7818590854 800 276.992950817015 5190.13809282333
6779.624912363 1991.51765722771 759 339.952205389131 6284.74671018257
6944.84220582819 1989.23043908433 787 250.668621989706 5331.18994131216
6934.55991791999 1985.23733322699 787 258.196071733254 4755.63466775326
6866.14936518755 1991.46321432173 779 372.333147614598 5377.79447002751
6950.3464833915 1989.79227725243 787 252.614677984979 5265.36425040137
7181.30326114182 1985.74505067317 893 333.240410163448 7782.83129493176
7171.11020699533 1975.83985115261 893 321.939888731657 8156.13074666585
7073.8777741387 1966.29922034254 884 295.259764997362 7495.61425537653
7093.83807115155 1980.55909990563 884 302.316795683503 6211.5564769361
7237.22224168682 1985.07774446823 938 322.515254835579 6997.1356832966
7160.98233947161 1976.79424975689 893 325.52063063415 7771.66432601359
7176.23672079554 1986.08481370054 893 331.449117645443 7980.06652757129
7084.49283851399 1991.02144860465 855 260.782216683326 8665.06562253067
7243.43365777308 1974.57636104035 938 355.206822551334 7686.199415995
7045.79172872968 1991.09450395808 850 274.465125267294 6012.76258788934
7077.96753507893 1973.03565595532 884 296.705713844496 7116.3387041497
7073.8777741387 1966.29922034254 884 295.259764997362 7495.61425537653
7155.01444604825 1990.7728375235 891 323.945910452437 7189.245548227
7432.64634119263 1991.6959443589 1019 301.64190094735 8902.66227928129
7162.81592972098 1964.65902079801 929 315.83942830924 6889.57402170894
7192.40459052665 1983.80328260724 910 282.986434042861 6555.42519053122
7389.88242833349 1988.3215145782 1010 296.867428037946 9644.33989207935
7126.66160682268 1993.80115265986 891 358.936088843976 7583.09936908907
7245.67151468035 1980.41382583097 961 295.217955994946 9659.88000914022
7082.26179817717 1987.7443898209 886 374.63379173229 8838.70954293187
7438.14022278527 1990.7091394741 1015 313.986588765566 9430.94054099804
7361.18115292475 1995.26116246534 1004 286.777448679473 9502.52478148161
7082.26179817717 1987.7443898209 886 374.63379173229 8838.70954293187
7121.49026633911 1977.84504733306 887 307.301153127103 7532.65420666007
7121.51656447045 1986.40773768695 904 388.512447452227 8779.97854242116
7102.20233325881 1976.5288321089 904 381.683835520648 8631.79495875043
