7024.15032912809 1987.68579361177 833 341.969149299727 5322.49978019891
6984.09796846836 1991.63760147492 826 312.809192960596 4187.99109437927
6962.88574306522 1991.66816788195 826 320.308847173904 4647.11499392452
7031.76264227169 1994.99085896803 816 344.767189075737 3830.79481085517
6981.30355328482 1995.21999459069 808 326.927207078179 4060.77865089022
6963.47119229403 1991.34028436844 820 320.101859614036 4205.94973592354
6963.47119229403 1991.34028436844 820 320.101859614036 4205.94973592354
7035.11245781799 1997.21392785494 861 294.772847281648 4327.72519958262
7139.66898715109 1993.93774701793 851 382.917843174375 3635.5077147625
7090.21224188971 1990.63660288022 893 275.292131802133 4975.73736085431
6982.71428174184 1994.90128290024 810 313.298400094273 3753.56630546556
6875.43334329867 1968.9916149982 818 267.426513281568 3601.70999036595
6963.47119229403 1991.34028436844 820 320.101859614036 4205.94973592354
7292.12753983983 1991.56603101543 893 436.820081402421 4544.37238163091
6993.94645698243 1993.74527115022 826 309.327226454226 3556.50107970849
7050.77675059458 1996.22676548428 833 289.23468345924 3539.98074062437
7169.00740288086 1999.4165344585 874 356.934647728457 3747.78133277552
7014.14986909602 1998.84631957682 826 302.184241599913 3627.32995253931
7135.43178358541 1983.13386882311 851 372.302053401094 4140.91949981141
7159.53942392353 1984.14061800231 874 380.825391381841 4134.43996967611
7082.96055792825 1980.04823081262 865 353.750673661421 3968.07738958915
7024.11263686171 1988.63832353387 816 332.944791638979 3506.93780294722
7123.92119323135 1987.21570594733 861 368.232445153685 3656.38883668138
6975.62926592756 1990.91075649045 813 315.80333145782 3544.73941635594
7164.85518054837 1995.09593800089 887 384.935852353849 4529.61285393021
7317.32395412459 1991.64759656084 989 322.202617207039 5816.78233726992
7082.96055792825 1980.04823081262 865 353.750673661421 3968.07738958915
7395.53448311299 1989.02201224069 999 383.144146834121 6210.66915550932
7305.71114116527 1988.04513961545 993 318.096867810944 4854.69071225461
7377.27229806698 1988.70462934438 999 343.397557468323 5440.06059786935
7357.38716415833 1991.80224134621 993 336.36710095252 5620.66250561343
7247.08464930838 1988.24102712442 937 338.824462785535 5142.24971039767
7375.00338019379 1990.95417480171 993 390.402987883824 6016.82593340798
7424.36320702129 1999.04841546737 999 375.462005044611 4337.35452981619
7082.96055792825 1980.04823081262 865 353.750673661421 3968.07738958915
7263.65411312319 1984.64378847249 932 372.004696256599 5214.93262338507
7208.4454450383 1988.44119959458 912 352.485484465047 4972.36339809386
7205.30757699046 1988.93766262918 905 353.594888352594 4907.94908689429
7508.73860787475 1992.43037281929 1034 389.877917049646 5290.45138066456
7208.4454450383 1988.44119959458 912 352.485484465047 4972.36339809386
7035.81652638594 1983.31514905387 854 400.534926439248 4520.56965540747
7305.71114116527 1988.04513961545 993 318.096867810944 4854.69071225461
7193.79101406609 1985.17643558557 912 357.666608222486 5111.07800470486
7181.41109641784 1969.91157372549 912 362.043570082293 4325.71002022007
7203.53711767759 1982.55476709117 912 354.220840245568 4123.15810928296
7378.32074689539 1982.6199475911 974 383.020077571226 4355.17394163363
7082.96055792825 1980.04823081262 865 353.750673661421 3968.07738958915
7143.9137537628 1983.4446068928 886 375.30088271622 4138.54815109899
7244.46164579768 1980.84845383622 932 339.751834570281 4361.69224628454
7148.66935080099 1986.51850219163 893 349.341880644988 5503.90488384773
7145.26328678032 1982.6672792171 886 374.823750742159 4424.8743877247
7181.41109641784 1969.91157372549 912 362.043570082293 4325.71002022007
7172.71013992189 1990.28463772115 893 365.11982275284 4721.36097107999
7173.39008241019 1991.11609109793 893 364.879426780692 4839.36074912087
7039.31521268291 1981.82380631557 849 407.09430534665 1325.83732269833
7131.79963488238 1994.23094761641 868 439.792486392333 1720.15817255493
7069.95834429666 1994.32622906573 862 417.928288427086 1784.47016461106
7168.18392501945 1983.72384961575 868 339.09276140975 1913.83844645922
7007.5808631533 1989.81964761533 812 395.874518472186 1637.1605533918
7012.3606273035 1989.67904502029 855 397.564420293724 1701.95056217042
7123.98905996346 1989.05030878059 868 437.031031147267 1315.19310165818
7072.96132503928 1985.14355058155 861 418.990002450529 1467.07272013584
7144.09270954934 1982.33913195313 887 353.419747003612 1152.47143994903
7097.42268751683 1974.79127995884 887 354.624831508175 1005.27969607578
7072.96132503928 1985.14355058155 861 418.990002450529 1467.07272013584
7086.29545286343 1985.28754504425 858 395.481729949478 801.95077755707
7083.84864440089 1970.08475793745 903 369.134218317794 1107.27862800282
7084.37077200074 1985.61125466228 858 451.455717513161 966.933791183296
7058.86319607977 1986.08479243358 868 344.188152147279 1415.81711939832
7033.99140430129 1983.88908710274 878 360.430890217791 743.126304772134
7071.99464927474 1959.690330602 887 327.929233338328 1120.94730898462
7180.0554020956 1989.85134685954 907 349.938055339386 1267.9456399476
7071.99464927474 1959.690330602 887 327.929233338328 1120.94730898462
7335.14213773604 1991.25120492571 999 295.106614117667 1589.20091998661
7335.14213773604 1991.25120492571 999 295.106614117667 1589.20091998661
7070.09077589476 1979.85503920513 878 348.157701059026 1072.05088309799
7179.95012802376 1982.44904305307 887 346.755536553786 595.873552972202
7070.17685867035 1975.00080818354 860 469.251720188732 1621.0907238155
7102.97077831465 1992.82092212843 878 359.782537397293 872.923180249247
7071.99464927474 1959.690330602 887 327.929233338328 1120.94730898462
7032.35893678578 1967.378578448 878 334.817481408725 1233.15347260662
6950.82914460427 1977.61278241547 841 426.702441823184 701.225052500407
7196.92795249013 1991.13713220226 887 339.693373874176 1188.64167846092
7107.46859079556 1977.55514380626 878 371.322034521603 1002.31589154709
7196.92795249013 1991.13713220226 887 339.693373874176 1188.64167846092
7059.09361992112 1973.90967923459 878 344.269619277663 1054.68018568736
7007.98840208972 1983.75118610923 808 326.201196236365 1440.25662056197
7022.80227118157 1989.52818707568 836 401.256098890183 1174.33721408024
7032.56915965519 1987.88679722762 836 397.802982354786 1207.99796712829
7078.11173498596 1988.38256445995 849 350.993538341529 1046.2255580115
6998.93915618354 1990.49754979175 833 409.692984107852 789.412434594398
6990.67211540832 1990.43783373054 833 412.615824404107 738.30573008886
6998.93915618354 1990.49754979175 833 409.692984107852 789.412434594398
7049.87419375592 1992.9859174867 808 341.010059897631 1061.99429217028
6939.47356211733 1988.23322406075 805 430.717246513606 693.09688085513
7145.86112067404 1998.96508755491 849 307.073556433099 1313.49629407612
6941.32043426686 1983.08573693421 805 431.370214424065 1173.17572685869
6963.39779546709 1995.46087551664 783 371.584083718941 1134.51344090153
6907.92111677344 1984.4559806294 780 474.896075187416 1716.64868675355
6904.55992912699 1979.53124589423 780 476.084434476239 2163.72352362588
6916.43448416135 1988.15988889268 780 471.886145282054 1202.74343545111
7111.32366300185 1992.37289491295 858 259.245561882634 4546.72359573943
6984.61327837754 1995.73341376094 795 304.044447989935 3253.75115994826
7102.54399159655 1993.09312274674 864 262.349644476273 4682.50378734989
7176.47279749962 1988.99225180358 914 424.682102813685 4381.90919912147
7221.2979630573 1994.5054610067 922 294.543596591284 5437.51272458222
7157.0770546636 1994.54939397899 864 271.838076681709 4692.31443474834
6981.49621268254 1986.92408870328 837 334.850639204889 3973.30508099226
7297.83702545142 1976.27642746814 974 381.77336852459 4804.78149176074
7206.02537925446 1988.21350695044 920 414.233687333475 4385.35901759491
7164.81410624716 1973.27201530464 877 274.573537502272 4696.29298526709
7116.39185361949 1997.59392941681 861 257.453685905595 4598.67486476657
7172.05355995655 1976.15484812156 897 326.779951307378 4618.87823642127
7061.07930848874 1975.92763806196 855 287.544628432383 3728.79412848051
7128.35477329357 1982.93960684587 864 263.7591597469 3852.01726715691
7446.46349096818 1992.02830432193 1009 347.102648397877 5690.64513833294
7161.73106607821 1992.25506963897 864 309.890150560458 3993.38776072317
7233.93687514518 1987.65261659006 922 285.627136391978 4335.41611177372
7128.35477329357 1982.93960684587 864 263.7591597469 3852.01726715691
7044.57722058792 1986.67312738152 833 282.843992908117 4441.77048290839
7089.72693686252 1976.09420144007 868 266.881157634907 4307.0506193916
7147.31831726056 1994.41891414771 877 246.519529826234 4848.97195748934
7190.44594970806 1996.42292994174 897 231.27160914616 5022.77305376945
7062.42028617627 1990.93047931871 821 276.535516570779 4167.14933504463
7190.44594970806 1996.42292994174 897 231.27160914616 5022.77305376945
7135.32108860564 1989.38324913955 877 250.761190694903 4795.93375984079
7116.3018832512 1990.06766712879 868 257.485495234355 4383.70880196913
7078.53901271985 1966.25503830257 887 247.054381028327 4170.81207039353
7197.44307684619 1984.22200128063 907 295.926959550137 4629.89244400742
7150.5490815234 1967.9309693955 877 256.144349383889 4725.96626951462
7102.50803985583 1987.76072240135 878 262.362355336099 4146.12748639997
7060.17648533895 1991.24063068446 859 277.328819964627 3835.3328172115
7062.35494476712 1984.91227693494 822 276.55861824753 4567.18348760811
6986.39947044513 1990.27484090851 833 303.41293372819 4152.72766621386
7108.49103993215 1992.51482123459 878 257.644021804381 3851.95261427458
7078.53901271985 1966.25503830257 887 247.054381028327 4170.81207039353
7232.2946842567 1988.12584697668 932 323.026784145301 3313.33423580168
7081.60890408068 1999.01041493095 849 269.751315649875 3708.8168794014
7030.03074021003 1992.52072959761 836 287.986950366917 3696.18498968599
6927.57894158142 1992.24472415484 787 324.209131144442 3355.99422059658
6997.67030920577 1990.61663042199 833 299.428090469533 3587.68499892288
7167.51126337815 1985.72818219525 887 325.353706700394 2948.57697616957
6929.6629530395 1990.52601114401 798 323.472321827402 3388.73675924389
6950.63288028276 1987.39228599743 805 302.208910154745 4393.47550195059
7007.5937882952 1992.9180572896 836 284.604025406495 3777.13411911913
7018.49288711615 1982.3107812331 837 304.564099411687 6016.71353253377
7024.75013534826 1984.69047988045 846 306.776370739935 6335.21703100861
7132.19081131642 1982.72506084741 888 468.169107271014 6056.3323174245
7108.590811342 1978.95390591694 888 410.575912223878 6554.57215656389
7335.32654551858 1985.34356721857 979 337.930321035713 5914.77784648646
7284.70299414429 1979.58101927719 989 378.426833603929 6989.15816232894
7080.16208057102 1973.11738030696 888 400.524838069536 6674.46076764522
6986.59260975141 1986.83852085341 824 361.207770845213 5350.6742580507
7009.4479736967 1986.52284816041 824 367.741871669029 5156.79511914936
7409.31924474567 1997.55155983502 999 400.359989894972 7260.75394214479
7302.28973058385 1972.16419202357 938 435.950217950932 5710.28157181637
6977.76947769023 1990.17975462945 806 364.629566173445 6456.04200459734
7111.77708862821 1984.44741779725 878 147.203911179329 6121.45174011735
7011.98445422448 1986.49662389325 836 182.485935429001 6170.16920264167
6913.89465311042 1984.92643640163 813 217.165917195499 6318.51662777324
7068.82441307975 1972.47598593727 887 299.548293894023 5727.16822431577
7109.85462371885 1987.82193183292 887 285.041923805814 5747.40688364793
7011.98445422448 1986.49662389325 836 182.485935429001 6170.16920264167
7170.55133015026 1993.1098371915 919 476.792112584042 9030.7070209128
7066.25076468272 1987.4570823179 878 534.708705188828 9054.58887954043
7186.85310110025 1976.35750251232 932 482.555658976084 9228.55053408297
6994.93008773799 1981.66102956859 849 509.493038035611 8866.97697155729
7094.99864555967 1976.70107503979 887 340.717667189338 8157.62206038594
7197.24559252401 1986.2976902613 907 349.32200384786 6775.85909667316
6870.41686485661 1985.77995519674 798 464.873408657955 7790.01876236876
6869.57179128336 1984.72028113195 798 465.172187285078 7776.24299952657
7007.65049552324 1986.43004048063 849 423.593171436411 8017.30096408119
7014.35815686255 1977.5863003678 865 363.347814983245 6990.86362499859
6919.55765402763 1989.92382331919 833 454.738694234182 8298.74964044655
6994.36255969743 1980.12506752324 849 428.291166201614 8211.10261481003
6900.12403589945 1992.66925831927 787 406.788419019824 7060.33809937963
6822.02681857287 1991.03330962367 755 434.399955001536 6668.38388695129
6874.77818379686 1981.16607724702 805 470.570627763239 7545.15264780202
7148.06220602084 1997.59586159179 903 444.764727752712 7755.26953378053
6874.77818379686 1981.16607724702 805 470.570627763239 7545.15264780202
7354.77859132069 1986.30832196085 1004 312.195160665805 1940.88945948962
7263.5756923465 1987.44263374625 961 318.54895142368 2435.80540685391
7350.73365812116 1988.37116751187 968 349.363945740522 2656.7684649468
7215.02883807058 1979.23639030933 898 301.38504649179 2106.27534423185
7527.20614441521 1993.0109217843 1053 411.75639161621 2491.52812494195
7250.21954917536 1992.68522181779 947 384.901049760773 2702.7070850129
7215.02883807058 1979.23639030933 898 301.38504649179 2106.27534423185
7455.52212941162 1985.14771746598 1044 343.742066585532 1730.11756332976
7343.87154856696 1990.18977934573 968 346.937823641013 2517.07116458122
7325.7158965349 1987.52311847276 968 340.518831306645 2738.69772116506
7350.73365812116 1988.37116751187 968 349.363945740522 2656.7684649468
7360.53629816356 1987.89297320259 1004 310.159503889464 1915.21859773328
7172.79723678378 1985.34021410931 913 376.535285587084 1800.27845098003
7300.19152477133 1988.97724327305 943 331.494603126872 1593.77224489209
7204.63997818514 1974.71463657344 932 365.277176398849 1612.65176430209
7324.07499660391 1985.54888844697 1002 402.595521009951 2132.96949036437
7239.16972411454 1994.44501056211 932 353.069067649184 1534.04091132302
7467.59707682589 1986.6114023093 1044 348.011205185086 1967.68473059603
7473.02991644728 1987.1095597952 1044 349.932004053778 2007.60522961097
7242.77780950197 1985.28863885047 947 381.926447979039 1320.9375309192
