2068.91620425791 465.645003270795 500 51.7740306733551 359.04606014461
2131.08441511762 469.011164622445 520 29.7942489367872 375.876866902859
2162.18321237156 475.141096414573 510 40.7893341492926 465.54370190217
2162.18321237156 475.141096414573 510 40.7893341492926 465.54370190217
2012.90205942916 475.72120204598 440 75.0213239707777 352.500665259074
2141.95635475743 462.104244310559 530 62.1784899657531 390.03711735682
2154.26225735751 470.242497305605 530 57.8276963771847 408.418416746646
2154.26225735751 470.242497305605 530 57.8276963771847 408.418416746646
2155.12787247455 468.29840070906 530 57.5216552176078 421.007899349326
2154.26225735751 470.242497305605 530 57.8276963771847 408.418416746646
1955.01782000137 466.48488271333 430 95.4864930823846 315.555387928476
2068.47393336745 472.443497876893 480 88.1584491971835 403.698942949279
2068.47393336745 472.443497876893 480 88.1584491971835 403.698942949279
2154.26225735751 470.242497305605 530 57.8276963771847 408.418416746646
1956.47945590994 470.374960373708 420 94.969726751099 325.926842093937
2154.26225735751 470.242497305605 530 57.8276963771847 408.418416746646
2062.21658539984 466.263157989394 480 90.3707557872542 383.170433212605
2062.21658539984 466.263157989394 480 90.3707557872542 383.170433212605
2015.85194776492 470.975554944652 440 73.9783809477982 327.728625806771
1916.40633235946 469.63641191036 430 109.137715454034 328.161504716595
1956.33934131534 469.535740465367 420 123.256166166978 300.358462973857
2015.85194776492 470.975554944652 440 73.9783809477982 327.728625806771
1941.3637524765 461.551514019487 480 28.4302103539958 373.370373544797
2044.73601344617 467.791587545654 500 64.9778237131142 405.74762013067
1941.3637524765 461.551514019487 480 28.4302103539958 373.370373544797
1916.40633235946 469.63641191036 430 109.137715454034 328.161504716595
1997.45932747286 464.668386287571 440 67.4756076816455 308.807119835529
2015.85194776492 470.975554944652 440 73.9783809477982 327.728625806771
2015.85194776492 470.975554944652 440 73.9783809477982 327.728625806771
1916.40633235946 469.63641191036 430 109.137715454034 328.161504716595
1978.4742976992 469.52564101479 490 15.3096512637455 416.28397778213
1869.52845684871 448.48683861664 430 125.711547284669 225.281233938581
1925.73455276166 469.998147173698 430 112.435739405436 329.246710506607
2015.85194776492 470.975554944652 440 73.9783809477982 327.728625806771
2015.85194776492 470.975554944652 440 73.9783809477982 327.728625806771
1933.7388877223 457.653684534522 450 31.1260071406577 295.217245336633
2062.21658539984 466.263157989394 480 90.3707557872542 383.170433212605
2015.85194776492 470.975554944652 440 73.9783809477982 327.728625806771
1969.15508054227 470.775507911451 490 33.0218516061448 239.500799236208
2012.4996119617 474.651172491488 510 27.3394164872549 424.751383540333
1998.86352306443 472.433097637917 530 22.5183310231922 340.138798174104
1998.86352306443 472.433097637917 530 22.5183310231922 340.138798174104
1916.40633235946 469.63641191036 430 109.137715454034 328.161504716595
1978.4742976992 469.52564101479 490 15.3096512637455 416.28397778213
1995.91770676601 474.780019869251 520 21.4768276828229 388.340648155928
1880.32507511304 466.258748127585 390 96.3810646176946 276.959287502773
2004.05995898627 470.366266950163 500 140.127952345742 434.934229597883
1947.19169220249 463.48500386711 480 38.7040753418538 283.490249902776
2004.05995898627 470.366266950163 500 140.127952345742 434.934229597883
1999.09322776424 469.262690963705 500 102.478509354613 318.364226944811
2016.33389580948 470.873411265627 500 144.467444325515 449.768675371607
1948.33224048141 466.902402187658 500 120.42522851832 315.73366862937
1995.91770676601 474.780019869251 520 21.4768276828229 388.340648155928
1968.19489531903 467.236252488251 500 31.2783216666807 354.351876774693
2016.33389580948 470.873411265627 500 144.467444325515 449.768675371607
1956.83412826856 463.165184676385 510 35.2949593771156 322.760462716334
1981.24700283717 471.33423278154 520 26.6637047992542 366.645817654561
1981.24700283717 471.33423278154 520 26.6637047992542 366.645817654561
1981.24700283717 471.33423278154 520 26.6637047992542 366.645817654561
1948.33224048141 466.902402187658 500 120.42522851832 315.73366862937
1884.29152815136 449.070796769628 470 60.9426416110056 211.343255324615
1899.0029453136 461.351975570045 400 102.984688956166 221.308195695648
1971.7197284439 474.614563345533 500 30.0321049641083 376.486809346541
1981.24700283717 471.33423278154 520 26.6637047992542 366.645817654561
1995.91770676601 474.780019869251 520 21.4768276828229 388.340648155928
1974.12706457977 468.204611364834 500 29.180983110974 357.256953404444
1995.91770676601 474.780019869251 520 21.4768276828229 388.340648155928
2020.52828534249 451.506082677077 540 37.6571809340525 394.701991570481
2022.53039898301 469.89401024511 540 12.0678201166874 492.336609679765
2020.52828534249 451.506082677077 540 37.6571809340525 394.701991570481
2011.46661768164 464.65389432809 540 15.9794575085693 450.136030094665
1948.33224048141 466.902402187658 500 120.42522851832 315.73366862937
1948.33224048141 466.902402187658 500 120.42522851832 315.73366862937
2010.44151362833 451.023699278332 540 34.0909685943714 407.80769117801
1948.33224048141 466.902402187658 500 120.42522851832 315.73366862937
1974.12706457977 468.204611364834 500 29.180983110974 357.256953404444
1974.12706457977 468.204611364834 500 29.180983110974 357.256953404444
2011.46661768164 464.65389432809 540 15.9794575085693 450.136030094665
2011.46661768164 464.65389432809 540 15.9794575085693 450.136030094665
2017.13282565999 466.55561907059 540 17.9827645511208 465.060648247637
1946.24667907039 464.902402187658 490 119.687871210163 345.606632974636
2072.82755394408 466.076669932323 550 80.3395215006066 403.41732319275
2078.14012883248 473.113374693383 550 78.4612426360345 445.637551759109
2078.14012883248 473.113374693383 550 78.4612426360345 445.637551759109
1948.33224048141 466.902402187658 500 120.42522851832 315.73366862937
2082.22694282595 469.684370765559 550 77.0163356919194 410.30579567389
1953.89014669098 466.902402187658 500 122.390245103314 322.118833436505
2078.14012883248 473.113374693383 550 78.4612426360345 445.637551759109
1965.0960597102 453.912751778641 520 118.428356560677 207.437809516846
1962.35038449673 448.411667350053 520 119.399099341868 209.28627144552
1955.13871906552 454.436694880458 480 134.353205618938 411.056068095075
1955.30146624359 456.018269384943 510 99.5339515861024 400.726293317323
2048.5032317574 472.189257581742 540 118.820587447676 601.300504275651
1946.35336612615 453.974981682658 480 137.459296938212 409.670928501674
2035.00421391799 466.801091486562 540 42.5380033732572 550.965211410056
2049.02089193354 473.474160516898 540 47.4936474105076 598.751023998206
2049.02089193354 473.474160516898 540 47.4936474105076 598.751023998206
2049.02089193354 473.474160516898 540 47.4936474105076 598.751023998206
1961.52414162998 457.57506916469 480 102.118164514648 373.83942504971
2049.02089193354 473.474160516898 540 47.4936474105076 598.751023998206
1955.13871906552 454.436694880458 480 134.353205618938 411.056068095075
2082.52324970851 463.24584948385 550 59.3385195947199 515.566987114775
2049.04247171104 454.576103026836 550 103.416609961306 478.838480910642
2033.73979060748 457.566819109434 550 42.090962224681 505.961974272736
2032.93433256573 461.591764648188 550 41.8061898030383 555.639466722
2032.93433256573 461.591764648188 550 41.8061898030383 555.639466722
2031.59715769939 457.924263199914 550 41.3334270952304 508.106638815612
2031.59715769939 457.924263199914 550 41.3334270952304 508.106638815612
2038.97066080367 451.32364250066 550 97.3219983664473 514.48902069662
1916.19324037397 454.254716281381 480 112.352005888957 472.037755819675
2108.63412556309 465.998392310593 550 111.198306190443 456.011988820935
2043.37381710712 458.986213372724 550 104.851237173341 536.591743959651
2150.58423478255 476.833140482067 560 83.5545484381928 605.790468480544
2139.51258949207 470.833140482067 560 87.4689661700856 562.679859202752
2014.66950528125 458.552934375209 540 2.5932495180785 558.749338587059
1878.54988158012 462.940848416471 470 79.4181294948287 435.34296195102
1993.16651993889 456.346378759475 540 38.8950283846822 556.140441969922
1915.26920447174 457.793487849606 490 66.435888386204 369.732438089883
1955.03269006368 464.806477934215 490 18.6642385072609 440.87123058214
1970.91614508299 464.886312160874 510 46.761723856957 454.13708038613
1945.54479527732 470.004739097898 500 103.104408384979 520.004792750236
1967.85471098951 467.618259735639 490 14.1309695346758 404.936064266708
1968.75391353398 464.564332564543 460 16.9675192372963 397.188239339974
1878.54988158012 462.940848416471 470 79.4181294948287 435.34296195102
1964.29282520195 465.902253768062 490 15.3902863317732 414.603965021726
1887.44785873901 467.965370087671 430 42.5590847747721 391.550359203791
1905.85770083802 468.639340006052 430 49.0679468691638 394.792677605132
1962.30222645986 465.895455962116 490 16.0940692663491 436.46887378797
1928.17127734665 471.53139359959 470 28.1611820494909 475.605988060118
1944.03422593394 471.036768980548 500 70.7437651011262 507.98684545134
1967.85471098951 467.618259735639 490 14.1309695346758 404.936064266708
1967.85471098951 467.618259735639 490 14.1309695346758 404.936064266708
1899.48015031817 467.176088692374 460 46.81314225919 427.90302616356
1881.98311353225 452.989406296518 460 48.8053839214245 373.992782393026
2057.86494400622 468.955669006097 540 17.6924535364738 615.858598948376
1980.21323211545 468.379068510032 510 83.5349754048923 479.101085288383
1974.23570985559 465.176027238865 510 85.648348667211 430.838129880621
1964.29282520195 465.902253768062 490 15.3902863317732 414.603965021726
1964.1734876863 469.16642673007 490 15.4324785150587 436.443638327642
1964.29282520195 465.902253768062 490 15.3902863317732 414.603965021726
1964.1734876863 469.16642673007 490 15.4324785150587 436.443638327642
1980.21323211545 468.379068510032 510 83.5349754048923 479.101085288383
1950.31991906985 459.499297545572 460 9.3741143919389 387.994594405761
1980.29661155427 466.511385037796 510 83.564454488194 466.027300982728
1805.75155600714 459.008554288228 430 71.4430896045608 323.482523594397
2088.69849599973 475.720475475938 550 39.5501006670923 585.043647011433
2088.69849599973 475.720475475938 550 39.5501006670923 585.043647011433
1858.73080054767 467.622360477712 420 40.5844498265873 338.296129554352
1970.70670994782 458.934960401083 510 46.9244359247136 501.767329926281
2091.57457600704 476.817829333906 550 40.5669485052942 591.627770159239
1980.21323211545 468.379068510032 510 83.5349754048923 479.101085288383
2027.2350924903 463.70249778343 540 66.9102372373605 535.140091602711
1887.44785873901 467.965370087671 430 42.5590847747721 391.550359203791
1976.25963680047 467.94950021639 510 84.9327824335365 454.994485788798
2027.2350924903 463.70249778343 540 66.9102372373605 535.140091602711
1875.8818851678 464.83530084714 420 46.6482739463872 396.446618074177
2027.2350924903 463.70249778343 540 66.9102372373605 535.140091602711
1923.59091736002 466.383185334138 460 63.5159640398697 400.980083356251
1869.10351223252 467.288223572994 440 44.2517572124127 407.649599370349
1980.21323211545 468.379068510032 510 83.5349754048923 479.101085288383
2024.03390308417 462.667776669831 540 68.0420286058272 525.265185320752
1983.56743957713 469.786512789831 510 84.8253770198462 434.280185198948
2027.1164690453 462.314058293969 540 69.428469994328 497.252105244978
1999.982291841 471.972016601536 520 79.0218503458688 523.651192822358
1983.3445663604 466.052827928768 540 37.8878958984052 590.749096717145
1964.89031445306 466.493727381672 530 28.9796153548879 508.436010681812
1923.04626237062 471.580941367959 480 14.1855088649801 449.196984548169
1971.68419524843 453.854788901583 540 42.0104596406169 557.483322853426
1923.04626237062 471.580941367959 480 14.1855088649801 449.196984548169
1918.43505470134 471.547306503558 480 12.5552007587762 445.704178286954
1923.04626237062 471.580941367959 480 14.1855088649801 449.196984548169
1923.04626237062 471.580941367959 480 14.1855088649801 449.196984548169
1964.89031445306 466.493727381672 530 28.9796153548879 508.436010681812
1952.73392730794 435.487868267764 540 91.3033355387723 514.278538497074
1964.89031445306 466.493727381672 530 28.9796153548879 508.436010681812
1988.23336865952 477.768734605106 530 37.2326313163819 564.471218829556
1930.23309077591 478.185418517473 510 56.6656381707151 628.931960016952
1939.76622627411 470.913590609189 490 20.0904021479321 496.922531379185
1943.33395865142 466.794950333341 490 21.3582926723802 465.632951780896
1964.89031445306 466.493727381672 530 28.9796153548879 508.436010681812
1963.55304830976 466.13038906901 530 28.5068203757989 494.641145612979
1982.38063833142 459.094467123252 540 38.2286959213381 551.279164018662
1979.09328576849 463.516692691274 540 39.3909505660384 592.541304697488
2113.00438053763 476.44974234912 560 38.2110497536036 671.072652302414
1995.97951494529 470.650263405973 480 5.10490729837945 531.957132265461
1998.99874304212 472.127992410322 530 41.0387659303572 542.241600853714
1979.09328576849 463.516692691274 540 39.3909505660384 592.541304697488
1929.17922741186 469.431713354369 510 58.1114231830668 527.78986727183
1988.23336865952 477.768734605106 530 37.2326313163819 564.471218829556
1919.59717191102 467.345199004339 520 60.4260033474693 581.073116237991
1946.67472165725 468.763295930256 490 124.660642776027 539.27674628402
1936.81309879865 463.797658981062 490 121.174032577618 509.482924588854
2000.71206414125 462.607631444198 500 5.40220360085202 467.90276478335
2022.76835649702 462.98794448005 540 3.02060172362349 560.29002542357
1968.46395334258 458.612521419858 540 43.1489870849622 548.86943550169
1936.81309879865 463.797658981062 490 121.174032577618 509.482924588854
1946.67472165725 468.763295930256 490 124.660642776027 539.27674628402
1946.67472165725 468.763295930256 490 124.660642776027 539.27674628402
1983.3445663604 466.052827928768 540 37.8878958984052 590.749096717145
2019.41505951157 466.005532266103 500 62.6582513064942 243.666447882193
