2064.20621693436 478.752130480445 520 86.9932086601623 628.431463622909
1937.25862565315 472.191019412405 450 88.7475300509595 451.005231992017
1950.35120307281 473.372301956115 470 84.1186049126315 497.728476854434
1891.74932247462 457.848794218529 430 85.8155688747938 438.700065387666
2065.16312512895 497.461042027067 530 99.1956484593673 687.512062339429
1979.64320386055 470.361949039671 470 116.890748651191 537.510463572487
2047.42781517358 505.700955536117 490 92.9252694914231 678.284819729881
2047.42781517358 505.700955536117 490 92.9252694914231 678.284819729881
2001.98753776639 474.031078765174 490 102.374806121355 491.03860694702
1955.13871906552 454.436694880458 480 134.353205618938 411.056068095075
2047.42781517358 505.700955536117 490 92.9252694914231 678.284819729881
1996.7304700016 472.444427776045 440 119.648301054777 434.674477305932
2027.94453184924 478.923620660532 530 111.551989388956 568.527253996707
2023.78741468842 477.53791494026 500 110.082226521655 492.404786589162
2027.94453184924 478.923620660532 530 111.551989388956 568.527253996707
2047.42781517358 505.700955536117 490 92.9252694914231 678.284819729881
1955.30146624359 456.018269384943 510 99.5339515861024 400.726293317323
1983.8774425762 466.982262440252 490 95.971920562897 467.238951985755
2027.94453184924 478.923620660532 530 111.551989388956 568.527253996707
1999.47195619473 473.358973445167 500 101.485413727379 420.02390678977
2048.5032317574 472.189257581742 540 118.820587447676 601.300504275651
1946.35336612615 453.974981682658 480 137.459296938212 409.670928501674
1995.61942118723 473.236615476826 470 100.360871846705 452.048609198784
1985.25542947857 469.44713052109 490 96.4591125044205 484.493028551627
2123.06527948022 476.272211815583 530 74.9822008136559 566.561152587263
1995.95534631187 473.013769465526 500 100.242104379902 480.807780577799
1985.25542947857 469.44713052109 490 96.4591125044205 484.493028551627
2083.86253701753 468.263498258509 520 61.5962352974225 548.335387357451
1985.25542947857 469.44713052109 490 96.4591125044205 484.493028551627
2035.00421391799 466.801091486562 540 42.5380033732572 550.965211410056
1985.25542947857 469.44713052109 490 96.4591125044205 484.493028551627
2049.02089193354 473.474160516898 540 47.4936474105076 598.751023998206
2049.02089193354 473.474160516898 540 47.4936474105076 598.751023998206
2049.02089193354 473.474160516898 540 47.4936474105076 598.751023998206
2055.56573706069 475.434707272732 520 48.8719312436254 510.64572778945
1961.52414162998 457.57506916469 480 102.118164514648 373.83942504971
2049.02089193354 473.474160516898 540 47.4936474105076 598.751023998206
1955.13871906552 454.436694880458 480 134.353205618938 411.056068095075
2065.05076866876 475.541805654861 530 95.4934278146583 532.984684517554
1988.52861933131 468.524044788826 480 77.2923488083508 414.843300300079
2021.68689353569 472.452123953936 510 37.8296195984765 529.867015068284
2065.05076866876 475.541805654861 530 95.4934278146583 532.984684517554
2082.52324970851 463.24584948385 550 59.3385195947199 515.566987114775
2049.04247171104 454.576103026836 550 103.416609961306 478.838480910642
2019.74369724178 467.254861873231 510 37.1425959601765 440.502385832131
2043.34484668121 468.624580620246 520 45.4868623663857 467.14577396667
2033.73979060748 457.566819109434 550 42.090962224681 505.961974272736
1935.78439889466 469.004502703873 450 80.3754923186339 345.353923573964
2032.93433256573 461.591764648188 550 41.8061898030383 555.639466722
1935.78439889466 469.004502703873 450 80.3754923186339 345.353923573964
2032.93433256573 461.591764648188 550 41.8061898030383 555.639466722
2019.74369724178 467.254861873231 510 37.1425959601765 440.502385832131
2031.59715769939 457.924263199914 550 41.3334270952304 508.106638815612
1971.21043880287 468.957963208485 500 92.9004888434741 522.825619857229
2031.59715769939 457.924263199914 550 41.3334270952304 508.106638815612
1920.5503298235 472.611650924755 440 68.5913928282725 360.299365695653
2038.97066080367 451.32364250066 550 97.3219983664473 514.48902069662
1971.21043880287 468.957963208485 500 92.9004888434741 522.825619857229
1935.61331344662 466.821644554275 460 105.485973208552 498.497053751647
1916.19324037397 454.254716281381 480 112.352005888957 472.037755819675
1990.34590928721 472.068116587215 460 126.468115543702 304.418618349167
2001.5799643444 470.94586351028 490 73.3489445144574 371.366737450071
2083.41484998343 473.69787676021 510 159.372955085775 449.978357277053
2108.63412556309 465.998392310593 550 111.198306190443 456.011988820935
1952.28474729288 465.301765574756 470 70.7046618380032 396.013292977493
2043.37381710712 458.986213372724 550 104.851237173341 536.591743959651
2007.86013238025 475.301331069079 500 32.9411213110491 502.543594253491
2150.58423478255 476.833140482067 560 83.5545484381928 605.790468480544
2139.51258949207 470.833140482067 560 87.4689661700856 562.679859202752
2014.66950528125 458.552934375209 540 2.5932495180785 558.749338587059
1878.54988158012 462.940848416471 470 79.4181294948287 435.34296195102
1993.16651993889 456.346378759475 540 38.8950283846822 556.140441969922
1915.26920447174 457.793487849606 490 66.435888386204 369.732438089883
1955.03269006368 464.806477934215 490 18.6642385072609 440.87123058214
1970.91614508299 464.886312160874 510 46.761723856957 454.13708038613
1945.54479527732 470.004739097898 500 103.104408384979 520.004792750236
1967.85471098951 467.618259735639 490 14.1309695346758 404.936064266708
1968.75391353398 464.564332564543 460 16.9675192372963 397.188239339974
1878.54988158012 462.940848416471 470 79.4181294948287 435.34296195102
1964.29282520195 465.902253768062 490 15.3902863317732 414.603965021726
1887.44785873901 467.965370087671 430 42.5590847747721 391.550359203791
1905.85770083802 468.639340006052 430 49.0679468691638 394.792677605132
1962.30222645986 465.895455962116 490 16.0940692663491 436.46887378797
1928.17127734665 471.53139359959 470 28.1611820494909 475.605988060118
1944.03422593394 471.036768980548 500 70.7437651011262 507.98684545134
1967.85471098951 467.618259735639 490 14.1309695346758 404.936064266708
1967.85471098951 467.618259735639 490 14.1309695346758 404.936064266708
1899.48015031817 467.176088692374 460 46.81314225919 427.90302616356
1881.98311353225 452.989406296518 460 48.8053839214245 373.992782393026
2057.86494400622 468.955669006097 540 17.6924535364738 615.858598948376
1980.21323211545 468.379068510032 510 83.5349754048923 479.101085288383
1974.23570985559 465.176027238865 510 85.648348667211 430.838129880621
1964.29282520195 465.902253768062 490 15.3902863317732 414.603965021726
1964.1734876863 469.16642673007 490 15.4324785150587 436.443638327642
1964.29282520195 465.902253768062 490 15.3902863317732 414.603965021726
1964.1734876863 469.16642673007 490 15.4324785150587 436.443638327642
1980.21323211545 468.379068510032 510 83.5349754048923 479.101085288383
1950.31991906985 459.499297545572 460 9.3741143919389 387.994594405761
1980.29661155427 466.511385037796 510 83.564454488194 466.027300982728
1805.75155600714 459.008554288228 430 71.4430896045608 323.482523594397
2088.69849599973 475.720475475938 550 39.5501006670923 585.043647011433
2088.69849599973 475.720475475938 550 39.5501006670923 585.043647011433
1858.73080054767 467.622360477712 420 40.5844498265873 338.296129554352
1970.70670994782 458.934960401083 510 46.9244359247136 501.767329926281
2091.57457600704 476.817829333906 550 40.5669485052942 591.627770159239
1980.21323211545 468.379068510032 510 83.5349754048923 479.101085288383
2027.2350924903 463.70249778343 540 66.9102372373605 535.140091602711
1887.44785873901 467.965370087671 430 42.5590847747721 391.550359203791
1976.25963680047 467.94950021639 510 84.9327824335365 454.994485788798
2027.2350924903 463.70249778343 540 66.9102372373605 535.140091602711
1875.8818851678 464.83530084714 420 46.6482739463872 396.446618074177
2027.2350924903 463.70249778343 540 66.9102372373605 535.140091602711
1923.59091736002 466.383185334138 460 63.5159640398697 400.980083356251
1923.59091736002 466.383185334138 460 63.5159640398697 400.980083356251
1869.10351223252 467.288223572994 440 44.2517572124127 407.649599370349
1980.21323211545 468.379068510032 510 83.5349754048923 479.101085288383
2024.03390308417 462.667776669831 540 68.0420286058272 525.265185320752
1986.59133829813 473.171107438652 510 81.2799743384395 473.28437920783
1983.56743957713 469.786512789831 510 84.8253770198462 434.280185198948
2027.1164690453 462.314058293969 540 69.428469994328 497.252105244978
1999.982291841 471.972016601536 520 79.0218503458688 523.651192822358
1983.3445663604 466.052827928768 540 37.8878958984052 590.749096717145
1964.89031445306 466.493727381672 530 28.9796153548879 508.436010681812
1923.04626237062 471.580941367959 480 14.1855088649801 449.196984548169
1971.68419524843 453.854788901583 540 42.0104596406169 557.483322853426
1923.04626237062 471.580941367959 480 14.1855088649801 449.196984548169
1918.43505470134 471.547306503558 480 12.5552007587762 445.704178286954
1923.04626237062 471.580941367959 480 14.1855088649801 449.196984548169
1923.04626237062 471.580941367959 480 14.1855088649801 449.196984548169
1988.81020192593 476.612656446183 490 37.4365726735303 487.222458465706
1964.89031445306 466.493727381672 530 28.9796153548879 508.436010681812
1952.73392730794 435.487868267764 540 91.3033355387723 514.278538497074
1964.89031445306 466.493727381672 530 28.9796153548879 508.436010681812
1988.23336865952 477.768734605106 530 37.2326313163819 564.471218829556
1930.23309077591 478.185418517473 510 56.6656381707151 628.931960016952
1939.76622627411 470.913590609189 490 20.0904021479321 496.922531379185
1943.33395865142 466.794950333341 490 21.3582926723802 465.632951780896
1964.89031445306 466.493727381672 530 28.9796153548879 508.436010681812
1963.55304830976 466.13038906901 530 28.5068203757989 494.641145612979
1982.38063833142 459.094467123252 540 38.2286959213381 551.279164018662
1979.09328576849 463.516692691274 540 39.3909505660384 592.541304697488
2113.00438053763 476.44974234912 560 38.2110497536036 671.072652302414
1995.97951494529 470.650263405973 480 5.10490729837945 531.957132265461
1998.99874304212 472.127992410322 530 41.0387659303572 542.241600853714
1979.09328576849 463.516692691274 540 39.3909505660384 592.541304697488
1929.17922741186 469.431713354369 510 58.1114231830668 527.78986727183
1988.23336865952 477.768734605106 530 37.2326313163819 564.471218829556
1919.59717191102 467.345199004339 520 60.4260033474693 581.073116237991
1946.67472165725 468.763295930256 490 124.660642776027 539.27674628402
1936.81309879865 463.797658981062 490 121.174032577618 509.482924588854
2000.71206414125 462.607631444198 500 5.40220360085202 467.90276478335
2022.76835649702 462.98794448005 540 3.02060172362349 560.29002542357
1968.46395334258 458.612521419858 540 43.1489870849622 548.86943550169
1936.81309879865 463.797658981062 490 121.174032577618 509.482924588854
1946.67472165725 468.763295930256 490 124.660642776027 539.27674628402
1946.67472165725 468.763295930256 490 124.660642776027 539.27674628402
1983.3445663604 466.052827928768 540 37.8878958984052 590.749096717145
2019.41505951157 466.005532266103 500 62.6582513064942 243.666447882193
1928.69716708038 460.101074640261 490 2.90775658695038 189.950206847314
1911.69982568282 473.776870771315 480 22.2580642370367 208.949232117101
1909.20384858796 469.864085220539 470 23.1405254017671 272.05037921865
1874.41798867605 456.362220884417 480 33.7878420148476 150.547463624555
1877.61288611938 453.528090283873 480 32.6582751911629 131.639086506445
1885.47373491045 458.326849733074 480 37.6966385815572 156.441350170524
1874.41798867605 456.362220884417 480 33.7878420148476 150.547463624555
1840.68813627349 451.459397744635 420 0.531258394636151 245.831550851904
2019.41505951157 466.005532266103 500 62.6582513064942 243.666447882193
1840.68813627349 451.459397744635 420 0.531258394636151 245.831550851904
1834.91626103676 472.777723530699 440 49.4051538594908 218.392004018513
2032.78597828283 467.267893089531 500 74.4074571420986 262.588943271351
1908.42295012116 467.105393368949 470 23.4166147024141 261.015611812287
2009.48463265738 462.708817529366 500 66.1691873908343 247.050690605111
2019.41505951157 466.005532266103 500 62.6582513064942 243.666447882193
1874.41798867605 456.362220884417 480 33.7878420148476 150.547463624555
1986.38282527092 470.187006403404 510 50.9795928918393 262.086413848481
1917.739508707 466.022122692774 500 26.7105155790974 263.150964590898
1875.19888714285 459.120912736008 480 33.5117527142006 161.582231030918
1908.42295012116 467.105393368949 470 23.4166147024141 261.015611812287
1875.57694618905 457.097181245844 480 33.378088656574 137.012248992065
1872.04498996956 464.459397744635 440 10.555063547948 271.831550851904
1967.56629722679 461.648281851075 490 57.6322401810343 152.008964743822
1874.79604772225 454.338489394253 480 33.6541779572208 125.977481585702
1875.45726701681 453.565990103171 480 33.4204016337022 139.362540499569
1986.38282527092 470.187006403404 510 50.9795928918393 262.086413848481
1874.41798867605 456.362220884417 480 33.7878420148476 150.547463624555
1926.57612804883 463.256677745237 520 0.180061097956706 239.074291815996
1874.41798867605 456.362220884417 480 33.7878420148476 150.547463624555
1906.0875997223 466.758531434354 500 22.5909436506748 248.769950965543
2030.6440073708 465.666563714078 500 36.6134904881771 228.08236072454
1906.0875997223 466.758531434354 500 22.5909436506748 248.769950965543
1906.0875997223 466.758531434354 500 22.5909436506748 248.769950965543
2030.6440073708 465.666563714078 500 36.6134904881771 228.08236072454
1877.60710411221 471.658329587739 470 13.4856656424082 279.304780192362
1921.41787217643 472.917512229347 500 2.00377995119263 271.056132814785
1986.38282527092 470.187006403404 510 50.9795928918393 262.086413848481
1986.38282527092 470.187006403404 510 50.9795928918393 262.086413848481
1973.31466302152 468.228565445484 520 16.3445064130016 225.292053851888
1974.70484769968 467.986297963759 520 16.8360109195132 224.080716443263
2042.07224497744 472.419671766436 520 6.77403574071288 244.851105803089
1966.44568103227 451.587402136041 540 13.915954540776 198.264504015593
