6780.77061606964 1909.01818223581 1114 260.612481732598 7419.2317455965
6991.14630408149 1908.33052572573 1189 330.876464683647 8357.93728349186
6998.54386782415 1915.93282981515 1189 337.60695327093 8506.95712333878
7179.45416659034 1907.83980530883 1231 401.568402792958 8256.03612284025
6967.96667056481 1913.18185248555 1179 370.180235473851 7886.24128009074
6967.96667056481 1913.18185248555 1179 370.180235473851 7886.24128009074
7064.79399950868 1900.96676343016 1201 361.029911955247 7597.3871515208
6934.82038964026 1894.57197582417 1189 315.077301498621 7617.59364367117
6973.71236580994 1909.50945755201 1189 328.827691540281 7758.37517258151
6973.71236580994 1909.50945755201 1189 328.827691540281 7758.37517258151
6910.62832950962 1906.7651372542 1161 306.524116613996 7090.30969817131
6822.31481698204 1914.62844520435 1133 275.300574824666 6161.72185944415
6950.53882686447 1906.7128795908 1186 256.100674001813 7976.84366244851
6985.45752933713 1912.9702384375 1186 332.980233928392 7329.92322957826
6973.71236580994 1909.50945755201 1189 328.827691540281 7758.37517258151
6872.51520152789 1898.71036979491 1161 306.539099727795 7304.91316098619
6910.50380936529 1914.50392329121 1157 306.480092094771 7228.49674108242
6897.93027588351 1907.9672884938 1157 302.03467670055 6879.35051935162
6859.27406178335 1910.37934713118 1138 288.367641137939 7002.5867984748
6862.73765265679 1913.18214293732 1138 289.592205434869 7018.52129512172
6815.94905174029 1916.47338301065 1130 273.049936939727 7300.00843228287
6915.12316796715 1910.35161625483 1180 308.113281990822 6581.41586306906
7060.92823045342 1907.6719105331 1221 359.663156198508 7887.51730531014
6840.7166155473 1897.63047470015 1138 294.92868917545 6797.76000021795
6888.63961446648 1911.24797519297 1151 298.749931855704 7320.58590369952
6762.6590724346 1911.89868657634 1098 322.526198204322 7014.19880144568
6851.12573079629 1904.19231770169 1138 291.248511186092 6886.65620328243
6957.04953901254 1906.76948750305 1189 325.69549957556 6710.71647613737
7046.6262101863 1903.40775480115 1221 354.606628440734 7991.42698889507
6855.37223674112 1911.3768157798 1138 289.747144611122 6994.42367445407
6721.16960950996 1885.35726263022 1125 239.540343780652 7207.57987037519
6709.42802357046 1881.43527066985 1125 235.389066260802 7141.22233138432
6795.1045931387 1909.37869955937 1132 255.096579733606 7243.01962251076
6698.30133824049 1900.82733585568 1067 230.22808894987 7278.16104003514
7039.69403253605 1898.1148437147 1221 352.155733528294 7946.9772065318
6859.27406178335 1910.37934713118 1138 288.367641137939 7002.5867984748
6864.93358132238 1912.82836127373 1138 290.368583460089 6935.83491997532
6780.13694118847 1911.51509481067 1127 260.388443829828 7083.31055417026
7046.6262101863 1903.40775480115 1221 354.606628440734 7991.42698889507
6634.22792909352 1914.37789624444 1068 208.801817885543 6776.59106819022
6795.71640101989 1916.55694173984 1103 265.896614676841 6997.24135254509
6967.40731492489 1915.02840197742 1189 326.598519422009 7517.61214997284
6859.27406178335 1910.37934713118 1138 288.367641137939 7002.5867984748
6967.40731492489 1915.02840197742 1189 326.598519422009 7517.61214997284
6892.77373386814 1914.9595545232 1146 300.189332511353 6396.19758332265
6949.89102468749 1908.9911899305 1189 320.40557561796 7121.658698514
6953.04120469941 1910.25045987721 1189 321.519332442155 7430.15323325333
7046.6262101863 1903.40775480115 1221 354.606628440734 7991.42698889507
6871.89909511004 1906.40027880785 1169 292.831264476941 6450.20323657108
7300.10995330505 1917.38020217087 1309 274.132123468077 7832.3345100064
7059.59138516001 1917.07080689826 1203 359.168278736399 7868.31453942989
6898.66062406527 1897.94974122243 1104 425.326918256652 5859.08634547907
6988.32162471427 1906.33272734589 1194 333.97061328404 6430.79847155694
6871.89909511004 1906.40027880785 1169 292.831264476941 6450.20323657108
6915.68369789722 1908.22291034818 1189 277.351069705756 5955.61959421169
6819.94666865892 1914.05264415799 1105 243.502918413229 6585.69264025913
7280.76483285046 1912.33461586747 1274 203.201620902995 2494.49916224366
7023.1353469049 1906.52520050888 1152 183.645294990034 2091.03391532914
7188.59174326529 1907.55154046381 1224 170.613512558702 2428.77049871258
7188.70634759041 1906.99323569118 1251 171.229142244748 2299.24980356608
6950.96731289975 1906.80806721445 1113 209.160548105005 1988.48108361167
7106.60405329067 1910.6395954964 1207 249.714183620153 2175.39976061947
7187.77841357645 1905.64818426294 1224 170.901068027864 2435.65554126618
7070.97233761464 1904.62585899191 1205 237.116469730236 2070.98431555289
7026.61782585923 1909.90106216892 1171 183.243843336308 2167.80777327713
7025.4443247554 1907.61628389203 1151 182.828948042184 2093.60574106009
7089.74279947931 1910.45582396356 1191 205.561891790799 2464.11957283266
6996.17410542522 1901.79026863952 1189 210.671301129282 2029.9183001325
7265.46683215011 1910.91156282676 1301 324.63045053797 2269.42147082605
7181.3609514876 1904.17832329696 1286 294.894531260906 2257.05391699524
7061.33092644644 1908.93929713554 1211 392.68806137588 3170.5414939892
7217.64544476429 1898.89072941983 1296 253.6655995369 2242.59173656345
7315.68648297521 1903.57842907125 1309 295.688724137027 3196.07082958945
6985.62312646369 1903.76555399297 1146 352.300675659473 2472.24718405119
7100.64482339216 1905.5607117586 1215 311.634364718622 2577.07999611389
7193.09619634012 1908.99818448144 1274 252.346512643391 3107.61377317444
7152.14876976706 1906.53912538139 1274 268.883145519073 3079.30294711168
7149.23615256482 1904.20602537043 1251 267.853379831721 2875.77800000269
6991.33030332632 1905.77874301905 1204 212.025231438941 2517.56680732202
7149.23615256482 1904.20602537043 1251 267.853379831721 2875.77800000269
7026.91544875392 1903.97216630881 1184 227.774714661755 2227.20022577992
7123.83653504909 1904.15616491837 1224 257.82660692309 2521.12339650086
6742.25450376551 1911.21463533221 1093 452.01311071155 1077.91199524624
6762.89956399113 1907.27498325488 1076 321.498254710516 1923.83878968825
6888.79728436489 1908.18730384244 1122 400.202413763674 1144.54972377131
6835.11060541285 1908.48148713508 1109 381.221306390489 1590.07028509814
7349.30739158727 1904.67801087404 1309 338.589244748308 2315.60679422345
6865.17778887814 1903.89404959187 1162 391.851661050229 1244.74592697119
7122.35634557273 1903.5508830006 1224 258.349932931177 2508.18293895006
6853.32274168049 1906.10020253551 1096 353.467675770807 1716.24935610326
6853.32274168049 1906.10020253551 1096 353.467675770807 1716.24935610326
6867.5635962048 1905.27046644809 1162 391.008150780585 1396.16331274047
6987.10268677428 1906.25219714095 1178 470.351087284744 1901.81031700024
6864.88092283219 1908.37272023826 1105 349.381241635533 1755.70331146479
6774.54046909158 1903.63949988893 1045 362.612218554229 1172.27463352339
6807.35292004589 1905.94452537595 1085 369.720462074688 1696.29497622961
6748.61650637841 1895.15410574482 1115 405.11850910441 920.159756240224
6860.92692621597 1902.62075789185 1162 365.410779371886 1404.38441801843
6828.0451114031 1908.23008135539 1145 377.036256487836 1081.25528735735
6923.43190086365 1907.28339199025 1162 447.840065044303 1930.78592811521
6857.16923885204 1913.56659905743 1145 383.326556439354 1007.3965255673
6892.36296512465 1914.53500806781 1143 289.960852541136 1012.5647652234
6945.30404104754 1905.40995636997 1194 335.578964334709 1089.23612469407
6752.07960484645 1896.88565497884 1115 403.894118899076 957.211925674764
6892.36296512465 1914.53500806781 1143 289.960852541136 1012.5647652234
6944.79114444001 1913.59957170634 1167 308.497013100712 1205.64136670927
6952.48632933766 1912.94085777039 1160 311.21767181252 1289.59614858899
6888.74620258246 1916.30101126673 1121 288.682133881375 1828.3133955922
6818.57256091987 1913.68569484084 1093 263.872004941287 989.014222129536
6952.48632933766 1912.94085777039 1160 311.21767181252 1289.59614858899
6894.60833777294 1913.98635095085 1153 290.754711654085 918.701126934148
6892.36296512465 1914.53500806781 1143 289.960852541136 1012.5647652234
7067.22624931026 1914.22197406319 1199 228.137345527038 1091.29771646792
7309.64349427704 1910.15377446743 1296 235.606630411858 1904.29645023856
7348.04859564923 1904.56404794156 1315 434.577911026441 5790.13757666612
6870.03469855402 1892.80240832727 1114 442.999084584583 4273.63234180167
7366.36131870536 1910.79015258686 1315 428.103385698951 5721.88400671578
6985.67558199336 1893.82741777214 1182 293.510652733925 5401.94200274008
7436.95539595537 1902.15317117624 1328 453.062161066498 5775.04711016401
7262.76063356399 1901.33439898943 1278 391.475012199435 6175.0901647538
7268.53362111823 1901.32512060138 1278 401.14200746321 5885.04131961931
7077.93330145565 1911.74334677383 1217 478.790657439913 3908.083753406
7037.81297554825 1900.50068618066 1228 416.841360185516 5638.05827986864
7145.4826748586 1904.22753089365 1267 454.908347440848 5496.73088261893
7129.61038852282 1903.00747411815 1221 344.399291606804 5075.81094867845
7129.61038852282 1903.00747411815 1221 344.399291606804 5075.81094867845
6813.75862087341 1908.20074280125 1118 439.772777281134 4993.01816945415
7252.99138150409 1891.07255647234 1301 388.021060010096 5596.25951559354
7106.56298162955 1915.19039568435 1221 336.250802755305 4458.28275450645
7293.82993721626 1909.24501336295 1292 402.459669849067 4763.27970625726
6907.90288680186 1914.3479331403 1155 235.5182562225 4715.41088373519
7009.15919115869 1908.76596833059 1224 271.317765946804 6207.1332817469
7145.70918809786 1909.96154145474 1245 350.09107678104 4939.07550984147
7475.14124933165 1914.67321860559 1323 466.562899000379 5124.9027432403
7128.84124765298 1907.42455089667 1235 433.044986947958 4685.99176095152
7140.89259592362 1901.97218530089 1245 428.784191905653 4001.19330233506
7142.45158154002 1905.12698062114 1251 428.233007255089 4662.42997738413
7363.94311373214 1904.39945019749 1309 470.309562746703 4867.09850138057
7312.70258307027 1899.35318653696 1301 488.425826098007 4759.79442987594
7343.05341600559 1899.90825430859 1323 499.156465989623 5003.73383973666
7294.73918247166 1903.25897955254 1301 482.074804909785 5455.52088683095
7134.38389951583 1903.78779645267 1227 425.380650921206 4636.39217162408
7142.45158154002 1905.12698062114 1251 428.233007255089 4662.42997738413
7011.0233540095 1912.5682893717 1224 271.976847043325 4786.14104980062
6848.81729967664 1912.71481581834 1183 329.325347527465 3876.87652842475
6848.81729967664 1912.71481581834 1183 329.325347527465 3876.87652842475
6987.43174796318 1908.63032254489 1207 185.391659967866 6217.3089613362
7194.48314871985 1899.91983652391 1288 258.595384732472 8172.94397311113
7194.48314871985 1899.91983652391 1288 258.595384732472 8172.94397311113
7186.6214570286 1904.74196729505 1288 255.815856979231 7032.09030012345
6868.63416430671 1906.16649374008 1147 198.337681701937 6276.25035900226
6610.85516666827 1912.59243385846 1043 282.384502298805 6498.26926815186
6620.58930415244 1913.21090087486 1037 278.942964986774 7331.33593645288
6868.63416430671 1906.16649374008 1147 198.337681701937 6276.25035900226
6879.50273214277 1903.18451663786 1147 225.06095557398 6347.03523196808
6677.66683877312 1909.89705328061 1052 258.763009094929 5866.78104814432
6783.7752700193 1913.06664680946 1052 221.248013457308 5219.00000448898
6858.60481904992 1913.90261070311 1122 194.791772680967 5331.15318946177
7146.53693056821 1908.2883300878 1251 269.987877219628 6497.95109073609
6868.63416430671 1906.16649374008 1147 198.337681701937 6276.25035900226
6868.63416430671 1906.16649374008 1147 198.337681701937 6276.25035900226
7079.73476666646 1904.37851364415 1224 293.08911952346 7781.25106730844
7145.80593879108 1907.07289750841 1251 269.729432598329 6465.30421705536
7146.53693056821 1908.2883300878 1251 269.987877219628 6497.95109073609
7108.91422568526 1914.36699337075 1224 283.289512094283 6267.0644288246
7108.91422568526 1914.36699337075 1224 283.289512094283 6267.0644288246
7130.48494948396 1905.73339393942 1251 304.718128790162 8742.29749369992
7093.17554259971 1907.19966957889 1224 291.527261485211 8550.25076909893
6957.74615130462 1905.60564594252 1169 229.843526847549 5664.57921334021
6941.83440650152 1903.01815154499 1169 224.217875522161 5641.2917637625
6918.71345294077 1905.79531747597 1161 286.624400128119 7168.86280611511
6912.10249005221 1908.46317939099 1161 286.810864208747 6836.26170991821
6898.30788947359 1899.84936094829 1161 279.409943977331 7090.63703842077
6915.67167152821 1910.89506871821 1161 285.548967996263 7173.96255735735
6750.68877811175 1915.34937384546 971 244.11833707385 6326.60133684674
6789.04781941762 1909.13201657026 1041 230.556367960253 4835.54386899306
6789.04781941762 1909.13201657026 1041 230.556367960253 4835.54386899306
6789.57567177301 1914.35775542401 1041 230.369743970271 4902.70814447749
7224.34756991951 1898.77989963414 1287 430.266720665308 8789.31509630092
6920.48933798366 1903.23359694879 1151 322.836612504712 5656.02228322688
6789.57567177301 1914.35775542401 1041 230.369743970271 4902.70814447749
7019.35289278592 1905.56647357293 1214 287.883067498271 6387.1411579564
6615.91159482816 1886.558488782 990 397.375477006506 6549.5125976287
7113.4658841365 1900.49319490035 1207 243.339270853796 8658.47416891164
7153.17980260059 1913.91206464249 1207 241.71958679426 8603.72792516225
7082.52883131999 1900.75223666995 1174 232.401370935555 7546.15576944652
7156.06113919511 1907.80852796304 1216 244.146004456938 9614.46630378483
7069.9498851059 1909.25472722458 1237 393.177670825075 9671.88703499865
6871.62126690498 1890.62336261832 1112 324.387463591033 7033.75230619734
7128.75365233046 1901.45505457193 1216 304.387853737997 9427.40293054396
7148.31590716299 1908.47352995068 1287 360.980712672922 8307.40579586539
7015.72999036222 1906.49331879305 1216 355.096895534686 9247.12908453509
7006.31444426569 1919.2925474858 1216 418.698198846654 9033.46057056285
6921.07639158556 1906.94013952246 1191 388.561996314027 8841.75313107128
7133.10371026275 1916.18988109506 1287 477.479728433245 10123.8613305036
7005.26923616645 1909.054204527 1216 432.283416681791 9308.78815450995
7239.76057905728 1907.58160845638 1314 366.821425949845 9462.88480294638
6940.79173716729 1910.03251773701 1207 409.487178293664 9157.9530221972
6901.3413882257 1906.41196183927 1182 395.539373665276 8834.88682118984
7081.1152906825 1903.24801193248 1247 360.24385626085 8752.66296128187
