13085.3247606816 2352.70749169506 450 167.588080586827 201.78035986967
13432.5942002598 2344.1349935461 490 335.027382455336 2036.59115553893
13117.9294848405 2379.50259536234 460 136.700452582028 634.8084604051
13475.3609913711 2331.83899630779 440 3.37357649846476 1080.91945821966
13432.5942002598 2344.1349935461 490 335.027382455336 2036.59115553893
13633.8504046934 2410.03601448027 480 338.649335201907 564.629998878468
13141.8997792426 2385.34272600893 490 127.844610423693 1617.30398775879
13041.7387271184 2341.06488747473 460 140.808000518244 844.48024798887
13041.7387271184 2341.06488747473 460 140.808000518244 844.48024798887
13097.0280729266 2352.17643867319 470 144.779996309321 712.583957484368
13270.68191625 2418.27789645371 480 196.081651649022 318.80479351722
13104.5846887287 2363.0071470465 460 126.397016950339 503.832896002867
13104.5846887287 2363.0071470465 460 126.397016950339 503.832896002867
13041.7387271184 2341.06488747473 460 140.808000518244 844.48024798887
13041.7387271184 2341.06488747473 460 140.808000518244 844.48024798887
13041.7387271184 2341.06488747473 460 140.808000518244 844.48024798887
13104.5846887287 2363.0071470465 460 126.397016950339 503.832896002867
13085.3247606816 2352.70749169506 450 167.588080586827 201.78035986967
13104.5846887287 2363.0071470465 460 126.397016950339 503.832896002867
13041.7387271184 2341.06488747473 460 140.808000518244 844.48024798887
13383.1855521419 2464.15638701201 480 212.385675031715 566.015073644586
13041.7387271184 2341.06488747473 460 140.808000518244 844.48024798887
13041.7387271184 2341.06488747473 460 140.808000518244 844.48024798887
12661.4784750639 2310.97055779332 460 109.009470910974 497.082967286079
13432.5942002598 2344.1349935461 490 335.027382455336 2036.59115553893
13315.8515367775 2430.57512893028 450 241.303800385444 9.62294891084002
13268.0798818448 2444.42360422403 460 131.194581308436 189.206005188405
13148.9078334143 2375.97476752077 470 17.935542685415 1633.35432832369
13112.3430531115 2358.6960372663 490 159.556179991761 1155.6768025423
13046.3873669781 2334.7021675216 460 137.106362185282 1467.27659130123
13197.3995260682 2394.54413853026 490 146.094371808297 1159.38051254324
13272.6241952083 2416.30265627033 450 174.079016651446 93.7891288136094
13245.7081971495 2388.88286254791 470 271.595841506503 561.122118753212
13504.545534206 2373.63426372816 490 309.58874438096 2095.58969590304
13104.5846887287 2363.0071470465 460 126.397016950339 503.832896002867
13041.7387271184 2341.06488747473 460 140.808000518244 844.48024798887
13148.9078334143 2375.97476752077 470 17.935542685415 1633.35432832369
13097.0280729266 2352.17643867319 470 144.779996309321 712.583957484368
12661.4784750639 2310.97055779332 460 109.009470910974 497.082967286079
12730.1856749331 2340.79193632061 420 365.859994683115 80.1750680806493
13168.5145596662 2371.86655109947 470 67.74980265753 1522.81477149621
13113.724821501 2383.84322126235 480 88.1589234658693 2194.31541312797
13242.4383298805 2436.85706007655 470 122.864512038548 806.823846258603
13522.1118096051 2411.32180270936 470 23.6809700023795 675.336416016694
13090.6709053089 2355.08328770174 470 161.450662250139 855.220956625024
13148.9078334143 2375.97476752077 470 17.935542685415 1633.35432832369
13041.7387271184 2341.06488747473 460 140.808000518244 844.48024798887
13522.1118096051 2411.32180270936 470 23.6809700023795 675.336416016694
13148.9078334143 2375.97476752077 470 17.935542685415 1633.35432832369
13041.7387271184 2341.06488747473 460 140.808000518244 844.48024798887
13522.1118096051 2411.32180270936 470 23.6809700023795 675.336416016694
13113.724821501 2383.84322126235 480 88.1589234658693 2194.31541312797
12661.4784750639 2310.97055779332 460 109.009470910974 497.082967286079
12750.9427618291 2359.29736431324 460 77.379068988136 545.409773805997
13256.1460438345 2395.93273816903 470 275.286177592479 567.171994374333
13199.6140845817 2418.54312777621 460 106.988266546392 189.206005188405
13141.8997792426 2385.34272600893 490 127.844610423693 1617.30398775879
13633.8504046934 2410.03601448027 480 338.649335201907 564.629998878468
13315.8515367775 2430.57512893028 450 241.303800385444 9.62294891084002
13197.3995260682 2394.54413853026 490 146.094371808297 1159.38051254324
12813.7480031823 2385.68204242031 420 336.316250204756 89.8332923781443
13447.3242913023 2319.16499012185 450 2.58815087466823 1792.88062356977
13251.3224949634 2441.58330377618 460 125.269950359033 189.206005188405
12786.3533576578 2363.73416220524 460 27.7131817668188 1531.93888054854
13148.9078334143 2375.97476752077 470 17.935542685415 1633.35432832369
12714.8687943462 2385.12898165823 440 1.42423507227674 990.543470610503
13256.1460438345 2395.93273816903 470 275.286177592479 567.171994374333
13085.3247606816 2352.70749169506 450 167.588080586827 201.78035986967
13251.2252771547 2396.94233116376 470 269.645259164466 664.720169354391
13248.7989151251 2395.2138192205 470 270.503107686848 380.171764774723
13248.7989151251 2395.2138192205 470 270.503107686848 380.171764774723
13255.1131648298 2398.99343275217 470 268.270683294689 473.519092247847
13255.1131648298 2398.99343275217 470 268.270683294689 473.519092247847
13246.0264197821 2393.43669506978 470 271.483332815792 380.171764774723
13183.7944326573 2390.30445355907 460 32.6305747588267 666.903063870549
13197.6323706078 2412.11980506942 480 98.4709238958573 914.245684836802
12657.864434285 2345.61105180296 440 12.0728088338731 93.6340005880068
13067.8767868173 2357.47089574551 450 0.537923581644843 801.522929006302
13251.6816162083 2417.60544437223 470 69.8455945380389 952.962234754889
12478.9427503203 2288.39393392023 410 47.0207571262636 607.168177118466
13004.8167103282 2361.03514784558 470 184.518047132723 1324.98892329996
12648.7319021094 2330.05543486451 460 272.417545322728 515.259973187936
13048.0487435586 2333.04168189813 470 29.2501585611572 838.083864832257
13083.0122563509 2358.93250900535 440 4.67782037031903 704.96997240182
13207.1934546107 2375.19988087276 470 372.423907251788 623.240165584087
12732.6287266143 2355.66752027875 480 193.951995863949 1480.91231009733
12568.0867616498 2319.25806387539 460 27.3244445252197 224.460355521948
13197.6323706078 2412.11980506942 480 98.4709238958573 914.245684836802
12713.3086022027 2361.90225839696 420 26.3613985190716 0
13061.5936015101 2357.47089574551 450 1.68351788743457 893.522929006302
12645.5619406753 2327.96493070173 460 273.53829593578 754.508958975155
13048.0487435586 2333.04168189813 470 29.2501585611572 838.083864832257
12694.3685135225 2341.12242741099 480 180.30207172455 1639.95610789017
12575.7344878877 2317.06370182533 460 24.6205649834883 406.582006827127
13197.9549282489 2405.94971774397 480 98.3568825481652 1170.2340937709
13429.5819327999 2316.0276380421 430 23.1164732080244 355.198434081098
13344.6026303599 2440.8921432827 500 240.724304127363 1547.26346421531
13232.786134479 2422.8731516709 470 104.017180682873 830.769179486429
13156.9217193079 2371.93733054134 460 150.076828510203 199.413212773988
13150.9292561386 2373.6669555852 470 54.8609716133758 1033.72027023885
13136.8333870782 2360.02249168641 470 60.6402703101291 893.172419907646
12680.9577412817 2336.19621772832 480 175.560647728361 1547.18883346984
12476.8593783673 2275.99307178862 460 59.5781951996983 329.810230051655
13273.5246768532 2415.20871627395 490 83.8686873244261 2037.9601456464
13080.6660732351 2377.66098571429 490 139.55983594662 1626.53486488749
12680.9577412817 2336.19621772832 480 175.560647728361 1547.18883346984
12476.8593783673 2275.99307178862 460 59.5781951996983 329.810230051655
13273.5246768532 2415.20871627395 490 83.8686873244261 2037.9601456464
13080.6660732351 2377.66098571429 490 139.55983594662 1626.53486488749
13197.9549282489 2405.94971774397 480 98.3568825481652 1170.2340937709
13191.3154601982 2401.60926582648 480 100.704288989237 1152.87228610095
13213.9253909746 2405.08395666731 480 165.054792959231 503.832896002867
13334.5912559443 2465.74709675613 470 128.971835020957 528.201454877353
13199.6140845817 2418.54312777621 460 106.988266546392 189.206005188405
13197.9549282489 2405.94971774397 480 98.3568825481652 1170.2340937709
13224.7052609453 2392.72717081581 470 122.138861001394 616.365947003156
13256.1460438345 2395.93273816903 470 275.286177592479 567.171994374333
13041.7387271184 2341.06488747473 460 140.808000518244 844.48024798887
13046.3873669781 2334.7021675216 460 137.106362185282 1467.27659130123
12730.1856749331 2340.79193632061 420 365.859994683115 80.1750680806493
13326.3383714127 2427.12656909495 500 211.334336330812 1513.42487878561
13472.0783490341 2334.91006411966 440 2.21298717009964 1083.99052603152
13245.7081971495 2388.88286254791 470 271.595841506503 561.122118753212
13269.63489462 2424.75094664766 470 196.451829696337 331.168792498989
13136.8333870782 2360.02249168641 470 60.6402703101291 893.172419907646
13136.8333870782 2360.02249168641 470 60.6402703101291 893.172419907646
13183.7944326573 2390.30445355907 460 32.6305747588267 666.903063870549
13112.3430531115 2358.6960372663 490 159.556179991761 1155.6768025423
13197.3995260682 2394.54413853026 490 146.094371808297 1159.38051254324
13207.1934546107 2375.19988087276 470 372.423907251788 623.240165584087
12998.0510311035 2352.34328685155 480 211.927975170362 1542.45071759529
13186.4517683786 2398.10129541623 460 33.6892218637027 217.647493814627
12997.3725136744 2421.38967472134 490 585.963333857193 1605.02516343578
13191.6015540408 2396.04619881071 470 54.0583709210492 1232.95553712435
13113.5931294902 2356.12727535134 470 41.2972587900967 1571.59044008016
13113.5931294902 2356.12727535134 470 41.2972587900967 1571.59044008016
13630.4923772465 2444.01276079328 460 3.88797193563553 1557.20965660649
13037.9495009508 2356.60201831611 460 144.297992701114 1415.00966078811
13047.1393292376 2366.62234473329 460 182.965708735405 1467.58124927668
12582.6234159332 2318.71368139672 450 26.7179378046731 595.402809231598
13627.7167083295 2439.92957960034 460 4.86931909241106 1782.26786946663
13097.0280729266 2352.17643867319 470 144.779996309321 712.583957484368
13080.6660732351 2377.66098571429 490 139.55983594662 1626.53486488749
12732.6287266143 2355.66752027875 480 193.951995863949 1480.91231009733
12998.0510311035 2352.34328685155 480 211.927975170362 1542.45071759529
13186.4517683786 2398.10129541623 460 33.6892218637027 217.647493814627
12997.3725136744 2421.38967472134 490 585.963333857193 1605.02516343578
13191.6015540408 2396.04619881071 470 54.0583709210492 1232.95553712435
13113.5931294902 2356.12727535134 470 41.2972587900967 1571.59044008016
13113.5931294902 2356.12727535134 470 41.2972587900967 1571.59044008016
13630.4923772465 2444.01276079328 460 3.88797193563553 1557.20965660649
13291.2909285638 2443.58715288523 490 104.477559935425 1046.84173989939
13037.9495009508 2356.60201831611 460 144.297992701114 1415.00966078811
13047.1393292376 2366.62234473329 460 182.965708735405 1467.58124927668
12582.6234159332 2318.71368139672 450 26.7179378046731 595.402809231598
13627.7167083295 2439.92957960034 460 4.86931909241106 1782.26786946663
13190.0865290825 2393.7216796783 470 53.5227287102325 1228.30649885953
13183.7944326573 2390.30445355907 460 32.6305747588267 666.903063870549
13112.5781388454 2383.60898972447 480 88.5643370066933 1891.53113874995
13213.9253909746 2405.08395666731 480 165.054792959231 503.832896002867
13153.5102511301 2375.73617477317 470 19.562743073742 1810.54965399056
13197.4115486588 2406.01421284621 480 98.5489962446432 1376.2822749463
12848.7083727264 2402.17540050377 480 234.992348325762 1867.23811373042
13125.6446047067 2386.30402290823 480 83.9446436983484 2202.60649971769
13112.3430531115 2358.6960372663 490 159.556179991761 1155.6768025423
13157.6869162631 2383.10263566606 470 14.831668177933 1891.04789827411
12478.9427503203 2288.39393392023 410 47.0207571262636 607.168177118466
13245.7081971495 2388.88286254791 470 271.595841506503 561.122118753212
13533.8845416004 2418.90844875296 470 19.5186806889175 1058.23176601307
13177.0984888838 2391.51865841041 470 18.8447236556454 2013.38735986841
12495.2272418147 2290.15259383722 460 66.0722155994891 822.555820174869
13001.2324718003 2354.56616270083 480 210.803166025029 1926.96680303759
13334.5912559443 2465.74709675613 470 128.971835020957 528.201454877353
13145.7579401907 2374.9920075885 470 19.0491981146343 1631.38880845916
13153.493776364 2372.57147447978 450 56.9094660136941 151.069751883833
13522.1118096051 2411.32180270936 470 23.6809700023795 675.336416016694
12727.2383266945 2336.2557022865 420 366.902039646138 80.1750680806493
13041.7387271184 2341.06488747473 460 140.808000518244 844.48024798887
13126.4224990275 2366.59478703601 490 164.534015833054 1271.87985610214
13269.1932556613 2452.29158690031 460 131.588218396247 542.883677373171
13274.0286919838 2419.84676898444 480 194.89838774077 793.646801597425
13157.9003814609 2381.25520954888 470 25.6322796279543 2383.64943457975
12676.9036706172 2331.59377911327 480 186.476826149887 787.191261142465
13112.0239549474 2385.89704900648 480 88.7602706028392 2106.01542776347
13207.1934546107 2375.19988087276 470 372.423907251788 623.240165584087
13237.3510199649 2389.3034590647 470 266.455665537799 532.741503342372
13138.5394493352 2405.08790214322 490 160.021164291891 1382.11930149062
13041.7387271184 2341.06488747473 460 140.808000518244 844.48024798887
13113.5931294902 2356.12727535134 470 41.2972587900967 1571.59044008016
12569.0034379676 2313.69817686529 460 22.2407794619891 795.421868967368
13060.7478174053 2355.31429788225 450 1.38448804948991 801.965292622711
12947.1314543828 2395.26308850217 490 603.726230716741 1257.02516343578
12476.3055659885 2279.28204930328 460 59.3823929554309 329.810230051655
13113.5931294902 2356.12727535134 470 41.2972587900967 1571.59044008016
13175.8865488497 2379.13153738631 490 182.022198360146 1276.11230266231
13383.1855521419 2464.15638701201 480 212.385675031715 566.015073644586
13154.8188273346 2383.12395303583 460 173.625597088097 1158.53671592248
13073.2564123567 2337.69756643595 460 27.2823708023251 978.66876011005
13126.3876914637 2382.08094545923 460 163.573672602496 1357.13035033164
13139.5955776603 2385.64254700671 460 160.300199781995 1281.17329716769
