13020.7916257542 2319.00352110836 450 168.205945091797 2588.21022906504
12656.9939478519 2325.1044453173 440 298.038606450003 2540.47140052024
12958.9071062557 2303.14497057235 460 174.099932495381 3004.76961869279
13032.5054049069 2337.68509461556 460 200.12086052541 2997.86088614791
13043.5361785478 2335.67852871866 450 137.371204301632 2919.5884548737
13039.9601465201 2333.75782691652 450 140.815956889508 2856.27819600026
13000.4070279396 2322.36953524151 450 133.892650144969 3409.04946697169
12999.2299102574 2322.1190253696 450 129.03594351054 3182.53502689405
13356.9692037643 2445.98860041407 510 230.046503487738 3732.69191656831
12981.8732804912 2313.74364104454 450 169.321970446226 2930.12960519177
13148.1488953101 2371.70536107667 480 147.90686753186 2831.10242301034
13039.9601465201 2333.75782691652 450 140.815956889508 2856.27819600026
13022.7846547334 2340.69153340101 450 128.590978683621 2841.80406568025
13002.9303093966 2320.31027464804 450 144.974169537476 3075.55601674979
13000.4070279396 2322.36953524151 450 133.892650144969 3409.04946697169
12999.2299102574 2322.1190253696 450 129.03594351054 3182.53502689405
13356.9692037643 2445.98860041407 510 230.046503487738 3732.69191656831
12981.8732804912 2313.74364104454 450 169.321970446226 2930.12960519177
13148.1488953101 2371.70536107667 480 147.90686753186 2831.10242301034
13039.9601465201 2333.75782691652 450 140.815956889508 2856.27819600026
13022.7846547334 2340.69153340101 450 128.590978683621 2841.80406568025
13002.9303093966 2320.31027464804 450 144.974169537476 3075.55601674979
13000.4070279396 2322.36953524151 450 133.892650144969 3409.04946697169
13015.1283207508 2337.08402218988 450 125.884055844549 2735.37402083572
13035.3002815714 2339.37348397709 450 124.396867496957 2711.85514742971
12961.3194795761 2306.57174291943 450 163.449068154029 2651.23176624544
13022.7846547334 2340.69153340101 450 128.590978683621 2841.80406568025
12978.9482890441 2320.71036961882 450 170.356111089798 2957.9965194889
12961.3194795761 2306.57174291943 450 163.449068154029 2651.23176624544
12998.8449934238 2322.32668467922 450 160.124888935966 2603.04833481154
12607.6376983162 2300.59288007927 440 312.716177083438 2446.18139481749
13024.2939144281 2333.13891676849 450 142.337939853695 3334.3839455916
13268.6127115274 2397.39673453167 460 392.268571591978 1820.60121635154
12981.8732804912 2313.74364104454 450 169.321970446226 2930.12960519177
13047.5943347991 2335.19269219772 450 142.744161772123 3069.02743605322
13002.0417552741 2319.69484782128 450 172.26848418757 2850.46478874141
12975.8726124069 2305.84150597313 450 154.540510049818 2796.16384344876
13354.2788873679 2444.66608367605 510 229.095333004034 3819.40184961623
12980.1710419511 2316.37432046914 450 175.986296182917 2634.77598634437
13152.710744268 2370.94142905417 480 149.519724698322 3101.28276289784
13050.1480813516 2337.5013479132 450 21.3025226437096 2783.13052010936
12665.3898421608 2332.5700315394 410 32.8535625058857 3490.45624614701
13066.5911999903 2342.72674853258 450 15.4890022970572 2798.8067219675
12665.3898421608 2332.5700315394 410 32.8535625058857 3490.45624614701
13066.5911999903 2342.72674853258 450 15.4890022970572 2798.8067219675
12630.4826085808 2312.59100194515 410 45.1951332943431 3472.83210105708
13364.1297669991 2450.77158587898 510 232.578144897962 3950.40620944059
12961.0762487174 2303.21018573618 450 163.363073059217 2741.01546206814
13364.1297669991 2450.77158587898 510 232.578144897962 3950.40620944059
12961.0762487174 2303.21018573618 450 163.363073059217 2741.01546206814
12819.4246357363 2397.75183099506 440 282.966448737614 2592.53597461221
12950.1873082639 2292.32868690565 450 151.648002310949 2787.26553816903
12819.4246357363 2397.75183099506 440 282.966448737614 2592.53597461221
13168.5017024712 2342.78381251458 470 429.403401823756 2551.76773145489
13054.4777421136 2345.54519978079 450 12.5600608985092 2966.93049694165
12989.5029160522 2306.9326738473 450 178.022904193294 1766.69437962916
13364.0554706236 2420.2667622235 490 395.972802805108 1882.48529429834
13060.113857156 2349.42537664872 450 117.987143139155 3138.48173908936
12645.8376207619 2297.65276017633 450 330.342381870291 2745.75948088993
13070.0649166344 2293.62650165998 450 590.044847294868 2838.89196625173
13228.7091424258 2397.06569514138 490 199.395699859797 2723.29351224175
12996.1065197035 2346.12062646497 450 165.575924360042 2656.35188332963
12950.1873082639 2292.32868690565 450 151.648002310949 2787.26553816903
12819.4246357363 2397.75183099506 440 282.966448737614 2592.53597461221
12989.1007285774 2316.87556160992 450 142.552775523828 2669.0286670873
13048.4735945494 2300.2806865357 470 386.967057301504 2705.73290865394
13104.6443755628 2372.21985439858 470 8.93294342911065 2917.11671224145
13027.3908220431 2336.67190459692 450 124.352438248582 2986.30904221186
13163.0810473231 2395.64655539797 460 35.1935925186135 2215.53853880437
12961.0762487174 2303.21018573618 450 163.363073059217 2741.01546206814
13168.5017024712 2342.78381251458 470 429.403401823756 2551.76773145489
12980.1710419511 2316.37432046914 450 175.986296182917 2634.77598634437
13047.5943347991 2335.19269219772 450 142.744161772123 3069.02743605322
13183.3037444208 2400.71110689276 460 150.211085649 1743.40741908401
13534.2782042468 2392.69076495216 480 142.965553415715 2563.58762279504
12978.9482890441 2320.71036961882 450 170.356111089798 2957.9965194889
12961.0762487174 2303.21018573618 450 163.363073059217 2741.01546206814
13364.0554706236 2420.2667622235 490 395.972802805108 1882.48529429834
13246.6351574708 2421.26611799137 470 41.2683789474657 3113.30176661263
13509.2855991308 2371.34770400052 480 355.790383941943 2714.89823710646
13054.4777421136 2345.54519978079 450 12.5600608985092 2966.93049694165
12819.4246357363 2397.75183099506 440 282.966448737614 2592.53597461221
13002.9303093966 2320.31027464804 450 144.974169537476 3075.55601674979
13069.0745183271 2351.4183618687 460 149.890094414051 2114.60647452176
13364.1297669991 2450.77158587898 510 232.578144897962 3950.40620944059
13268.6127115274 2397.39673453167 460 392.268571591978 1820.60121635154
12980.1710419511 2316.37432046914 450 175.986296182917 2634.77598634437
13054.4777421136 2345.54519978079 450 12.5600608985092 2966.93049694165
13000.4070279396 2322.36953524151 450 133.892650144969 3409.04946697169
12745.9079203541 2371.21231243693 440 4.38612295660378 3568.43045260124
13268.6127115274 2397.39673453167 460 392.268571591978 1820.60121635154
12980.1710419511 2316.37432046914 450 175.986296182917 2634.77598634437
13054.4777421136 2345.54519978079 450 12.5600608985092 2966.93049694165
13000.4070279396 2322.36953524151 450 133.892650144969 3409.04946697169
12745.9079203541 2371.21231243693 440 4.38612295660378 3568.43045260124
13066.5911999903 2342.72674853258 450 15.4890022970572 2798.8067219675
13060.113857156 2349.42537664872 450 117.987143139155 3138.48173908936
13039.9601465201 2333.75782691652 450 140.815956889508 2856.27819600026
13066.5911999903 2342.72674853258 450 15.4890022970572 2798.8067219675
12665.898130806 2339.91234924502 430 32.6738553319777 3295.86290991017
13161.2623759059 2375.53569840574 490 203.421109666928 2903.66921427057
13493.7297361966 2357.11666523673 470 349.372683756093 2474.69341250138
13020.7916257542 2319.00352110836 450 168.205945091797 2588.21022906504
13354.2788873679 2444.66608367605 510 229.095333004034 3819.40184961623
12981.8732804912 2313.74364104454 450 169.321970446226 2930.12960519177
13104.6443755628 2372.21985439858 470 8.93294342911065 2917.11671224145
13168.5017024712 2342.78381251458 470 429.403401823756 2551.76773145489
13171.2151788594 2366.44086146908 460 357.8333436818 1622.25169972974
12562.6272708033 2284.60048406488 450 298.25282735585 3223.14463829289
13292.191964825 2402.62267831729 460 400.605096543017 1506.72315452394
13127.6299288431 2380.28563375694 460 32.1252549038253 1035.36636273285
13252.7115557692 2396.98554412176 460 386.646664059308 1349.58431023322
13040.3733222364 2345.40300003293 450 122.787424688366 3237.39267572961
13040.3733222364 2345.40300003293 450 122.787424688366 3237.39267572961
13023.4284773868 2341.4858860248 450 128.77833203802 3033.67032433218
12738.8990805322 2365.19778361852 430 301.476649151852 1888.83870709684
12776.0763900292 2375.98917113089 430 314.620812977678 2045.32301775051
13149.1435251247 2380.55093969901 420 31.42712112852 1705.74336591357
12816.8984319275 2392.61694726029 450 305.502759344522 2484.74218460378
13020.0100342917 2327.22471821183 450 145.459661972835 2318.98962136889
13110.6339138505 2372.69203353428 460 127.398132499353 2478.34456083245
12968.4657713009 2432.5862141405 440 382.64073104041 2150.57490141279
13000.4897940139 2319.70810274815 450 149.362340054278 3358.53331109406
13282.185124283 2390.24683891677 460 280.21193379697 1758.09891535824
12738.5580388735 2355.09809604346 420 75.4240939744151 2463.50105078306
13077.6598893188 2346.58242098752 450 140.245728513735 3375.46682600598
13007.2300378245 2314.91228055307 450 52.6163174374794 2508.4791442627
13073.990655424 2341.36322133789 450 76.2197601479063 2734.14596879234
13088.4873690965 2342.75767006243 450 71.094397876528 2743.11821241502
13364.1297669991 2450.77158587898 510 232.578144897962 3950.40620944059
13168.5017024712 2342.78381251458 470 429.403401823756 2551.76773145489
13077.6598893188 2346.58242098752 450 140.245728513735 3375.46682600598
13007.2300378245 2314.91228055307 450 52.6163174374794 2508.4791442627
13073.990655424 2341.36322133789 450 76.2197601479063 2734.14596879234
13088.4873690965 2342.75767006243 450 71.094397876528 2743.11821241502
13364.1297669991 2450.77158587898 510 232.578144897962 3950.40620944059
13168.5017024712 2342.78381251458 470 429.403401823756 2551.76773145489
12795.5334963675 2389.95349716316 440 291.413242066612 2508.55487664013
12614.1455659133 2308.9940970199 470 312.918398620572 3228.23313164508
12623.2106448635 2316.60987012576 470 316.12338801942 3239.84890475094
13210.3516906174 2420.58308419289 460 100.769677532075 2693.12526149191
12628.4678384073 2316.7943148151 470 316.667827030742 3638.08689643422
13043.200788323 2342.70358916861 450 133.590765073049 2476.74808994398
13490.6686837043 2399.32675411259 470 60.9360665818069 3111.71758739122
12985.4245348249 2303.9464948286 450 174.928950253197 2920.85307639607
13051.5901297705 2361.70074063903 460 173.483640578665 3045.71058778375
13490.6686837043 2399.32675411259 470 60.9360665818069 3111.71758739122
13178.2721824687 2389.17686267644 480 158.55705784262 2719.94896731736
13276.8642096432 2395.52933663826 470 391.091469999895 2308.66729897267
12819.4246357363 2397.75183099506 440 282.966448737614 2592.53597461221
13180.5476595684 2386.5003660379 480 147.806409006351 3294.44055289804
12983.9682303537 2336.47159949358 450 159.637964674289 3273.37818106105
13020.0100342917 2327.22471821183 450 145.459661972835 2318.98962136889
13350.2688263666 2440.7784857151 510 232.161504129361 3720.00108463579
13018.7625041841 2333.94533811143 450 140.382291007181 3560.68064813824
12709.692356678 2345.47620197828 420 65.2185341623911 2462.14306684851
13296.3008972999 2399.28218362123 460 409.882890118588 2107.80274507381
13503.3455588567 2404.8057717179 470 63.1053365486176 3008.51688171238
13292.191964825 2402.62267831729 460 400.605096543017 1506.72315452394
13059.8977258296 2349.655517818 460 56.0722049316086 1316.90246085394
13009.6753207916 2333.42270422849 450 146.180706347695 3005.82262343054
13356.9692037643 2445.98860041407 510 230.046503487738 3732.69191656831
13259.1352806876 2399.53155227889 470 388.917793784442 1818.03714101461
13364.0554706236 2420.2667622235 490 395.972802805108 1882.48529429834
13047.5943347991 2335.19269219772 450 142.744161772123 3069.02743605322
13486.5081922359 2338.80831147457 450 0.983732771070517 3506.5782523947
13356.9692037643 2445.98860041407 510 230.046503487738 3732.69191656831
13152.710744268 2370.94142905417 480 149.519724698322 3101.28276289784
13171.2151788594 2366.44086146908 460 357.8333436818 1622.25169972974
12804.6784822172 2387.45343510279 420 52.0469870427286 2656.86903721617
12835.4595598596 2367.23667574597 460 397.383861369167 3038.93292654861
13364.1297669991 2450.77158587898 510 232.578144897962 3950.40620944059
13104.6443755628 2372.21985439858 470 8.93294342911065 2917.11671224145
12961.3194795761 2306.57174291943 450 163.449068154029 2651.23176624544
13490.6686837043 2399.32675411259 470 60.9360665818069 3111.71758739122
13240.4036236342 2402.4707024472 470 76.9409740035771 3020.16198875716
13375.2811673497 2327.80540932117 460 293.215174569417 2525.09553521875
13000.4070279396 2322.36953524151 450 133.892650144969 3409.04946697169
13490.6686837043 2399.32675411259 470 60.9360665818069 3111.71758739122
13657.4407208043 2429.88698953044 510 327.968719236804 2964.20972844137
12745.9079203541 2371.21231243693 440 4.38612295660378 3568.43045260124
13356.9692037643 2445.98860041407 510 230.046503487738 3732.69191656831
13292.191964825 2402.62267831729 460 400.605096543017 1506.72315452394
13210.3516906174 2420.58308419289 460 100.769677532075 2693.12526149191
12999.2299102574 2322.1190253696 450 129.03594351054 3182.53502689405
12999.0668915977 2449.12687336904 450 371.821601203523 2200.19687909841
13356.9692037643 2445.98860041407 510 230.046503487738 3732.69191656831
13350.2688263666 2440.7784857151 510 232.161504129361 3720.00108463579
13163.0810473231 2395.64655539797 460 35.1935925186135 2215.53853880437
12998.8449934238 2322.32668467922 450 160.124888935966 2603.04833481154
13178.2721824687 2389.17686267644 480 158.55705784262 2719.94896731736
13240.4036236342 2402.4707024472 470 76.9409740035771 3020.16198875716
12999.0668915977 2449.12687336904 450 371.821601203523 2200.19687909841
13356.9692037643 2445.98860041407 510 230.046503487738 3732.69191656831
13150.2831146248 2367.87286563339 450 182.521217435696 3531.30278262609
13301.0757950196 2402.74037499157 460 411.571071397122 1594.93773827906
13088.6233401836 2367.30255711199 450 151.828196829095 2980.55190316888
13124.7589859206 2370.18525285824 450 175.725141268205 2806.91894821659
13150.2831146248 2367.87286563339 450 182.521217435696 3531.30278262609
13301.0757950196 2402.74037499157 460 411.571071397122 1594.93773827906
