6639.88728568954 1978.52788041816 515 425.805993301537 5707.09271933349
6281.66049948034 1928.55206407838 524 208.977289558944 7461.71900531636
6281.66049948034 1928.55206407838 524 208.977289558944 7461.71900531636
6497.65871825547 1944.47364554116 561 166.636107639872 8518.2606105085
6783.39069527545 1961.15764159663 637 285.966433956302 10054.2408056382
6635.68609151286 1865.31901717502 610 581.800226218467 9227.09388804547
7236.79274828496 1929.63003125962 686 407.263224079926 9340.7339188451
6686.91202246595 1921.68758656928 606 199.998096262959 8183.77441857259
6727.46790049546 1966.7838636148 599 471.521146349762 7043.21574948372
6294.29265379153 1857.0105018686 554 122.644596782385 6691.74543329074
7024.17191617397 1984.35676550257 630 209.530274451447 8015.23997902719
7051.76159750749 1987.35797225581 620 124.781957741685 9532.91515950854
6313.79943412477 1842.82660670718 569 384.674239863642 7728.1668789788
7500.54657309119 1979.6011839739 770 491.973183781893 9465.7811429057
7161.33470134422 1997.15763377872 695 577.60389871117 8217.7587150167
7337.55456579544 1952.53014537462 721 357.822795933589 9727.17718439942
7031.38669266357 1919.74534772662 673 208.978462344063 9133.68680115275
7289.35700103179 1988.71739722019 704 107.744441714565 8041.56716806958
7473.62974019824 1988.01495206143 795 162.356055964332 11307.4869407176
7416.36381161803 1951.91441410965 774 142.109492749328 10540.6637121364
7024.17191617397 1984.35676550257 630 209.530274451447 8015.23997902719
7051.76159750749 1987.35797225581 620 124.781957741685 9532.91515950854
6313.79943412477 1842.82660670718 569 384.674239863642 7728.1668789788
7500.54657309119 1979.6011839739 770 491.973183781893 9465.7811429057
7500.54657309119 1979.6011839739 770 491.973183781893 9465.7811429057
6924.36562466397 1991.30613299909 616 253.037620701732 7665.25872263862
7161.33470134422 1997.15763377872 695 577.60389871117 8217.7587150167
7337.55456579544 1952.53014537462 721 357.822795933589 9727.17718439942
6865.3377659139 1963.56021091906 626 424.481120093914 9760.81870708748
7337.55456579544 1952.53014537462 721 357.822795933589 9727.17718439942
6865.3377659139 1963.56021091906 626 424.481120093914 9760.81870708748
6661.85308655282 1929.84861043793 595 226.912753838882 9007.92471245303
7031.38669266357 1919.74534772662 673 208.978462344063 9133.68680115275
7289.35700103179 1988.71739722019 704 107.744441714565 8041.56716806958
7161.33470134422 1997.15763377872 695 577.60389871117 8217.7587150167
7337.55456579544 1952.53014537462 721 357.822795933589 9727.17718439942
6865.3377659139 1963.56021091906 626 424.481120093914 9760.81870708748
7337.55456579544 1952.53014537462 721 357.822795933589 9727.17718439942
6865.3377659139 1963.56021091906 626 424.481120093914 9760.81870708748
6661.85308655282 1929.84861043793 595 226.912753838882 9007.92471245303
7031.38669266357 1919.74534772662 673 208.978462344063 9133.68680115275
7289.35700103179 1988.71739722019 704 107.744441714565 8041.56716806958
7473.62974019824 1988.01495206143 795 162.356055964332 11307.4869407176
7416.36381161803 1951.91441410965 774 142.109492749328 10540.6637121364
6870.31666869364 1999.27767291911 614 270.463496000592 7516.18147924309
7161.33470134422 1997.15763377872 695 577.60389871117 8217.7587150167
6593.25067143071 1999.06120302651 517 155.626634474432 7714.03309882135
7416.36381161803 1951.91441410965 774 142.109492749328 10540.6637121364
7179.92068414489 1982.59994235177 700 548.453747861847 9822.69102373099
7135.18382834786 1986.04253467552 686 80.0299444805379 10900.6899703902
7176.40925256116 1992.27624531688 665 46.8319783166004 10069.6189529018
7184.24312361014 1999.59496802349 722 97.375024660633 11583.3259267984
6872.55603900062 1918.54119192272 651 272.380652656656 7205.34209057671
6896.75725631022 1888.89892443196 657 103.548380703914 10702.6139152524
6930.75967703104 1971.88434795847 608 146.695112619532 10693.4588573911
7184.24312361014 1999.59496802349 722 97.375024660633 11583.3259267984
6930.75967703104 1971.88434795847 608 146.695112619532 10693.4588573911
7184.24312361014 1999.59496802349 722 97.375024660633 11583.3259267984
6930.75967703104 1971.88434795847 608 146.695112619532 10693.4588573911
7184.24312361014 1999.59496802349 722 97.375024660633 11583.3259267984
7416.36381161803 1951.91441410965 774 142.109492749328 10540.6637121364
7416.36381161803 1951.91441410965 774 142.109492749328 10540.6637121364
6696.37188470549 1950.2853863333 597 376.44473315997 8186.0883453208
6865.3377659139 1963.56021091906 626 424.481120093914 9760.81870708748
6870.31666869364 1999.27767291911 614 270.463496000592 7516.18147924309
7476.24776266512 1983.71668522937 792 249.405239919224 10203.6859991439
6704.3519691808 1978.00275433462 572 195.620210262463 7835.09046752795
7337.55456579544 1952.53014537462 721 357.822795933589 9727.17718439942
6886.68663355841 1984.32839561656 628 426.214350672331 8078.24724500282
7404.89488869024 1994.67481553191 785 234.393026927464 10218.7617758994
6706.29287280585 1992.29293327371 589 271.170900802556 8288.34521471705
6602.00235084481 1932.29224219109 578 277.79073470027 8776.4919660973
7590.34370266253 1982.56076086277 800 298.267104954205 10100.2323925899
6867.9071416806 1976.21080607144 646 473.86159009859 7892.19052109268
6622.22840365601 1969.89320664929 553 166.585145223563 7497.55489427467
7110.28732111546 1986.52619577639 639 161.785591009745 9211.89137755026
6999.49866954452 1991.43323862671 616 316.136230405045 6873.92838996685
7289.35700103179 1988.71739722019 704 107.744441714565 8041.56716806958
7481.95865260241 1987.70486209118 795 165.300771184783 11331.9158001435
7391.61904358022 1994.39137106037 786 239.901348242896 10551.4160029152
7184.24312361014 1999.59496802349 722 97.375024660633 11583.3259267984
6790.56736515381 1979.60515519881 621 410.551336756297 8459.61764815573
6776.50353413987 1965.73211976873 580 237.295544196925 6374.10068019955
7289.35700103179 1988.71739722019 704 107.744441714565 8041.56716806958
7532.08349033916 1999.92089625337 762 180.17190245834 8389.60193325893
7013.17286863675 1994.7295124089 584 41.0170508187205 10319.3322780624
7570.48610482147 1986.48648061476 819 305.287825999946 10392.359816936
7654.19581711135 1958.7930444641 844 297.86661167548 12273.3344363268
7461.63689277236 1986.39891801272 790 158.115944094044 11039.9389680124
6776.38252605882 1962.5358086419 609 331.820900907012 9423.72089554853
7442.60990922845 1998.96075913054 805 247.727300315045 10867.3657389919
7135.26374458032 1981.3241818219 722 80.058199135487 11450.9548781477
7433.40586353695 1994.18808817607 762 124.228967637809 9785.47306465684
7727.50697755191 1989.51801707771 785 26.0099413267278 12955.8707670518
7040.37014877876 1933.21950971657 636 33.1446130051401 10872.0485995587
7434.0117401828 1991.79961139893 731 89.8801160381541 8815.14045660094
7570.48610482147 1986.48648061476 819 305.287825999946 10392.359816936
7849.41343948285 1993.31860283484 872 379.100535776726 12923.5018846881
7910.52432245353 1991.90165418463 837 15.4068000722628 13805.5190072571
7514.97108214999 1991.76971490835 741 27.9778183696375 11106.7212417832
7257.2307692067 1939.84108995762 714 558.107451440475 9064.13006986794
6771.37840896312 1987.97922378655 582 141.208675108111 7718.27568044365
7544.51810460193 1991.63183939437 805 88.2512139075239 10059.8382028097
7225.90028820819 1988.47188850873 672 64.2808071305595 10718.1571611833
7849.41343948285 1993.31860283484 872 379.100535776726 12923.5018846881
7442.60990922845 1998.96075913054 805 247.727300315045 10867.3657389919
7893.98501588275 1985.41225592659 837 9.55927215610437 13768.1791297815
7712.32920447431 1996.77888645391 875 154.776827394704 13898.5863169782
7514.75555774637 1992.08480374043 741 27.90161898598 11053.2766916267
7646.73369389925 1953.08280800526 824 338.791040389489 11629.5316645587
6890.35901937182 1987.75073760935 613 99.1426768832588 9102.6065474058
7575.94854245962 1987.3708676644 823 99.3635517799411 10544.9880280113
7951.44641632367 1977.48940660443 872 170.598016186876 14134.6633146746
7293.69598498782 1902.53197536033 773 100.653779795987 10655.9873157996
7886.07101979248 1995.39950454963 894 311.612972500003 12174.1234033079
7247.67387711369 1987.28016191523 804 253.98478208236 11316.7169542824
6965.39737155905 1971.62607471841 629 202.706255269241 10014.1248426915
7184.24312361014 1999.59496802349 722 97.375024660633 11583.3259267984
6865.3377659139 1963.56021091906 626 424.481120093914 9760.81870708748
7289.35700103179 1988.71739722019 704 107.744441714565 8041.56716806958
7476.24776266512 1983.71668522937 792 249.405239919224 10203.6859991439
6993.3888302796 1907.73730859912 663 222.412735425213 8953.56621424027
6870.31666869364 1999.27767291911 614 270.463496000592 7516.18147924309
6930.75967703104 1971.88434795847 608 146.695112619532 10693.4588573911
7289.35700103179 1988.71739722019 704 107.744441714565 8041.56716806958
7476.24776266512 1983.71668522937 792 249.405239919224 10203.6859991439
6993.3888302796 1907.73730859912 663 222.412735425213 8953.56621424027
6870.31666869364 1999.27767291911 614 270.463496000592 7516.18147924309
6930.75967703104 1971.88434795847 608 146.695112619532 10693.4588573911
7849.41343948285 1993.31860283484 872 379.100535776726 12923.5018846881
7416.36381161803 1951.91441410965 774 142.109492749328 10540.6637121364
7289.35700103179 1988.71739722019 704 107.744441714565 8041.56716806958
7470.6011524898 1986.68609714814 816 163.199201579781 12295.9249079711
7514.75555774637 1992.08480374043 741 27.90161898598 11053.2766916267
7433.40586353695 1994.18808817607 762 124.228967637809 9785.47306465684
7532.08349033916 1999.92089625337 762 180.17190245834 8389.60193325893
7337.55456579544 1952.53014537462 721 357.822795933589 9727.17718439942
7337.55456579544 1952.53014537462 721 357.822795933589 9727.17718439942
7416.36381161803 1951.91441410965 774 142.109492749328 10540.6637121364
6865.3377659139 1963.56021091906 626 424.481120093914 9760.81870708748
7066.20617606709 1971.64999217066 621 119.675028016246 9229.94579157807
7289.35700103179 1988.71739722019 704 107.744441714565 8041.56716806958
7434.0117401828 1991.79961139893 731 89.8801160381541 8815.14045660094
6495.06442599485 1949.3214973296 565 229.344642478936 6348.13545775054
6497.65871825547 1944.47364554116 561 166.636107639872 8518.2606105085
7161.33470134422 1997.15763377872 695 577.60389871117 8217.7587150167
7031.38669266357 1919.74534772662 673 208.978462344063 9133.68680115275
7374.00526155339 1958.35678113801 711 35.1612502561263 11231.8714419721
6549.81955742968 1969.79834108844 536 303.78583371523 7832.72737665951
7093.75053768411 1989.70250670282 646 176.901770053096 8584.80829361226
6989.92087147853 1955.26629538175 667 162.855333004443 8623.93111327473
7420.12921567724 1977.48468849978 779 146.877667835912 9718.17022221893
6871.56914373931 1994.2572741715 630 303.288764707479 6984.20206421086
6900.64485298172 1995.61187252777 627 76.4740684218157 10189.2427916074
6825.85021867323 1992.48999835639 609 276.154474641858 9786.32112671011
7112.16816310869 1990.47657326757 723 314.688247430823 11248.8344297062
6578.98570947069 1922.55026705183 552 167.462447582531 6389.54063539527
7532.08349033916 1999.92089625337 762 180.17190245834 8389.60193325893
7372.58684727539 2053.50338122843 701 78.3182473765837 7636.94213834156
7893.98501588275 1985.41225592659 837 9.55927215610437 13768.1791297815
7529.20961965404 1998.56226934339 735 33.0119015812814 11042.2168137278
7434.0117401828 1991.79961139893 731 89.8801160381541 8815.14045660094
7526.39130978656 1989.32198109953 804 81.8424241399629 9620.58793378331
6527.80590590687 1997.150171478 540 296.002832580001 8220.0013108829
6965.39737155905 1971.62607471841 629 202.706255269241 10014.1248426915
7849.41343948285 1993.31860283484 872 379.100535776726 12923.5018846881
7484.64239180739 1993.1032371574 795 166.249616280169 11118.2007568234
6970.67370431215 1960.28610041971 664 172.883216980475 10704.2058352411
7539.61380346693 1975.21021450287 771 177.509534719787 8182.84641094089
6545.53033298541 1964.38199168544 561 183.561279340818 8698.50711047163
6990.28285554067 1994.26377572267 640 214.825031990536 7547.52375752531
6733.37738005034 1946.19168261831 580 387.263890517178 7188.61911754609
7137.74479610781 1982.77883561951 685 585.944189691277 8241.96465080075
7582.61601138273 1982.38880864308 797 300.999256407634 10013.5328575641
7379.35970377472 2053.58588857075 701 80.7128137559236 7726.339749421
7866.35060557413 1995.00574954576 857 2.66223996928006 14684.2225340003
6772.93568168181 1975.75209058526 617 457.150190272052 8928.21186346129
6902.22386892799 1923.7598937361 629 215.651636843004 8483.21454567021
6838.37923993192 1975.93266436784 621 182.942386301371 10384.2777555053
7526.39130978656 1989.32198109953 804 81.8424241399629 9620.58793378331
6665.00190993824 1978.36106818504 554 297.915744379342 8238.7603600231
6965.39737155905 1971.62607471841 629 202.706255269241 10014.1248426915
6903.74334355701 1982.26705700243 683 450.610046362729 9162.09113138601
6566.50481129646 1939.97493898548 556 315.7784994785 9706.35927472453
7561.7039748063 1985.43907325458 789 140.579944516199 10388.1111393635
7097.36170472874 1939.38649535193 684 97.9254900459279 10384.8902256639
7251.68747521537 1992.93571812205 681 279.306864314198 8127.87898615662
6987.35661057267 1997.34524429201 610 128.905704363806 10699.0410155011
7271.02322756341 1989.96287774899 746 172.299220227111 9299.06086120598
7707.95083565021 1993.06475229023 801 58.6650156950764 14212.8099236975
6730.61368821492 1993.2077016457 604 472.113274558938 9123.37639295927
7168.20577931061 1989.49526602593 694 363.770010500084 9784.63441050828
6761.4797850983 1989.1425937526 575 155.754323310169 10369.7603770589
7102.8360316862 1997.9237521608 658 206.968410659258 7084.40469336978
7421.47897762488 1994.38621641629 786 151.234531895932 9073.92192338011
6985.14425445907 1977.23767158157 656 226.07831308474 9853.03629908952
6890.21866441452 1984.23889395777 645 489.018333993175 9708.10605120772
7344.10684796287 1976.87439190036 713 334.969059845226 9448.50256969868
6698.7869516546 1980.79586950608 561 269.009700239946 8213.73455865756
7431.65308068805 1991.5189868381 747 186.559879081394 10614.6158689083
