6732.96336432158 1917.95959932116 645 326.980348244429 6339.2432441283
6707.00637387113 1901.50837625214 645 264.748918565777 6461.13883457872
6556.53638650848 1843.97902326622 645 290.751445831777 7396.28342969393
7018.32170765177 1998.44048119578 645 497.12058884243 6499.64779087869
6738.85176504882 1930.14566429946 645 377.743570676461 7223.00174071585
6962.29529712209 1991.08173951649 645 380.775860195049 7075.91307939373
6974.82773552587 1977.10816326021 645 444.148623521003 6579.78090882937
6937.61389437851 1976.35584080581 645 408.18136675944 8392.0794146622
6861.81001949396 1964.65649086074 645 426.281916854316 7148.27439331253
6903.01953988208 1974.31801345401 645 407.662000461029 7318.94925621012
6948.07708081395 1983.7500621738 645 465.982668268242 8564.07111933871
6846.48458652102 1939.95643959333 645 393.731906770844 7941.94384646168
6732.96336432158 1917.95959932116 645 326.980348244429 6339.2432441283
6815.53580266817 1938.93261272954 645 371.213680239457 7548.2042230852
6623.98688217952 1894.99557289621 645 337.851430665851 6959.4423079078
6906.49626379548 1988.18252850967 645 356.280516679613 9223.05582827011
6881.79053580912 1938.82441182654 645 498.830314709505 6426.36207498094
6986.48859543913 1988.35908544246 645 304.242409822034 7674.52181205275
6802.12276498288 1926.57293937633 645 440.279094525763 7581.48945942308
6623.89294394214 1866.379485073 645 314.565585091139 7586.02438662548
6826.00114686901 1948.01771199141 645 244.604915029631 6724.696504689
6980.78624836296 1993.94314711023 645 360.830951312672 7673.65387579035
6738.85176504882 1930.14566429946 645 377.743570676461 7223.00174071585
6763.4928699953 1923.73166742507 645 310.488588026199 6741.55908695771
6960.65791768653 1970.78047123352 645 449.158410662191 7230.56371820918
6991.77289864338 1994.59797353393 645 517.427080114289 8171.10356780202
7006.83844448433 1981.86393127722 645 451.052759907987 9981.67711113148
6932.61646443117 1978.71461882034 645 406.414508457308 8984.16860836028
6864.09841966112 1942.95297010241 645 509.902848463605 6939.62591574139
6948.07708081395 1983.7500621738 645 465.982668268242 8564.07111933871
6989.4959898523 1990.25553198025 645 432.718029269999 7487.73406917465
6728.51946047833 1905.74226116096 645 352.024936486689 7364.50052568216
6789.85966821168 1947.89920780323 645 347.096229396999 6101.62467029186
6745.78686962956 1925.49980542241 645 318.388164159965 7617.28451151957
6932.20901081644 1978.31352408788 645 467.251116758818 8623.46550390473
6727.34649441205 1892.95049349363 645 419.619525069129 8576.97413959092
6903.06528409275 1965.20865866859 645 496.251157528652 7814.04382482971
6902.6549455151 1970.66330394115 645 480.083177829564 6675.88406184932
6782.21542924882 1977.94357204293 645 357.709616807027 6277.66332649798
6991.6952156623 1992.58755134099 645 302.401591588601 7716.18084281797
6613.80821493504 1866.13210947474 645 311.000094957463 7677.00088150905
6637.75812296422 1875.59742457763 645 413.485570602895 6765.29691651822
6823.06366641105 1942.81483972316 645 331.55004507933 6880.69974121668
6869.31546209714 1968.4886245658 645 441.390907659403 8725.00548440436
6990.22295412546 1995.32059421194 645 407.754261669469 6718.26449584389
6725.38266508107 1912.93214565464 645 263.244586587866 7941.03499045437
6960.65791768653 1970.78047123352 645 449.158410662191 7230.56371820918
6973.56546727595 1992.29506988969 645 388.085602155164 7329.54870588069
6948.26695700125 1985.78399448531 645 502.045406935761 8822.8021314018
6740.87915995305 1864.39526281921 645 575.289299449775 7932.03536153638
6940.47876261738 1979.63603256958 645 441.187522015308 8994.34635475274
6864.09841966112 1942.95297010241 645 509.902848463605 6939.62591574139
6783.03457468677 1925.64390600921 645 371.298939953662 7215.33846589655
6946.62579540146 1995.06603739271 645 493.009382854436 8424.90869302493
6817.83918803335 1935.24073638658 645 439.222150709926 7241.44229908612
6895.75746010592 1971.20285820231 645 476.093558034317 8779.41427199644
6932.20901081644 1978.31352408788 645 467.251116758818 8623.46550390473
6889.03842073574 1958.98837114655 645 255.605754144427 7304.3314728333
6935.41666273989 1969.66969529354 645 579.132030048445 8253.95703539685
6973.6901311869 1980.89355685829 645 569.851124457463 6558.62608918053
6660.66529842038 1931.7057851708 645 314.735155925574 5990.69086914348
6932.35664308665 1985.62420012206 645 360.077528486271 7612.45660145186
6991.6952156623 1992.58755134099 645 302.401591588601 7716.18084281797
6612.81502637713 1864.16335110328 645 360.237338130025 7522.47096660067
7015.70668786214 1994.20562078339 645 498.045137955522 6791.94318985613
6740.66930902102 1915.97415808159 645 214.435554432918 7064.46993039947
6787.28603491437 1934.26701484879 645 347.726374536528 7131.84747157886
6556.65615264821 1842.45550803783 645 384.811694013876 6962.81958294789
6957.40454646035 1986.38211890269 645 348.921896339855 7978.69178482689
6884.59007636003 1965.04298978678 645 435.990515996754 8455.8557254969
6990.22295412546 1995.32059421194 645 407.754261669469 6718.26449584389
6946.05176392753 1980.2153681929 645 368.175576217754 7336.65447016719
6887.50613639633 1972.94162857158 645 320.563889566128 8157.08019696258
6973.56546727595 1992.29506988969 645 388.085602155164 7329.54870588069
6788.82545228842 1926.91667958389 645 387.075718812456 6462.72633134294
6891.42946536256 1958.2595163975 645 522.140494817438 8433.64661717482
6869.2486827431 1965.09823458855 645 398.960546923221 8322.17094774007
6867.11761835389 1974.66858893623 645 444.419159780311 8127.44628530728
6756.48627802397 1918.50993130285 645 378.316980202965 6616.89660137491
6904.30126530735 1980.76696078263 645 478.045401734398 8489.26711695364
6782.08880074167 1908.3076158759 645 486.937589398349 6834.47069345464
6876.73573615469 1953.82868462616 645 486.863881102793 8214.14772354768
6911.0733513069 1971.40697421139 645 263.396278559347 7263.4087601415
6961.93046668927 1989.94491043756 645 494.991876084105 8669.27231075952
6742.03882264087 1878.03712939205 645 658.20914953162 7250.37743381773
6826.60943045775 1927.33322848669 645 317.696585039623 7146.79311638428
6951.26422022129 1966.70614419187 645 561.922367598429 6458.73218240143
6971.30670857545 1988.50394100802 645 445.338380937462 6737.62655116768
6923.92652387687 1983.42785370817 645 363.058025715992 7590.49313731291
6955.36468943435 1974.85852037509 645 315.246372318532 7673.9800051849
6676.35052711315 1887.93097923511 645 401.312284732901 6816.29095449651
6523.18778340285 1839.41450425233 645 254.594496693967 7255.89909721685
6660.39493029681 1888.91312800038 645 296.097992179986 7494.03160731715
7013.16214997051 1990.06934386475 645 442.148643110322 8156.91911746583
6891.00934331665 1952.378240824 645 534.046094107142 8632.35517324751
7000.14837048483 1985.23446316559 645 432.476160658838 6250.07286257511
6660.39493029681 1888.91312800038 645 296.097992179986 7494.03160731715
7013.16214997051 1990.06934386475 645 442.148643110322 8156.91911746583
6968.9933745829 1994.95768789473 645 467.625930266375 9020.88511096374
6882.3457451359 1953.12952441917 645 297.32035816119 5885.18714674391
6804.85519725098 1943.07454547962 645 515.691479933326 7281.60623249204
6963.02400435458 1973.62172793719 645 511.482030159115 8168.39363590909
6802.93816291848 1919.73265321122 645 429.864478497627 6788.73394475783
6883.50825762181 1958.27413637074 645 340.809704460168 7473.32415956426
6926.43615114787 1969.23474492149 645 332.898366893424 8176.27633429044
6828.86682232602 1937.54436708572 645 470.176248518242 6003.26454994482
6742.43765847633 1887.76029606331 645 412.5352369142 6706.3365288226
6905.64380481835 1977.01782401914 645 491.267070447749 7183.48221218437
6761.27357462848 1900.68447585728 645 515.50556047912 6516.9457383646
6967.62086647285 1989.31775464385 645 480.51749162046 7593.32358777568
6643.88578120989 1873.27219398124 645 321.345598317406 7870.4802388895
6650.46191038499 1841.80161515485 645 570.481140161702 5179.08581995669
6919.47081528171 1953.00544208612 645 403.952337471999 5932.8598867735
6795.95702265826 1903.28505280448 645 347.187900195849 7973.06708829485
6851.4236529164 1946.44778382509 645 413.667232275221 8309.80881341365
6445.86934034701 1738.79866603592 645 631.109978969279 5608.69340427266
6647.97927287692 1876.0808093891 645 158.166702161534 6809.52309132352
6938.79954590141 1962.6376774229 645 415.857492308347 8233.84092144225
6953.23720674121 1977.49252364466 645 475.151652980631 7018.23220794425
6968.9933745829 1994.95768789473 645 467.625930266375 9020.88511096374
6540.94425606014 1839.62463115591 645 65.423299470317 5200.87572893849
6650.5563433227 1825.72532560735 645 426.958856511886 5814.33082593224
6924.86532354622 1970.3975113966 645 424.564980890734 7410.23130771598
6792.4091209018 1938.56814107704 645 511.291127440489 7219.62949568996
6672.59975748687 1832.81294396499 645 645.478117516856 5917.79441838152
6878.04420924613 1968.96224407715 645 295.57503187939 7538.17620655366
6760.40367280999 1883.49573156535 645 446.431552621581 6281.14665077815
6469.22883267118 1817.36516661448 645 248.874101677487 6138.48497186859
6872.13469343284 1949.13499995762 645 407.839223446053 7862.16943524073
6838.74139899071 1938.32713332616 645 324.982229804934 7323.88915283612
6917.04337546508 1964.70868594681 645 329.577519203691 8244.76311439734
6626.06743349019 1871.04615158908 645 399.784260758594 5724.66267660559
6778.6683455413 1925.14057529375 645 392.587173135073 5814.15314123451
6495.14837545312 1772.83639699325 645 534.98976374128 4909.00994496838
6907.73481152086 1969.89214093898 645 422.862321187362 6556.86276300119
6888.42674380938 1936.53670235263 645 416.422467097261 6193.3203345717
6702.69549826601 1827.76871101911 645 590.203504644915 6631.58779787389
6860.9956325575 1955.9865897959 645 429.619712312394 7616.62005506258
6876.87742180959 1960.99791900508 645 392.660815570805 7104.40632834238
6477.76434191736 1812.79073470088 645 294.954633953223 5501.54522148596
6896.66946437105 1938.5606321051 645 452.630254575421 5798.61658212256
6445.37716452824 1807.88067768129 645 277.117814080175 6954.03482474505
6889.04304724158 1952.65387961829 645 444.553174179199 7330.95036648132
6621.87961932509 1833.45025280372 645 510.184855651052 6785.46438550334
6512.68322347462 1813.42531816698 645 148.537947714212 5989.35405255268
6911.4290925427 1943.40279981188 645 458.852946680355 7712.99668620456
6806.36851922382 1933.10570374279 645 333.082338016311 5714.64686208042
6842.86863225993 1930.09574522776 645 277.356801513494 7055.44448158234
6587.56319661129 1795.15626383178 645 510.573602321078 6074.08512264386
6771.37455881498 1894.7142941424 645 456.703096567342 6294.49801364607
6796.880097356 1866.09362779012 645 496.680578024605 7201.37000513174
6700.75662083091 1878.41972510917 645 534.978237081657 6636.99009058623
6932.03906367016 1960.96520787609 645 425.166181653061 7454.85137780115
6863.98730877812 1947.60008083747 645 524.973968411077 7550.27422479502
6925.90147906402 1954.44093043158 645 347.012199444097 7181.30645159635
6562.3704445229 1784.74214524107 645 516.165928726513 5900.64907495438
6784.56416994534 1910.96886730736 645 589.742959760389 7293.83145081464
6853.67855506851 1933.43836900948 645 421.515697174003 6613.99781731702
6753.34476965256 1917.20721827258 645 302.952817242557 7422.29207552256
6945.46291123716 1967.8968825818 645 527.506088794626 6740.71814788802
6940.1390901184 1974.88416334756 645 376.372398354173 6972.07108886989
6696.52840257919 1885.535297955 645 407.607335796037 7106.99627122486
6995.09138982473 1997.99097503354 645 300.486457931042 6972.60707306595
6505.39562852207 1813.89762163301 645 227.929387653435 6998.40009449313
6902.15299101308 1958.93386370137 645 458.164855487391 8392.41247989281
6813.48891057975 1911.05269656283 645 509.801375235962 5980.53329895675
6902.77030095887 1950.49985368622 645 405.521096780478 7486.06684897039
6676.22252873524 1807.73121772171 645 581.808024247151 6200.93750018579
6553.30607481022 1839.01454230321 645 319.766353950229 6388.7991796628
6834.36456687571 1944.78323207531 645 349.897749535114 6473.42556133648
6938.85090355722 1977.09534003563 645 400.607361838818 7149.05039068516
6680.0529927565 1866.73885985797 645 481.605460913762 6206.57708213592
6766.59679824005 1919.86350963235 645 320.736833218325 7775.3976741937
6599.57359156093 1871.57594904959 645 206.55295153086 7049.76242440136
6713.40633363574 1883.05870079155 645 328.551462449993 7027.58347115144
6948.83889939759 1983.53737638226 645 499.415467154686 8091.81215289601
6750.02060442225 1931.76311230712 645 345.858773681029 7103.26601767459
6996.22503549679 1994.26319713591 645 322.437914344019 6998.96562480535
6783.84183348325 1898.61526937516 645 401.301936727423 6410.83341209821
6729.66952510529 1878.35440427958 645 417.049453759078 6690.1740273648
6720.21071250959 1833.03523161393 645 628.471069780322 5464.32128900894
6826.77922608748 1882.07006470204 645 497.216104616823 5888.39950398745
6801.84305770811 1904.89642791122 645 650.669145859068 6125.23356752795
6522.08871849687 1842.53790552899 645 216.293492988988 7607.06722474523
6303.76953134267 1765.85941317758 645 225.469299730665 5616.43630077678
6948.68074363271 1991.57862269108 645 430.170949370427 6709.55198263959
6967.62086647285 1989.31775464385 645 480.51749162046 7593.32358777568
6643.88578120989 1873.27219398124 645 321.345598317406 7870.4802388895
6472.18717098552 1803.55068527348 645 270.079743752526 4438.16492083847
6453.26184416115 1820.16897085858 645 166.642149840288 6780.78148599027
6578.95322469879 1754.63736212521 645 619.109681146784 4498.30340239507
6746.16078539918 1877.57983910581 645 364.793528717582 7767.11624663375
6851.4236529164 1946.44778382509 645 413.667232275221 8309.80881341365
6266.21182393132 1671.97091345139 645 498.254374149245 3883.2433556488
6398.01446194235 1797.94936241531 645 48.3794143643123 6238.06432614707
6678.19367277272 1862.9766813271 645 343.226223008751 7759.79805242009
6886.95917332447 1941.65579924358 645 397.529152814151 7822.20510868741
6850.52861519738 1914.04618872657 645 546.349596593787 6790.35989814678
6482.99960915215 1744.36318504667 645 639.450673841608 6516.07569918384
6011.7955123616 1663.24091032115 645 121.659032992475 4944.47482982532
