6359.84651132084 1898.56928565911 510 266.47136220175 4783.93053514313
6531.40989333019 1997.03123832034 469 160.00186956044 3697.91510932445
6599.60961012125 1958.49295878503 513 362.013241862015 4302.33377170301
6657.8142153151 1992.49495994323 599 282.372571650904 4943.00405287571
6353.42157651643 1940.39204907394 523 204.256050519621 5383.57711138468
5839.42545138629 1803.47147703231 473 204.245591854121 4233.77088684891
6531.40989333019 1997.03123832034 469 160.00186956044 3697.91510932445
6649.1531433136 1992.4138303546 642 384.743182718359 6840.63587182547
6688.15549793737 1997.80500940793 653 370.953768000006 6905.33002046541
6428.76021804759 1982.1672579066 533 130.994302079107 5554.93755081102
7146.89744939319 1987.65455985608 635 14.3298811630072 7681.29661871701
6937.08008158301 1997.45581499355 672 282.945637450069 7022.82483857741
6480.77683511575 1975.74411697922 620 77.9427522338928 6332.67365212962
6420.43910490053 1943.87570892011 586 160.861555945576 6968.40952365401
7246.7203196824 1997.73740109656 776 297.879538661122 8902.54442983217
7003.04594271721 1997.907562024 649 65.0189710539461 6835.61919663106
7154.31776950383 1995.01285841811 711 8.90774256268337 8181.83970754488
7162.63667639569 1972.39076642822 754 268.15148148367 8091.83118865041
7120.29119210295 1987.37368440526 648 293.812180299788 6727.0767589367
7170.32730674805 1988.58832269188 755 84.2330545583358 8122.69179435611
6457.13821641958 1929.8549516649 579 173.836651254896 6524.85211072931
7230.62614095355 1996.30274024243 742 4.10322387190343 8308.43826252594
7233.71677274698 1995.30937709305 779 300.127813557328 9223.61647127954
7170.32730674805 1988.58832269188 755 84.2330545583358 8122.69179435611
6457.13821641958 1929.8549516649 579 173.836651254896 6524.85211072931
7230.62614095355 1996.30274024243 742 4.10322387190343 8308.43826252594
7233.71677274698 1995.30937709305 779 300.127813557328 9223.61647127954
6531.40989333019 1997.03123832034 469 160.00186956044 3697.91510932445
6566.25653095158 1995.81720978227 538 139.865860205794 5977.3244765202
7170.32730674805 1988.58832269188 755 84.2330545583358 8122.69179435611
6457.13821641958 1929.8549516649 579 173.836651254896 6524.85211072931
7230.62614095355 1996.30274024243 742 4.10322387190343 8308.43826252594
7233.71677274698 1995.30937709305 779 300.127813557328 9223.61647127954
6531.40989333019 1997.03123832034 469 160.00186956044 3697.91510932445
6531.40989333019 1997.03123832034 469 160.00186956044 3697.91510932445
6688.15549793737 1997.80500940793 653 370.953768000006 6905.33002046541
6502.07463784475 1994.31120702607 534 166.583289842413 5047.41985926065
6531.40989333019 1997.03123832034 469 160.00186956044 3697.91510932445
6780.66004275491 1996.96174778278 538 157.214246721515 5461.08685002728
6531.40989333019 1997.03123832034 469 160.00186956044 3697.91510932445
6531.40989333019 1997.03123832034 469 160.00186956044 3697.91510932445
6688.15549793737 1997.80500940793 653 370.953768000006 6905.33002046541
6502.07463784475 1994.31120702607 534 166.583289842413 5047.41985926065
6531.40989333019 1997.03123832034 469 160.00186956044 3697.91510932445
7230.62614095355 1996.30274024243 742 4.10322387190343 8308.43826252594
6502.07463784475 1994.31120702607 534 166.583289842413 5047.41985926065
6470.08303292566 1993.052979622 505 308.92916452019 4463.17411897547
7230.62614095355 1996.30274024243 742 4.10322387190343 8308.43826252594
6502.07463784475 1994.31120702607 534 166.583289842413 5047.41985926065
6657.8142153151 1992.49495994323 599 282.372571650904 4943.00405287571
6340.36682945397 1972.5008891196 572 355.625437437133 5409.35766414793
6457.13821641958 1929.8549516649 579 173.836651254896 6524.85211072931
6439.2977479646 1931.93576381303 477 192.568430869267 3348.60169963013
6780.66004275491 1996.96174778278 538 157.214246721515 5461.08685002728
6521.05925157965 1977.44552836351 536 173.295364397488 4883.60500857905
6521.05925157965 1977.44552836351 536 173.295364397488 4883.60500857905
6428.76021804759 1982.1672579066 533 130.994302079107 5554.93755081102
6502.07463784475 1994.31120702607 534 166.583289842413 5047.41985926065
7146.89744939319 1987.65455985608 635 14.3298811630072 7681.29661871701
5839.42545138629 1803.47147703231 473 204.245591854121 4233.77088684891
6531.40989333019 1997.03123832034 469 160.00186956044 3697.91510932445
6531.40989333019 1997.03123832034 469 160.00186956044 3697.91510932445
6693.34848475799 1958.29830372886 521 140.636222712085 4905.77625848604
6068.45610212737 1884.47147703231 484 285.220154973413 4690.38915987175
6480.77683511575 1975.74411697922 620 77.9427522338928 6332.67365212962
6769.65866874426 1976.6381148691 558 118.949086937204 6210.00303924729
6068.45610212737 1884.47147703231 484 285.220154973413 4690.38915987175
6480.77683511575 1975.74411697922 620 77.9427522338928 6332.67365212962
6769.65866874426 1976.6381148691 558 118.949086937204 6210.00303924729
6688.15549793737 1997.80500940793 653 370.953768000006 6905.33002046541
6521.05925157965 1977.44552836351 536 173.295364397488 4883.60500857905
7401.66868193153 1989.86357459538 787 56.3694464265485 8868.00971587557
6420.43910490053 1943.87570892011 586 160.861555945576 6968.40952365401
6684.27597995978 1954.70841878812 521 137.428607879504 4659.52203697405
6531.40989333019 1997.03123832034 469 160.00186956044 3697.91510932445
6693.34848475799 1958.29830372886 521 140.636222712085 4905.77625848604
6068.45610212737 1884.47147703231 484 285.220154973413 4690.38915987175
6480.77683511575 1975.74411697922 620 77.9427522338928 6332.67365212962
6769.65866874426 1976.6381148691 558 118.949086937204 6210.00303924729
6688.15549793737 1997.80500940793 653 370.953768000006 6905.33002046541
6521.05925157965 1977.44552836351 536 173.295364397488 4883.60500857905
7401.66868193153 1989.86357459538 787 56.3694464265485 8868.00971587557
6420.43910490053 1943.87570892011 586 160.861555945576 6968.40952365401
6684.27597995978 1954.70841878812 521 137.428607879504 4659.52203697405
7230.62614095355 1996.30274024243 742 4.10322387190343 8308.43826252594
6420.43910490053 1943.87570892011 586 160.861555945576 6968.40952365401
7230.62614095355 1996.30274024243 742 4.10322387190343 8308.43826252594
7162.63667639569 1972.39076642822 754 268.15148148367 8091.83118865041
7233.71677274698 1995.30937709305 779 300.127813557328 9223.61647127954
6769.65866874426 1976.6381148691 558 118.949086937204 6210.00303924729
6457.13821641958 1929.8549516649 579 173.836651254896 6524.85211072931
6428.76021804759 1982.1672579066 533 130.994302079107 5554.93755081102
7170.32730674805 1988.58832269188 755 84.2330545583358 8122.69179435611
6428.76021804759 1982.1672579066 533 130.994302079107 5554.93755081102
7162.63667639569 1972.39076642822 754 268.15148148367 8091.83118865041
7230.62614095355 1996.30274024243 742 4.10322387190343 8308.43826252594
7246.7203196824 1997.73740109656 776 297.879538661122 8902.54442983217
6340.36682945397 1972.5008891196 572 355.625437437133 5409.35766414793
6649.78356023406 1988.04844589348 551 163.840067757685 5917.40074972166
6538.32375193242 1985.37066260326 536 179.399287034108 5206.29676009256
7230.62614095355 1996.30274024243 742 4.10322387190343 8308.43826252594
7162.63667639569 1972.39076642822 754 268.15148148367 8091.83118865041
6599.60961012125 1958.49295878503 513 362.013241862015 4302.33377170301
6531.40989333019 1997.03123832034 469 160.00186956044 3697.91510932445
6288.71957074541 1968.76197770771 415 141.730790991712 3750.84868502194
6446.74653578839 1913.01093155225 528 342.675797315285 4405.98669149504
6846.75368098566 1996.35691492133 582 137.708640141153 5651.11869025878
6478.05891280724 1991.55113773451 541 361.707430795307 5443.89926403071
6810.33887276829 1994.83775926135 598 150.583219054209 5799.9654684687
6115.48572516524 1873.26443549675 515 222.837156021069 4963.07983504531
6520.53457046526 1973.95989887667 532 253.044512741961 5727.08852475166
6845.20720177647 1983.49824175226 624 278.236540061963 5894.73583416103
6838.11205458864 1998.06924041658 647 139.317284594143 6339.81026637117
6869.65046261499 1964.24503240337 629 129.960893732895 6643.35345939798
6737.43097281128 1977.42626915537 561 92.4828810111696 5943.81663499901
6374.48466745223 1986.32486243172 535 262.498411048753 6643.16119534431
7187.02026151091 1998.25794289953 678 11.3137826548431 7553.6356502327
6892.3458089821 1992.98300230492 683 330.966189357496 7208.5652061763
6559.74271073508 1936.97954866519 582 247.561617565148 5932.29655529465
6788.76807177196 1968.72658584164 570 132.995591276516 6476.74225382972
6514.65240953999 1996.29738595646 569 198.799846302672 5453.3091884409
6638.1869903513 1996.14708759755 577 112.533141159619 6027.57962469668
6442.12203927376 1995.90206025067 522 183.49911910039 5609.89124878434
6090.51667332566 1830.23146261738 505 13.3718347385493 3981.70465515294
6266.25145949399 1918.92980416949 520 173.279302026097 6001.69369701803
6869.40001300153 1994.2869488609 560 111.910644186773 6005.22926136677
6459.98667643149 1972.83526245196 560 169.258622231945 5890.78633625421
6949.36920587544 1997.41476177907 655 154.655670722347 6872.31579250372
6481.27891885422 1982.81878827537 535 249.460447415392 5348.39753621859
6530.36093047724 1969.76723448339 585 174.86360217099 5807.06259699636
6623.02058834948 1952.24440828672 610 380.881871767667 6329.0742225219
6416.45219246887 1996.70567873437 445 200.645554474768 4290.14240593481
6955.79313853432 1991.84188265524 612 68.5255164712611 6695.51090703633
6557.27642489956 1988.25238370266 558 303.063377095176 5776.3398350092
6457.14322726005 1993.46355172808 551 204.802350077816 6468.68189428661
6506.0756094203 1979.14457444039 524 217.398253792429 5877.21493504998
6369.54349267882 1995.52477848632 501 189.723318451837 4935.63530331299
6938.37002635556 1981.88622556497 675 195.023788241292 7523.34570858113
6447.81985007264 1987.47090056205 516 183.663472325313 5325.0579432759
6304.62168917487 1977.03180398671 481 167.628375846455 5128.02571201396
6370.81927254653 1991.64177849366 499 382.933239765613 5743.64404551538
6766.90591229534 1980.65719302061 635 114.142111555279 6109.58489003441
6899.60253891869 1995.88002173995 618 48.2282783499239 6990.48323652195
6374.48466745223 1986.32486243172 535 262.498411048753 6643.16119534431
6431.75539470622 1942.37379170429 491 323.816452224221 5759.16690211505
7177.43109036073 1994.42428998352 678 14.7040666279707 7515.29912107259
6684.525003696 1952.85332109984 629 257.490439012768 6051.80071430017
6779.84221092404 1993.68157707901 551 168.385733721248 5616.20772077351
6810.33887276829 1994.83775926135 598 150.583219054209 5799.9654684687
7233.71677274698 1995.30937709305 779 300.127813557328 9223.61647127954
7369.23790834374 1984.28155826288 699 4.75584113767537 8661.84693941748
6310.23971241026 1995.53206198289 487 230.38147444998 5559.59835877835
6616.81521079944 1994.69068782325 628 162.679841524884 5385.4322435675
6857.67126923878 1996.21805780622 675 340.418114791688 7244.99768451016
6743.05102657697 1995.93051357088 578 125.544600287178 6052.61980635997
6427.88949496486 1996.11707492377 440 196.601857398069 4000.17107638865
6676.89355311573 1975.05519256352 530 151.746508096446 5901.49367662054
6442.77127152103 1997.17352907824 460 148.932832702516 5300.42269403017
6435.61891552666 1967.924566057 456 314.225925721392 4000.91290478642
6795.62407772647 1993.6610743979 667 101.854975110971 7291.29988498641
7227.64693617583 1996.00410689654 742 5.15653182233771 8325.36860037961
6782.24666621429 1981.43827580751 649 333.995981616469 6061.51098273553
6457.13821641958 1929.8549516649 579 173.836651254896 6524.85211072931
6304.62168917487 1977.03180398671 481 167.628375846455 5128.02571201396
6394.94625136845 1995.63300950444 501 135.693820629063 5514.05054760028
7239.88183742719 1992.86141738068 741 0.830841001345317 8657.00325885025
6531.40989333019 1997.03123832034 469 160.00186956044 3697.91510932445
6688.15549793737 1997.80500940793 653 370.953768000006 6905.33002046541
6509.27043109745 1982.3307416332 582 257.966208126863 5798.78077090502
6480.77104536328 1989.21696770666 519 177.812374089931 5246.41743305096
7230.62614095355 1996.30274024243 742 4.10322387190343 8308.43826252594
6853.11771482672 1997.20826835794 608 49.7191466931209 6564.74436404157
6480.77683511575 1975.74411697922 620 77.9427522338928 6332.67365212962
6673.92282141168 1996.06419931902 567 227.340797809795 5446.79339655161
6448.73326894374 1996.70463535238 586 334.818948975156 5203.23483628666
6528.91645070863 1994.25682056302 469 160.883434653541 3870.43813981511
6800.76817134803 1999.7973372903 566 33.4663227268103 5418.95278802352
6758.73342082812 1993.57427084968 590 199.928647287593 5660.52010680105
6478.54338743058 1978.03721753462 599 202.083495668154 6483.42055308809
6657.8142153151 1992.49495994323 599 282.372571650904 4943.00405287571
6612.22221456654 1994.3290866838 612 330.116865704227 5986.7714921062
6678.334328769 1992.30940813632 634 367.481460340942 6732.39962550346
7252.33283230516 1997.46368952438 767 3.57125045402129 8333.44348239569
6411.64486542225 1999.11406342685 442 185.191445714387 4548.18730521595
6531.40989333019 1997.03123832034 469 160.00186956044 3697.91510932445
6607.86393178926 1996.66421893028 622 165.844596569081 6102.5084171901
6754.12269603916 1962.85906753755 646 394.276694556835 6986.78926459873
6796.33682439204 1996.25193704544 641 99.2093663544467 6666.68645622278
6829.86185872181 1972.59526884674 573 97.945999986205 6809.94485948245
7170.32730674805 1988.58832269188 755 84.2330545583358 8122.69179435611
6622.49787139692 1996.92683972406 570 124.904213546223 5543.89028535438
7074.99815933812 1997.0879659675 594 16.2895665962306 7523.13516026119
6720.59014399568 1991.47847551835 644 101.943171139613 6700.54766588421
7230.62614095355 1996.30274024243 742 4.10322387190343 8308.43826252594
6840.94836502533 1997.00678815299 526 50.5634933735631 6745.56052717123
6837.52763647695 1995.24503007395 669 345.928195846614 6682.34061051726
6956.72058181739 1992.36604743267 661 301.798606444652 6924.19273797782
6846.75368098566 1996.35691492133 582 137.708640141153 5651.11869025878
7001.36103171811 1982.55348423541 631 54.3266675333377 6815.74094043271
7230.62614095355 1996.30274024243 742 4.10322387190343 8308.43826252594
