7025.23134616264 1954.35893015566 687 228.685360267478 7165.78722122388
7032.9133290014 1990.56441027622 595 513.837354402183 5621.39411770177
7223.8834870688 1968.81076485039 656 533.902464873931 6104.53531106911
7100.54773439391 1993.44266283046 688 318.9659510281 7034.63422288396
7105.46030775426 1962.19219918271 706 420.798999994162 7338.41475005531
7278.6988601211 1991.52927377698 763 377.07466104096 10323.9959343393
7185.97546309601 1972.31587993928 727 252.080517411147 8705.43221032743
6907.56137287437 1895.94382924199 733 286.019781201641 8343.08752541108
7227.89065463868 1967.44637158076 656 532.485717192924 6115.62577706259
7113.09220626321 1998.59341487975 780 311.464068981405 10694.3800106521
7640.84573372996 1998.02254073493 871 321.457433208051 9220.11907887125
6926.57564632249 1968.09483528174 688 229.033579890632 8001.42420012949
6788.4138175322 1930.35725629648 632 141.97612467106 8529.87450461573
7186.26342202814 1983.4300659194 769 354.526101436628 11087.0022124476
7640.84573372996 1998.02254073493 871 321.457433208051 9220.11907887125
6778.72277381232 1986.73575242174 553 390.137222320775 5603.62306990052
6710.4693505135 1999.18564595632 651 517.693371288125 6470.22622933581
6958.55314638765 1942.07114954498 686 370.124356412066 6954.35409674585
6740.14162678243 1985.31342438814 670 448.068990494241 6903.48742018704
6439.99989472121 1882.3377176275 598 195.363783027489 6331.8242377859
7042.1218429155 1986.49713862265 631 457.222305890778 6359.24780806838
7032.11621771553 1997.94555278382 752 195.067968258738 10216.5453724603
7312.31500467949 1998.9266256554 857 329.337549819569 11254.5759734015
7338.54663125376 1996.20706548571 796 355.915278637559 10850.0995835313
6353.39310898853 1922.35337737785 564 271.513767161951 7157.20036880174
7168.98128967668 1954.95750877581 669 377.915652523143 6853.37037404234
7238.95790198628 1991.71581085485 764 364.842502012108 9248.75773413309
7257.04500182296 1996.27168421958 668 298.36653825407 6208.18874445008
7090.87529312848 1998.28514868697 645 652.187182101481 5603.80079968717
7553.31993138856 1966.73925049741 843 256.367205992061 9489.40725156404
7522.514322484 1994.39509494044 756 233.720547295866 8817.69915211355
7258.58202157764 1998.40987603188 727 335.218848189412 6596.51830858945
7090.87529312848 1998.28514868697 645 652.187182101481 5603.80079968717
7158.69857178754 1927.71746224708 760 449.982463601316 9312.1856410021
7522.514322484 1994.39509494044 756 233.720547295866 8817.69915211355
7430.46256545252 1992.82539849823 817 240.496592315427 11189.6133167042
7271.14351658316 1999.14208673525 795 411.452019664367 9443.25756915661
7338.12102510155 1954.72604561034 768 161.920482819323 10182.4659795021
7434.88809507693 1996.68804056323 766 196.467268992175 9826.35102017688
7178.74565191514 1930.07513683923 795 409.129428976875 9639.69381338499
7258.58202157764 1998.40987603188 727 335.218848189412 6596.51830858945
6988.06623233869 1929.15353445077 651 688.535674127422 5079.80195053682
7347.21643350326 1995.58813016563 787 303.428268498887 9399.74694816304
7347.21643350326 1995.58813016563 787 303.428268498887 9399.74694816304
7326.03759779383 1998.11835161835 761 359.06799587507 6674.01272109102
7621.12759993409 1998.02527401682 802 469.664428628759 6865.35383385122
7616.86896054992 1991.66857807892 936 276.776523826817 9837.03323327632
7526.07684998139 1922.7596704631 851 261.871320328982 9503.28398225834
7162.19369647189 1933.81874095724 777 424.95574057943 9609.09946842938
7442.46240825811 1991.98224836896 790 154.271774179847 10893.2322257011
7285.58040355994 1973.9698905946 761 323.169291100929 8995.97918891553
7443.16520798124 1938.82915576159 798 457.034768271247 7823.04666954699
7380.56566275903 1975.72736068376 816 258.137811442814 10061.2522753466
7937.19578584078 1981.95175250735 888 591.721353865529 9038.47753502473
7119.10270582389 1906.51372982266 726 273.39482290279 6945.65213661789
7133.4482021972 1899.90136975637 723 232.465711843388 8570.60637177456
7133.4482021972 1899.90136975637 723 232.465711843388 8570.60637177456
7642.43433231344 1973.02828919338 835 412.259614815523 8527.84899653455
7233.00434981804 1906.22938414181 793 391.960216134815 6235.62625967647
7636.57545524886 1999.03681269382 816 464.202787004827 6882.49008943243
7461.83134782999 1988.45678489424 780 240.743801455659 9420.74592530203
7349.53500336261 1996.2749695103 776 212.247056345905 11284.8783350411
7338.54663125376 1996.20706548571 796 355.915278637559 10850.0995835313
7247.44449681707 1986.8291161202 727 370.600008540366 7757.39509851748
7430.46256545252 1992.82539849823 817 240.496592315427 11189.6133167042
7349.53500336261 1996.2749695103 776 212.247056345905 11284.8783350411
7162.19369647189 1933.81874095724 777 424.95574057943 9609.09946842938
7636.57545524886 1999.03681269382 816 464.202787004827 6882.49008943243
7278.6988601211 1991.52927377698 763 377.07466104096 10323.9959343393
7526.07684998139 1922.7596704631 851 261.871320328982 9503.28398225834
7326.03759779383 1998.11835161835 761 359.06799587507 6674.01272109102
7090.87529312848 1998.28514868697 645 652.187182101481 5603.80079968717
7285.58040355994 1973.9698905946 761 323.169291100929 8995.97918891553
7351.32665557599 1943.6270021266 744 309.49737777268 9100.02860387459
7105.46030775426 1962.19219918271 706 420.798999994162 7338.41475005531
7258.58202157764 1998.40987603188 727 335.218848189412 6596.51830858945
6740.14162678243 1985.31342438814 670 448.068990494241 6903.48742018704
7312.44227800497 1948.83342261705 734 341.750684183264 7493.40952824188
7162.19369647189 1933.81874095724 777 424.95574057943 9609.09946842938
7338.12102510155 1954.72604561034 768 161.920482819323 10182.4659795021
6353.39310898853 1922.35337737785 564 271.513767161951 7157.20036880174
7167.70460306429 1982.98154468505 665 591.635545726191 5534.94788333088
7338.12102510155 1954.72604561034 768 161.920482819323 10182.4659795021
7338.54663125376 1996.20706548571 796 355.915278637559 10850.0995835313
7461.83134782999 1988.45678489424 780 240.743801455659 9420.74592530203
7349.53500336261 1996.2749695103 776 212.247056345905 11284.8783350411
7442.46240825811 1991.98224836896 790 154.271774179847 10893.2322257011
7255.12104661144 1999.85630731125 791 330.181254797004 10799.3797483878
7090.87529312848 1998.28514868697 645 652.187182101481 5603.80079968717
6907.56137287437 1895.94382924199 733 286.019781201641 8343.08752541108
7621.12759993409 1998.02527401682 802 469.664428628759 6865.35383385122
7443.16520798124 1938.82915576159 798 457.034768271247 7823.04666954699
7698.58808504992 1976.85285903057 875 322.863252402896 10153.9195787856
7522.514322484 1994.39509494044 756 233.720547295866 8817.69915211355
7439.98254242829 1984.88338933869 787 215.301327435829 11449.5920922317
7271.14351658316 1999.14208673525 795 411.452019664367 9443.25756915661
6704.33014060513 1900.69310992299 630 305.570753957252 7750.73329550395
7430.46256545252 1992.82539849823 817 240.496592315427 11189.6133167042
7162.19369647189 1933.81874095724 777 424.95574057943 9609.09946842938
7580.71912350773 1983.61479944704 936 263.995626371154 9373.53276593387
7388.89567463664 1947.96121827536 768 322.780031842833 9353.58367101588
7090.87529312848 1998.28514868697 645 652.187182101481 5603.80079968717
7141.02562556482 1970.42196733516 701 434.638120115118 7309.90973420918
7442.46240825811 1991.98224836896 790 154.271774179847 10893.2322257011
7143.57657206756 1981.83888603318 706 407.322865509445 7613.46836596189
6788.4138175322 1930.35725629648 632 141.97612467106 8529.87450461573
7621.12759993409 1998.02527401682 802 469.664428628759 6865.35383385122
7083.18635135563 1975.76946313368 687 249.175548855311 7802.39998454536
6926.57564632249 1968.09483528174 688 229.033579890632 8001.42420012949
6907.56137287437 1895.94382924199 733 286.019781201641 8343.08752541108
7271.14351658316 1999.14208673525 795 411.452019664367 9443.25756915661
7642.43433231344 1973.02828919338 835 412.259614815523 8527.84899653455
7640.84573372996 1998.02254073493 871 321.457433208051 9220.11907887125
7380.56566275903 1975.72736068376 816 258.137811442814 10061.2522753466
7215.83789451785 1994.19522574202 704 337.775000529263 6809.0750637156
7111.60890827718 1998.02909671329 704 283.256005655985 6809.76191535225
6967.56187091455 1997.84183806537 624 99.8997489002403 7767.9507746263
6453.83906867422 1941.2653545637 475 498.662466983806 6331.43240830315
6608.08965376627 1997.35345028403 526 342.910356464662 5413.65885223225
6839.66856162948 1995.57017596399 632 189.785781241841 6191.72701887169
7111.60890827718 1998.02909671329 704 283.256005655985 6809.76191535225
6489.04713135112 1939.34544078577 527 384.998243889313 5226.48043710653
7341.29436158021 1987.37997058117 771 354.161456377327 8773.80938563428
7006.8994948563 1959.83237359008 663 288.061760518323 6769.99445398421
6582.32507135605 1898.3558389181 624 280.770444775121 5709.9290461576
7215.51258042468 1998.40916465561 788 309.690881174929 7898.02587931634
7217.73775845272 1968.75658219741 739 82.3575658613265 10044.7377754277
6933.4200280788 1944.72242642209 708 77.2519806358546 7823.94240795762
6985.78039713264 1973.85856400566 670 228.46828884363 7187.6333124516
7102.78982142683 1974.64173131473 687 350.51041349601 7472.62097155415
7097.95301263369 1997.2311893648 693 376.43705822467 7621.50734391384
7284.24080904109 1999.73325805466 797 250.602808851452 11040.678041344
6657.43341661974 1955.00809226479 553 429.056076694372 6814.88815558713
7541.24240855074 1988.33036298634 798 307.580969714456 11638.0966262532
6808.43832438637 1934.71110118406 626 448.120964688126 7075.61416914957
6805.97119738991 1992.20531379387 627 435.940212999354 7202.78854482791
6950.44437951565 1980.07484514178 679 342.393451910003 8354.56574036392
7288.31483273342 1978.39012573364 753 335.43036432151 8676.23912046794
6784.85176764931 1974.02570756123 587 179.99112125299 8466.45091509132
6644.76737104426 1991.54275795225 560 342.776835483842 6090.79746433291
6936.6519060284 1957.52138938343 648 21.9206248902982 7783.49812595703
6870.01630056438 1917.8104284931 600 611.736498871997 7448.40179190761
6589.60860660606 1943.56745253226 553 281.012335665702 5855.19621924923
6514.97593873554 1902.06549613477 541 231.795764143025 5904.75400863716
7080.62319425112 1997.06071083776 678 267.767115946967 7450.14366444611
6641.40551208149 1906.84972091971 661 188.80601298736 7488.00085617513
7041.55530862582 1987.76726406411 748 152.197830356868 8620.46676945744
6961.1933575221 1981.45215010637 671 372.052733713235 8106.11151656093
6747.01545478723 1998.90432748663 641 583.758188527026 8105.52332234304
7028.1503562956 1944.31393169403 662 383.141200329154 8747.02390357518
7421.21078251685 1997.90203749337 742 136.890152454895 9335.45034685902
6671.32676726408 1968.20814082485 607 533.873972812567 7087.64546170336
7183.92166585416 1998.7170455214 742 121.842424020309 10246.6316359233
6798.17522456783 1928.00565185267 573 257.344178905357 6353.88275988404
7313.07826255351 1996.9692326852 791 411.232699091406 10018.6906676482
6749.622786763 1997.89202655431 747 294.697224582255 8153.71709054061
7400.80091035533 1987.89538007094 756 295.179430167013 10057.7851735868
7060.42999412153 1955.67490639964 744 270.531936208136 8838.47399613395
7266.26578196137 1977.34772886761 720 290.414189784403 8574.37668948179
6988.42823759313 1994.45214005932 653 458.048721210544 7176.02720103415
6812.68186941715 1925.36030980836 653 112.590774122791 6809.78995667442
7276.26145654319 1948.57678354342 729 175.134937199184 8351.09649042359
7014.21286228647 1959.99597566442 632 303.975737095618 7949.42526942989
7047.94311054534 1997.91813543136 719 153.560948892791 9015.76961538842
6955.88240366675 1979.26346068095 667 256.84945344793 8395.3684220056
7347.74158487773 1996.71485627426 756 314.268134784947 8904.85776538867
7224.80799500029 1995.72271781452 677 395.802211134233 6295.03616707526
7075.37933173606 1994.53407205711 688 185.99167772201 8861.9873165147
7244.3995511717 1987.37439585605 718 397.573049904021 7838.90922616598
7051.26113134889 1988.47569879739 631 429.090892316441 6326.29161047742
6616.36542782898 1920.63237159404 622 310.806627299057 7899.328858568
6909.2651870574 1996.28112005296 656 274.109197800848 8274.02463955286
7218.04218903999 1979.40198041634 709 256.540932915556 8191.39371606854
6880.08328151361 1959.05668890681 628 298.006478080474 6753.08197474372
7136.69389933337 1962.28777030837 697 228.997312746835 7990.30924730122
6969.70025172203 1994.72283676154 596 32.5365702444535 9058.15270486531
7606.16226496629 1997.47245525592 862 178.511082111379 10034.5347202421
6603.44615642644 1993.2730872014 541 156.895932841149 8028.04297488842
6917.55425925571 1998.93702947863 663 225.84403790532 7998.84430981355
7096.36952257462 1996.78895161536 681 208.581720924833 7386.50119170649
6789.97031147798 1957.14503569373 593 447.560567868919 6270.34339463731
6888.96467815066 1996.135218333 664 599.285370045893 7917.44624004341
6847.85631258776 1996.79829105249 605 308.581092440457 6103.88179803109
7041.47004046993 1996.95285415629 678 275.839226901965 7252.560701345
6703.97089127345 1945.47855559673 603 237.762152691826 6295.66495513143
7306.38101281814 1979.85832686787 757 113.697688995445 10444.7146980441
6826.05889689453 1960.33201267708 692 39.2940886877233 9034.29157776721
6838.66878164054 1950.41335292377 622 376.903016820127 7313.65114111238
6954.20327204991 1971.81090476753 654 345.131178337718 8526.07629145945
7187.08903140588 1977.5322378633 656 391.938887977328 6838.31980859585
7208.30296664765 1987.52192448119 723 342.569444575135 7820.99697697639
7013.62801361249 1996.56051000789 684 391.524190646134 8628.50112904634
6954.11234451617 1975.07406347556 616 488.044473837616 7127.93846065602
7006.42762348827 1969.17578331025 687 161.183131612982 8777.53257959545
7061.01413388719 1994.09970824415 697 381.485763465125 8564.93868689942
7230.65058907842 1959.67926614154 753 315.042975461288 8246.52828240954
6812.54200835242 1974.4741256319 606 189.781099739916 9012.93083452214
7110.40070956124 2026.54620119273 648 114.014779473324 7889.42384078859
6743.20044945297 1946.46046187793 577 336.221432282515 8202.93801892008
6644.76737104426 1991.54275795225 560 342.776835483842 6090.79746433291
