1569.94674056005 395.420516102407 211 5.61191535575557 15.5091855092403
1486.30634310418 392.597649712601 184 91.714241015298 0
1653.50821331281 379.445438709531 246 115.945153946176 27.6981860970149
1372.63407280419 333.175004398607 178 131.903457596293 0
1725.78488433352 405.901649623309 287 112.260341898911 75.5435740236498
1715.47363247535 431.405880139452 243 16.1176930179737 24.5408354146508
1653.50821331281 379.445438709531 246 115.945153946176 27.6981860970149
1372.63407280419 333.175004398607 178 131.903457596293 0
1725.78488433352 405.901649623309 287 112.260341898911 75.5435740236498
1715.47363247535 431.405880139452 243 16.1176930179737 24.5408354146508
1585.29760141756 386.230399186478 232 0.184566451057483 6.31906859331158
1774.98351998685 411.678862090188 266 32.1018231762325 22.8860769125289
1832.54167568559 435.545514128074 295 2.14096914828992 40.1229178841879
1715.47363247535 431.405880139452 243 16.1176930179737 24.5408354146508
1774.98351998685 411.678862090188 266 32.1018231762325 22.8860769125289
1832.54167568559 435.545514128074 295 2.14096914828992 40.1229178841879
1715.47363247535 431.405880139452 243 16.1176930179737 24.5408354146508
1774.98351998685 411.678862090188 266 32.1018231762325 22.8860769125289
1725.78488433352 405.901649623309 287 112.260341898911 75.5435740236498
1715.47363247535 431.405880139452 243 16.1176930179737 24.5408354146508
1546.57699494779 403.801770288631 235 39.5741179084064 21.0185809567644
1729.83551014301 421.837268949006 293 77.9985612392468 9.54453975429112
1695.82600636928 386.95986432482 269 5.76783869206015 75.5258831927638
1846.46628084921 442.187152601924 321 36.7633568085607 27.3894589406462
1642.76254323839 423.322582693993 245 41.3733708858909 21.2823697703908
1846.46628084921 442.187152601924 321 36.7633568085607 27.3894589406462
1725.85357068979 415.614988260538 234 5.82691918904806 17.1787789541435
1695.82600636928 386.95986432482 269 5.76783869206015 75.5258831927638
1846.46628084921 442.187152601924 321 36.7633568085607 27.3894589406462
1642.76254323839 423.322582693993 245 41.3733708858909 21.2823697703908
1846.46628084921 442.187152601924 321 36.7633568085607 27.3894589406462
1725.85357068979 415.614988260538 234 5.82691918904806 17.1787789541435
1684.39883512961 428.090329702983 275 41.4418139313524 65.6340319020266
1640.21786841744 420.108172561113 236 42.6224917288571 10.3010069593102
1725.85357068979 415.614988260538 234 5.82691918904806 17.1787789541435
1806.02236939387 412.496196067615 254 34.1708697906663 17.1787789541435
1684.39883512961 428.090329702983 275 41.4418139313524 65.6340319020266
1640.21786841744 420.108172561113 236 42.6224917288571 10.3010069593102
1640.21786841744 420.108172561113 236 42.6224917288571 10.3010069593102
1715.47363247535 431.405880139452 243 16.1176930179737 24.5408354146508
1832.54167568559 435.545514128074 295 2.14096914828992 40.1229178841879
1715.47363247535 431.405880139452 243 16.1176930179737 24.5408354146508
1755.87038638603 406.146617471367 297 26.9967328330533 94.7126363393108
1684.39883512961 428.090329702983 275 41.4418139313524 65.6340319020266
1684.39883512961 428.090329702983 275 41.4418139313524 65.6340319020266
1640.21786841744 420.108172561113 236 42.6224917288571 10.3010069593102
1802.69147560159 412.378978279015 307 63.2009057442121 27.6981860970149
1846.46628084921 442.187152601924 321 36.7633568085607 27.3894589406462
1725.78488433352 405.901649623309 287 112.260341898911 75.5435740236498
1715.47363247535 431.405880139452 243 16.1176930179737 24.5408354146508
1755.87038638603 406.146617471367 297 26.9967328330533 94.7126363393108
1684.39883512961 428.090329702983 275 41.4418139313524 65.6340319020266
1640.21786841744 420.108172561113 236 42.6224917288571 10.3010069593102
1802.69147560159 412.378978279015 307 63.2009057442121 27.6981860970149
1846.46628084921 442.187152601924 321 36.7633568085607 27.3894589406462
1620.09975077822 417.084155890618 224 19.9632656619378 49.1583515770205
1725.78488433352 405.901649623309 287 112.260341898911 75.5435740236498
1624.62283538258 422.727002896428 224 21.5624175597476 49.1583515770205
1725.78488433352 405.901649623309 287 112.260341898911 75.5435740236498
1715.47363247535 431.405880139452 243 16.1176930179737 24.5408354146508
1846.46628084921 442.187152601924 321 36.7633568085607 27.3894589406462
1715.47363247535 431.405880139452 243 16.1176930179737 24.5408354146508
1803.19621214229 424.126563322865 276 42.0765161455529 5.48026580777301
1558.4260958782 407.531272362214 235 43.7634077178338 21.0185809567644
1715.47363247535 431.405880139452 243 16.1176930179737 24.5408354146508
1846.46628084921 442.187152601924 321 36.7633568085607 27.3894589406462
1620.09975077822 417.084155890618 224 19.9632656619378 49.1583515770205
1725.78488433352 405.901649623309 287 112.260341898911 75.5435740236498
1781.79062442677 445.618884513053 283 66.7739936569722 61.7908340373363
1671.63823993539 426.109845478035 246 32.8346204722787 28.0723880919279
1624.62283538258 422.727002896428 224 21.5624175597476 49.1583515770205
1725.78488433352 405.901649623309 287 112.260341898911 75.5435740236498
1715.47363247535 431.405880139452 243 16.1176930179737 24.5408354146508
1846.46628084921 442.187152601924 321 36.7633568085607 27.3894589406462
1715.47363247535 431.405880139452 243 16.1176930179737 24.5408354146508
1714.23385722533 413.379989067478 268 43.9690994986081 40.1229178841879
1803.19621214229 424.126563322865 276 42.0765161455529 5.48026580777301
1558.4260958782 407.531272362214 235 43.7634077178338 21.0185809567644
1715.47363247535 431.405880139452 243 16.1176930179737 24.5408354146508
1640.21786841744 420.108172561113 236 42.6224917288571 10.3010069593102
1640.21786841744 420.108172561113 236 42.6224917288571 10.3010069593102
1701.75680744041 427.072956741774 243 11.2680630186982 24.5408354146508
1846.46628084921 442.187152601924 321 36.7633568085607 27.3894589406462
1472.66369869459 368.185805141482 235 65.7064144086502 0
1695.08468156689 429.068141594401 275 37.6637966920933 60.2300814755733
1782.85014696574 417.2458307041 266 29.3205505353141 28.7799001252096
1782.85014696574 417.2458307041 266 29.3205505353141 28.7799001252096
1715.47363247535 431.405880139452 243 16.1176930179737 24.5408354146508
1869.54907550983 436.774410665627 332 119.873645053614 118.073602750711
1846.46628084921 442.187152601924 321 36.7633568085607 27.3894589406462
1472.66369869459 368.185805141482 235 65.7064144086502 0
1695.08468156689 429.068141594401 275 37.6637966920933 60.2300814755733
1864.47551795849 448.981369073126 283 9.14934906196555 58.6160718459081
1782.85014696574 417.2458307041 266 29.3205505353141 28.7799001252096
1715.47363247535 431.405880139452 243 16.1176930179737 24.5408354146508
1869.54907550983 436.774410665627 332 119.873645053614 118.073602750711
1620.09975077822 417.084155890618 224 19.9632656619378 49.1583515770205
1662.88633819311 425.439479952853 244 92.3223173925792 10.0054988207967
1806.02236939387 412.496196067615 254 34.1708697906663 17.1787789541435
1874.7888151644 452.580290535127 295 12.7956502573085 70.7410531358854
1594.84534581914 412.273464335937 182 82.0883974071915 2.40323708890693
1640.21786841744 420.108172561113 236 42.6224917288571 10.3010069593102
1896.37610202224 431.204457347652 334 96.1944794457104 64.419144156306
1639.3358420686 419.66722578139 236 42.9343351350797 9.8600601795878
1768.3682728706 437.501024429275 282 80.3617466815557 55.2207739991134
1650.86421012081 419.510660799347 234 109.774105611041 13.2110719791323
1678.6088734058 431.159610028066 246 35.2991115703245 28.0723880919279
1594.448414903 418.813782822663 233 60.8864213055575 12.6430789572133
1706.83173149751 428.121099003834 303 11.1454669118133 72.2893640731606
1902.84950469283 454.090445095798 305 30.0925608231368 120.509601467961
1671.45426355946 401.269631464553 273 60.8012500295828 0
1804.39691261857 425.974741459058 264 11.7161200068699 36.5928697348193
1764.4198227591 445.060230326314 274 31.505931835145 149.776473832468
1637.22213366942 418.473688580833 261 4.93089637075941 54.4736885808329
1852.60678189624 439.358488081453 271 5.3286427363075 65.3936247984517
920.991528657803 187.402421097735 113 325.619677664648 0
1578.65956311315 408.440895066906 205 18.709544915479 13.3525701223698
1500.13072733365 381.352750268465 205 9.05459123370596 13.3525701223698
1528.66093330987 400.850431777623 227 28.9770901373792 28.4002855245038
1519.83105862426 407.433221849378 196 23.5877378705451 32.859975106184
1918.96436051515 448.650225809299 302 79.4782677413094 139.776783275871
1623.10702535378 418.384704716117 230 24.8811534435663 60.9275478003091
1651.24249835518 407.515273964067 255 12.1181734278741 88.3222602994241
1724.67246565252 426.728752058988 270 87.6304944003265 18.4436646348101
1779.40727925512 420.885877462499 280 13.0544194251687 28.945375539379
1621.74662487413 416.618430250287 207 20.545523582425 49.1583515770205
1672.66552828619 426.385371403922 245 40.6196981803419 13.2306119296958
1705.06655458569 433.824882039745 270 53.7385056351739 42.2485095943851
1779.40727925512 420.885877462499 280 13.0544194251687 28.945375539379
1604.4089709857 414.54199381839 221 27.813335374587 13.3525701223698
1755.28112964471 431.32006423411 273 16.6063833506815 158.231417789151
1663.17230753122 409.463880312668 251 46.6344754110679 18.182349734153
1699.86610052207 424.107861744868 270 103.528265922962 9.92705580854161
1719.4243700077 426.301240302102 257 24.0879511494845 13.146480827876
1874.88954732617 448.503062506157 266 7.27141082143191 98.249013792591
1709.05051195812 419.757014203574 244 22.8972659790192 116.757014203574
1759.63624107217 410.405925199425 238 1.28507343429238 131.353327404087
777.51938404304 212.443735099179 187 274.89461448041 12.4797866567413
945.536867991329 207.558227247048 176 334.297765609279 0
1641.18126344951 430.846700104553 224 132.081763363435 22.6663117280551
1765.00868169965 444.507490429159 281 50.1102636990558 61.3844765257242
1641.18126344951 430.846700104553 224 132.081763363435 22.6663117280551
1636.24971978687 422.430201645246 261 4.58709614552165 29.0889724190421
1621.43678808495 421.598354034327 226 30.1288408946305 30.611088100795
1588.13900462397 411.759647599322 205 22.0610336025608 13.3525701223698
1756.62625625774 435.104323546923 244 39.3208500475662 21.3066298856453
1545.58729372751 409.770958022087 217 41.2262067980856 9.13604231389564
1712.30378342107 411.459482716989 246 9.03088474958527 50.0490555974775
1755.850756686 423.976022988202 273 29.1857326616055 63.843220203272
1829.2198815531 442.546461769227 299 35.7994453623962 88.2924130556613
1758.54793197993 434.315934899452 244 8.08540719683492 36.0921864832949
1652.21095814156 420.540027859749 231 65.6239762263016 27.4005370316367
1753.26150087534 434.807918711445 229 7.26632094585541 66.7570142035742
1587.11115758367 395.510769136362 217 97.8785649186488 64.1338839259629
1662.59751097715 408.496346017507 225 93.6704701439786 0
1852.12929455703 438.874594332356 278 14.015537903449 204.241391122348
1651.6203321624 418.661285447444 221 101.447842530016 6.05439217686609
1669.17830548276 404.7123637572 239 8.40333055063843 7.62836109360126
1721.24425788171 422.672676182012 237 7.50931398854883 63.8749825207345
1754.4449713332 436.039121161975 270 127.097980227435 24.1302430816028
1545.58729372751 409.770958022087 217 41.2262067980856 9.13604231389564
1714.54831791933 418.519694524522 222 135.637851201791 16.5984749470327
1601.68244114409 420.694222260984 235 105.769045949816 106.545065006248
1829.55743460756 455.013533107814 234 8.37871516228095 74.0228038060689
1944.8710140378 449.179294438623 311 86.9543251916599 110.895570365627
1783.46769433086 424.4722858049 294 19.6236044429128 13.8005104827931
1571.93232636395 418.179303859813 209 56.2439445336872 30.8947734808509
1627.31484707069 420.479508919968 247 22.5141874195966 49.1583515770205
1654.79018006339 426.614881940261 240 54.6816562723186 115.926491247715
1623.95021453889 413.133849839622 216 42.9925728973701 0
1581.41147981156 402.119483060128 214 0.962907396882228 99.2484862799307
1746.19014292736 435.911488072899 280 56.0189348967488 42.5713395702092
1859.68988660403 446.998080363167 325 76.3553677096689 164.64904403784
1784.54127791075 447.768184053721 230 40.5367932419535 37.3184485065911
1781.00988628162 438.192363637837 249 19.7709869881735 96.9507461436169
1746.22813934771 432.435267282992 258 95.2980991912096 18.9663348207996
1750.26577895061 430.486341365409 244 11.0135904817625 45.0770402972384
1652.21095814156 420.540027859749 231 65.6239762263016 27.4005370316367
1781.68041842756 437.75205764149 246 17.3139256034361 69.7011531336186
1663.58952201501 432.243205945109 197 41.5857305706846 49.4835263264702
1650.18873945797 440.458402375828 224 72.603827634717 85.7728721081922
1628.7958076645 432.787913846796 224 64.9718619038534 59.4448631938388
1800.41641180135 442.695336285321 244 4.32359137334062 85.1408258046334
1709.11068684791 429.197267056424 240 38.3526932890419 79.6509106179307
1667.67864204855 426.418461842028 235 42.3282319698564 82.9813873071733
1734.64807026264 437.253641034675 232 68.1967506144498 18.5310630604477
1699.79952168823 423.624921174169 211 9.30696764169869 73.2429023175526
1682.09500751566 427.961821928445 243 33.0712533885769 118.567778444368
1866.5710764834 441.653048807777 277 19.1214788697258 200.518310587239
1789.99891639367 434.095612702514 272 34.6840435628286 65.1081044079481
1742.76497082964 429.465654917631 247 19.1565188853417 126.069180603438
1794.29465386856 433.74118678923 271 39.8714809524726 77.04206706955
1825.13445895741 452.871695512212 257 29.2214188511832 115.303084515514
1745.61631897186 437.979013025738 224 15.56012251927 64.8486074639573
1661.84986911055 406.93179437929 270 45.6248369980029 19.0442273176038
1675.18893465031 428.845974800982 215 34.4836077452918 58.6101221588433
1839.52713992092 433.663672161142 266 34.4385719553125 47.0571723122704
1714.54831791933 418.519694524522 222 135.637851201791 16.5984749470327
1652.21095814156 420.540027859749 231 65.6239762263016 27.4005370316367
1757.34600683363 439.559370803673 253 82.3209982721409 124.093437502959
