7377.5962376669 1986.26679420972 983 487.392820903688 2999.75126840838
7172.04363800527 1987.4774571033 922 226.21271193186 4259.42914085012
6904.01537447216 1980.37225539252 823 310.151782109691 3506.35393576316
6853.50181801776 1984.90024466158 777 193.955969665691 3237.973256991
7153.59251416381 1971.84131388223 922 301.888278309348 2883.17167587715
7121.73012060919 1970.67596657029 858 479.337959336688 2730.34079191798
7062.06890957979 1994.67088788287 839 190.58831093094 2599.79028262371
7281.89908159246 1986.6727499155 948 551.475188606185 3344.8171214925
7165.74085485594 1986.57022123873 922 223.984341579239 4356.43970212711
7249.30898323506 1987.43571222247 897 174.959894727797 3943.11107937225
6904.01537447216 1980.37225539252 823 310.151782109691 3506.35393576316
7239.65957909538 1991.30390910054 947 271.458975684381 2957.27819490329
7144.7994390507 1963.38343680187 973 202.957467206666 5424.12555948575
7290.09753398386 1990.96839013882 937 505.207618355724 2714.72197012857
7013.00708469748 1976.85174479599 868 277.983883876855 2876.43181965344
7249.30898323506 1987.43571222247 897 174.959894727797 3943.11107937225
7030.34394373107 1967.57913179662 877 287.324646336644 3592.19857228348
7067.44894405233 1978.87608582547 877 258.735779911748 3307.24865097224
7035.92352422368 1971.53127568862 877 289.297325937894 3728.89106576324
6853.46670678682 1987.31157155516 793 264.516460228217 2994.41838914972
7281.75311790016 1961.94643556103 964 182.773432506525 3690.3324632666
6739.72711132294 1929.35678557622 826 270.439195365716 4266.55744367005
7206.35952341197 1983.89394886373 977 246.353488730348 4692.42422619131
7252.50318601581 1979.65723381609 983 193.309225221891 3553.46674936694
7263.53849306064 1983.24299774077 964 355.316070136996 3358.90414279132
7137.05550096129 1977.72917623219 884 297.25201015379 2998.41055675939
7061.90381249689 1979.88682137018 877 298.48274494548 3424.04007126275
7233.51433868083 1987.01803333804 895 225.03851522637 3300.20659341746
7204.67936193976 1982.73424662974 938 176.400950068668 3531.00557774357
7279.56305534039 1983.53582666516 922 91.8424019491009 5675.04862984612
7338.17233958444 1991.61665920182 989 129.204055201999 4562.97307090389
7328.31273967926 1973.85717614347 1009 294.442603496083 4725.2633592587
7244.84006686476 1987.8037508457 938 173.379894192798 3994.70898316693
7029.82582445976 1969.03076521189 919 329.487754569173 5747.2041938448
7799.18088158624 1983.51602561258 1082 678.047048399788 3350.00904332768
7602.55118237432 1980.91668345264 1096 355.512742568042 4116.56850205863
7805.95861380683 1986.40438646757 1082 680.443338606912 3780.97585759762
7602.55118237432 1980.91668345264 1096 355.512742568042 4116.56850205863
7547.81066660313 1984.29941797608 1096 442.383596041085 4904.89660417481
7678.26415804244 1988.72870391327 1096 8.96343967314087 4804.77087355201
7736.61118692991 1982.66892448137 1181 356.415052201364 5298.14367764866
7662.32351348334 1990.42254144085 1082 159.716137502629 4221.93483416318
7621.70492044311 1994.08956795916 1043 45.2053633458972 5923.74348571193
7503.07923669538 1974.90859178166 1096 278.423957079985 5751.76302998718
7491.27021775031 1982.46980161393 1051 185.370845895941 6144.94009053214
8137.66831039462 1987.44901557639 1318 318.787254081811 4150.95891264886
7859.70942286498 1986.23856326935 1229 283.682301058983 6170.87056387096
7602.55118237432 1980.91668345264 1096 355.512742568042 4116.56850205863
7802.17830339539 1966.83424831852 1189 14.0286968353903 4280.73018221775
8137.66831039462 1987.44901557639 1318 318.787254081811 4150.95891264886
8193.19351609299 1979.66288008503 1264 648.41500356275 4409.33299404063
8406.9486904678 1977.14920949168 1448 332.646252483425 7350.15167641825
7233.51433868083 1987.01803333804 895 225.03851522637 3300.20659341746
7133.54656663569 1983.42964946836 877 295.919118896528 3282.9393645853
7204.67936193976 1982.73424662974 938 176.400950068668 3531.00557774357
7111.43739982882 1979.53072095024 922 300.633705385786 3871.65090642545
7134.24102392862 1987.66332515507 862 189.94009820029 3110.41959507701
7111.28498768339 1974.79351477698 877 288.048462177979 3335.5135227535
7279.56305534039 1983.53582666516 922 91.8424019491009 5675.04862984612
7338.17233958444 1991.61665920182 989 129.204055201999 4562.97307090389
7222.86590295781 1984.86025831121 960 280.853602591965 4210.35066766894
7328.31273967926 1973.85717614347 1009 294.442603496083 4725.2633592587
7244.84006686476 1987.8037508457 938 173.379894192798 3994.70898316693
7029.82582445976 1969.03076521189 919 329.487754569173 5747.2041938448
7799.18088158624 1983.51602561258 1082 678.047048399788 3350.00904332768
7602.55118237432 1980.91668345264 1096 355.512742568042 4116.56850205863
7111.28498768339 1974.79351477698 877 288.048462177979 3335.5135227535
7805.95861380683 1986.40438646757 1082 680.443338606912 3780.97585759762
7602.55118237432 1980.91668345264 1096 355.512742568042 4116.56850205863
7547.81066660313 1984.29941797608 1096 442.383596041085 4904.89660417481
7678.26415804244 1988.72870391327 1096 8.96343967314087 4804.77087355201
7736.61118692991 1982.66892448137 1181 356.415052201364 5298.14367764866
7662.32351348334 1990.42254144085 1082 159.716137502629 4221.93483416318
7621.70492044311 1994.08956795916 1043 45.2053633458972 5923.74348571193
7503.07923669538 1974.90859178166 1096 278.423957079985 5751.76302998718
7491.27021775031 1982.46980161393 1051 185.370845895941 6144.94009053214
8137.66831039462 1987.44901557639 1318 318.787254081811 4150.95891264886
7859.70942286498 1986.23856326935 1229 283.682301058983 6170.87056387096
7602.55118237432 1980.91668345264 1096 355.512742568042 4116.56850205863
7802.17830339539 1966.83424831852 1189 14.0286968353903 4280.73018221775
8137.66831039462 1987.44901557639 1318 318.787254081811 4150.95891264886
8193.19351609299 1979.66288008503 1264 648.41500356275 4409.33299404063
8406.9486904678 1977.14920949168 1448 332.646252483425 7350.15167641825
7602.55118237432 1980.91668345264 1096 355.512742568042 4116.56850205863
8495.05846591968 1958.39730710355 1448 89.9992362858875 6583.36155301011
7601.78815330624 1987.36722742795 1051 162.050390785182 5101.65419512723
7942.32686290562 1992.01685499727 1248 54.2431364337958 4265.39643840638
8454.59061379899 1978.71152393899 1448 234.341621819529 5685.09525554412
8466.71521241523 1973.82243061813 1448 181.245606021888 6799.1497792861
7228.55197813955 1960.59291265393 969 302.682643909264 5518.41699519316
7601.78815330624 1987.36722742795 1051 162.050390785182 5101.65419512723
8137.66831039462 1987.44901557639 1318 318.787254081811 4150.95891264886
7061.90381249689 1979.88682137018 877 298.48274494548 3424.04007126275
7153.59251416381 1971.84131388223 922 301.888278309348 2883.17167587715
7186.66723575687 1963.60297452194 922 333.760563836239 4185.27800638857
7338.17233958444 1991.61665920182 989 129.204055201999 4562.97307090389
7231.60913183584 1977.75027410625 995 233.649328427213 5561.58950116224
7111.43739982882 1979.53072095024 922 300.633705385786 3871.65090642545
7168.9284060561 1978.94926885525 868 226.840173570621 3140.26864773792
7239.65957909538 1991.30390910054 947 271.458975684381 2957.27819490329
7061.90381249689 1979.88682137018 877 298.48274494548 3424.04007126275
7249.30898323506 1987.43571222247 897 174.959894727797 3943.11107937225
7601.78815330624 1987.36722742795 1051 162.050390785182 5101.65419512723
7859.70942286498 1986.23856326935 1229 283.682301058983 6170.87056387096
6933.54821614304 1989.65362039422 823 320.593218416285 3522.72870032877
6933.54821614304 1989.65362039422 823 320.593218416285 3522.72870032877
7244.84006686476 1987.8037508457 938 173.379894192798 3994.70898316693
7338.17233958444 1991.61665920182 989 129.204055201999 4562.97307090389
6759.04585924926 1955.26823840417 793 231.133649438621 2842.77144126774
6958.2209660483 1965.84773916633 868 258.614065870992 2967.26313797532
7298.10830151761 1987.22447102194 922 98.3991366144463 5684.74416761991
7338.17233958444 1991.61665920182 989 129.204055201999 4562.97307090389
7602.55118237432 1980.91668345264 1096 355.512742568042 4116.56850205863
8406.9486904678 1977.14920949168 1448 332.646252483425 7350.15167641825
6904.01537447216 1980.37225539252 823 310.151782109691 3506.35393576316
7602.55118237432 1980.91668345264 1096 355.512742568042 4116.56850205863
7621.70492044311 1994.08956795916 1043 45.2053633458972 5923.74348571193
7802.17830339539 1966.83424831852 1189 14.0286968353903 4280.73018221775
7805.95861380683 1986.40438646757 1082 680.443338606912 3780.97585759762
7228.35820276568 1964.00774670447 922 103.808488798998 5050.36941059795
7057.21687445541 1952.8836703846 877 255.98687234664 3692.29588527561
7112.99825162269 1973.16114429268 897 288.654192452703 4792.16283392408
7084.66489671048 1971.99777084513 877 266.295577086058 4447.34791449879
7077.13922097126 1950.08762857943 877 364.073454432695 2768.23945484376
7225.36193045926 1966.44722391257 922 368.183759245538 3713.14838383856
7564.2956816775 1996.27009244622 1045 125.058065195166 4679.63107382677
7415.49595105701 1995.43216319926 1034 359.38353941192 3578.34791719065
7259.29465099615 1964.70774539099 920 517.866008411734 2154.29287829017
7215.11492137127 1982.44335341 938 256.029321603094 4238.90949241862
7053.47276388841 1974.22698869149 877 284.699838338034 4123.18034044184
7048.74816857729 1989.94892501334 868 293.831522432269 2447.2410375467
7076.4234507717 1983.63961765072 858 249.196322168327 2992.53165538188
7112.99825162269 1973.16114429268 897 288.654192452703 4792.16283392408
7182.49241216738 1993.59483012427 938 226.912357480681 4695.66277482461
7077.13922097126 1950.08762857943 877 364.073454432695 2768.23945484376
7234.92649350636 1973.28135882016 922 364.802175550695 3616.64310761092
7124.7614345664 1971.52564906201 902 510.475660265769 4181.82724826394
7161.11930875551 1960.72171536312 969 233.149720912826 5813.39802939056
7600.63430062683 1994.95854333981 1063 137.905707134178 5191.71375823092
7076.4234507717 1983.63961765072 858 249.196322168327 2992.53165538188
7055.51554976415 1986.73593313302 827 462.906638077322 2474.13323176778
7112.99825162269 1973.16114429268 897 288.654192452703 4792.16283392408
7134.37725943716 1969.21688210864 936 243.923632867363 4662.69627794597
7196.60987783045 1969.98988688731 928 296.748336076979 3877.40387670056
7124.7614345664 1971.52564906201 902 510.475660265769 4181.82724826394
7429.14267183527 1980.04331709216 1058 186.055101941366 5339.69967276073
7101.77096600923 1979.05444110661 877 108.78877794124 4775.36437704841
7451.67690692569 1990.59539526581 1069 152.979148177348 4671.18308266885
7287.20206838886 1987.11964862189 983 176.509301365089 5812.16479953662
7306.07429776798 1982.49600590282 922 514.363864209241 2585.02833903854
7053.47276388841 1974.22698869149 877 284.699838338034 4123.18034044184
7091.73591329935 1985.51596248686 896 319.89125783055 3275.22679452552
7550.27574328113 1981.61913124936 1083 373.994901304189 4165.41525996467
7150.69077528972 1987.65061527497 947 239.63349331252 4904.2296340038
7292.39165070614 1990.91517916565 989 257.324164252841 4650.70611829311
7245.1207792099 1991.41384952197 959 267.080494836454 2893.35947279143
7563.39642942499 1989.27126051986 1161 536.416095970146 5977.83507726982
7090.33866791135 1926.49499247346 864 562.283918015233 2990.94088383379
7101.14164857589 1984.48028161624 877 257.935524811352 3531.16442428253
7212.41409853294 1975.55360804787 980 109.429980011886 4616.62287707567
7114.21887751057 1979.62396136748 877 104.387776624136 4164.9550655168
7123.51927275283 1978.64918601425 874 460.712909286383 3325.11637558657
7338.17233958444 1991.61665920182 989 129.204055201999 4562.97307090389
7252.50318601581 1979.65723381609 983 193.309225221891 3553.46674936694
6904.01537447216 1980.37225539252 823 310.151782109691 3506.35393576316
7736.61118692991 1982.66892448137 1181 356.415052201364 5298.14367764866
7259.29465099615 1964.70774539099 920 517.866008411734 2154.29287829017
7602.55118237432 1980.91668345264 1096 355.512742568042 4116.56850205863
7883.05225230534 1977.43444684322 1200 42.6219556831683 4339.64156468336
7112.99825162269 1973.16114429268 897 288.654192452703 4792.16283392408
7547.81066660313 1984.29941797608 1096 442.383596041085 4904.89660417481
8454.59061379899 1978.71152393899 1448 234.341621819529 5685.09525554412
7802.17830339539 1966.83424831852 1189 14.0286968353903 4280.73018221775
7680.53017455716 1983.01530411584 1082 87.7825396299817 4626.05092361297
7503.07923669538 1974.90859178166 1096 278.423957079985 5751.76302998718
7233.51433868083 1987.01803333804 895 225.03851522637 3300.20659341746
7602.55118237432 1980.91668345264 1096 355.512742568042 4116.56850205863
6904.01537447216 1980.37225539252 823 310.151782109691 3506.35393576316
7114.21887751057 1979.62396136748 877 104.387776624136 4164.9550655168
7228.35820276568 1964.00774670447 922 103.808488798998 5050.36941059795
7338.17233958444 1991.61665920182 989 129.204055201999 4562.97307090389
7252.50318601581 1979.65723381609 983 193.309225221891 3553.46674936694
7039.46432832025 1989.99700777514 858 262.26334522439 3761.14737053502
7833.44804853871 1987.69093640435 1229 322.17805144516 5796.04143164666
7394.62197058449 1982.76548900833 994 318.285780119765 3932.72493244311
7377.37619869311 1990.28742428265 948 476.117876856974 2278.32187068535
7436.17430555142 1980.58574724465 1046 296.689633650985 4650.79690389457
7163.46187847921 1978.45442522359 924 306.495778829458 4248.47741222521
8123.46095155875 1979.84103483892 1301 117.269607008487 5816.63717168454
7836.04785278656 1985.17070019227 1181 26.0033908605029 5236.58856282021
7501.52874035088 1989.76050560504 1037 169.776106509916 4536.60556967318
7228.1085092771 1964.70014613603 964 223.12726591171 3689.56467689791
6873.69733790161 1986.16956033751 802 299.432737484043 3204.68452993191
7000.68497153954 1978.29576458021 855 144.528074027493 4818.72123425127
7085.08420855474 1971.56911822429 877 252.258362447628 3544.9799769193
7310.34844293404 1988.38135216768 994 349.57831162417 5832.24312622313
7968.19698786907 1990.45968944833 1253 378.704414769044 4460.50121584371
7263.69745307735 1989.74911077947 935 482.848598840049 3506.2730393085
7672.52605288908 1989.68905402552 1201 188.099046241406 5582.47170474328
7410.80909176049 1984.79580960338 1012 343.67403569236 5257.46447697706
