7375.41362218186 1996.87377523804 994 344.375225102704 4086.58929425167
7149.78816500624 1985.36100420538 947 242.392456832268 4288.41944835006
7186.66158452663 1970.01661690716 877 205.574322161447 3330.84886498799
7290.80709173715 1996.8032953403 983 145.547968095176 6295.76888092097
7121.58585953322 1974.19953514028 877 234.511988652522 3749.75231940538
7161.48833546781 1948.76658444358 877 140.44108700421 4339.21463408996
7228.24509027621 1966.57834878693 963 292.343291658825 3877.64003279901
7174.59570471326 1985.84072166285 933 251.163246607962 4241.18277458242
7186.66158452663 1970.01661690716 877 205.574322161447 3330.84886498799
7337.41858943215 1988.01233971733 994 162.027621145872 5797.95753953809
7440.87220862044 1985.63170805465 1043 194.580396543885 6345.22597950546
7142.77091933502 1989.66533275746 877 186.648010839307 4696.44945736646
7198.92248033061 1967.89444209946 877 98.4814495858115 4069.07135510802
7425.95246491575 1996.29664650875 1034 328.616375589363 4803.66444536262
7485.56092683804 1998.7450745817 1043 307.541601768688 4684.88240544234
7133.04088501402 1976.50036319545 908 183.741271924227 5264.21622450537
7295.32092950355 1984.45714903831 994 212.745505094958 4172.24444201784
7262.58945432525 1983.81345451098 1019 318.306068410133 6378.85499594445
6891.14098664377 1934.67164381699 826 144.23564244417 3474.73710687519
7244.1665811181 1972.33124140843 945 146.821777745458 5601.76241226286
7422.54298177863 1982.67940095548 989 434.558532254096 3718.5442295449
7050.89001141274 1947.49573818174 870 259.961644035491 3548.59188317372
7518.34682666957 1994.18557618923 1074 173.126569940476 7042.96315972536
7255.60995631822 1961.78984900521 1002 261.428014239056 6267.05983333782
7016.77365495887 1971.3389167189 834 447.187797636535 3515.12989954437
7282.28555120904 1945.67975439644 1001 189.421398484602 4680.30709261068
7368.26770265208 1950.42554052495 1046 241.724503837799 5497.63375856797
7142.02772062785 1987.13749957392 927 270.372301980984 4598.39497152942
7480.38854571201 1987.62076518765 1043 378.301115527859 5314.49321316414
7000.16395247104 1930.73976139057 860 179.128648471739 3884.32964362487
7640.66195752614 1997.4797224805 1082 252.7051064844 5135.45609963651
7293.95271464282 1982.90605766319 994 212.261768091888 4223.8168166057
7353.48756585332 1980.44122724652 994 241.717247037075 4349.06570821914
7640.66195752614 1997.4797224805 1082 252.7051064844 5135.45609963651
7049.76499160511 1948.06702846851 902 291.185735171254 4296.46176262867
7621.66418125909 1997.32315329364 1035 245.988378271453 4519.11548929169
7231.020767403 1965.73929222237 943 341.60895970181 3911.32039822873
7324.0702924479 1983.69887658455 973 233.618729350616 4087.41583439009
7226.20140801091 1956.39022477508 922 356.702982455329 4247.48840579254
7145.77840359794 1964.92337034497 912 336.707477242196 3088.05193931776
8012.64533318539 1983.67553448826 1229 107.755666349843 5807.56116795753
7806.99347342587 1988.48736815933 1172 447.004911407157 5481.52070549335
8668.20230567615 1971.49080694386 1448 682.0609002469 6747.43602144503
8000.05635758157 1976.97183887315 1229 112.206541358671 5687.66895028756
7847.44859842309 1988.25568369854 1170 214.325378165232 5391.01839098767
7806.77724074491 1977.36767628806 1170 118.959739432337 6932.85941217612
7942.69885490793 1992.88487455944 1188 14.5703404668943 6618.80494133391
7999.85699426876 1985.09215873705 1188 32.8581601578876 6522.12129035052
7872.94563055822 1989.36441530704 1253 284.898225319264 6486.12931611574
7762.26518493269 1981.36805630945 1128 523.445966264505 4906.53264054378
7800.91942112034 1985.45034200657 1179 449.152413194418 5454.18747011847
8682.70312246873 1966.25249827102 1448 722.782742692761 6783.02214932216
8109.07605798549 1984.20508891438 1291 135.357281616962 6357.22224494665
7903.12833465907 1992.20559424324 1181 234.0111376988 5130.64348778729
7950.12218150268 1973.85622473114 1197 99.8044419784286 6659.29630108577
8152.73925816835 1984.04943021225 1317 324.765316928123 5993.90412832095
8464.38904251632 1963.38428700703 1448 214.580478994236 6698.07194544354
7989.68727958873 1988.36918139335 1299 328.301263225641 6710.08423639669
8700.82043476657 1975.9707650897 1448 716.377305501424 6818.02708423257
7121.58585953322 1974.19953514028 877 234.511988652522 3749.75231940538
8000.05635758157 1976.97183887315 1229 112.206541358671 5687.66895028756
7145.77840359794 1964.92337034497 912 336.707477242196 3088.05193931776
7425.95246491575 1996.29664650875 1034 328.616375589363 4803.66444536262
7640.66195752614 1997.4797224805 1082 252.7051064844 5135.45609963651
7640.66195752614 1997.4797224805 1082 252.7051064844 5135.45609963651
8464.38904251632 1963.38428700703 1448 214.580478994236 6698.07194544354
7353.48756585332 1980.44122724652 994 241.717247037075 4349.06570821914
7290.80709173715 1996.8032953403 983 145.547968095176 6295.76888092097
8682.70312246873 1966.25249827102 1448 722.782742692761 6783.02214932216
7485.56092683804 1998.7450745817 1043 307.541601768688 4684.88240544234
7160.4313014482 1956.76163714618 921 331.526895525221 3006.43460732983
7262.58945432525 1983.81345451098 1019 318.306068410133 6378.85499594445
7278.44816557394 1975.49314306657 973 141.178427846081 6082.83168867973
7083.23326133693 1974.78033199801 874 244.698962634493 3723.43784976043
7353.48756585332 1980.44122724652 994 241.717247037075 4349.06570821914
8464.38904251632 1963.38428700703 1448 214.580478994236 6698.07194544354
7902.79856720223 1975.24828693151 1282 350.826728461789 6441.74136653857
7228.24509027621 1966.57834878693 963 292.343291658825 3877.64003279901
7295.32092950355 1984.45714903831 994 212.745505094958 4172.24444201784
7640.66195752614 1997.4797224805 1082 252.7051064844 5135.45609963651
7575.41980021969 1971.29124565757 1044 476.498127635522 5069.90320277583
7518.34682666957 1994.18557618923 1074 173.126569940476 7042.96315972536
7518.34682666957 1994.18557618923 1074 173.126569940476 7042.96315972536
7914.38710495976 1981.20552795308 1264 354.923895277982 6456.69729016219
8464.38904251632 1963.38428700703 1448 214.580478994236 6698.07194544354
7090.12552655798 1936.57740187675 937 213.748797672234 5462.4550770024
7290.80709173715 1996.8032953403 983 145.547968095176 6295.76888092097
7337.41858943215 1988.01233971733 994 162.027621145872 5797.95753953809
6857.8686486994 1910.20248159248 885 187.294863470145 3885.44753322773
7125.63284144838 1983.69601629603 894 217.804765134286 3685.90051610031
7756.56860291746 1983.19906063572 1112 304.438959144271 5379.35652272161
7149.78816500624 1985.36100420538 947 242.392456832268 4288.41944835006
7028.00248672445 1949.94948773738 874 214.813450090382 4385.90694089193
7371.97355750107 1952.54749968311 1047 243.034721384705 5547.55316542422
7174.59570471326 1985.84072166285 933 251.163246607962 4241.18277458242
7847.44859842309 1988.25568369854 1170 214.325378165232 5391.01839098767
7337.41858943215 1988.01233971733 994 162.027621145872 5797.95753953809
7640.66195752614 1997.4797224805 1082 252.7051064844 5135.45609963651
7121.58585953322 1974.19953514028 877 234.511988652522 3749.75231940538
7903.12833465907 1992.20559424324 1181 234.0111376988 5130.64348778729
7165.39427414108 1972.38716371002 979 248.018354396561 4926.03630069215
7102.2737258556 1963.38281568229 877 252.751009410822 4674.97886391515
7093.38099967454 1971.43432590667 877 259.991531759434 4639.86096025637
8464.38904251632 1963.38428700703 1448 214.580478994236 6698.07194544354
7806.99347342587 1988.48736815933 1172 447.004911407157 5481.52070549335
7121.58585953322 1974.19953514028 877 234.511988652522 3749.75231940538
7055.3332253913 1935.61583814347 885 304.696112350616 4348.36432949211
8682.70312246873 1966.25249827102 1448 722.782742692761 6783.02214932216
7914.38710495976 1981.20552795308 1264 354.923895277982 6456.69729016219
7950.12218150268 1973.85622473114 1197 99.8044419784286 6659.29630108577
7142.77091933502 1989.66533275746 877 186.648010839307 4696.44945736646
7223.26398098651 1928.98629502523 951 154.211962894201 5236.14405252856
7640.66195752614 1997.4797224805 1082 252.7051064844 5135.45609963651
7548.9838708598 1985.60564540006 1086 286.357427803084 5771.54265915995
7231.89457500908 1939.52103733235 967 341.300022059954 3588.90479468368
7174.59570471326 1985.84072166285 933 251.163246607962 4241.18277458242
7353.48756585332 1980.44122724652 994 241.717247037075 4349.06570821914
7640.66195752614 1997.4797224805 1082 252.7051064844 5135.45609963651
7903.12833465907 1992.20559424324 1181 234.0111376988 5130.64348778729
7642.25858385246 1962.12366669262 1097 284.093908009834 5246.83254942443
8464.38904251632 1963.38428700703 1448 214.580478994236 6698.07194544354
8668.20230567615 1971.49080694386 1448 682.0609002469 6747.43602144503
7232.07529246138 1988.45445827529 983 279.089370859911 4957.47134947435
7142.77091933502 1989.66533275746 877 186.648010839307 4696.44945736646
7942.69885490793 1992.88487455944 1188 14.5703404668943 6618.80494133391
7518.34682666957 1994.18557618923 1074 173.126569940476 7042.96315972536
7208.37506786261 1984.71842015714 1006 263.214359747199 5086.34263450464
7190.91032047625 1960.0983179518 915 185.859327591872 5300.04715225078
6918.29758625653 1980.38316353904 868 282.957055227265 4618.0425400728
7133.88134859974 1984.90526746658 947 236.768547958204 4930.95491268907
7581.22158883008 1989.01966929522 1111 304.012180294065 4942.12197373775
6813.14181927323 1985.81056903548 790 228.480492711815 4377.9122381353
7120.07844404121 1971.13661456229 877 166.487169725072 4713.78475847787
6996.56325669442 1961.26115950117 877 266.711721335874 5132.46941796448
7220.41392821471 1995.75417281036 983 272.524169065691 5267.66139324333
7200.44754123585 1989.93089848877 983 260.303251063586 5179.50644730396
7261.59157774299 1987.64657091843 1008 167.999425753043 5173.18076281207
7143.65608432819 1990.65493531295 940 234.713526944662 4861.66458336828
8020.50380152671 1986.63312755533 1200 32.8075177628595 6258.74408844761
7257.68807064096 1985.87064793769 928 116.888432143409 4297.0428197971
7284.15457528403 1987.18159765406 994 183.638939148581 5155.15085656763
7571.83040774631 1985.67941446086 1111 307.332464207907 5526.87126901238
6965.50537101281 1985.83888174242 824 174.611842391452 4820.67301173164
7059.81307073859 1969.84646927159 868 203.15499457446 4136.83925653593
7225.16330328199 1992.10465229147 983 270.845011407457 5210.45726084645
7217.61492320208 1990.13486535424 989 266.372837165357 5823.53803093787
7407.25220395885 1990.27848761716 1034 219.498234027601 5189.43321202521
7096.58460740837 1968.82393685417 944 251.355807209897 5293.08123265157
7291.5588605046 1989.25047258189 989 190.563954265941 6322.68376345345
7984.57334202131 1986.58336402635 1173 103.844945487066 6250.94958892582
7614.95025230687 1997.2615548519 1093 262.257162843088 6054.22106201943
7282.86377188521 1986.09590726141 938 107.987477607941 4958.69049684779
7719.33470023436 1978.96918099596 1086 37.6415695179629 6106.94938186535
8043.75341799651 1995.94715919577 1229 172.846678682343 6742.40679756208
7357.36088582597 1990.60917592621 1009 209.521278453507 5468.85394494546
7435.40831479405 1992.55297897753 1044 355.564957723012 4636.56487477336
6965.50537101281 1985.83888174242 824 174.611842391452 4820.67301173164
7051.17185271766 1975.7124213046 844 154.488971314215 3906.94533595816
7191.66361438804 1965.13297462896 945 156.66441096117 5560.83943231245
7254.14953791933 1977.07112661853 929 136.151650087249 5326.13973684899
7231.60311277609 1966.3700741448 1003 273.121827888871 4991.67509058569
7336.41583203203 1998.9380487857 1009 224.370373042964 6750.97038523484
7407.25220395885 1990.27848761716 1034 219.498234027601 5189.43321202521
8071.63049344312 1990.26441651882 1245 121.96554545605 7843.69179719357
7614.95025230687 1997.2615548519 1093 262.257162843088 6054.22106201943
7300.00163745755 1992.85233670718 938 114.046628088572 5278.50220728919
7784.68892428288 1986.34921969394 1067 0.60161642842898 6104.78250598762
7070.26859303762 1971.27324303108 877 166.026250031249 4331.19041702846
7319.46846106881 1989.17745732295 983 324.352330172325 4567.00129616124
7550.49923383184 1977.92734944568 1049 54.0206443808198 5253.08827446001
7283.07614028896 1982.79172601708 996 216.443162364282 5591.56029693996
7702.23621874372 1984.31452416917 1137 259.401153038057 4129.48565693421
7246.02055918371 1981.08879126329 991 226.664132502394 6429.85843055005
7223.96356233902 1978.4189086222 922 140.060630567024 5753.13324230918
7627.27552229578 1997.37588840663 1069 254.546610832995 6063.1285526265
7014.06615621593 1988.97563529092 847 167.502027210435 3598.2325703703
7346.28728904448 1984.06062592391 994 212.325216890457 5156.63426182197
7386.96771067921 1985.2219479604 989 130.282467325954 4831.44261487786
6952.05461331003 1975.71561946292 843 223.420342842485 3830.22263529942
6891.60959816746 1933.65702363004 886 394.711642088427 4737.10627891132
7213.36781884968 1981.19492004351 969 283.156533947294 4256.98766892938
7484.74834025175 1936.19678764548 1038 114.626291371574 5736.78403146137
7816.9433311755 1991.0803466021 1181 443.487105463856 5269.639129612
7354.10945118575 1970.05751216683 951 470.236105151729 4270.442655182
7105.23782710734 1970.98833950224 865 259.42634879897 4571.98566511794
7083.63293786174 1976.990173433 914 229.236666263115 3971.71126663623
6946.57207225095 1963.54335173087 850 185.09993658453 5619.27377207782
7157.39426803183 1974.06611475349 928 187.857501722777 4233.00318772009
7513.6509320391 1989.53748784179 1043 269.970494202784 6249.40575757077
7419.10880316518 1996.90421543338 1043 308.493965871193 6591.72291766074
7673.88373536651 1980.6329441556 1096 299.17773794131 5118.51610716996
7062.91584792058 1981.05826712913 877 265.908247390277 4919.61242783646
7197.82450918281 1974.58717088667 973 265.92590533866 5044.65195796502
7503.23578245955 1990.60241327296 1052 331.584326554519 4773.06536522466
7514.78889805067 1979.31369156918 998 123.300689755154 5778.41576721135
7146.39839753694 1986.35552888278 868 110.656499529166 4531.0534041501
7089.8753168602 1984.81021893813 862 171.617965353841 3651.89242813491
6893.62143974943 1983.64415114984 761 270.538369161772 4285.05111062489
7088.0106274153 1982.94858930851 868 193.588178191198 5970.1098769437
7297.56149207359 1987.70303513978 953 198.087033563077 4727.28620494426
