1805.21754923993 422.038988739679 460 19.6795301642139 306.341825424977
1828.81605472734 428.095644720262 460 31.6783447223541 232.77331689613
1749.64797550645 417.368180674266 410 13.1519849487338 225.631825945395
1821.60685377593 431.342875697982 450 18.2963354890617 201.032938604675
1888.90637082616 431.620516564675 490 5.5105902008659 194.724576239297
1970.17736552697 441.954896758683 520 0.523463567944647 278.334507294215
1834.38993251073 435.122600644052 460 33.6490081114244 252.33617057361
1803.29268209208 423.952117132258 450 11.8212979943307 186.607829572581
1970.17736552697 441.954896758683 520 0.523463567944647 278.334507294215
1834.38993251073 435.122600644052 460 33.6490081114244 252.33617057361
1834.38993251073 435.122600644052 460 33.6490081114244 252.33617057361
1834.38993251073 435.122600644052 460 33.6490081114244 252.33617057361
1803.29268209208 423.952117132258 450 11.8212979943307 186.607829572581
1970.17736552697 441.954896758683 520 0.523463567944647 278.334507294215
1833.86455445073 426.059133155483 460 80.7857973600043 126.93719330744
1945.49471243351 420.022627295403 530 27.4645363022127 241.899865320853
1953.28138328543 415.767181789691 530 21.9767604676664 313.94537148397
1704.01163069576 398.970905529078 400 28.424095957676 345.363693194697
1802.61627582629 431.712124637291 450 36.9329740156079 172.992884649025
1993.58162633135 392.985938928185 530 147.311352689957 352.436838956391
1929.88050729891 407.555102894058 530 21.9440811354536 234.862300808554
1876.29504128273 404.453084794422 520 5.24202177676364 233.34673041137
2073.26483923524 423.541810941497 550 35.2451734782205 250.625432824491
1838.17972742777 421.445511356456 460 24.0520434514645 339.604964200672
1897.39921717902 410.436438596793 530 8.53444863189024 186.547008394769
1801.98484958083 430.694894403688 450 37.1562169055984 186.977761620756
1845.68548216661 392.021848520899 520 6.72993012507302 120.241208227232
1929.14744512482 408.325432508327 530 21.6849045182877 236.402960037092
1885.40064693282 406.640210574371 520 2.02270402576721 237.720981971268
1821.14502988286 416.756208398964 429 0.763841403027114 230.322321474482
2056.54360357504 416.858576814784 550 32.8797068418649 342.076249819503
2041.86641708288 416.02064394336 540 67.8034658262818 285.082575773438
1929.14744512482 408.325432508327 530 21.6849045182877 236.402960037092
1929.14744512482 408.325432508327 530 21.6849045182877 236.402960037092
2048.05400533606 435.24956517494 540 29.434073463603 270.149244971223
1996.94478964653 432.10878486706 520 0.695188580468411 286.384377197056
2066.3882200679 431.906171953859 553 62.9436901835316 294.39422419852
2037.40187355327 440.1564949561 560 12.4876342787558 388.143766984262
2037.8060665435 429.745391592877 540 15.6477160892928 311.465185010624
1942.02496797144 417.151194617374 520 20.9662823587233 153.820525642573
2048.05400533606 435.24956517494 540 29.434073463603 270.149244971223
2268.20284308159 468.67745735397 593 11.66534841647 340.225666718899
2086.15654701028 438.259126261186 540 2.95910500086139 282.394044931941
2151.12047180043 440.317772774047 573 53.0602177616252 140.723653655175
1834.38993251073 435.122600644052 460 33.6490081114244 252.33617057361
1922.45489028443 430.853302011108 530 12.7177278556527 273.841650537714
2063.08063711874 435.925731480376 540 24.5836262119582 327.76180980186
1922.45489028443 430.853302011108 530 12.7177278556527 273.841650537714
2063.08063711874 435.925731480376 540 24.5836262119582 327.76180980186
1828.81605472734 428.095644720262 460 31.6783447223541 232.77331689613
1970.17736552697 441.954896758683 520 0.523463567944647 278.334507294215
1929.14744512482 408.325432508327 530 21.6849045182877 236.402960037092
2037.8060665435 429.745391592877 540 15.6477160892928 311.465185010624
2151.12047180043 440.317772774047 573 53.0602177616252 140.723653655175
1876.29504128273 404.453084794422 520 5.24202177676364 233.34673041137
1805.21754923993 422.038988739679 460 19.6795301642139 306.341825424977
1929.14744512482 408.325432508327 530 21.6849045182877 236.402960037092
1805.21754923993 422.038988739679 460 19.6795301642139 306.341825424977
1929.14744512482 408.325432508327 530 21.6849045182877 236.402960037092
1922.45489028443 430.853302011108 530 12.7177278556527 273.841650537714
2063.08063711874 435.925731480376 540 24.5836262119582 327.76180980186
1828.81605472734 428.095644720262 460 31.6783447223541 232.77331689613
1970.17736552697 441.954896758683 520 0.523463567944647 278.334507294215
1929.14744512482 408.325432508327 530 21.6849045182877 236.402960037092
2037.8060665435 429.745391592877 540 15.6477160892928 311.465185010624
2037.8060665435 429.745391592877 540 15.6477160892928 311.465185010624
2151.12047180043 440.317772774047 573 53.0602177616252 140.723653655175
1876.29504128273 404.453084794422 520 5.24202177676364 233.34673041137
1805.21754923993 422.038988739679 460 19.6795301642139 306.341825424977
2151.12047180043 440.317772774047 573 53.0602177616252 140.723653655175
1876.29504128273 404.453084794422 520 5.24202177676364 233.34673041137
1805.21754923993 422.038988739679 460 19.6795301642139 306.341825424977
1929.14744512482 408.325432508327 530 21.6849045182877 236.402960037092
1929.14744512482 408.325432508327 530 21.6849045182877 236.402960037092
1805.21754923993 422.038988739679 460 19.6795301642139 306.341825424977
1929.14744512482 408.325432508327 530 21.6849045182877 236.402960037092
1931.77138616672 418.9554023899 530 50.1443568457345 185.198427299386
1931.77138616672 418.9554023899 530 50.1443568457345 185.198427299386
1885.77710394395 414.302114364062 520 2.15580167846379 266.95180096435
1838.12557110564 436.970076562556 460 24.1365840092309 207.298137611305
2091.94866915538 432.722150828996 550 41.8509048957554 279.551617294123
1922.45489028443 430.853302011108 530 12.7177278556527 273.841650537714
1844.357059098 415.145441913329 433 20.1972582579755 122.095868443841
1830.58216542137 430.11830198264 460 32.3027591463913 259.394342401239
1680.42369069445 390.607933387206 410 71.6978353400619 249.354021525347
1950.36308835188 449.968630760012 540 77.5256153589232 263.550041311068
1976.6808044496 456.982079108913 540 82.2993280161364 251.576731509284
1824.71320153476 430.667089208312 460 34.3777512277712 226.307244122481
1824.71320153476 430.667089208312 460 34.3777512277712 226.307244122481
1824.71320153476 430.667089208312 460 34.3777512277712 226.307244122481
1680.42369069445 390.607933387206 410 71.6978353400619 249.354021525347
1950.36308835188 449.968630760012 540 77.5256153589232 263.550041311068
1976.6808044496 456.982079108913 540 82.2993280161364 251.576731509284
1824.71320153476 430.667089208312 460 34.3777512277712 226.307244122481
1794.1447040325 429.742227425194 410 2.57998429195925 235.484394566185
1938.75555029361 444.512398141012 540 73.4217309219814 253.951673068337
2029.93565472505 452.946833342854 550 9.51216189032986 384.484452491878
1834.38993251073 435.122600644052 460 33.6490081114244 252.33617057361
1805.21754923993 422.038988739679 460 19.6795301642139 306.341825424977
2063.08063711874 435.925731480376 540 24.5836262119582 327.76180980186
1833.86455445073 426.059133155483 460 80.7857973600043 126.93719330744
2041.86641708288 416.02064394336 540 67.8034658262818 285.082575773438
2151.12047180043 440.317772774047 573 53.0602177616252 140.723653655175
1821.14502988286 416.756208398964 429 0.763841403027114 230.322321474482
2151.12047180043 440.317772774047 573 53.0602177616252 140.723653655175
2063.08063711874 435.925731480376 540 24.5836262119582 327.76180980186
1714.7348324426 389.334418684619 460 8.65545821944043 226.110071153777
2029.93565472505 452.946833342854 550 9.51216189032986 384.484452491878
1934.85338398254 411.325432508327 530 23.7022585479524 220.801678527977
1937.52108259895 409.646209675028 530 19.8083800098941 282.881656367791
2029.93565472505 452.946833342854 550 9.51216189032986 384.484452491878
1812.09838008932 431.034476726468 450 14.9345823777931 200.498500255856
1997.98933169904 433.120951433344 520 0.325887196186647 286.785933727939
1924.94645513103 429.228021286953 530 13.5986290550509 264.232836763694
1824.71320153476 430.667089208312 460 34.3777512277712 226.307244122481
1948.80551004963 416.766029810239 520 23.3635660005262 153.050196028304
2270.72809244801 471.136918713238 593 15.9649905625869 363.039576915092
2191.18660386364 456.319399591512 583 10.1960303557114 359.496649814167
1925.019876777 404.591067973252 530 24.2282237147493 276.555256262259
1877.64909480403 394.406497129247 530 29.7859345108707 304.568340625156
1925.51454669326 437.32102676178 540 66.44318491246 227.520074015231
2199.95259695097 426.432721231918 560 128.678042046731 349.730884927671
1997.98933169904 433.120951433344 520 0.325887196186647 286.785933727939
1918.10746340889 427.81975874182 530 11.1806803434476 287.272982155197
1948.80551004963 416.766029810239 520 23.3635660005262 153.050196028304
2270.72809244801 471.136918713238 593 15.9649905625869 363.039576915092
2191.91966603773 455.549069977243 583 10.4552069728771 354.104342514284
1930.84263061369 435.190131773751 540 64.5594227770286 223.258284039173
2149.86239872522 450.14389325326 556 29.9812344627156 267.299232583571
1997.98933169904 433.120951433344 520 0.325887196186647 286.785933727939
1961.03959651296 420.845607937998 530 75.6952134271282 184.775642485534
2270.72809244801 471.136918713238 593 15.9649905625869 363.039576915092
2122.49488807696 445.549069977243 573 35.0005726120924 342.63590857519
2019.02995274291 458.772335902347 550 86.2879277445569 347.763616657944
2157.87570021358 441.935592088704 560 27.4938883507983 261.304718987109
2006.31117142716 439.995482916687 543 1.86239862521523 203.230577799437
2151.12047180043 440.317772774047 573 53.0602177616252 140.723653655175
2063.08063711874 435.925731480376 540 24.5836262119582 327.76180980186
1934.21703377525 435.965223991143 530 57.9670763446412 248.602912188812
2061.98583303467 432.26478639453 540 23.6906699980717 155.267475962374
2063.08063711874 435.925731480376 540 24.5836262119582 327.76180980186
1934.21703377525 435.965223991143 530 57.9670763446412 248.602912188812
2061.98583303467 432.26478639453 540 23.6906699980717 155.267475962374
2151.12047180043 440.317772774047 573 53.0602177616252 140.723653655175
1842.31040221684 381.99063379314 530 130.46383747294 154.189061839328
1945.97248854822 396.907830910255 520 123.805173730336 196.898352039463
2140.69048015024 423.689528709629 560 22.2397619648834 322.115654725712
1930.84263061369 435.190131773751 540 64.5594227770286 223.258284039173
1754.57334945822 427.833555207893 376 6.0968302902339 184.532560047082
1987.74161363205 458.163894593401 540 81.6963460934179 267.449738092762
1883.88024493392 425.495859447556 520 145.199423024731 262.720820242454
2130.76962041567 441.847349508304 550 4.25463694448762 214.708011663707
1957.91231793654 423.835501515454 530 31.854822830857 284.166313622241
1939.49627667556 416.408242422495 530 26.4531650315899 236.193345579144
2043.47063676767 446.191963399761 573 14.4819003546551 365.776274745498
2142.16592576623 448.217264822105 550 0.935179170863292 285.11420765205
2040.55485494335 446.59483347821 573 15.5127849048748 368.396934789295
2213.01212346181 473.468968178398 583 7.82501119236068 390.571188486297
1998.98871438074 432.429449681661 530 1.41782510036602 182.057527255648
1894.28161954068 411.383592115421 520 148.884460927005 247.990506208404
2176.35091804617 469.871176847104 553 4.31243190742999 298.142423194625
2142.16592576623 448.217264822105 550 0.935179170863292 285.11420765205
2038.61548251832 441.851017582117 573 14.8271132083826 349.42167120492
2142.16592576623 448.217264822105 550 0.935179170863292 285.11420765205
1696.63144289973 389.784386378655 410 70.3879776098949 324.100727758572
2112.21131164489 447.009258675385 583 40.8471681296055 456.794291106946
2063.27265548803 420.048788437855 540 83.0635518041821 335.195153751418
2063.68206209052 435.724822891034 553 61.9869188551494 322.742443092446
2176.35091804617 469.871176847104 553 4.31243190742999 298.142423194625
2038.61548251832 441.851017582117 573 14.8271132083826 349.42167120492
2038.61548251832 441.851017582117 573 14.8271132083826 349.42167120492
1680.42369069445 390.607933387206 410 71.6978353400619 249.354021525347
1680.42369069445 390.607933387206 410 71.6978353400619 249.354021525347
1821.14502988286 416.756208398964 429 0.763841403027114 230.322321474482
2028.03981174251 455.204211886713 546 84.1803851151311 243.077509227344
2039.18552540192 420.626195218824 540 66.8556274826663 295.688127048902
2142.16592576623 448.217264822105 550 0.935179170863292 285.11420765205
2091.25874056907 452.66743800003 553 29.7548393506287 202.952425437787
2065.36234637674 436.48472550766 553 38.9105973214647 182.07152155708
2016.75301002444 461.439430850436 550 83.2117004372579 353.097806554122
2018.77705542269 457.560658826266 550 82.4960923239923 345.340262505782
1863.32029915699 392.419145940056 520 55.0480419939146 95.3329716024213
2122.28578295873 436.633379259356 569 140.622325190583 422.690140045801
2018.77705542269 457.560658826266 550 82.4960923239923 345.340262505782
1948.26948278636 426.997626918852 530 47.55858751112 149.411789712771
2187.47836885702 476.605320399789 553 2.13414929679297 397.526074102509
2270.72809244801 471.136918713238 593 15.9649905625869 363.039576915092
1997.98933169904 433.120951433344 520 0.325887196186647 286.785933727939
2065.36234637674 436.48472550766 553 38.9105973214647 182.07152155708
1922.45489028443 430.853302011108 530 12.7177278556527 273.841650537714
1929.14744512482 408.325432508327 530 21.6849045182877 236.402960037092
2091.25874056907 452.66743800003 553 29.7548393506287 202.952425437787
1838.12557110564 436.970076562556 460 24.1365840092309 207.298137611305
1938.75555029361 444.512398141012 540 73.4217309219814 253.951673068337
1754.57334945822 427.833555207893 376 6.0968302902339 184.532560047082
2038.61548251832 441.851017582117 573 14.8271132083826 349.42167120492
1934.85338398254 411.325432508327 530 23.7022585479524 220.801678527977
2270.72809244801 471.136918713238 593 15.9649905625869 363.039576915092
1782.41990914474 448.545091768757 340 102.469582416548 373.345094856149
1868.73538272421 419.162278298541 520 139.356590520775 214.278248001533
