10087.2151371395 2977.08980842706 702 339.669157786661 7826.37845470329
10087.2151371395 2977.08980842706 702 339.669157786661 7826.37845470329
10087.2151371395 2977.08980842706 702 339.669157786661 7826.37845470329
10087.2151371395 2977.08980842706 702 339.669157786661 7826.37845470329
10087.2151371395 2977.08980842706 702 339.669157786661 7826.37845470329
10087.2151371395 2977.08980842706 702 339.669157786661 7826.37845470329
10087.2151371395 2977.08980842706 702 339.669157786661 7826.37845470329
10087.2151371395 2977.08980842706 702 339.669157786661 7826.37845470329
10087.2151371395 2977.08980842706 702 339.669157786661 7826.37845470329
10087.2151371395 2977.08980842706 702 339.669157786661 7826.37845470329
10087.2151371395 2977.08980842706 702 339.669157786661 7826.37845470329
10087.2151371395 2977.08980842706 702 339.669157786661 7826.37845470329
10087.2151371395 2977.08980842706 702 339.669157786661 7826.37845470329
10087.2151371395 2977.08980842706 702 339.669157786661 7826.37845470329
10087.2151371395 2977.08980842706 702 339.669157786661 7826.37845470329
10087.2151371395 2977.08980842706 702 339.669157786661 7826.37845470329
10087.2151371395 2977.08980842706 702 339.669157786661 7826.37845470329
10087.2151371395 2977.08980842706 702 339.669157786661 7826.37845470329
10087.2151371395 2977.08980842706 702 339.669157786661 7826.37845470329
10087.2151371395 2977.08980842706 702 339.669157786661 7826.37845470329
10087.2151371395 2977.08980842706 702 339.669157786661 7826.37845470329
10087.2151371395 2977.08980842706 702 339.669157786661 7826.37845470329
10087.2151371395 2977.08980842706 702 339.669157786661 7826.37845470329
10087.2151371395 2977.08980842706 702 339.669157786661 7826.37845470329
10087.2151371395 2977.08980842706 702 339.669157786661 7826.37845470329
10087.2151371395 2977.08980842706 702 339.669157786661 7826.37845470329
10087.2151371395 2977.08980842706 702 339.669157786661 7826.37845470329
10087.2151371395 2977.08980842706 702 339.669157786661 7826.37845470329
10087.2151371395 2977.08980842706 702 339.669157786661 7826.37845470329
10087.2151371395 2977.08980842706 702 339.669157786661 7826.37845470329
10087.2151371395 2977.08980842706 702 339.669157786661 7826.37845470329
10087.2151371395 2977.08980842706 702 339.669157786661 7826.37845470329
10087.2151371395 2977.08980842706 702 339.669157786661 7826.37845470329
10087.2151371395 2977.08980842706 702 339.669157786661 7826.37845470329
10087.2151371395 2977.08980842706 702 339.669157786661 7826.37845470329
10087.2151371395 2977.08980842706 702 339.669157786661 7826.37845470329
10087.2151371395 2977.08980842706 702 339.669157786661 7826.37845470329
10087.2151371395 2977.08980842706 702 339.669157786661 7826.37845470329
10087.2151371395 2977.08980842706 702 339.669157786661 7826.37845470329
10087.2151371395 2977.08980842706 702 339.669157786661 7826.37845470329
10087.2151371395 2977.08980842706 702 339.669157786661 7826.37845470329
10087.2151371395 2977.08980842706 702 339.669157786661 7826.37845470329
10087.2151371395 2977.08980842706 702 339.669157786661 7826.37845470329
10087.2151371395 2977.08980842706 702 339.669157786661 7826.37845470329
10087.2151371395 2977.08980842706 702 339.669157786661 7826.37845470329
10087.2151371395 2977.08980842706 702 339.669157786661 7826.37845470329
10087.2151371395 2977.08980842706 702 339.669157786661 7826.37845470329
10087.2151371395 2977.08980842706 702 339.669157786661 7826.37845470329
10087.2151371395 2977.08980842706 702 339.669157786661 7826.37845470329
10087.2151371395 2977.08980842706 702 339.669157786661 7826.37845470329
10087.2151371395 2977.08980842706 702 339.669157786661 7826.37845470329
10087.2151371395 2977.08980842706 702 339.669157786661 7826.37845470329
10087.2151371395 2977.08980842706 702 339.669157786661 7826.37845470329
10087.2151371395 2977.08980842706 702 339.669157786661 7826.37845470329
10087.2151371395 2977.08980842706 702 339.669157786661 7826.37845470329
10087.2151371395 2977.08980842706 702 339.669157786661 7826.37845470329
10087.2151371395 2977.08980842706 702 339.669157786661 7826.37845470329
10087.2151371395 2977.08980842706 702 339.669157786661 7826.37845470329
10087.2151371395 2977.08980842706 702 339.669157786661 7826.37845470329
10087.2151371395 2977.08980842706 702 339.669157786661 7826.37845470329
10087.2151371395 2977.08980842706 702 339.669157786661 7826.37845470329
10087.2151371395 2977.08980842706 702 339.669157786661 7826.37845470329
10087.2151371395 2977.08980842706 702 339.669157786661 7826.37845470329
10087.2151371395 2977.08980842706 702 339.669157786661 7826.37845470329
9839.28990015703 2985.03424981588 562 250.283127979556 9198.04525484169
9839.28990015703 2985.03424981588 562 250.283127979556 9198.04525484169
9839.28990015703 2985.03424981588 562 250.283127979556 9198.04525484169
9839.28990015703 2985.03424981588 562 250.283127979556 9198.04525484169
9839.28990015703 2985.03424981588 562 250.283127979556 9198.04525484169
9839.28990015703 2985.03424981588 562 250.283127979556 9198.04525484169
9839.28990015703 2985.03424981588 562 250.283127979556 9198.04525484169
9839.28990015703 2985.03424981588 562 250.283127979556 9198.04525484169
9839.28990015703 2985.03424981588 562 250.283127979556 9198.04525484169
9839.28990015703 2985.03424981588 562 250.283127979556 9198.04525484169
9839.28990015703 2985.03424981588 562 250.283127979556 9198.04525484169
9839.28990015703 2985.03424981588 562 250.283127979556 9198.04525484169
9839.28990015703 2985.03424981588 562 250.283127979556 9198.04525484169
9839.28990015703 2985.03424981588 562 250.283127979556 9198.04525484169
9839.28990015703 2985.03424981588 562 250.283127979556 9198.04525484169
9839.28990015703 2985.03424981588 562 250.283127979556 9198.04525484169
9839.28990015703 2985.03424981588 562 250.283127979556 9198.04525484169
9839.28990015703 2985.03424981588 562 250.283127979556 9198.04525484169
9839.28990015703 2985.03424981588 562 250.283127979556 9198.04525484169
9839.28990015703 2985.03424981588 562 250.283127979556 9198.04525484169
9839.28990015703 2985.03424981588 562 250.283127979556 9198.04525484169
9839.28990015703 2985.03424981588 562 250.283127979556 9198.04525484169
9839.28990015703 2985.03424981588 562 250.283127979556 9198.04525484169
9839.28990015703 2985.03424981588 562 250.283127979556 9198.04525484169
9839.28990015703 2985.03424981588 562 250.283127979556 9198.04525484169
9839.28990015703 2985.03424981588 562 250.283127979556 9198.04525484169
9839.28990015703 2985.03424981588 562 250.283127979556 9198.04525484169
9839.28990015703 2985.03424981588 562 250.283127979556 9198.04525484169
9839.28990015703 2985.03424981588 562 250.283127979556 9198.04525484169
9839.28990015703 2985.03424981588 562 250.283127979556 9198.04525484169
9839.28990015703 2985.03424981588 562 250.283127979556 9198.04525484169
9839.28990015703 2985.03424981588 562 250.283127979556 9198.04525484169
9839.28990015703 2985.03424981588 562 250.283127979556 9198.04525484169
9839.28990015703 2985.03424981588 562 250.283127979556 9198.04525484169
9839.28990015703 2985.03424981588 562 250.283127979556 9198.04525484169
9839.28990015703 2985.03424981588 562 250.283127979556 9198.04525484169
