0 0 0 0 0
13083.8148349056 2345.58341627979 460 71.4659467141698 2927.47870032736
13289.7583995695 2432.43359624832 530 211.559000368036 2458.87077657931
13433.7363010636 2384.43715494044 490 20.3346572541983 2377.57905841808
12557.720086363 2288.16101310197 410 314.372360365843 412.881659782623
5936.10237160337 1188.93999491345 280 2098.72912038915 1889.25396263769
6200.43660514572 1148.52771114942 190 2192.18538490792 5
5807.67949161809 1131.50926929653 230 2053.3247757406 266.498037831597
6318.44796071439 1126.59368218633 150 2233.90869979773 36.298719953418
6735.44787691278 1187.47512954357 280 2381.34043404678 1694.52690861193
6345.68959222219 1216.1187217635 310 2243.54007098261 1169.52850830221
6685.40133769822 1126.83096672314 230 2363.64631042001 407.338894320924
0 0 0 0 0
13156.3705978543 2373.62404048243 460 94.1897362409762 2924.37468836657
13300.4706244869 2435.47794972784 530 215.346343808366 2570.59509311853
13437.210747164 2384.45848722357 490 19.1062550549666 2435.11978107082
12555.585978041 2285.89562813127 410 315.126881598975 460.575236326724
6444.98089649883 1173.88640913784 270 2278.64484826604 1766.91342131337
6203.46970906286 1147.48087808173 190 2193.25774908184 5
5834.27038751689 1148.54308655633 230 2062.72607714453 142.800364294228
6318.44796071439 1126.59368218633 150 2233.90869979773 36.298719953418
6735.44787691278 1187.47512954357 280 2381.34043404678 1694.52690861193
6345.68959222219 1216.1187217635 310 2243.54007098261 1169.52850830221
6685.40133769822 1126.83096672314 230 2363.64631042001 407.338894320924
0 0 0 0 0
13156.3705978543 2373.62404048243 460 94.1897362409762 2924.37468836657
12918.6056229106 2310.61446182579 450 172.09360656744 2626.70565045737
12568.1828107584 2278.99519687969 430 328.161558982854 641.437378481575
6444.98089649883 1173.88640913784 270 2278.64484826604 1766.91342131337
6203.46970906286 1147.48087808173 190 2193.25774908184 5
5834.27038751689 1148.54308655633 230 2062.72607714453 142.800364294228
6560.73322455317 1095.3840906083 170 2319.56947631871 316.835326992042
6706.23119856129 1170.39339648676 280 2371.01077835374 1762.15456677502
6345.68959222219 1216.1187217635 310 2243.54007098261 1169.52850830221
6685.40133769822 1126.83096672314 230 2363.64631042001 407.338894320924
0 0 0 0 0
12962.8092920061 2345.73593916159 460 179.635691290805 3186.68160326402
13087.9564250426 2349.16498004693 460 70.0016734787735 2785.01908361432
13005.4079570661 2319.00848853003 450 131.78749767268 519.41946787702
6444.98089649883 1173.88640913784 270 2278.64484826604 1766.91342131337
6203.46970906286 1147.48087808173 190 2193.25774908184 5
5832.76570982955 1147.26584480601 230 2062.19409324642 176.856730799177
6383.12128181411 1151.28207447355 150 2256.77417175346 0
6712.47810501538 1171.97968133288 280 2373.2193933113 1766.91342131337
6345.68959222219 1216.1187217635 310 2243.54007098261 1169.52850830221
6685.40133769822 1126.83096672314 230 2363.64631042001 407.338894320924
0 0 0 0 0
12939.8395201087 2330.2404909509 460 171.514650555325 3259.06811596545
13087.9564250426 2349.16498004693 460 70.0016734787735 2785.01908361432
13005.4079570661 2319.00848853003 450 131.78749767268 519.41946787702
6444.98089649883 1173.88640913784 270 2278.64484826604 1766.91342131337
6203.46970906286 1147.48087808173 190 2193.25774908184 5
5841.47590653436 1147.1984047422 230 2065.27361282414 135.770329614269
6383.12128181411 1151.28207447355 150 2256.77417175346 0
6712.47810501538 1171.97968133288 280 2373.2193933113 1766.91342131337
6345.68959222219 1216.1187217635 310 2243.54007098261 1169.52850830221
6685.40133769822 1126.83096672314 230 2363.64631042001 407.338894320924
0 0 0 0 0
12939.8395201087 2330.2404909509 460 171.514650555325 3259.06811596545
13087.9564250426 2349.16498004693 460 70.0016734787735 2785.01908361432
12558.1585410779 2280.16532299857 430 331.705673516625 731.151964916682
6444.98089649883 1173.88640913784 270 2278.64484826604 1766.91342131337
6203.46970906286 1147.48087808173 190 2193.25774908184 5
5858.59242998914 1151.87748990353 260 2071.32521772675 886.50321731646
6712.47810501538 1171.97968133288 280 2373.2193933113 1766.91342131337
6345.68959222219 1216.1187217635 310 2243.54007098261 1169.52850830221
0 0 0 0 0
12939.8395201087 2330.2404909509 460 171.514650555325 3259.06811596545
12950.2859773456 2292.22249202907 460 161.601989283479 769.440641045468
6444.98089649883 1173.88640913784 270 2278.64484826604 1766.91342131337
6203.46970906286 1147.48087808173 190 2193.25774908184 5
5858.59242998914 1151.87748990353 260 2071.32521772675 886.50321731646
6345.68959222219 1216.1187217635 310 2243.54007098261 1169.52850830221
0 0 0 0 0
13080.1829481822 2380.54131497134 460 121.895755712479 3460.27141204721
12950.2859773456 2292.22249202907 460 161.601989283479 769.440641045468
6444.98089649883 1173.88640913784 270 2278.64484826604 1766.91342131337
6203.46970906286 1147.48087808173 190 2193.25774908184 5
5768.12645405762 1202.46664451588 240 2039.34066520283 687.722705416981
0 0 0 0 0
12473.9243917547 2287.67791173108 410 23.6827645453153 921.690974487673
6444.98089649883 1173.88640913784 270 2278.64484826604 1766.91342131337
5768.12645405762 1202.46664451588 240 2039.34066520283 687.722705416981
0 0 0 0 0
12473.9243917547 2287.67791173108 410 23.6827645453153 921.690974487673
6444.98089649883 1173.88640913784 270 2278.64484826604 1766.91342131337
5768.12645405762 1202.46664451588 240 2039.34066520283 687.722705416981
0 0 0 0 0
12473.9243917547 2287.67791173108 410 23.6827645453153 921.690974487673
6445.36059443195 1174.0762581044 270 2278.77909175769 1767.48296821305
6316.32831197313 1189.56268661402 270 2233.15929079839 0
0 0 0 0 0
12557.6059241304 2283.00694225154 430 133.098698722235 993.960820165681
6295.5096027799 1185.98722126011 260 2225.79876557535 1927.07472232848
6316.32831197313 1189.56268661402 270 2233.15929079839 0
0 0 0 0 0
12557.6059241304 2283.00694225154 430 133.098698722235 993.960820165681
6295.5096027799 1185.98722126011 260 2225.79876557535 1927.07472232848
6316.32831197313 1189.56268661402 270 2233.15929079839 0
0 0 0 0 0
