0 0 0 0 0
1170 180 40 31.8198051533946 0
12549.1740080246 2276.80300429599 450 116.406026106325 4015.57580017149
12591.224809766 2291.31274247733 410 336.299760903454 3145.89289093022
13008.3808944275 2303.97510037429 450 193.618267904529 3189.74857893711
13054.5573556542 2334.80450362795 420 143.92197649972 2461.23944308011
630 90 40 222.738636073762 0
6558.82852466663 1283.14769015344 320 1873.41879106824 2251.1324803772
5960.57277105851 1072.75861385788 230 1661.90344093816 517.240516271267
5941.27309451469 1202.60392277244 300 2100.55724700626 1503.88288555141
0 0 0 0 0
13033.3703926395 2336.62905082575 450 5.05272954541076 4165.60952286187
12591.224809766 2291.31274247733 410 336.299760903454 3145.89289093022
13008.3808944275 2303.97510037429 450 193.618267904529 3189.74857893711
13054.5573556542 2334.80450362795 420 143.92197649972 2461.23944308011
540 90 40 190.918830920368 0
5934.2206901803 1200.82814155226 300 2098.063845542 2210.91930121218
5330.57277105851 982.758613857876 220 1884.64207701192 517.240516271267
5927.95041675287 1189.13776634751 300 2095.84696911179 1578.4977750743
0 0 0 0 0
13033.3703926395 2336.62905082575 450 5.05272954541076 4165.60952286187
12691.1316902617 2345.3573689531 420 323.894017382624 3115.5351155392
12903.7718247594 2298.98441235706 450 164.571399670965 3334.17779937936
13066.6441456353 2338.97602364691 420 139.648650920504 2527.73393189929
540 90 40 190.918830920368 0
5928.82852466663 1193.14769015344 300 2096.157427142 2251.1324803772
6341.38289285771 1172.57148807793 260 1796.5401506725 781.426616593655
6293.06286400454 1187.7305645133 270 2224.93371278542 1190.07263770987
0 0 0 0 0
13020.1415126365 2318.28899423095 460 178.384289509969 4260.93844876001
12703.8695362479 2392.47311616552 400 32.2946711672293 3151.55182892085
12903.7718247594 2298.98441235706 450 164.571399670965 3334.17779937936
13066.6441456353 2338.97602364691 420 139.648650920504 2527.73393189929
540 90 40 190.918830920368 0
5928.82852466663 1193.14769015344 300 2096.157427142 2251.1324803772
6405.3740236267 1202.12061217404 270 1819.16443192378 1015.56440678319
5905.17194797772 1179.81826801434 300 2087.79356424381 2003.74372400894
0 0 0 0 0
13056.0938504654 2360.62585074098 460 110.477112436454 4221.3629974648
12704.158917917 2392.68733328251 400 32.3969830375426 3157.31910374984
13418.7992209343 2333.77166968508 460 317.214246621919 3588.66601668774
13066.6441456353 2338.97602364691 420 139.648650920504 2527.73393189929
5928.82852466663 1193.14769015344 300 2096.157427142 2251.1324803772
6175.81094353392 1186.07662234157 300 1738.00162660194 1765.77714131787
6257.79727477895 1173.97955759368 280 2212.46544414345 1487.40091557531
0 0 0 0 0
13050.6993899543 2362.8684914281 460 112.384342240552 4404.06632320127
12792.2798027434 2371.39753464625 440 370.981506147694 3182.1797979807
13418.7992209343 2333.77166968508 460 317.214246621919 3588.66601668774
13066.6441456353 2338.97602364691 420 139.648650920504 2527.73393189929
5928.82852466663 1193.14769015344 300 2096.157427142 2251.1324803772
6513.35506466204 1259.91177332045 260 1857.34149510161 667.992125103274
6257.79727477895 1173.97955759368 280 2212.46544414345 1487.40091557531
0 0 0 0 0
12904.0948032645 2304.33680663582 460 174.150484713787 4602.55445629468
12792.2798027434 2371.39753464625 440 370.981506147694 3182.1797979807
13066.6441456353 2338.97602364691 420 139.648650920504 2527.73393189929
5928.82852466663 1193.14769015344 300 2096.157427142 2251.1324803772
6476.36880855836 1243.10194932638 290 1844.2648788508 1245.89399435036
5941.51408029808 1197.29783514073 300 2100.64244834706 1986.37667725226
0 0 0 0 0
12744.8528682828 2365.66995724394 460 313.671089909798 4587.37134544895
12627.703049415 2314.84513637105 430 330.560198676564 3425.49511163741
13066.6441456353 2338.97602364691 420 139.648650920504 2527.73393189929
5928.82852466663 1193.14769015344 300 2096.157427142 2251.1324803772
5775.3740236267 1112.12061217404 260 2041.90306799754 1015.56440678319
6369.62905399458 1229.42406512969 270 2252.00394886121 1372.4892107351
0 0 0 0 0
12744.8528682828 2365.66995724394 460 313.671089909798 4587.37134544895
12627.703049415 2314.84513637105 430 330.560198676564 3425.49511163741
13066.6441456353 2338.97602364691 420 139.648650920504 2527.73393189929
5928.82852466663 1193.14769015344 300 2096.157427142 2251.1324803772
5775.3740236267 1112.12061217404 260 2041.90306799754 1015.56440678319
6369.62905399458 1229.42406512969 270 2252.00394886121 1372.4892107351
0 0 0 0 0
12824.9051525624 2394.36489384574 460 341.973846441564 4649.34336315301
13214.2887931828 2412.57280291879 470 164.958937069868 3687.81201132919
13090.736345095 2352.00131317417 430 131.130772114666 2621.70935837184
5928.82852466663 1193.14769015344 300 2096.157427142 2251.1324803772
6476.36880855836 1243.10194932638 280 1844.2648788508 1245.89399435036
6555.68157803001 1226.31354066624 260 2317.78344956237 959.388310553884
0 0 0 0 0
13276.0151804966 2378.66219245689 470 460.929925435063 4512.63020471146
13214.2887931828 2412.57280291879 470 164.958937069868 3687.81201132919
13090.736345095 2352.00131317417 430 131.130772114666 2621.70935837184
5928.82852466663 1193.14769015344 300 2096.157427142 2251.1324803772
5711.38289285771 1082.57148807793 230 2019.27878674627 781.426616593655
6555.68157803001 1226.31354066624 260 2317.78344956237 959.388310553884
0 0 0 0 0
13276.0151804966 2378.66219245689 470 460.929925435063 4512.63020471146
13214.2887931828 2412.57280291879 470 164.958937069868 3687.81201132919
12686.9762219469 2342.80366900914 420 325.363197294824 2770.31871993759
5928.82852466663 1193.14769015344 300 2096.157427142 2251.1324803772
5711.38289285771 1082.57148807793 230 2019.27878674627 781.426616593655
6555.68157803001 1226.31354066624 260 2317.78344956237 959.388310553884
0 0 0 0 0
13102.3349842778 2359.15541437778 460 149.32450892656 4788.48712670791
13051.6697289441 2346.98469649806 450 172.105081977866 2798.30584337943
5928.82852466663 1193.14769015344 300 2096.157427142 2251.1324803772
5711.38289285771 1082.57148807793 230 2019.27878674627 781.426616593655
