6620.92577473435 1990.2344206928 688 223.465636458178 11256.0515918087
6427.237876197 1981.48478662144 593 217.771251518262 8506.09599515294
6356.23668978406 1995.69670620161 595 228.624301606674 6616.25309227647
6407.75293314231 1976.80143222652 575 245.375188509081 6791.3420293379
6271.7635562776 1968.14830831245 544 198.758538841427 6914.72235009902
6951.15603824688 1995.37876556398 763 251.136779931897 11981.4850953019
6802.35995670908 1980.09379012027 742 177.318169384962 9696.3674347763
6744.09260592693 1997.89320574078 721 146.10739336945 9442.83900507039
6604.44295152502 1959.53369647595 681 93.0005293878059 9384.63117698744
6702.02555133294 1985.84995551782 693 182.801966261964 8285.76177611377
6651.45934868679 1996.04682082207 685 228.636044955801 8349.47931486341
6476.37841778197 1956.09202223362 648 158.262376030757 7913.25104166397
6536.50778905903 1964.58755481864 626 188.887520327005 7756.29364583068
6581.71600702406 1954.56857878671 609 203.149980257005 6801.01481232829
6447.18262725922 1896.38320600122 577 150.680579602154 6898.961417434
7204.31993699914 1987.6731077672 863 265.547662373197 11695.6743888145
6887.31433360361 1978.69033476057 736 230.756801081917 8601.35071998931
6807.8208235835 1995.68417575326 717 187.133953419272 8131.87502615406
6805.96425280788 1930.791661789 757 138.563386693984 9067.51946549003
6718.90042908834 1959.89101897103 706 185.951221654642 8985.33148886626
6733.6966550609 1982.0762134021 691 201.386440412227 8135.27179452862
6626.40188054257 1923.29228930072 696 146.529542149581 8552.39531164713
6599.57694460505 1922.21552750439 684 106.905879093365 6667.8641209953
7133.73455558897 1984.74566446029 795 274.888442415428 10522.7461366938
7001.46722354679 1981.18068231549 745 169.468204771182 7989.47952423841
6941.49240481079 1964.68691937676 711 176.189977620344 7982.07206292099
6546.38850492432 1986.47197145362 677 278.826037456109 7711.41214541296
6506.31207239091 1945.68090361422 648 252.314610490439 7899.75800817249
6413.42993992964 1985.45744710984 602 280.331628246433 5784.87152321936
6423.03978354073 1956.0249797894 601 267.437864482452 6446.97885028585
6286.02816868936 1937.88781273028 551 266.337108343986 6465.68478715161
6695.41814449717 1970.50537281416 721 279.046213443999 8960.38975127329
6662.81548136222 1967.22565988995 721 267.519431350268 8964.50580647375
6637.89040374079 1983.12129916487 665 303.32029808194 6431.36763093292
6472.57020815381 1933.29364518959 669 258.254251631554 7966.25475904054
6925.56326714982 1979.74608199698 713 258.898551346387 8166.82655238653
6742.83882897098 1952.72805157124 706 282.413805412073 7860.04909249885
6572.02984777564 1888.6825127986 675 188.63657360796 8177.82185654129
7031.59325685001 1960.29364921107 770 280.348572862469 9911.22645750019
6579.14885065294 1971.81741195606 673 335.186954464048 7566.60399037163
6434.35599628551 1929.07868914356 621 324.214051296674 8103.54620641662
6404.81889631932 1953.40497290003 621 303.869508041463 7388.18318596295
6278.90840238177 1947.63011056762 589 286.009442279085 6670.61197986003
6247.45974849664 1919.77243526644 558 329.392991135208 7560.87838893446
6920.37828769748 1951.89509410333 772 370.128558391908 10785.6453842062
6895.1040627454 1995.84662322196 729 348.52066929213 8170.67034926388
6677.39631286657 1929.93499985711 700 353.6801134092 9777.95908441604
6726.82610101704 1932.50536464601 720 312.667671698322 9004.9040694244
6637.88868243405 1965.82313422951 685 314.419287774958 7539.47637256957
6557.2545281807 1911.53602680705 691 268.951450293699 8335.28192422955
6495.94382876802 1925.84067083018 661 253.134605217215 6007.20970524419
6583.37668535488 1956.84943501623 709 374.252558664671 8797.55911987315
6402.77035822439 1914.89221899013 647 328.892907201832 7755.99538586605
6335.98888780165 1934.0719226434 651 359.419182184201 8163.56297658026
6210.77846377021 1918.50911995488 614 349.548995843081 7154.20539443059
6603.94983908419 1891.23270521964 697 431.259912007082 8591.01627326105
6470.51779825576 1993.53848742179 613 248.149144641009 9687.02864037569
6497.90464949902 1987.08843807288 623 222.741217403592 7455.21723963888
6285.78122336192 1995.08242360391 553 205.94393890157 6480.28880783859
6802.35995670908 1980.09379012027 742 177.318169384962 9696.3674347763
6721.7997862604 1996.00845401605 708 218.716919063674 9165.89124547903
6687.23390313888 1945.47435974787 699 207.113846378653 9360.84493517031
6702.02555133294 1985.84995551782 693 182.801966261964 8285.76177611377
6571.05327691261 1986.67056475701 625 219.742160286876 7248.24672728527
6887.31433360361 1978.69033476057 736 230.756801081917 8601.35071998931
6807.8208235835 1995.68417575326 717 187.133953419272 8131.87502615406
6855.166162809 1995.35557774018 687 265.702921684612 7803.11112246863
6685.26092239689 1935.67930004874 691 115.628526242685 8412.05737199079
6599.57694460505 1922.21552750439 684 106.905879093365 6667.8641209953
7054.67476033369 1999.15324808455 746 157.50785639475 9007.70066939088
6941.49240481079 1964.68691937676 711 176.189977620344 7982.07206292099
6595.23308196099 1997.86411999623 677 296.095203279519 7744.85165952578
6413.42993992964 1985.45744710984 602 280.331628246433 5784.87152321936
6206.20304544519 1950.74245689449 557 282.664107144829 6368.6997701353
6313.90470528058 1947.11341609089 551 256.481264314163 7036.13485553467
6695.41814449717 1970.50537281416 721 279.046213443999 8960.38975127329
6588.75915864766 1932.56757876732 705 238.845463374236 8453.31556823249
6857.14276017586 1987.99694630946 738 280.731255956921 8353.58400758359
7031.59325685001 1960.29364921107 770 280.348572862469 9911.22645750019
6375.10361300385 1985.5062603688 627 345.590038466836 7873.39383283391
6371.40793943051 1960.82842874665 591 385.895041687758 6618.81248523479
6403.97011537583 1949.35433339073 595 293.652357152038 6884.02685231751
6920.37828769748 1951.89509410333 772 370.128558391908 10785.6453842062
6923.03891537689 1995.30113683866 737 358.397131155717 8335.34945530563
6637.88868243405 1965.82313422951 685 314.419287774958 7539.47637256957
6583.37668535488 1956.84943501623 709 374.252558664671 8797.55911987315
6149.43376483622 1893.63392147789 551 429.590875137596 6249.65012281877
6603.94983908419 1891.23270521964 697 431.259912007082 8591.01627326105
6594.86279220216 1996.25404336076 630 219.449554077496 6675.72016219839
6285.38120268465 1995.30330272591 553 206.085367568329 6433.66442589551
6686.03874065507 1990.82565740074 704 125.582252465538 9655.39104915641
6720.8278728665 1970.77172954913 697 134.148812942015 10093.156628084
6810.22300044046 1993.04400240833 696 155.0125727771 8658.06571687902
6856.57864650668 1997.14899705967 759 173.754095040608 9285.31890167007
6964.50321626249 1995.82770039839 738 257.528773722314 8502.35127242024
7139.28326318021 1996.70033994544 790 251.824536103682 8591.5303924382
6595.23308196099 1997.86411999623 677 296.095203279519 7744.85165952578
6554.76769053223 1983.89576352551 642 250.854603432117 7599.69933656303
6491.27163152104 1966.6192833587 613 257.567476935327 6517.54376127688
6161.89732641695 1957.64735717764 512 310.223988506597 6622.9931670245
