6860.66254133839 1994.77461922865 970 97.6152318180341 12323.1704264112
6835.10416821659 1985.83346082128 889 77.7280162861933 10738.6073240384
6787.85718798115 1984.89526139101 858 158.663200070034 9294.68466997533
6737.79936923727 1951.78748781459 768 102.590036304225 9608.76576232694
6804.94030561718 1981.24056236239 806 197.939217251687 8381.24279663827
6836.7773556008 1985.71313356115 770 125.002359246441 7896.48991071822
6613.08389448726 1961.30888372282 762 135.50609128559 8133.34482745246
6644.33889270545 1972.1143354278 762 146.302950333638 7878.39491445991
6842.03789822275 1982.47068101708 938 199.85574794888 10617.1899619973
6964.85287900106 1983.12908892369 910 175.502218540476 8661.61194185697
6806.94602838473 1932.89984519083 878 78.3939443367806 10443.926458584
6833.7638291361 1973.16580319072 866 129.155240491072 8393.21764581912
6885.30272279493 1943.99760237791 836 114.951933575075 9763.98118442718
6804.38028889367 1960.0506158275 790 126.129946197562 8175.07869045338
6874.0144807897 1967.61414529244 773 195.158289185472 8117.97747106804
7384.03253016621 1996.89557795052 995 143.956116670073 13036.2386527757
7422.19926198743 1998.40588704954 871 145.371470314936 9797.77063525044
7079.02966723955 1967.33462947971 870 139.32561260831 9082.07012941517
7590.29918131957 1977.7016391185 957 279.994966186516 11256.1998647442
6728.29688567708 1991.96199046296 890 244.745348666059 8551.598853131
6767.17068168482 1958.14164230362 854 206.675810972865 10511.1279512873
6776.40729847073 1970.82697282238 826 280.139971834353 8832.34247276685
6688.24449404626 1983.00344244675 851 230.584689803613 7529.88228009609
6667.52581187401 1936.88319552123 784 182.177721689497 9515.1517254781
6609.1475892498 1952.97450284145 774 206.574995430225 8957.26508319549
6715.39463637703 1980.75944578442 774 244.138999182583 7534.49953697625
6705.73468244949 1932.65897724259 784 182.961980635847 9023.30883052645
6688.0426192866 1972.17573189901 739 245.614961106567 7824.37178733074
6440.38372235515 1940.72902672386 726 192.912849581295 7013.68230517523
6966.40078136635 1981.06794122316 889 307.314971077474 9353.08417263733
6989.54241322878 1998.54570685401 870 319.898035897196 8436.84362922552
6812.17923751483 1962.1093855213 854 241.659781096291 8761.69758224019
6797.9116972009 1935.98112181407 748 232.712878216316 8070.07918741253
7334.67888687852 1990.40447473432 969 297.761602782606 11084.0245628847
6606.88117919916 1982.2990675673 835 382.326855100288 11156.7276576976
6841.34584332943 1975.99293585579 899 274.207959545148 9408.99393600212
6722.74612655625 1996.26565158032 855 316.139291533706 8418.93894414881
6662.97729718334 1950.03448236894 832 297.641717762277 10236.8513268539
6778.92476574958 1952.33936152861 856 252.919521900193 8874.22458711929
6669.62696821306 1968.62075700902 813 293.34993398528 7936.20283723537
6610.11510737549 1900.08999904585 763 333.10108805941 9805.7600145388
6736.74851972561 1954.5313106291 788 305.958286794954 8831.33718066496
6571.95915708122 1950.82673719176 798 319.491946718033 7956.01694220946
6547.21323500288 1952.78850589489 698 323.755009407131 6328.20082754551
7012.99878542653 1963.73267747338 900 371.771799410634 11650.1706699877
7056.82856407044 1964.50038227809 880 287.724981037873 9124.00551989781
6824.92363524129 1944.50028077975 819 272.429994133146 9507.88317001637
6808.65027148787 1945.3904422942 836 255.943005853018 7945.10305268426
7159.71904945354 1949.27124850911 929 359.619246521854 10507.0029463012
6494.16137828542 1998.86322175515 851 418.34855177072 9263.48056707372
6681.96698382173 1942.67602429714 830 405.924789186672 8766.11797151486
6599.78352445804 1918.16417196982 819 298.285122380142 8873.80829241556
6554.13331002037 1942.45084766965 763 377.196615820253 8093.10236115885
6531.72950056417 1940.00252919906 698 360.62066495978 5837.28245915455
7106.93284363076 1964.57661907441 888 415.745516092418 10246.3157975205
6517.84596258473 1911.22456884961 768 449.276493737645 6664.10654433939
6884.75903883362 1985.43705565107 915 198.677933769751 12043.6171187433
6835.10416821659 1985.83346082128 889 77.7280162861933 10738.6073240384
6757.03691649065 1991.33430243716 821 202.294051657047 9004.09917934113
6854.11369235126 1980.71937966843 789 122.768468341281 9875.75812056992
6744.39629076898 1989.15427752867 752 177.970520503336 7729.1100775789
6643.98045809314 1973.09574527484 762 146.429676106128 8172.55047296502
6971.28505121509 1978.61849061343 892 144.797132179242 10645.5309137746
6929.20458358069 1983.90026754665 904 200.290127272491 8813.95136172667
6895.06087200627 1971.55230323986 843 207.395191499712 9743.15394246039
6885.30272279493 1943.99760237791 836 114.951933575075 9763.98118442718
6935.51344102348 1961.07328021242 819 172.492516752243 9424.66563258098
7446.43630697311 1993.17731215671 893 159.7566883368 10672.3952382506
7086.99080264332 1968.12317201529 870 136.510926193334 9337.51667823214
6800.96735342245 1955.44484645393 857 221.275022004347 10373.3556118477
6813.4479655175 1981.61744317498 863 240.713727568115 9747.43460785358
6678.52519508392 1994.90235130499 853 232.630163156127 8208.68719518164
6793.82019252985 1959.6569386082 809 208.905858579514 8328.06194983416
6838.81178299632 1972.26410632401 740 281.555524517943 7397.78500314411
6750.59482384431 1940.08093721039 722 262.685391348318 8937.39523508909
6505.5969287845 1984.56694335831 643 369.859924317406 5895.11113762083
7271.88938496349 1997.62272529951 938 329.794424469451 11856.9760302671
6947.67480166408 1964.92926794521 855 227.468516389422 9838.56208004114
6606.88117919916 1982.2990675673 835 382.326855100288 11156.7276576976
6724.09778386324 1979.79094516562 846 312.14084702307 9731.23183326438
6535.0890448018 1977.29649607443 826 335.956528870888 9859.7791034992
6696.14885220758 1975.73802464962 788 335.726615552968 7563.2863161162
6750.37990934683 1956.68638703294 749 286.228191845862 6959.21233771088
6574.12547382738 1955.66633482854 705 324.00877576345 6320.3144780545
7012.99878542653 1963.73267747338 900 371.771799410634 11650.1706699877
6569.79404356129 1943.27328662981 739 353.671462496561 8034.36365480569
6537.16888070822 1903.27363343142 725 460.035110913389 6738.59802581664
6918.9296567387 1993.22787614827 902 143.537860720029 11728.6980567029
6801.04466011093 1994.77339465963 920 76.5371277700768 11151.7844686091
6737.36763753389 1995.01648618067 821 195.339911391359 9502.14477895373
6741.81609623392 1995.16418556429 762 180.766346146679 8362.95437565261
6808.92657717816 1982.22230397358 714 177.59187725005 7799.69525532755
6957.79960477997 1978.34533543867 899 173.7722917203 10740.4267293539
6824.13331713266 1986.52192748774 893 193.52552259733 9295.86398077191
6901.91891769637 1970.82457599995 843 209.819876806291 9732.23803386167
6935.51344102348 1961.07328021242 819 172.492516752243 9424.66563258098
7531.02998718241 1995.74007222954 984 183.848942208348 11770.6934829673
6674.69885561996 1966.98547372795 867 250.547381226588 9828.04495442891
6524.52200857341 1974.02571986018 794 287.45831196498 9272.24144266084
6766.43703303637 1999.40024326939 804 327.277156361931 6712.71904785601
