12010.0059277572 2322.80864072794 400 814.422628438106 2857.17063849236
11895.6429387965 2372.39862728515 400 33.2202506788741 4575.3808789501
12293.1416071379 2381.01625130495 410 18.3678705773767 3350.69902378435
12390.345535924 2417.34754596312 410 62.9879375880163 3288.61887683233
11812.9742700955 2333.06001456619 400 51.2169768295694 3194.36300518441
12294.1595032914 2312.46409823802 410 619.189867459881 3122.47291521617
12421.3395270612 2415.3748488709 410 48.5192410234441 3034.18469719977
11789.7447006156 2355.44476558464 400 38.052574601932 2944.39270655225
11822.0635235677 2316.91699265785 400 227.704576168751 2944.57715827825
12406.6554392932 2387.74979481875 410 271.703026209569 2743.37029055508
12393.0753867888 2380.98524210399 410 414.320903685041 3533.61777414078
11850.3569856391 2305.82385704203 400 569.660917881103 3921.39628125282
11881.7888704817 2309.91577514378 400 572.052558085889 3827.0609458683
11879.2178587128 2366.5263482454 400 42.9078450621725 2947.57318403805
11910.37613083 2325.76976253909 400 452.803905645249 3709.75467132418
12144.3585047118 2336.68801736515 410 264.881187387538 2472.06822417343
11622.3908098112 2314.89279917183 400 352.388622610692 3731.17877548661
12339.7721131914 2422.34237332093 420 174.027372089125 3976.55442213511
12438.1038306963 2362.24670217107 410 614.996188745954 3379.57881077924
12371.066422971 2371.80641244727 420 438.286673736394 2114.91691689435
11778.1517639427 2355.51098142065 400 44.0831745703857 4002.47795911098
12355.0993510594 2356.07929967986 410 723.982731742095 2761.73860331666
11716.1809403404 2366.70583180432 400 395.348867092289 2716.30648892464
11871.0412182303 2348.8232637977 400 75.3674410124212 2223.7986047872
12063.6764860526 2339.32602515125 400 712.023292126355 2671.26208762493
12668.8575107266 2389.56730635897 420 168.01270646451 4347.21582130768
12006.8430338354 2375.21638611014 400 575.691242962106 2993.00819316212
11828.0637149828 2317.6075555366 400 132.866938558588 3174.14423917371
12213.8975011658 2388.98867989178 410 140.087129033487 2825.70181525626
11860.460709498 2348.75244301141 400 171.8441283014 3410.51567875246
12304.1642829775 2378.63850198644 410 73.8976550594359 2930.20787457186
12282.3629161478 2371.84268542229 410 84.3722759394345 3116.98657627715
11836.2109756997 2319.06980858507 400 254.187882416085 2806.54540356915
11952.1863744041 2351.41127946527 400 408.546334965308 2276.79179342787
11938.3990142848 2329.45617540867 400 464.309496444566 3356.18225010745
12075.0143385733 2355.9117315443 400 796.797421318117 3040.78802909422
12404.0885064641 2391.71637668552 410 130.071412940806 3569.28114572327
11748.6971213118 2296.40798791688 400 223.373089095122 4407.65588502535
12455.004341971 2376.90482294171 410 668.088631980717 2111.38758521487
12033.3414669869 2419.59057788141 400 223.31059579446 3788.30910301913
12275.9811520185 2352.05228855886 410 380.730138272417 2893.5536842115
12457.9219859243 2361.0864137756 420 396.59875552417 3491.0054378185
12214.8998327221 2334.55726378534 410 69.5116152225629 3450.43550162498
12281.5855181493 2401.84598849385 410 18.0884727256389 3709.38971205858
11994.4020565471 2347.21060681887 400 495.629112754989 3575.20238272487
12269.3427678593 2376.009722008 410 57.6527151523951 3259.80763278816
12474.9995549055 2409.21287605698 420 173.150567772078 2615.9511750088
11928.777846831 2359.79756947232 400 249.391926136258 3678.36952084326
11875.9099102205 2358.51358301603 400 53.876764667606 2758.1160393311
11765.7924637164 2299.28376916572 400 220.209076008888 4254.42398777912
12237.5281237371 2383.0265849353 410 256.427199157575 3325.89260556078
12086.3634258442 2369.94069759584 410 537.621914023464 3006.90944820554
12094.5095997731 2323.82203734003 400 1055.25220301218 2982.57051308003
12318.6354291092 2376.75232406648 410 62.2772760982743 3934.84551469797
12373.7046253674 2363.34590727131 410 385.072571629738 3222.66758947168
11852.7850062305 2364.837204441 400 33.7239325979114 2855.90655628097
11954.239440906 2372.1616367834 400 103.455618975453 2945.3280464309
12394.9692583383 2411.18168298457 420 62.9504359406707 3111.92566622182
12381.374763331 2377.77046873124 410 433.615580665687 3557.57804516221
12054.722349858 2420.55332117614 400 244.935271555156 2942.29899944934
12130.6431755916 2351.66985580835 410 159.184189125698 2930.80203124738
11787.7134953437 2306.25867618977 400 340.444323809197 2292.61021082986
11874.2433066029 2357.93860833963 400 53.2148670398591 2833.70229609503
11836.924410349 2364.8749975026 400 14.2745997952592 3369.9835181404
11982.5969790274 2394.89537023448 400 222.68168429174 3729.0100579919
12316.8120821155 2384.08701893089 410 96.9732130968412 2704.55772201395
12353.7816253598 2403.26052516356 410 53.4673063894753 4006.4496432677
12254.6945846227 2388.1362555019 410 157.537896971315 2699.60224285446
12318.4519685604 2380.28180451359 410 392.31805672859 3046.56259558158
12188.5736451423 2345.4697320802 410 41.9262519957951 3678.86381824957
12358.1083460172 2415.64582188885 410 187.80362361206 2917.64745932176
11808.6544555798 2316.8930646691 400 222.586397526815 3473.08217093608
11897.5164134621 2317.45309544198 400 442.210845578759 2860.49203752219
11949.7006899082 2388.41619768943 400 207.81540457778 3905.20110126177
12318.450220661 2398.55769647617 410 70.4225401499857 3248.83556421279
12280.2493396346 2370.00858304151 410 34.3693723317812 3345.57775368485
11818.7253532781 2362.83225848396 400 126.801627960012 3774.99301182544
12322.0922389448 2382.22985163064 410 44.3082627604564 4341.12194220963
11998.960174979 2319.20205840767 400 783.971143553208 4216.49648091327
12289.563496522 2386.79413914395 410 87.8572885876138 3599.31414357325
11982.9200235473 2318.21557635704 400 794.96644859038 3280.1558266426
12374.2579179929 2420.03672979744 410 65.018661229005 4134.30431945253
12643.8411705655 2428.01917861338 420 353.330581738616 4602.19902281229
11859.2665496997 2296.43012610168 400 461.070346475528 2875.2617268442
11808.9344304574 2378.15425410935 400 172.437249186643 3786.32259558627
11782.9046995077 2340.37683875473 400 35.8580170831859 1711.81946403248
11828.8960508982 2325.67444805986 400 86.5032580752585 3408.713133977
11936.5394277071 2324.22444173505 400 336.193949293419 3691.98052583
12016.6873715854 2330.23032362132 400 804.391656665451 2999.4464803255
12027.5731143685 2327.49484329917 400 687.014268018989 3338.33003454988
11939.118670353 2363.86942501817 400 263.899045209175 4338.52832925496
12322.9391424946 2395.35935021593 410 79.1561202403976 2773.11774413428
12371.6462220599 2381.67650616854 410 282.833984178579 3250.93846560698
12080.4144099759 2396.28560420651 400 469.018349373703 3045.99306388436
11971.8291998202 2357.32951570315 400 413.538416772876 3536.40855378622
12365.5034227005 2412.42408740827 410 78.1547252900514 4378.2844787983
12732.1621884817 2437.43897664458 420 4.78157523258096 3083.5480590755
11892.6674712377 2354.91592285184 400 234.141942456341 3043.03717191044
11883.767117833 2337.6754074525 400 121.749228550326 2267.03965845061
12213.2918148965 2324.73308477984 410 369.868987430298 3924.18293529705
11907.9856235573 2328.04830233968 400 412.822695140277 2669.90226495224
12168.4477614009 2350.14368046271 410 275.144768751382 3092.84407843813
12133.5207674446 2357.19325180416 410 198.38239192095 4037.54581346237
12431.8906106946 2390.74003025577 440 397.999923477869 2468.69920677477
11954.1600697692 2388.281995969 400 82.0792377990748 2607.10899581419
11975.0451165977 2316.17640110083 400 668.655798995212 2270.01122012387
11778.6928553896 2307.22944713814 400 183.216609241254 3080.08966670488
12320.8577310946 2349.10470754839 410 237.539186601053 3672.13411678045
11821.8043334867 2329.52904025984 400 212.330293922622 2462.74339219185
12076.1754390869 2362.53432864117 400 649.563932612848 3517.11203197897
11916.3182029224 2362.95154707404 400 243.396047499859 3644.61660978453
12519.9976237867 2462.42425171056 440 373.292189483069 3776.62752465458
11908.2369972084 2368.98498806092 400 222.882142155539 2531.22237828206
12533.9200095229 2371.296887984 410 999.654228425934 2858.75770590639
11902.2297127999 2377.90305325361 400 35.5490269608648 4537.24051096722
12350.8081836256 2400.46789081289 410 38.7560842184848 3689.9974246067
12323.4676675769 2382.55913438663 410 39.3430404782475 3339.26117626737
11812.9742700955 2333.06001456619 400 51.2169768295694 3194.36300518441
12421.3395270612 2415.3748488709 410 48.5192410234441 3034.18469719977
11779.7148682932 2345.26949239191 400 34.5064933772617 2566.75970921251
11822.0635235677 2316.91699265785 400 227.704576168751 2944.57715827825
12332.9314405025 2351.39112661317 410 297.768395950117 2435.65561989797
12381.3767459364 2375.18961046705 410 435.231995573508 3019.27240336875
12393.0753867888 2380.98524210399 410 414.320903685041 3533.61777414078
12415.6002593754 2368.57470743835 410 631.427609302028 4030.9880135948
12129.2683020242 2333.65992951177 410 259.545995062627 3028.75239195397
12107.0942609263 2377.0894162353 410 523.757171184715 3392.68904879636
12310.5380324734 2399.78202009112 420 184.363180447867 3672.9388367334
12709.6828281286 2410.08184975979 420 77.4657740614895 3353.79353438203
12444.5810483122 2363.9955929096 410 617.286230995682 3328.33648372009
13398.8720842632 2445.17670078445 450 413.26270055804 5153.19936523151
13221.2246837732 2375.40167520138 450 417.761183682401 2706.66504566734
11883.8024888508 2353.46992755201 400 79.8792315085728 2260.00959434332
12530.5658438119 2373.1948907787 410 877.09360759409 2918.68069671963
13060.1404693752 2360.23021279713 450 29.6732897529433 4281.05256533424
13381.4863028422 2460.59061262394 450 89.6814543485466 3962.13060593802
12385.548969316 2406.98065417751 410 64.2338633166549 3386.89730916041
12213.8975011658 2388.98867989178 410 140.087129033487 2825.70181525626
11750.8524166472 2291.98177492628 400 210.596511875939 3462.61978901687
12326.2946724694 2392.01803256018 410 81.7219292994469 3309.56537695591
12282.3629161478 2371.84268542229 410 84.3722759394345 3116.98657627715
13417.6890107819 2448.76264461406 450 431.308674053561 5236.23423673883
11850.8707122431 2324.07806319396 400 249.004882855957 2513.88058667639
12526.3036749122 2339.64102405594 410 1195.85768481789 2993.38507684833
11938.3990142848 2329.45617540867 400 464.309496444566 3356.18225010745
12400.4701012345 2390.21908872647 410 131.350712378288 3634.74043685231
12370.1657289619 2325.6737950345 410 921.684491726075 3383.17694292893
13288.3989965497 2401.07810286919 450 384.74627178358 3275.3302456687
11929.9609331071 2381.24108250004 400 186.760057519928 3086.49165437357
12458.1323239517 2361.22816090305 420 396.673121246919 3340.69164237156
12864.3678406785 2430.80616215961 420 154.366731879515 3808.65506212057
12658.188933031 2405.02159414814 420 115.060941514785 3234.34695340803
12281.0162725459 2380.08450754167 410 61.7799223144425 3189.05966870636
12489.2077046815 2417.10593514003 420 168.127228244707 3018.26237793695
12261.9687259669 2367.2904872795 410 82.6156386079361 3081.94163993073
12278.4548213627 2374.11883879001 410 38.9555612334985 3675.39495357942
12086.3634258442 2369.94069759584 410 537.621914023464 3006.90944820554
12094.8546636565 2327.34693107018 400 1055.13020450624 3172.71737076121
12453.7011974806 2314.40674711133 400 669.53066380575 2820.03038776016
12318.6354291092 2376.75232406648 410 62.2772760982743 3934.84551469797
11836.5655489801 2358.73352607427 400 39.4583767023786 2819.2844860806
12400.7124913209 2414.80231583126 410 54.3964418072464 3464.93991417663
12394.9692583383 2411.18168298457 420 62.9504359406707 3111.92566622182
12143.8689218365 2352.9379234271 410 154.508181697684 3028.43718599846
11787.7134953437 2306.25867618977 400 340.444323809197 2292.61021082986
12765.3105707251 2414.52157943867 420 214.817154834162 4335.73847562965
12534.3652854143 2372.24206529544 410 999.496799624769 2680.44524024629
11841.8408792575 2340.52790548181 400 56.8997038137448 4221.06124599184
12350.8081836256 2400.46789081289 410 38.7560842184848 3689.9974246067
12324.2636567681 2382.32696332227 410 39.6244651556872 3260.23425219821
12534.3652854143 2372.24206529544 410 999.496799624769 2680.44524024629
11793.2009051294 2318.01835756094 400 74.0965315851352 4301.06830318833
12350.8081836256 2400.46789081289 410 38.7560842184848 3689.9974246067
12846.6709467452 2426.33451286388 420 145.074403486363 3775.8533639046
12298.3043323665 2381.02389171938 410 84.8199149307891 3491.59740521837
12326.6777231718 2371.75086896808 410 15.0512392986862 2439.61398195636
12367.8920787652 2417.37605625225 410 173.445553654799 2952.12697752928
12326.0759296962 2382.03913292485 410 49.5092810809181 3492.59161507796
12841.6059682877 2380.67132290544 410 117.924791943224 3120.91374334324
12334.9648304889 2368.08199277063 410 415.452035020685 3574.64727097133
13655.8790503999 2460.62271056666 450 892.812165228125 3665.86963766121
12286.804110866 2294.73042818893 400 412.316641494948 3806.3705770281
12355.3414558125 2337.17670074439 410 739.478680253782 3693.16110539589
12558.1266383331 2383.76693999174 410 1007.89770651428 2805.91974973803
12423.9192665798 2401.52585947371 410 297.089146785366 3993.16571992985
12328.5107108973 2370.39435804957 410 14.4031802734462 2378.61273700136
12474.2976355083 2366.52060294721 410 550.273384236743 3214.14522556934
12826.5039857068 2422.83708193447 420 226.437317031447 3892.24102561688
12841.6059682877 2380.67132290544 410 117.924791943224 3120.91374334324
12211.818976939 2323.53960119303 410 371.913400960602 3474.24639558811
12479.276004365 2410.18524862336 410 447.600317424798 3619.55554000148
13619.2093825819 2445.57859096318 450 905.776850617087 4446.50658213792
12423.4773094861 2378.17054759897 410 344.372176865478 3555.5635489457
12313.3900943442 2307.55729539443 400 402.917076893997 3716.99176378894
12545.3096889993 2375.24263595176 410 1003.36623062027 3204.90673967346
12488.8332923278 2357.63466512637 410 983.398809088555 3296.20335925267
12406.2320517301 2392.71250669363 410 290.835772005105 4092.85824316152
13358.451202057 2460.64974462441 450 93.1214174516813 5177.07012950114
12253.0062423273 2352.85078938935 410 58.9518291575932 3236.34430950874
12488.8332923278 2357.63466512637 410 983.398809088555 3296.20335925267
