12387.0507397125 2397.86636188889 410 272.058307445673 4635.945963554
12059.9511138615 2367.69174525677 400 523.956733440236 4179.27394317817
12401.6587175452 2435.0934562145 410 50.5469624010051 5337.01454076974
12392.0793637497 2435.64621313551 430 176.641304555931 6169.92369089374
12494.893299472 2384.63225807626 410 667.832313681643 4361.69128869838
11819.5409762514 2289.76011728282 400 434.954640390515 3347.01552589812
11894.4595338443 2350.69090182658 400 237.590335109264 5026.23049328822
11874.8669387778 2314.15987350507 400 553.191731404418 4748.85278605376
11826.199768547 2328.18417406986 400 203.618139490832 5079.39550909431
11873.5558969841 2361.96936036228 400 162.43925413975 4774.4577844096
12642.2472752906 2414.46915217245 450 30.4634727035189 5445.42563967454
12283.5062844378 2367.9456400437 410 64.2655205117649 4419.25990337614
12313.0588673051 2429.55402540302 420 166.271653847651 4302.89954491161
11891.2449762967 2346.41243118668 400 269.62709332541 3578.38144061934
12389.0961688793 2387.62622203457 420 303.045533616898 4912.74298499574
11931.1432091562 2327.36649115473 400 448.875984627532 5342.04542400625
12462.8989541015 2419.73098008087 420 406.95623501176 3718.96430757613
11970.5899726909 2342.25287138721 400 606.133924241733 4265.00026798422
13066.5079289278 2459.40001244786 460 816.810330616087 4335.10423381698
12320.9747789335 2395.79959855983 410 73.9719503849886 6308.8273253833
11959.3587100001 2335.31638219678 400 457.697202094004 5008.79355264132
12250.3302570612 2336.89800186437 410 522.913605978851 4654.2692093611
11871.3770513824 2334.53859510893 400 125.328247771743 4155.24330540167
12439.8067065623 2397.58139227864 410 272.180374938111 4487.89212601113
12335.6111045878 2420.02384914831 410 41.8498836242746 4402.97755030673
11948.5191729638 2350.90625869396 400 527.17128935148 4508.63548854542
11833.5141638432 2336.73608320564 400 214.514567876448 4403.77777639412
11760.2872775604 2339.85023473029 400 140.574700838254 4549.75052930432
12330.6483558044 2351.21715485393 410 396.358361871278 4561.73886525187
11999.1180084109 2355.75014885294 400 369.603330742527 3730.39793648606
12008.9441848059 2394.86328482884 400 127.511570548672 5478.85235612047
11705.0337470392 2329.20870437028 400 162.983954941439 4873.25809069375
11679.7693355531 2299.47032454076 400 119.84042502545 4606.86222852165
12403.1730588077 2408.84483989398 410 101.837762379594 5031.55060947962
12370.1806441248 2370.04156824934 410 437.864458453676 4513.33079650356
11870.6660525922 2337.85294760325 400 241.74398263924 3737.62019154184
11971.2226695744 2379.98852426151 400 129.821492208835 4936.14052986662
12221.3140298414 2377.31890501731 410 172.103962374628 4769.58122019424
12750.8932748188 2430.25910073263 440 46.4365502688518 4626.18887718162
12038.0155979491 2337.33441299122 400 810.182271627668 4049.01579214317
11936.8554195851 2337.43734182106 400 453.255178981174 4219.48828238783
12487.3226514836 2374.40195606275 410 681.031650485826 4167.37452510342
12474.2929013163 2381.00578208882 410 789.82368789051 4263.42604859606
12031.5136145921 2375.17118383336 400 579.731597836123 5364.34019733221
11706.919962227 2308.91871150423 400 7.99075114092385 3841.3566749
12354.7953251503 2367.85830143424 410 297.300266848046 5509.56482154578
12041.3351981135 2346.49667296784 400 781.675585027907 5407.52251784892
11839.1015207656 2324.09894579879 400 335.739196578998 4673.17461371035
11776.2293973503 2300.47980563758 400 226.818745423023 4612.65094399369
11986.4983277058 2415.12245224133 400 56.7615783934315 4068.15414901926
11902.6200942437 2334.78119952978 400 523.439874078186 6029.90722771476
11945.5587172415 2377.75561546127 400 244.738287701837 4747.33951191727
11775.9103588794 2301.93416678014 400 217.382515376332 5480.54767012001
12435.6597108907 2426.39479100621 410 39.0941939251894 4128.23378274899
12444.6584302251 2430.71868231942 410 88.2706714169987 4715.30556784947
12399.4766316241 2356.24402670573 410 767.904989676365 4995.6757194505
11749.3471064449 2329.79044211567 400 2.90430359218203 5258.96575488834
11671.1805787556 2296.71786650721 400 139.755031099934 4378.15223680312
12366.887529378 2408.32696966023 410 56.7713270832631 4262.47683353118
12262.2721525065 2362.76375349783 410 56.2701369365186 3851.76537960944
11937.053381994 2332.85784046371 400 344.223725634663 4913.64359531705
12379.3753182991 2386.00840635905 410 426.867009513334 4641.67638908527
11797.9824713896 2323.89966774438 400 203.917984627893 5424.55009477288
12320.5871529281 2396.23243372714 410 64.9202543329972 5122.08769584662
12482.9558313903 2378.89262952072 410 614.285913633945 3987.15157959273
11796.7254966297 2315.10411501568 400 331.135642451412 5448.35138195459
11860.7175465336 2343.04062362082 400 88.4853167569276 5063.32607316746
11830.8271727122 2322.27967853914 400 101.556654054804 4852.55962167746
11990.2172014004 2354.68000317057 400 585.826908511285 4409.93541897968
11892.6684102007 2311.84494112341 400 467.216666700352 4426.99423059841
11841.0178951563 2328.2877378344 400 237.729033004999 5078.44034078977
12403.9539347052 2387.38179186215 410 256.033631140657 3398.83246760563
11950.5742877555 2341.0429640713 400 430.582903101898 5976.2219391322
12585.0158887133 2462.27476791949 420 606.495719841953 4773.92672324343
11951.2121089546 2330.3089155888 400 579.726010445333 4526.08275663317
12269.5875806003 2349.61024044275 410 392.432342191378 4753.3548989762
12024.1269849268 2368.69122619787 400 586.800163973224 5065.97920555447
12192.3423632696 2367.44800968839 410 252.115293630036 5009.91474774279
12274.6088867313 2378.90570543174 410 201.813830930563 5171.856010549
11875.3130112204 2342.1849237834 400 243.102139644425 5561.50426932147
11889.1027857505 2349.05573843867 400 243.167143360516 4275.05531745766
12343.0373835938 2356.61141021319 410 143.494796282699 5019.93602762222
12914.0865471778 2462.74365221003 450 125.613426026429 5454.89851126697
11912.5235906385 2371.0096395259 400 180.943118884429 4564.24747787056
12457.9647279658 2431.72825852569 420 399.989637889351 4403.8157984476
12290.0083460207 2365.27301153509 410 48.7926323058422 5308.67941741109
12317.8064398839 2401.9482192481 410 184.610958369854 4906.03921655803
12290.3134849677 2371.51810790654 410 97.1630198969026 4880.5770472949
11895.2782309247 2344.34845430771 400 134.728238286657 4752.14701482936
11843.9586203605 2334.59655192395 400 98.1360305109506 4631.72404552778
12398.3985426201 2407.39689091882 410 48.0812436747254 4514.1083945825
12361.4349133663 2403.54379944397 410 47.4840451012472 5573.0365858451
11854.7790577539 2349.25932115526 400 174.260200495121 5384.90222317606
11881.6277695243 2344.27299910707 400 118.637437791049 5015.51278725202
11883.2111371794 2360.41176945449 400 57.0605569163913 4723.25398199723
12416.8081588266 2379.72557205481 410 301.716277417942 3586.66166335842
11857.8563068786 2300.20842975406 400 455.861105595439 5640.23274482571
12026.9969070944 2352.69016255426 400 498.720842210681 4996.87198590448
11821.2576949571 2347.18363929567 400 49.4934461484476 4525.19371699977
11941.1927605334 2398.12895258053 400 53.4019596152712 5279.56459394638
12144.2349768338 2341.14260232695 410 129.537297038092 4587.77925935046
12475.4306754828 2382.36174420797 420 663.955351342777 4733.45147074224
11896.0421157485 2302.19091548588 400 470.605838368467 5090.66274894385
12033.9728106055 2328.70751769384 400 820.355370980247 4342.47251604263
11961.1379208889 2334.76063239054 400 478.700912339033 4376.94348053364
11825.7073768125 2347.21732725167 400 183.652046466025 4305.23883202981
12469.5702866572 2381.74368771177 410 789.933359113347 4008.16777073392
11795.35717962 2309.09200197744 400 211.369503105987 3936.46332736763
12435.1725167281 2422.61841611693 410 82.781936682156 3448.87809879534
11880.3721614421 2318.05880597649 400 438.403783755303 5614.15976092641
11727.3074735219 2322.46309067582 400 10.7453091099722 4342.71473477847
12382.4731447559 2444.6107821529 410 43.728848341741 5100.86863933179
12409.0648190612 2410.10272318384 410 112.683099518397 4726.94025003333
12894.1378195126 2463.75208399625 440 251.595196625906 5131.45488572287
12073.5547823645 2377.67564660867 400 657.130182407337 3967.79433753327
11759.3030511133 2299.79768917623 400 108.541330168992 4503.14110976043
11797.3380081623 2355.80259505672 400 10.3761077640498 4358.1665319906
12189.0330190894 2406.01094523842 410 502.339025307772 4073.24705743243
11988.9008434705 2311.3149388195 400 790.0833017188 5269.50196213163
11897.4478333301 2363.52292033726 400 191.816578727445 4355.8219063402
12032.0798306364 2337.95611584999 400 771.590886448407 4698.746208188
12007.7650524219 2353.32863239286 400 500.461484634717 5845.34513423682
11944.8883987852 2363.14946390331 400 406.997740655998 4771.43373707851
12010.6467972131 2325.97955316122 400 673.241776694559 4841.90770002163
12312.4210513985 2385.67278373301 410 50.0389252242767 4920.04546152109
12413.3650248685 2387.91250890089 410 264.969628502823 4645.97639322443
11859.1599842739 2336.88755975967 400 112.214109803515 4161.94341271042
11748.6043348253 2290.05473543393 400 85.1557771643913 4218.94523639749
12296.6473958093 2376.07607803399 410 111.313190370071 4747.46176943547
12417.4191044047 2343.90205001195 410 669.060526579648 4814.81367586877
12387.0507397125 2397.86636188889 410 272.058307445673 4635.945963554
12364.9881124965 2383.61826623657 410 276.711747500575 4066.64140571373
12304.6248605701 2384.96332215651 410 84.8536115369132 5137.73946056739
12382.553922771 2439.04933737295 430 173.273552601039 6179.53618784347
12447.4826683526 2381.64962303069 410 656.965554727801 4074.36201717994
12352.0871212705 2376.18190669665 410 399.386120272788 5075.304245877
12642.2472752906 2414.46915217245 450 30.4634727035189 5445.42563967454
12310.461287608 2375.59555224901 410 54.7354877475062 5212.1032935517
12261.3905630153 2404.47864845909 420 148.00414967979 4186.05578204816
12426.7766224847 2428.59554534611 410 80.2880640456429 3760.32089288226
12389.0961688793 2387.62622203457 420 303.045533616898 4912.74298499574
11893.082426197 2305.85190969357 400 462.332503491392 4738.45107931912
12368.5171188787 2389.04548646037 420 373.587217158327 3434.75194723458
11970.5899726909 2342.25287138721 400 606.133924241733 4265.00026798422
13038.9974092069 2451.13004069818 460 807.083893091775 5283.15469728802
12320.9747789335 2395.79959855983 410 73.9719503849886 6308.8273253833
11959.3587100001 2335.31638219678 400 457.697202094004 5008.79355264132
12304.1137993172 2353.07532176972 410 541.928959701558 5112.10456100343
11756.6862677765 2290.47883538129 400 84.7789323581022 4194.40511630781
11879.3399892738 2298.46244127059 390 470.335283150147 3214.17320412867
12370.7849022685 2416.31125420872 410 54.2856990543169 4235.83668067441
11828.4654064424 2330.22377295631 400 216.299573173793 4093.85878153812
12345.5481427156 2411.96087835141 410 66.3462624189054 5236.79050409862
12089.164319337 2357.73896598198 410 209.911651276813 4900.4172793579
12282.6864687475 2373.8753846573 410 176.301177571422 4186.97664704876
13327.5892264959 2442.3031249057 450 102.161722871652 5731.93579249172
12296.9002815552 2340.26058022754 410 408.290107948073 4185.58145171056
11999.1180084109 2355.75014885294 400 369.603330742527 3730.39793648606
11997.3794851979 2388.6551892053 400 123.42283179106 5806.82384097259
12317.8541125602 2406.31721652368 410 53.6807631131185 4875.28055899039
11679.7693355531 2299.47032454076 400 119.84042502545 4606.86222852165
12361.2684561683 2391.88834367057 410 87.0222480349849 4838.63176680005
12370.1806441248 2370.04156824934 410 437.864458453676 4513.33079650356
11870.6660525922 2337.85294760325 400 241.74398263924 3737.62019154184
11899.4114918843 2357.92450795306 400 104.432406854012 4407.55940311828
13278.161126777 2427.25431208885 450 201.547912085608 4921.1890264504
12764.116556522 2433.41260060318 440 41.7614141879393 4602.46135417536
12519.4893065521 2373.7935744724 420 320.461520765434 5471.10166361321
11953.7147517909 2340.92809403282 400 459.215853045675 4026.76120157461
12504.5949849431 2378.35526977272 410 687.138342543898 3945.46141435347
12474.2929013163 2381.00578208882 410 789.82368789051 4263.42604859606
11720.5801625703 2323.14825172819 400 12.8203612884874 4273.33521582047
12233.4179115003 2325.48252919044 410 254.386870710667 5233.79238113937
12516.8057087344 2378.48625890698 410 524.814706245901 4908.1814352368
12273.0618175922 2355.45550177415 410 182.311062253109 4558.51917661163
12280.2506817484 2369.64905872044 410 48.6203113929103 5044.88791055413
11945.5587172415 2377.75561546127 400 244.738287701837 4747.33951191727
12393.0955857854 2398.88238250953 410 274.195483270345 4745.06855342979
12296.07462889 2380.86478246771 410 81.830648136056 5392.24721516712
12281.2275017658 2401.39225795612 430 137.449252897949 6103.46424299865
13375.4069552169 2430.10091680912 450 328.894776893095 4626.44583097463
12277.1612593905 2350.29494908081 410 372.895827762006 4458.4895763454
12396.1428673717 2437.23755860879 410 175.796496858424 4554.16404745216
12565.1450089812 2372.4412516031 450 3.203705027397 5834.59337563366
12310.461287608 2375.59555224901 410 54.7354877475062 5212.1032935517
12296.07462889 2380.86478246771 410 81.830648136056 5392.24721516712
12217.0535702281 2379.70012287835 430 114.760341815092 4984.10289413004
13315.405119697 2409.71267913635 450 307.680924503225 4805.82159982237
12396.1428673717 2437.23755860879 410 175.796496858424 4554.16404745216
12936.1282908844 2332.48081249489 450 134.366102197687 5901.88317043353
12311.8709628537 2378.09851716369 410 54.2370922847585 5211.83592885211
12640.3365241067 2422.72642082687 430 357.098891024537 5274.5077241289
12338.3865655977 2388.22916045354 410 69.3918690551437 4438.74616178692
13434.2485985558 2420.43187838245 450 517.399263610106 5411.48935365386
13434.2485985558 2420.43187838245 450 517.399263610106 5411.48935365386
12294.1947941416 2376.84613123761 410 82.495270085103 5467.56103974276
12591.3147964377 2339.99887096628 430 17.5609836789129 4514.222842664
12556.4697436425 2351.33851909899 410 1176.65832761674 4412.20929435857
13344.1301061014 2410.61154805104 450 317.836740841248 3961.57296005902
13434.2485985558 2420.43187838245 450 517.399263610106 5411.48935365386
