53495.1697365994 10103.4161156516 1430 980.403000920692 38611.7757137315
53274.1919616555 10055.5306095505 1450 1218.25715022699 33634.773406603
52689.0727406203 9964.63613529512 1420 1221.27465659612 45371.4046123566
52844.6708993436 9955.30840468615 1420 1253.60098640782 48010.1558498852
53417.4476436463 10032.0913622414 1420 1086.91153641428 37914.9071760305
53158.8432509514 9949.87509925533 1430 1167.34492947494 41831.4170805201
52964.5023047145 9979.34308630276 1420 485.444708493521 41756.2367738148
52834.5934946052 10025.8006699931 1420 743.403107929855 38801.0529451279
53153.7618519411 9970.38987539275 1440 982.191453647655 43666.1752001008
53334.9999532776 9959.24587687882 1450 2356.2853961957 33214.6841885855
53229.2911636239 9977.03879682228 1450 1501.95307421601 35838.0885736888
52869.0451985981 10034.1501885223 1420 810.625960314872 47990.4894785839
53962.9472338722 10041.0958492667 1470 341.298693283423 43069.8942785855
52964.0153714786 9974.70730128225 1450 1913.84816291298 36983.7932775573
53921.7835494996 10080.7480565998 1480 851.975551574307 44650.8605012131
53201.5178443927 9976.98383469629 1450 1512.0199976789 37347.7046275368
52775.7475162164 9904.1467505665 1420 1105.13534848779 42460.8435760781
52975.6647742886 10024.7984849932 1450 833.416147020973 48714.6564863321
53911.8734369486 10022.8590493211 1480 379.789536814218 42189.4587496592
53275.4873416 9991.92092630097 1470 734.194798016365 47025.8331526229
54320.9198803915 9962.69690113883 1480 2324.21511908063 45517.1245740029
53230.3614514652 9893.66114990055 1420 1242.16748562286 48737.5833425865
51633.7196684412 9914.09641314377 1400 1355.72908525568 39589.0201689019
53344.800195149 10111.7237869201 1450 795.237740146811 38827.0618849179
54048.4363216861 10023.6561303406 1500 2272.84094149052 36741.8802200128
53844.1966248027 9983.63032306047 1480 503.32979954808 39318.8143915936
52704.1716037992 9965.44278019904 1420 1614.17946899223 37629.0990353024
54097.033430257 9975.80899352017 1480 1458.56189513577 32957.0948479873
52577.2073421369 10027.9551639427 1410 972.871804952295 37916.2001412585
52811.7125151785 9958.53316207796 1420 1846.0566413897 37793.4064014533
52958.0502388395 9970.41377982558 1450 800.630078224572 42205.9483164934
52678.2139977048 9956.97614892586 1420 1263.12977260643 38407.5766133694
51520.9733885643 10053.4305137466 1470 1555.66422193448 34472.3266095618
51227.0171179939 9954.01036573715 1440 1502.64739236064 46353.526294998
51832.1607196604 10092.477439774 1560 1491.61451131307 42945.6349972859
53417.4476436463 10032.0913622414 1420 1086.91153641428 37914.9071760305
51521.7043046403 9921.04862100469 1420 763.111313069895 40255.9974243842
52518.0330769947 10131.8730987482 1410 804.325188703927 38543.6428203532
52737.6969358729 10069.5527470072 1590 1693.72165037748 44351.9424707181
53019.48006772 9938.90348341914 1480 2417.00722648282 33191.2895998506
52247.1086901726 10077.7495348418 1450 1460.07833756979 37169.7569241218
50846.3965045191 10063.7728857655 1440 1199.8848829824 47205.2393571968
51487.5645881782 10031.83662512 1480 817.686305563013 47905.2483441572
53265.6831716008 10033.336735339 1510 1684.21712245243 37220.2034319001
53160.1545995068 9982.42182274588 1540 2129.94149091921 42387.3007297873
50838.0425897249 9943.46763357203 1410 1244.80172824882 46682.4591015373
51092.2773894025 9972.38077311113 1540 922.421049166464 38941.8355489894
52667.8516209711 10076.1637318335 1510 2159.83086028215 38245.9986080257
53230.3614514652 9893.66114990055 1420 1242.16748562286 48737.5833425865
52481.5175076948 9980.5181855446 1440 2193.509190059 34322.1820358067
54037.1604934879 10024.6525523915 1560 2197.40921195124 39886.6505236387
50662.2933331282 9958.47416538194 1410 1542.68017065264 43749.5262372666
53344.800195149 10111.7237869201 1450 795.237740146811 38827.0618849179
51193.9523700226 10056.3371802036 1470 1013.36954418659 38892.4149405215
51598.7743472517 9954.65697885771 1400 1826.91327020196 35715.0900497191
51010.7674130262 10139.800216296 1430 1349.79156207534 40599.9439081056
53659.4476128028 10068.1923978879 1460 1542.77532496936 34856.4037080708
52358.7099601962 9922.00775805371 1460 1933.2370237439 34505.495039374
50939.2196971949 10039.4945965917 1490 1189.1541971135 44922.0732482207
51242.5801726888 10013.7464003244 1430 1413.91406461987 36091.3542830885
53430.2556850972 10040.10151849 1500 2043.37448620582 36395.6976910351
51543.0461944705 10011.8360942964 1480 1494.64303756674 36981.6843482808
52126.7322438916 9965.30485873597 1460 1461.90918581524 41793.7529465328
52091.484935601 10038.6969352961 1590 1441.70754268617 42377.7182894391
52981.2225533536 10106.923569128 1580 1581.73299768085 47281.4952786539
51442.7395118393 9926.73739168228 1480 1497.60924805284 38671.2809186855
51481.4060560068 9954.17519451065 1450 1337.76164795563 40364.0691492705
51067.6668031735 10064.6058399279 1540 1301.72065182571 48901.1048299893
52561.4255173823 10054.0290518449 1470 563.016872383631 41904.4427618856
50268.7903268764 10084.776438031 1420 1237.19215778846 39935.7797775041
53564.5090689338 10043.5008900534 1490 1630.66053679038 38693.9219609817
52619.2560751897 10001.9008269349 1590 1716.51560464366 42573.2222008768
54376.2825958161 10022.5314094663 1550 2155.890458205 35899.3965406518
52996.3723223224 10013.1063857249 1550 1742.22186657682 47599.2404072443
52114.6529086872 10016.1349803994 1430 1485.56946460189 35134.0779232581
51603.9227086801 10038.7520431705 1480 1814.75537921406 38486.573245565
50678.1637643231 10008.7682401949 1450 1232.26128892862 44265.7863286481
53091.193336624 10075.531444666 1520 1696.6824967106 38941.4820393918
51487.5645881782 10031.83662512 1480 817.686305563013 47905.2483441572
51702.2166912155 9971.00242385229 1440 2156.68143215065 42942.7760962841
53296.9585246592 10040.1534633473 1510 1678.19817795002 38530.4414641419
53135.8476978965 9973.19186565917 1560 2134.61935631517 42756.977541558
51769.201247189 9923.51074870049 1430 1298.84526827937 43954.7426143821
50838.0425897249 9943.46763357203 1410 1244.80172824882 46682.4591015373
54201.6641895527 10123.4709143005 1590 2155.02808405133 45742.0733062343
51092.2773894025 9972.38077311113 1540 922.421049166464 38941.8355489894
54069.6776108785 10055.6237402824 1540 1793.46595185485 43325.954293
52667.8516209711 10076.1637318335 1510 2159.83086028215 38245.9986080257
52382.2536169 10105.8344575887 1520 1580.98387282141 42060.0664532234
53917.7913821336 10046.1769008961 1570 1951.28013136947 48736.5514653612
51739.6411088394 9978.42103296909 1410 1466.99914352315 41726.2635275037
53210.8063802954 10068.869517515 1590 2042.91677699588 43489.725981676
53802.0649339835 10028.4368833481 1470 964.364067949434 44494.598257965
50916.2731417688 10004.7931328216 1460 1188.22578246587 44673.4323206937
52651.5449517388 10091.9270615641 1520 1295.31939913667 43525.4707807105
52503.9830026351 10020.7865436608 1480 1718.9796686259 42198.8308793663
53134.6229891624 9986.60429390578 1500 2244.17291470327 39972.2813155141
51273.2953671982 9901.64011115362 1430 1618.80502914734 48143.3263881287
52613.2852707136 10079.9005122882 1480 1328.75980106072 34652.2503696322
52825.3434648409 10060.6328094688 1540 2000.47448493756 42904.6423070118
52964.5462073111 10025.2146215688 1500 2100.55027347574 37576.6854312882
52051.3650490577 10007.5236482519 1510 1723.31661773564 40650.4897961307
52735.897169902 10045.1004416503 1570 1899.54872250453 49191.2513410991
53995.3652691843 10046.2325239064 1560 2205.45270661874 38404.3835073862
50293.089148635 9906.15635504381 1380 1613.733549087 42637.9384435276
54133.9589282293 10080.3642783339 1580 2043.20334440488 51363.1990194922
51000.1519812244 10103.5243296818 1420 1246.46549930159 35766.1312018405
55040.485705733 10060.1038161235 1590 2081.92094851423 42260.6676408146
53031.5973817258 10043.4538095563 1540 1566.69638378043 53462.2049793326
51181.2766074297 10048.2109706899 1500 1015.80899583499 37196.3860375972
51994.8997505986 10039.348593278 1510 1779.41012453215 38379.8184548263
51598.7743472517 9954.65697885771 1400 1826.91327020196 35715.0900497191
52420.5984428752 10041.904896727 1490 1586.62096958815 40087.438565254
51638.3831659657 10099.5795434453 1440 1229.00685410625 42735.8595076877
51999.400332539 10075.3880812677 1550 1690.71582492814 39721.8027723305
53399.0623603248 10004.7049899696 1490 2124.92984343096 44736.2186122293
53659.4476128028 10068.1923978879 1460 1542.77532496936 34856.4037080708
52889.9696920801 10100.4634840297 1540 1998.82988201413 40724.6175399373
54100.4770388386 9980.97700979568 1530 1953.47414385543 41719.8879060504
52666.9205906395 10003.1294578998 1430 1610.38858546434 38047.0616011999
51844.6839435543 10013.0310698788 1490 1113.84599873875 44547.1769155281
51274.6704190973 10019.4291545098 1450 1217.41341961326 45614.5263504376
52358.7099601962 9922.00775805371 1460 1933.2370237439 34505.495039374
51782.4534742437 10067.721656466 1480 1594.58459425655 43124.1964904291
52470.5377522576 10007.587503667 1520 1802.58376105399 49132.0400037528
53584.1708905598 10006.60605889 1480 2218.96862869924 42946.5188908099
51320.4936867637 10030.687236489 1520 1115.77798360931 43437.131764375
51501.1319106481 10004.1983296354 1450 1986.89093788844 40430.9450423619
52520.7256432927 10094.5483186174 1550 1293.43842054445 44453.3175051152
52269.0209894905 10114.7316034323 1540 1494.69257386441 47401.1525393766
53505.9252535182 9972.58657853434 1540 2268.90497021075 52567.1063088544
54383.1807600146 10072.4552291455 1600 1908.49881589365 47648.3771188258
51820.6011363493 10014.0594639203 1450 1871.43426481912 38338.0142957791
53851.3849792639 10131.0437494859 1590 1999.0868127111 50516.7150754056
51809.8445382316 9945.97305655652 1390 1853.27328863634 40161.4328938878
52713.5163615372 9972.04561985552 1420 1437.71728252627 41380.9911785173
53355.306401853 10059.0608264635 1410 1461.59049907127 37993.7400774685
52575.7976949944 9962.59196928464 1420 1776.89988372793 40934.8981643715
52448.598610172 9950.86480051954 1420 1652.40467019532 40197.7823156792
53706.5519960744 10111.4225677089 1440 684.014801515743 51257.2857480561
53397.1341719924 10059.9354219625 1450 808.945079920191 44900.2817803214
53232.1993661499 9954.17619891213 1450 1656.00191511661 42458.1888477873
53469.7936314428 10040.6147876233 1420 1444.16192236229 38903.1064412301
52014.553908506 10083.6290224639 1430 1265.34764989274 37337.5151402799
53165.4572816239 10100.0064304077 1490 2094.3349627146 37570.6905989467
52941.4858683553 10116.8268734411 1540 1589.38032627434 52252.5005265413
53026.226357421 10018.3893312201 1550 1736.47645484331 48610.3877054041
52233.8743498836 10015.5603523318 1420 1861.67361263593 38880.309138569
51982.6438649632 9960.90902564595 1430 2019.37363742722 45915.3512470382
54052.7242951601 10044.9615393873 1530 1796.72861898607 43042.0705225537
51228.4110119093 9990.72936925946 1430 1994.60379377249 48506.6911184182
53069.2827013778 10069.958464001 1560 2114.5757031175 49604.4981669002
53003.7062449363 10008.650395387 1510 2082.77321662881 41808.0720510125
53802.0649339835 10028.4368833481 1470 964.364067949434 44494.598257965
51600.2791642991 10003.0927008474 1510 1056.58876205415 44908.4466923573
52697.6481366341 10120.1520224442 1520 1286.44683706675 45812.9959013906
53844.1771987866 9955.93517010573 1470 2415.96429093356 45508.1013378342
51269.4913357486 10054.5795357407 1380 1495.165961287 40610.0268868186
53111.2182244489 10053.1755040929 1460 1232.93255943491 38490.9272745411
52849.010041881 10077.396365325 1540 1995.91985006259 42275.1947736156
52112.2918815079 10023.0512394004 1490 1711.59124336364 42201.3033236088
53982.6960789873 10123.9054751097 1540 1838.62325904971 47232.4545544193
54642.3445325308 10057.258079144 1540 2158.54325302214 41761.6308323711
52768.5724893758 10058.2535750862 1470 1630.51673653294 38242.713330367
52223.3940003288 10027.3545333924 1530 1647.60822346308 41243.6592023737
53041.8428816142 10124.4662380002 1550 1969.60187306071 42482.06568796
53747.5882323031 10002.9322425116 1520 2021.38762633785 45646.7284705476
51846.3100912586 10009.9239790705 1490 1113.53304646714 45606.862290036
52775.02142715 9982.42102894167 1460 2182.9394922662 42685.3710436529
53032.1873694653 10066.9144514553 1430 813.796334417317 51809.5622975392
51959.8675443239 9968.4888143868 1460 2145.81772678352 39433.6154423058
51843.6803128714 10117.1062000113 1490 1377.30420537565 47532.9036909931
50924.2133565368 10035.8375206566 1430 1284.85891274949 46156.6397463926
51664.8582548886 9984.28738231592 1480 1493.62341480089 49684.2352272087
52025.5678735362 9961.95408325148 1470 1888.21825414102 46935.0433726159
54566.0384451414 10002.249107172 1510 2494.72539641871 43786.5331420516
53420.1917823827 10111.3810094618 1510 1160.98050904223 45403.4701738346
54042.1971823787 10093.9177067815 1560 1938.27881613668 45904.85154943
51268.6096550765 10113.5781737204 1450 1534.40825482886 38523.9139668803
52269.0209894905 10114.7316034323 1540 1494.69257386441 47401.1525393766
53348.1276812896 10034.7707538622 1570 2299.27312714529 48726.4984291885
51497.1967736618 9966.81369517897 1420 1364.79061612201 45195.7430255298
51820.2154462956 10016.1601024543 1440 1871.50849090456 38348.4665604233
53122.8078358846 10014.4305425954 1470 1839.53391416863 41685.1681428458
51809.8445382316 9945.97305655652 1390 1853.27328863634 40161.4328938878
53244.138861755 10031.9811706013 1450 981.754408201608 42774.4391762709
53350.8454734497 10021.9400360353 1450 1075.20407731972 41695.186947449
52883.4284236083 9973.42129886211 1410 1838.67393770749 45800.1709985581
53774.5105071798 10052.1199450674 1460 1977.1226148061 37668.8919459459
53777.127077524 10013.0467338375 1470 1324.17683224127 42238.2768286653
53824.8865045639 10066.4735670777 1460 1055.50266514001 39409.7323889864
53966.8137239074 9988.27963370877 1480 1107.78533987592 42794.373997532
53443.9153331705 10076.0077502832 1450 1106.60319112977 43547.2252767628
53727.4145721053 10083.7108613249 1450 1072.72803979194 43178.4418610363
53745.5322702102 10021.0211629538 1500 1123.38598472317 41924.2305759051
53616.7015988217 9993.60934666232 1470 1641.66125689002 40924.4011225421
52511.256915244 9974.67329793272 1440 1181.15948424452 42428.997410534
53004.061963144 10027.6711808935 1420 954.464264918924 40748.6790997992
53515.0073934863 10065.7982931001 1460 946.394888082897 47037.7418777243
53566.0504661193 10142.1055905522 1430 820.90649171213 41958.2575640058
