31293.8235061319 6618.35824373736 950 854.708898901445 19407.5975406364
31798.4189956382 6661.45644799935 1020 663.898205192707 20151.3845213386
32309.3701974322 6674.93368202246 1020 1008.83127583647 18005.2429289315
31941.4471970683 6649.47598715907 1050 174.837292191482 24904.7608688672
31745.7890051679 6602.58596886853 980 1200.76651650716 25456.3848421833
31515.1352689834 6728.47635118545 980 553.067367696224 24323.1359176022
32391.2691001349 6691.72722774225 1050 1143.03421661086 24138.7224622076
31673.6161996357 6676.39951782915 980 210.223323944323 22395.2140244567
31508.5746157411 6615.32853389972 980 109.912534497916 20299.4539033079
32501.0179053696 6715.92704834124 1060 375.338958608538 26965.0330130231
31584.2104461874 6618.95003154835 980 410.269616511228 22506.4708493594
31470.6746503018 6692.81311884759 980 57.4552633932856 21557.7878899581
31210.3253468573 6666.72036919879 950 19.2658064500058 21481.2827605017
31742.2860917855 6629.27035922981 1020 1028.0685353003 24147.8243454522
31185.3095833516 6589.13715579194 980 651.724920905303 21943.5355398361
32183.2991985654 6701.57414569683 1050 461.721052432623 24869.0129258233
31667.5216036223 6651.91672516783 980 529.267057991437 26107.7597407201
32072.3046470053 6618.79327955871 980 456.054444378278 15907.0418073086
32274.6238028395 6682.55328240164 1020 1220.44477996072 18936.9797859782
32238.1151165209 6673.53461270791 1020 1680.16561493767 19413.807149303
31214.5302672123 6741.0170721866 940 1035.85948545396 15742.5368729782
31633.3899858703 6666.77378317018 980 346.359537585686 20472.0004032909
31917.8068193841 6674.09376366793 980 1110.933691663 16238.4365445355
32448.5421605095 6718.76890642511 1060 1531.54399055976 27003.7854548952
32838.9316869307 6710.64644538662 1060 969.849920879366 20786.1310438019
32630.772296302 6666.51146707083 1050 1477.66475389102 17644.3021550252
31648.6026086889 6645.84023306357 980 618.992797293229 19096.6132940696
31687.4625864055 6662.43695688293 980 465.362547490644 15494.2716955529
31641.7692343208 6631.08877133113 1020 739.214129170304 16732.7763113235
31672.6424089604 6714.78778241365 980 121.410596637927 20765.5323052578
32021.8506461742 6694.34169203396 1020 264.499696091852 19034.0382211614
31650.6767098639 6681.04533866843 980 120.739008096143 23466.2336127874
31788.2420527447 6766.46364682828 960 12.7958267252874 22777.0537599929
32572.7659546202 6737.5075122806 1060 37.0800885831876 20303.1930347586
31736.9132002802 6687.13399878645 980 325.714431860878 18203.2018559553
32545.2768488723 6711.35193325914 1070 328.980308385649 22472.8325993828
31505.5591182174 6680.89186975285 980 1185.38849498249 19637.2685053333
31747.3067569874 6680.99152276269 1020 148.475647477664 15215.7715862902
31531.087664969 6747.23519366215 990 645.054433862258 19183.4661699357
31882.1172116673 6653.18922987807 980 1211.7285425319 14799.5440779803
31972.6292025783 6657.58747177261 1020 1170.57834354917 18474.7897396526
31438.2907357631 6711.65840433136 980 107.738139524722 24036.9481686743
31416.6653800097 6624.84203903162 980 63.1856036164417 17274.9184471669
31974.1379577216 6722.42269540095 1020 653.896836093542 20615.9793107482
32203.2798519222 6687.55419098362 1020 607.272377027946 18425.9714780245
31337.7198816524 6661.76306213144 950 826.205363198429 17771.9279018283
31985.4334491338 6690.52945923523 1050 18.7362817711169 21158.0776608038
31916.3463957078 6698.91257986099 1020 278.533273769024 20824.7666756827
31294.869783469 6636.43976911935 950 800.563346834595 16607.2745834454
30776.1476391026 6633.416790745 940 136.453908342629 16579.7602032903
31418.0743028256 6659.35390060442 950 898.638189356425 18732.0093548034
32819.8169886666 6775.42552354677 1060 636.669045926055 19297.5944919588
32309.3701974322 6674.93368202246 1020 1008.83127583647 18005.2429289315
32359.7191883064 6679.15181939232 1060 26.9558114990333 24991.3285111204
32000.0503831514 6675.50431059559 1020 1290.66148879017 19965.0139333176
32449.9108301227 6653.59728023819 1050 1610.39430053499 22428.9967105579
31495.9610060148 6719.02858528687 980 546.288242011542 24494.336070433
32392.8038901368 6695.09486188159 1050 1142.49158640184 24151.7542968138
31585.202856948 6650.74516333873 980 178.964486863393 21974.4832776067
32474.2101321654 6738.68582075179 1050 1116.25399223765 21651.8219650916
31232.1306264374 6622.99308426245 970 634.81127269968 19252.2162636939
32501.0179053696 6715.92704834124 1060 375.338958608538 26965.0330130231
31698.5869271436 6724.92156697924 990 269.440382901491 22259.5430909897
32218.6199115541 6731.35067886869 1050 246.150589636875 24532.9371006432
31485.8156143776 6711.78892051176 980 62.8084025791316 21314.958969191
31792.529852599 6706.16942851768 1020 153.222638537469 22584.2189408336
32724.746255252 6774.02453993146 1050 1539.69221811918 16977.1388275525
31703.4536467204 6608.63589393677 1020 1041.79787791809 23943.6313806929
31711.9044916756 6692.19937172988 970 452.893904059703 16042.9917619365
32076.7822511796 6654.11541066859 1020 1829.53202346004 20582.4504219129
32431.6456657266 6676.39733739648 1050 1089.5616188812 23693.1547976196
32070.7024577561 6738.49567686174 1020 1215.43039751353 18506.6190173266
32183.2991985654 6701.57414569683 1050 461.721052432623 24869.0129258233
32925.9692297429 6681.87189323866 1080 1068.81596828823 27345.8112494123
32434.1544645858 6702.29013128016 1020 1428.81947468275 15632.0923277227
32933.0830709308 6738.37285096717 1050 1633.35802599622 18998.0586104123
32382.7204789465 6736.78051106824 1020 544.48657279168 17798.6662975238
32274.6238028395 6682.55328240164 1020 1220.44477996072 18936.9797859782
32564.4509197161 6666.75025931187 1050 1896.95545787022 22956.2852309316
32114.5753869978 6597.22891528716 1020 1723.84350518352 20702.9491035175
31953.4123557533 6689.67488378299 970 774.625217801649 12805.8470710621
31836.4676381568 6725.53064334896 1020 274.560745066072 21340.0345999614
31908.7376865328 6611.49386073636 1020 356.278435943012 22283.6015897892
31916.2128683265 6670.92601231494 980 1110.37014486213 15786.8138072072
32309.3312623891 6696.497185746 1050 382.478627636767 22473.4637593611
32646.2443775076 6773.24397455044 1090 1601.44227970724 28765.3529146596
32900.6148731474 6744.99197112853 1060 948.041621249873 20485.8128486918
32644.2809782614 6684.19551956666 1050 1472.88871358183 18540.3451624555
31574.4449824644 6699.88685603771 1000 529.144845924754 26449.036006738
32253.5567099769 6731.94518738792 1020 806.632232780622 18904.2137605505
31630.4382888736 6640.19425322714 980 612.57074043471 20096.1029012107
32279.2945768668 6733.28543531489 1020 708.297256716947 16835.0512750217
31479.6538611847 6696.94921424591 960 554.147850482555 20255.967396546
31600.2310240322 6609.76469280386 1020 753.900104257012 16631.4896616911
33265.1069324564 6723.21608704463 1080 1357.75446751009 20589.6662435645
31672.6424089604 6714.78778241365 980 121.410596637927 20765.5323052578
31894.0341910805 6655.22237669458 1020 219.30975501987 20832.233824655
31733.4682760779 6744.80333724768 960 32.1612811814434 22225.5354037946
32934.1689396195 6704.81493418514 1070 90.6951621338458 20722.5881408342
32048.3163115386 6655.39317651597 1020 215.616806034193 19007.5723823301
32961.2203479214 6624.12663490733 1040 2060.39630141046 20891.2940261471
32545.2768488723 6711.35193325914 1070 328.980308385649 22472.8325993828
31958.4964284834 6689.08122212522 1020 1345.52601675325 17917.0787033431
32568.1935590928 6739.78514543693 1060 323.16403581185 27175.6676852997
31755.7527806229 6680.93852488705 1020 145.489527184297 15703.7994882047
32414.4806066342 6675.18002233993 1050 1085.00019085288 23153.3933511144
32423.6740404957 6696.68182852759 1050 1403.19779556312 17065.3787798467
31723.991619509 6740.69756254744 1000 1264.94592541183 19232.4580178763
32524.616192199 6719.66769474835 1050 1365.73521529295 20581.3109867919
33018.5466758097 6661.6084049023 1070 768.454541486536 23109.8754550018
31317.8289095532 6643.23527004651 980 150.327826618314 24632.9164490442
31727.0053148523 6672.20418662086 950 1736.7019685633 16533.9084531629
31491.0428055302 6663.65935533693 980 36.8892126400989 17663.09161022
31627.7808727657 6627.03735894375 1020 618.28350718653 20397.5332699837
32633.5486638625 6738.38664098213 1050 33.2758820210491 21823.391980655
32836.7882489037 6741.10495984307 1050 348.90390074983 21595.4955417279
32336.088336678 6719.97196932019 1050 654.227267112903 19787.2156017818
31985.4334491338 6690.52945923523 1050 18.7362817711169 21158.0776608038
32290.3949292862 6693.35507381574 1050 668.129480949206 28967.5187205316
32625.1156418815 6737.72109801178 1050 1397.69698169856 19179.1882893026
31477.1485464291 6620.96574655578 980 393.312677188755 20845.6976913115
32392.8428307522 6704.59681738103 1060 412.37125318759 22201.0688739618
31615.4999763064 6652.54818032107 980 433.209773063428 18588.0817375479
31801.7063460037 6666.81947143393 980 763.003779750597 17235.3938363247
32842.7579830507 6778.49711959433 1060 644.779912274115 22108.758764655
32384.8499910537 6679.20476391781 1060 35.8408920186432 24305.8957197575
31971.3011597777 6662.75397135098 1020 1300.82587419087 18199.5043150781
31744.127059089 6683.76070711409 1020 122.776296349102 20488.0616769679
32300.361023745 6678.66187391594 1050 1054.78905050398 22379.1337188432
32605.6435357546 6750.61284787531 1050 42.9399912314854 23362.3738311238
31813.0815535377 6674.17181933414 1020 952.987465718842 18255.7391076542
31653.974539426 6630.13140375742 980 783.955618437926 18557.3021329209
32491.4250913495 6710.39683732223 1060 371.947386686375 26354.8766064001
33235.6259972938 6741.87170836021 1070 353.235616865411 25076.252499445
31697.9609609254 6725.43340066239 990 269.661695380331 22789.7491522503
33158.2423557757 6734.21002292665 1070 578.357290668944 22163.9835765644
31452.8421574499 6690.21865791371 980 51.1505250827739 20750.0942624083
32711.2042522486 6657.02378383641 1040 941.335060763266 21498.5972876335
32714.0954207514 6671.00034307205 1050 1150.14294531474 20297.339857422
32482.4297378377 6706.56506257423 1040 1625.36404444777 16437.4630086947
31816.7020425837 6643.79174316594 980 958.085713847747 17671.7724405009
32091.2709732189 6636.57725486697 990 587.020209886772 15071.2754312759
32134.4470764872 6675.76737849142 1020 1849.91961796552 19895.7818645645
32294.2294798555 6638.86083634775 1050 1040.97766044408 24278.434825153
32754.2046131921 6697.54860278985 1050 988.54447745429 16350.5468565874
31770.1463567748 6608.74203158882 1020 701.852889930966 20122.1268195161
32070.7024577561 6738.49567686174 1020 1215.43039751353 18506.6190173266
32007.983341951 6642.17913386666 1050 399.73753690182 25860.7954564084
33871.4838583104 6717.21483476978 1100 1099.19807962667 29504.8181449013
32756.6935751484 6692.206312404 1060 1305.98036453658 26526.6327028562
32455.0740110077 6713.26602267435 1020 1421.42329811563 15697.5823752008
32313.7678809173 6708.18518705905 1020 428.022853133326 19736.551799688
32914.9226798267 6729.63205534228 1050 1626.93735814684 18892.1555436637
32667.6790091182 6685.63683569717 1050 175.658016151403 27868.8389547043
32686.2275730195 6619.24551996993 1040 1129.01390948586 25780.1945715937
33126.7448607286 6685.73016864859 1050 807.538915654825 15694.7043548795
33114.1635728054 6633.03133863219 1050 2185.54774291415 24076.7778199704
33183.9098787212 6711.91833272714 1080 898.963604813483 19346.6933538333
32572.4035019248 6676.48599598749 1050 1899.76712027408 22235.9502426965
34426.2724613405 6687.96769636531 1100 2471.13054272537 24012.2911871652
31984.2322442721 6707.21985517446 970 763.728741718125 13603.8813213835
31928.1342511659 6702.76932866365 1020 1022.02502515743 18731.9876100588
32202.483391027 6701.73733794483 1050 460.133225739161 22502.971779431
31836.4211995404 6617.20167083707 980 1035.23857383966 21015.2840518322
32309.3312623891 6696.497185746 1050 382.478627636767 22473.4637593611
32452.659737461 6671.60762799485 1090 1669.88478556249 26901.2958064353
32765.2219789734 6671.11657799815 1060 995.91023804733 20662.4466745054
33127.368175574 6680.58996373341 1080 1302.09159701976 16483.4504559546
31780.7920191435 6656.29690360925 980 755.609448577188 18635.0387718433
32265.8048369173 6714.30270200745 1050 440.796171245194 20389.5759293041
33049.8980843859 6697.38801577844 1070 586.745194219628 23400.3696267207
33431.0769316351 6722.42020025948 1080 405.737974191254 28261.6072854739
32475.6396443349 6729.44647806159 1050 1122.51529296901 18525.524868236
31785.1205851181 6704.59909661767 1020 108.282896229153 20298.1048832571
32369.6816671671 6706.0384985637 1050 1030.28050198398 23548.8542647953
32507.6206319682 6714.5681406348 1050 77.5963212209503 24184.4286948505
31814.0440920716 6626.8804658736 1020 818.195313944901 23888.6406369187
33166.4572896859 6688.08893403504 1070 1063.74168268181 22976.8170455566
31748.8463354723 6636.78586780484 1020 975.698044861369 18836.5811379075
31653.974539426 6630.13140375742 980 783.955618437926 18557.3021329209
32491.4250913495 6710.39683732223 1060 371.947386686375 26354.8766064001
33279.2369932544 6763.34796125877 1070 337.816801376382 28841.3270439356
31700.7298116878 6725.96994124178 990 268.682758805229 23041.1164787223
32479.4940738057 6676.31622301769 1040 1187.4467128905 20327.9860791221
33158.2423557757 6734.21002292665 1070 578.357290668944 22163.9835765644
31719.5584291873 6652.11059659724 1020 43.1479171163658 19393.0510702594
31618.3928236181 6673.00748226016 1020 302.029982704422 22665.6596184238
32781.7794388584 6682.31900188779 1050 966.287157280906 19655.6452957213
32636.8190921114 6633.15891747435 1050 1177.46425331803 20353.8016065439
32468.5554772344 6701.4688451773 1040 1630.26933632602 17421.9340796675
32343.03947211 6714.46207395503 1050 1051.22697264011 23493.3058462769
31765.1545983243 6614.18425038991 980 976.310487542056 16715.7782784117
32944.1862670232 6695.07432829009 1060 285.469115873399 18162.5182125558
32556.89815938 6701.73773428469 1050 1528.98399675007 23426.7495833786
32141.5773972991 6679.93465304503 1020 1847.39866886646 19967.0025459841
32161.6171939358 6651.78691473472 1020 901.993736740968 20806.6618850626
33080.9773622357 6670.92370314665 1050 1162.51979986244 23280.762791056
31924.2723639584 6677.32623848132 990 1191.41312333735 15635.6987626371
32364.9602505149 6696.07564243288 1040 1126.16314164812 16459.1958789685
32275.7675107178 6679.36738354108 1050 523.088816598718 18587.7151566657
