6307.70475700676 1992.01177425061 613 323.45011438932 6356.29236854909
6658.61439935389 1997.21622601674 722 154.398436194549 8190.96348393852
6357.62817360118 1995.9067503687 552 372.513329344595 5223.99740738268
6409.52315278868 1995.34533952285 626 279.002280165943 4872.46215104093
6283.97810641186 1987.65414311676 648 306.37292151353 7717.59855351816
6341.51593508622 1992.15898499645 571 364.485536044127 5677.77064417704
6413.84610387857 1988.94003376105 674 392.172394159415 4530.92507337835
6420.49978196145 1998.44899651087 746 279.273574916693 7757.84086711292
6337.95461292899 1996.21121877092 650 334.1976243712 5896.34629087418
6334.9262225809 1994.46325879066 564 37.6698095954762 6529.98320813399
6555.07455206017 1990.00427699803 760 297.44083687307 8597.63048183208
6366.10982997935 1996.19819247333 637 326.001358226529 4789.10053954736
6364.46242049258 1984.08163438583 558 108.995483139267 5958.4226348957
6580.68546370728 1997.5939165008 590 233.981722205167 4343.84609987967
6409.60926858021 1983.27196070479 712 191.438951454513 5086.66338484074
6710.47664560724 1998.01209330264 719 162.070652593901 7295.19432832183
6563.46360875457 1992.91346683757 671 320.181663380563 5336.39110570446
6215.60462260295 1991.05124712026 650 331.963790656075 6876.08981899906
6453.11209162752 1995.91752930642 603 352.793628980037 5107.50260902495
6473.6957336059 1996.04378279693 630 164.612390891247 6832.00944575206
6649.70602646607 1983.31081429367 750 184.985334045087 8453.7544734981
6504.24836733151 1989.34164918012 755 362.477275633055 7838.26525238108
6655.51016702697 1995.78853137595 709 128.76365162394 4670.39924346176
6346.45263898983 1989.87811318095 603 323.728200211661 6298.49229402874
6803.26360470114 1960.60854663853 770 134.50674105885 6802.12832141831
6445.6490283906 1996.95653051699 653 171.812162991225 4614.21207885035
6567.5640358949 1996.44035863288 668 161.698480545262 7302.87702738427
6512.96446445306 1994.64182398778 745 374.297841311616 7475.37650455087
6308.50363259619 1984.85855703327 615 306.171505449327 6961.61191551868
6510.09607568445 1995.01801104463 697 178.796715090481 5282.19970537495
6636.44452275092 1994.97371539158 693 282.839664309826 5416.63932749883
6559.37526131411 1950.67095253611 666 425.94438359281 5004.51860698857
6336.49445480898 1998.75595052052 639 313.271419117188 6415.65245295967
6449.11206093654 1924.45797844004 644 448.926224642383 5519.82634217463
6585.01307804013 1998.83533973397 734 216.957222078333 5439.12133910144
6533.19578489202 1996.8146600915 670 316.581915325967 5334.18076916674
6834.83090810735 1996.19767929821 835 524.800815556487 7170.04337228003
6794.30052234941 1997.26974762286 768 152.24975414583 9114.43920540812
7045.76890077146 1999.4299622591 865 271.150866877212 7865.01331814559
6567.34948507663 1999.39558566451 786 360.77251259903 5415.13595484709
6417.35580849325 1998.39830528995 746 280.385137396311 7672.66176752666
6668.11250584615 1998.49932130735 700 153.576148822731 5644.83702123412
6737.48029713281 1997.74812650732 840 523.983030923964 6948.07784913018
6557.5386718838 1995.60619553296 811 288.771767320795 7698.17580254777
6366.10982997935 1996.19819247333 637 326.001358226529 4789.10053954736
6604.69042131566 1997.94878545981 685 340.554485642504 5524.76782359055
6408.82159999799 1968.60689984678 577 117.001472236359 5562.80682697956
6693.38011517762 1998.33393495902 814 277.917265603498 5795.79824034178
6625.8082368416 1994.65385312463 695 298.139508735116 5195.88721160412
6310.32858149596 1997.46839854276 718 335.36084615521 8353.04292482458
6578.7430261721 1998.63835322774 747 179.185007289361 8021.13908077193
6771.83412927588 1995.92312586284 783 333.941832903407 5490.95813777131
6598.26049026999 1997.29047759465 745 218.878029576222 5784.54454355922
6398.7863874336 1946.87468424497 681 207.305740083473 5359.44144123371
6696.31933785983 1993.29470340616 766 231.667742783361 5546.62391252028
6574.62078065594 1992.00693502386 720 171.028241114977 7672.24740773208
6810.38497017268 1998.51151019611 833 222.247310553013 7297.32546425816
6602.12960479155 1998.61438764654 759 151.809585636608 5762.03346732005
6571.24388846471 1997.97591295891 691 173.329079951376 5755.05050240935
6948.66665874514 1991.42024877044 823 113.203449022921 7359.56100088562
6733.84213212341 1999.35632016212 829 375.017463049767 6809.35381842335
6445.6490283906 1996.95653051699 653 171.812162991225 4614.21207885035
6575.89794358397 1998.82421771518 695 153.996583474913 7693.2773782338
6487.69320525452 1968.50553704371 772 383.232580685819 7555.36814517461
6346.5399698667 1934.38395962899 744 173.545797465478 5579.99717385618
6622.33687997679 1995.73424622556 733 301.171342116883 5381.78110566638
6564.64276149629 1999.38579331242 592 328.310503627287 5186.75829491905
6610.30242554732 1994.79795031076 663 407.938912004859 5412.71740746091
6410.99081863486 1980.75367195872 655 365.03634637807 6626.01663126341
6449.20487589734 1995.39541022723 703 283.411185816118 6468.73215857237
6378.52564723042 1995.31273283466 692 177.684039654095 6502.62358555688
6453.7971287537 1992.77347999627 711 322.514385251074 7658.57317347444
6604.35429260811 1982.89902320125 717 177.425119064318 6807.22241888382
6489.55820276436 1991.37884483002 588 191.495744534161 5801.30132872425
6454.04210812373 1999.11716728641 619 344.56696612532 5671.94610937046
6539.41070206816 1991.64442097619 719 251.834861828479 7416.32024971192
6411.43575214623 1993.61791903705 637 256.731190041191 9006.39755273707
6363.29322140274 1998.08279336951 605 265.171657825432 5827.35544564672
6462.23593326795 1997.98292409815 693 344.105993916118 6868.36712924214
6459.23314238172 1978.58071511703 709 486.966193499828 7604.03510080868
6483.57044348362 1998.25976637796 637 218.821620678079 5743.89940136958
6458.68976316964 1990.76783580879 632 293.09318251104 5886.41010648036
6523.5529228576 1997.06706689714 656 218.904297222852 5735.48344935643
6414.26831780913 1994.3658682875 598 429.230377697944 5815.04940060476
6492.62201371053 1990.66265867553 680 429.420219375596 5571.78619622083
6535.17832123565 1993.99487048094 677 203.92988436653 6306.67136584283
6521.72086495895 1992.96520799753 661 256.659433448405 6840.85292713368
6609.59133831455 1992.33964673489 671 356.382416897092 5637.70889544366
6431.9100541132 1983.64486492365 529 404.903471623522 6019.64242866606
6510.22481811183 1997.68816087894 702 246.968670040638 5783.15275886033
6508.36793218731 1989.52078299245 584 183.614103308926 6228.89188676928
6440.46775391598 1997.35038500644 578 341.543972877718 4976.48809815652
6559.7828316627 1994.75227303569 695 269.810850650256 6995.56697029537
6360.12187642164 1996.06586065219 594 247.462769675985 6649.96404685457
6412.86138327636 1999.11765280768 704 354.440632029985 6678.4128288725
6467.91453333468 1989.06007185552 712 312.620480953354 8264.50075298235
6489.10858494703 1985.56602506986 671 434.331330562646 5402.17604340143
6612.93345822221 1991.50534497469 656 213.690352006648 5489.61402369854
6502.61037157398 1999.66000321778 645 244.013061701207 5379.88158014321
6472.25597033365 1990.21390237607 664 274.236620781103 5789.3497316745
6554.00422300952 1993.44961597721 704 177.370651282037 7633.67492980324
6534.57331857958 1990.62282931468 654 227.584578843688 5596.31403418083
6466.83516358981 1993.70701847522 674 240.670416047417 8590.33233804609
6365.94378739613 1996.64442827502 617 245.913626773312 5592.38058043584
6440.05307167065 1996.70400346157 667 247.473923116634 5851.09506104349
6517.93209828945 1966.21566501228 706 446.292868235341 7321.14305994188
6424.80696711912 1982.8706049262 654 269.234900515366 6126.14296186918
6367.81243104665 1997.06247860692 616 401.345270573065 5607.11135009894
6516.39016322993 1997.69034394435 685 343.118305732691 6437.99391495902
6384.89551585684 1994.74970864419 683 260.991206785251 7903.91399893332
6510.53451984011 1998.12316486468 714 307.698446811396 8288.23860225661
6514.19563942653 1996.51544474285 742 443.560406340988 7926.71805915598
6553.44760141319 1979.49521696175 674 200.876348809611 6334.43693780541
6560.36640110224 1997.66558505837 720 244.109651676407 6496.11912661012
6378.52564723042 1995.31273283466 692 177.684039654095 6502.62358555688
6544.23480532269 1990.03588812215 740 290.539838062733 7348.94577349003
6372.62075905718 1997.02174121551 572 367.212649922867 5232.91733415717
6583.47296048059 1998.23921186038 610 192.939298583961 5361.10454333358
6773.77239206015 1975.98982388882 738 326.443642221224 5581.82188201561
6553.44760141319 1979.49521696175 674 200.876348809611 6334.43693780541
6269.5965774154 1985.77966426392 648 289.619447741193 6536.57752409952
6534.88361134314 1997.33375853824 746 253.119178397511 6683.0128000271
6717.91272284375 1996.57989771551 750 147.166340794945 8386.26725019021
6378.52564723042 1995.31273283466 692 177.684039654095 6502.62358555688
6635.77138870699 1942.64215986187 840 278.05528655136 7307.37967437039
6501.66703342529 1997.33094207242 621 321.587902076591 5648.4063404804
6299.99063146272 1959.90159828014 602 271.630230328445 6274.31242952081
6658.52956009213 1998.88348301205 875 254.848388036092 9028.33629380484
6573.33039074679 1989.50623546068 746 212.82676837453 5967.43540010872
6533.19578489202 1996.8146600915 670 316.581915325967 5334.18076916674
6622.94793167038 1994.20945524749 713 178.68745840387 7418.79432956008
6638.18957881602 1961.85809287239 815 455.27760685477 7049.38364114098
6916.36834907766 1998.59837818673 862 185.866980697214 9309.55931563999
6709.39195509015 1985.57171301774 825 328.74868165902 9166.18846504367
6792.01259567453 1944.18026394331 841 181.434464825771 7400.47100821818
6664.89793875844 1961.02273231472 711 323.350374516391 6406.45297361411
6515.96475762501 1975.60719553724 786 378.939757214265 5712.37057110839
6656.17750471602 1997.83708101959 734 168.259359963643 7066.72386077643
6784.34676129014 1998.15999264917 820 323.317129545542 8127.1033224275
6441.61761103796 2042.55294096188 734 271.807294844721 7416.10255778663
6836.78835039513 1997.51237110478 831 261.732863830016 7943.76189952497
6638.43231864384 1988.201247959 708 177.669404236919 5350.85967960624
6876.43296870867 1998.75756493251 823 291.920447886488 7678.92853209166
6548.06669582767 1974.61018437438 685 248.811313362068 6245.36121499081
6480.52895747363 1996.28266225303 698 384.605267296569 6529.87874310674
6833.76361968851 1985.71001337234 818 343.625405480174 7941.04739069198
6501.187293303 1997.3005051796 619 476.988579474934 5685.3912214012
6716.21394854832 1996.36209494486 872 505.388269890319 7595.84375832055
6688.22242296426 1937.78238882001 742 258.234763901155 6451.13107576231
6483.3193159029 1999.37417015689 703 313.223891962649 5900.52593239488
6962.91514495166 1996.67386560302 858 281.866044682675 8999.9556781405
6630.50511834911 1997.81748217055 712 331.427611979192 5113.98623462849
6648.0023246271 1976.19447279227 730 199.973019487948 5928.56777128729
6571.42763033931 1999.3865220974 750 179.404194042417 6784.3840169883
6463.02490665581 1951.14493253029 699 411.948898419925 6731.71503854179
6817.22358946913 1988.5047090334 741 267.342264083295 5507.80785120531
6396.08348993025 1944.83930659087 619 355.596194704515 6437.12553655286
6556.08622999664 1970.24956182833 712 323.622261813055 7055.18146974726
6781.37566794569 1964.95394226347 715 209.635984601687 5202.51068479215
6522.02964229036 1990.66938114624 717 213.667451250088 7481.17598597169
6568.76239808239 1969.49813124597 805 233.858249196485 5670.73382026382
7089.48655056579 1997.0590271949 823 254.212805030307 7540.77939268212
6666.36094709697 1958.33196895647 717 299.936991275724 6686.88218735805
6748.74175622896 1998.82958728338 886 257.039700041021 8987.6207407204
6193.98344644217 1994.26953562272 637 294.226629177912 6208.36770150022
6596.02433809897 1997.48418677346 687 396.541530644721 5967.61861479272
6606.75972051138 1996.15960298033 749 169.279610012491 7314.9638404536
6753.85871360956 1988.31672760121 730 165.657569247453 7455.74527308208
6621.72592467912 1956.87477493255 809 249.382724549803 7730.54101114667
6570.29053079979 1968.78324288625 757 219.319679823526 7420.83357596761
6748.13415705574 1992.51174051305 783 342.321038438804 5446.36706490121
6429.05756332119 1997.04798588215 650 180.394367345287 6946.72870730675
6568.02839866991 1997.8389835207 785 242.967915165113 6207.31426541796
6823.00387996888 1984.31258194202 769 124.96922738965 7102.35165007876
6840.72925870654 1982.00774520225 819 412.123888741486 6809.5972342209
6618.98519598514 1957.88772646084 708 481.736775100623 7155.3590379995
6607.56189252555 1966.62071908701 732 356.240688841969 7092.45595347297
6572.86914868869 1978.93614678584 724 267.071808997948 6729.23976027385
6695.20415039775 1937.06304351324 787 180.118525645104 6009.45923655325
6421.62176105769 1953.06675211521 632 440.046740983575 6315.44654093727
6841.89896770446 1998.74925125354 847 205.881755829969 10046.137811638
6723.77644343907 1996.22747198588 758 242.774112530467 5919.85269764815
6574.24222163219 1970.4914218406 789 203.185564894874 6434.03745732049
6925.75576787219 1995.52210905634 820 400.573340903248 7283.42337331974
6813.01254123245 1998.14236961423 826 306.446078356712 7944.75674942185
6707.46320967799 1996.12287315915 817 353.284712988405 7478.23408626055
6690.21608319249 1951.36946258847 816 179.761193117347 6918.73190479071
6602.12960479155 1998.61438764654 759 151.809585636608 5762.03346732005
6877.21077858935 1997.20647496562 886 323.777040683883 8067.65614746905
6502.73698437807 1959.62873645254 688 305.486173867148 6581.64865508698
6800.03941212146 1998.62295847564 779 92.4376468099674 6305.62018905295
6408.04250637104 1986.37170133679 681 529.876425678426 7038.61266457724
6699.34493960646 1983.23073528154 773 423.076053529973 7617.87563527973
6833.0332773165 1982.00505631403 789 72.3208749530616 6640.78884427134
6797.06070017794 1995.66773773299 817 475.395105106687 8498.06024792459
6624.8959114791 1998.48029137629 749 251.133638816967 6415.82209632189
6623.47860614134 1972.82383633956 675 345.65850266883 6631.45573601743
6626.88642400006 1947.83043973459 638 429.412334590831 5789.82212580772
6866.66582484564 1996.61722905166 885 326.402955127598 6841.50598047143
6804.98980866787 1997.34056008819 803 194.846037997864 7130.21072517394
