6030.94289323529 1992.02674448965 414 366.883816879172 5235.35617049572
5960.13461979011 1978.59377786463 391 359.936579801474 4921.20623519903
5812.07380722985 1959.90842947289 357 322.695423760734 3355.48921303318
6142.23484613261 1990.96602721788 470 416.349056116999 6356.00094235347
5818.73371401923 1975.72573615821 332 300.993501177615 3733.25265475787
6398.75687377464 1987.81860063364 484 315.912488561803 5937.95758114951
5943.40882090817 1985.98259053024 399 209.700946014404 4313.04883608228
5923.48021682282 1994.83001456048 355 272.017874599377 3278.47510890496
5906.71714229299 1995.5956231692 329 301.902923523896 3079.45827506687
6049.66511878333 1988.24994023084 397 276.565739306575 4425.17824457158
5971.36230248351 1960.96056544914 384 426.940957704411 6450.53222498188
6190.37191902833 1982.07429556326 442 305.255139023688 5309.34812626853
6260.0291537883 1992.95384752546 474 201.606278358129 4043.51358583736
6198.66417599023 1986.81477710772 482 328.890080482275 4651.50927128207
6074.06800124918 1989.57269697392 434 317.386607056459 4186.94291202074
6112.84739494478 1970.08049614796 450 307.622962486821 4344.87572021708
5809.09871537858 1950.46170825537 373 208.632708950005 5113.63779924534
5955.86782124761 1986.94018964446 458 297.12501834304 5967.75462183456
5907.64003262937 1991.84834870222 367 315.038848289594 4740.93564565683
5893.1930485584 1965.66500996578 400 306.120654209349 5450.61944896971
5890.51901424775 1966.39018063073 378 421.16157943612 3937.61370788715
6105.18605551608 1967.3900806855 425 306.372046571798 4311.1091793928
5960.6321639222 1967.71642184151 348 434.564836939817 4124.29738376935
5901.54360959244 1987.79501212142 360 378.159781634804 4033.29509369394
6170.7202967946 1993.14536863159 405 274.529753847173 4019.14168630721
5880.77578725653 1974.06255289741 374 318.952233790017 4759.68193840805
5822.26404049165 1990.96206060617 337 420.741711629895 3959.10780166349
5930.24546745201 1989.41673755506 386 345.128474796714 4011.1811538675
5879.96630634287 1995.38277154552 360 416.831349676612 3851.70234914055
6088.64940331325 1962.92515295713 435 405.98217180883 5727.82690818457
6059.29315488526 1992.31810868239 458 324.871461988917 6648.67724210407
5989.82970955107 1992.53271594462 414 395.071110938124 5360.03339405258
5964.22158761927 1992.24404231101 383 250.4927327472 4185.22875539379
6081.56973349651 1986.2011498808 409 290.257349853492 5031.22354826088
5929.17603903725 1987.43706567053 370 207.297503734726 4172.746721226
6013.69800878677 1975.66986444621 407 210.355659059542 6254.4199068583
5958.09782212321 1993.39068701344 359 317.856798602149 3317.03250434699
5951.29913204565 1980.50251726178 422 263.692116784486 5506.17152636018
6053.3993787996 1985.95712471218 426 377.561214706778 5041.04854922982
5837.81681254526 1995.97858051242 372 303.147368415837 3945.87000202542
5894.86268547078 1987.73330463259 354 252.267546203418 4689.47230650601
6127.15345100895 1996.22087779366 439 317.067444500552 2878.99957446128
5956.99223591976 1979.84793160822 404 453.548340410544 4827.28004112429
5849.05125869435 1994.44474228382 331 362.202580615483 3488.9562681015
6081.42622974335 1987.18664967359 402 290.24933823161 4128.96092200371
6201.86848862668 1985.28189025976 400 310.301886898651 3666.51601668671
6214.34647683367 1987.67847127537 461 454.151802614403 4195.22068421094
5937.32848791822 1985.93824370914 338 333.498274636576 4253.07859029024
5930.02980293045 1996.05377547211 366 287.669019732753 4351.15301146695
5855.65887137072 1966.69631338017 381 353.986414399236 4901.24645898109
5882.36393411978 1977.09514075567 349 293.305292117527 5516.04723332874
5898.02108159756 1982.74476397552 335 354.269316194716 5006.50971833879
6078.02331838601 1985.107302325 412 229.746663876876 5630.20916567382
6003.375250666 1953.49790160854 422 375.900004024534 4199.31287294767
6180.48672269929 1984.61791335671 436 259.954788031093 4182.09221375484
5958.86913832175 1997.58400272061 396 271.509143672022 3472.55505621273
5920.13318482423 1995.32958827901 412 257.019678484721 5614.51625224357
6037.97762999923 1987.31910840304 416 159.581962400767 5072.68055602279
6134.22930817315 1993.83819540007 479 380.184247268629 5913.30403501468
5848.06538970126 1997.9744642459 337 230.648565044228 4561.56308551088
5907.68697217627 1985.93833425879 354 331.477924290554 4202.44923952983
5819.60957763711 1986.67412442895 341 355.221408070461 5425.20504307159
6076.45115673641 1993.93262665256 400 388.016843492282 3455.88596871443
5830.25444091498 1983.41087392057 343 380.512005337325 4720.31245719688
5918.38994235312 1989.87020695245 361 313.525655306773 4438.4932802676
6164.60372130787 1995.54760906873 459 248.124977723825 5750.41935314856
6248.47267138541 1989.81747094026 463 390.68041781824 4871.031868674
6143.97103927518 1998.02205029724 432 263.858005087872 4733.6552339628
5930.87843252437 1972.09833161907 379 283.625911953213 4633.6259939713
5934.39785838833 1986.34934685707 352 264.853286423632 4448.33008015338
6017.82090172812 1996.86480197943 381 385.462070638198 3618.97134774362
5791.13865799135 1995.27797649023 343 347.767705914852 2690.29817022878
6118.92174180041 1991.4777777289 439 239.962288293997 5975.15213861759
6102.57270743293 1988.98882167326 424 312.927062037873 6297.29879170686
6021.49121605647 1969.13113842744 403 350.19871732625 5402.98990898945
6059.86656488071 1989.14149768484 403 368.837447946048 4294.24843312841
5873.82937576174 1983.97491021903 387 299.824419650995 4744.8788405858
6001.90960948704 1983.14848744853 404 292.293911895969 4351.39125984964
6190.36506009874 1986.23421594289 407 459.604358774999 3966.96913290175
5962.71280185841 1973.47271655656 430 438.570539997257 4989.4672850485
5932.6197028889 1980.81696530631 381 381.842390726144 3314.84509264745
5992.77162570193 1994.70662626657 354 290.701615787555 4259.69834946108
5953.51635833763 1965.61111896375 382 353.530207133479 4348.01167971577
6117.99355253742 1976.83768577037 461 461.118953106463 3928.56432392989
5972.80393969033 1992.1808215156 395 310.637006405347 4216.69143361044
6053.00565014402 1986.92227450879 466 337.242234216085 4935.22440699624
5856.42157234279 1997.83083345172 360 302.949543999588 4141.12339032203
5760.96764247439 1987.35409409981 353 265.907162824796 3989.35362331261
5898.16153035424 1995.49859436165 328 235.179492661513 4565.06593569988
6491.20001764968 1995.52083778013 433 254.349106993942 4595.16048247336
5999.19947323227 1995.75098258044 430 444.480143644892 5820.50038585648
6254.89384670977 1996.38455377087 495 270.781495612874 6925.42564549069
6147.7210989629 1996.49371074869 474 464.211453152496 5937.8440620064
6429.65013022682 1988.61961084962 452 204.369469657133 5408.73368705193
6209.0445959538 1997.64700741923 436 253.78689877421 5455.73883019575
6442.8224610245 1995.98965340588 543 294.841141623126 6911.86811071427
6042.79892919691 1993.39242043912 436 190.759217082635 5334.40390345057
6116.3320931697 1982.41941050184 431 339.508990538947 4587.73656509781
6149.29371674477 1989.05444341042 400 387.666693899828 3525.24009194507
6184.89014332044 1996.09935678283 425 228.756473388418 4854.13464921509
6805.72816470981 1996.41135387753 557 696.290852222686 7347.7423845416
6301.41117802231 1996.72491234442 478 186.975523380579 3822.43152271557
6220.47733082558 1995.43454271601 475 385.098527041542 4588.80123902073
6257.44363453442 1996.67946329992 474 374.345136410528 4991.04174613467
6281.38541024899 1996.44453298271 478 251.991004361745 4824.9427339765
6330.39160902026 1998.78089065386 506 232.197062700871 5496.61989213714
6105.72683617616 1993.47023058852 489 321.930417683209 6459.94774164296
6104.21615642513 1983.87082006115 454 294.875828919229 5553.89183773028
6000.50950794133 1995.57762353483 387 396.170503948755 3661.25085723435
6250.5627514302 1997.11935073004 451 262.093031708946 4292.62037343391
6131.99899653243 1998.25520817051 417 253.179142693164 4934.42508082634
5921.81082594741 1998.79640752881 366 420.687711968597 3877.75980819885
5956.00448830613 1993.95060374429 387 387.280995834114 4667.82701539033
6029.87637101453 1994.40578561405 466 314.471058311072 6774.20352922554
5989.82970955107 1992.53271594462 414 395.071110938124 5360.03339405258
6061.87472372076 1994.85464391304 415 215.967135376453 4718.52499200599
6071.27491701752 1969.10659466526 412 363.911440182154 4456.98962487224
6482.08326911344 1996.74598055392 545 378.841053543281 8486.34053286699
6223.53289189803 1997.58236085065 440 228.84727545971 4670.47350046499
6147.01421851308 1995.65408546165 491 314.133665471718 6186.57587774874
5868.06337912533 1996.66091910188 340 480.618839756629 3086.13458918208
5896.49150273973 1994.3125212536 387 323.892004076104 4936.92624524796
6243.59363864463 1996.64411650731 429 177.345790468067 5358.42706332146
6103.51498770329 1998.60698017316 423 310.311055372967 3830.7851571358
6063.49719542143 1995.8847753257 408 446.602892976187 4797.18580745534
6233.00233014909 1999.54660007326 436 226.236716191488 4764.22577182138
6081.42622974335 1987.18664967359 402 290.24933823161 4128.96092200371
5937.22388228383 1962.25982363817 380 436.535033542927 5001.84541401679
6378.99339609462 1995.66083463026 518 296.682466883513 4190.40051368371
6246.29473317164 1985.34205059561 489 166.478432431512 6225.72741314592
6034.39815349874 1999.43887920463 395 254.503357763573 3450.75464733385
6189.4776752109 1989.75586493095 454 282.97565049852 5157.60280811785
6151.58466190867 1998.49265745448 411 230.453569582427 4617.76815717489
6459.35868975237 1991.17503046192 502 437.407009040903 5966.67213232554
6323.20141707478 1998.50018833271 499 301.912063156865 5576.58517423069
5896.77931639953 1994.3357678739 392 375.436531571266 4249.07571261456
6304.92022063254 1990.73340120657 494 269.12148380087 6544.45666517171
6310.40238842989 1985.70057860421 472 451.626658735751 4621.61255834051
6134.08638903668 1991.64649655683 408 276.359783322166 4369.41858701594
6292.58876209566 1997.91547095436 486 389.496848164799 4353.97686079152
5941.87911377726 1997.39881482159 426 249.331331571779 5859.57261395711
5958.58300822661 1990.13274090571 383 313.902032429178 4687.60235367871
6200.0175462446 1998.39718035656 446 330.31176104933 4519.41655820865
6245.73099768853 1988.39962528107 479 221.535333274845 5318.61333025166
6262.92675259906 1994.39982258328 471 205.496353215347 7547.07403948615
5848.06538970126 1997.9744642459 337 230.648565044228 4561.56308551088
6047.30317524117 1981.38561172194 408 335.249189371267 6367.93985374559
6076.45115673641 1993.93262665256 400 388.016843492282 3455.88596871443
6075.90623233641 1971.99867214966 417 330.939222368026 5225.22288352878
6074.93954789814 1996.70600639663 400 445.562709276967 4590.17431920674
6215.4287474888 1996.50512939794 473 344.670983993455 6194.79983313076
6069.0894633726 1992.17834877941 384 401.651726263824 3995.38793277009
5938.07621079796 1995.28856321411 374 306.565508349969 4591.4500967738
6583.504081147 1997.7006851926 554 396.228620265691 7065.85981282773
6168.14381002064 1996.70448440418 434 255.311640030781 5062.54389999623
6169.60906979681 1992.1712177092 427 306.853239983228 4737.71624890224
6194.88427438743 1973.54791882318 418 322.860714884617 4555.27151128503
5825.96074032863 1997.16942173146 323 360.079171192715 3232.45240926628
6203.26679001097 1971.32159197113 444 343.14071010357 5461.07962207282
6253.67136017282 1997.48860033286 466 332.078749322076 5808.92478689473
6156.60857313166 1989.87643140346 428 293.293146305516 6771.54276009719
6175.9920183579 1998.56122060686 437 457.916366213096 4767.87791665003
6179.93903931858 1994.12024660286 489 361.455493477688 5448.63037219152
6012.90186322578 1985.48746057126 395 345.532872314802 3997.28832287416
6126.06136641512 1963.96519244997 399 270.127854207374 4808.99842853312
6206.11912562193 1998.15281114439 498 328.084852019776 5700.84435444585
6053.00565014402 1986.92227450879 466 337.242234216085 4935.22440699624
6190.43716138956 1999.46022656451 416 421.041888018083 4296.71077676496
5954.7068001107 1994.41047393144 401 197.410026751793 4653.33649379344
5775.88280191627 1993.82174962966 349 365.525777325116 4342.37111035234
6129.33430315697 1992.93966882085 408 390.83783943013 4825.30301172826
6406.63120032051 1995.80305565072 426 294.504766598669 4613.4138550164
6126.92169587887 1987.51125893816 459 489.636768515709 5972.63357722651
6312.49297757021 1996.82244844768 523 264.510562412012 7526.70928998451
6264.39435496151 1991.07673143088 511 505.461678402362 5868.75495448792
6216.08123928399 1995.17988340713 513 279.23808818969 6941.13765314649
6122.54630439125 1973.29369140438 453 416.576447774413 5507.1541047931
6199.43357173387 1972.84326555165 429 299.206606179024 6042.07440060254
6274.9367610096 1995.90895739565 479 369.431844174021 6941.83838174462
6227.83492020237 1986.52164319518 420 207.817712845926 4967.53378205378
6429.65013022682 1988.61961084962 452 204.369469657133 5408.73368705193
6253.04435101456 1993.61751418133 438 269.343161361216 5514.20345855012
6312.88210427102 1970.39060786341 530 340.781995328216 6553.48147311969
6077.66883126446 1995.07592513309 450 178.430844976998 5564.83276524377
6348.39296694349 1992.06546956136 463 316.005693714586 4789.95235136426
6137.52115931418 1997.46035107808 413 259.49217273103 4681.64823574643
6801.00104116531 1995.79900230263 577 697.962142779601 7728.0385220686
6301.41117802231 1996.72491234442 478 186.975523380579 3822.43152271557
6318.00084780422 1981.93189428274 424 309.920319893532 4629.69295588477
5942.58295827241 1963.57782347875 360 397.074055423699 4674.96517661537
6257.44363453442 1996.67946329992 474 374.345136410528 4991.04174613467
6496.90743101444 1997.91137025079 523 348.616329621513 6930.41708500768
6161.0385139678 1995.79022613501 443 294.540057589336 5067.82999096537
6309.33085595247 1996.36884958844 499 239.643163356434 5470.08744041747
6187.0316320893 1993.0803125385 477 321.576639308656 7044.13485707924
6574.61088631511 1995.56680303644 572 204.152552940604 7681.1373835107
6024.45804008086 1999.70755467294 432 383.972767280848 4159.15060795881
6127.24285142304 1993.9384661695 408 370.709906578907 4486.75562425936
6250.5627514302 1997.11935073004 451 262.093031708946 4292.62037343391
6385.69127910651 1992.11029091621 450 163.485376021749 5523.52486205547
