1713.13951094853 452.628896029244 232 58.0634849708083 60.6636977408152
1655.24244046767 450.934662935388 216 34.9216463951306 146.908348527328
1589.05951290375 448.706873722899 189 57.3060869575151 40.0534343512839
1658.11870700612 447.604213817793 208 100.920169324281 18.6042138177928
1588.51768029983 425.272002675266 206 18.9355540699387 157.874055666496
1671.72716118657 439.233341908628 218 47.0095996003161 171.284368552907
1583.90399174612 444.106222176019 198 37.9412797286244 118.754394195135
1579.70114705438 428.227122584667 185 43.1987934683111 31.2271225846671
1655.24244046767 450.934662935388 216 34.9216463951306 146.908348527328
1578.76824803321 438.172545760446 189 72.2665910454064 54.172545760446
1669.48972398961 441.462094014782 215 24.4389467895724 162.821274953053
1640.71626812756 449.698291091815 217 62.5761898273185 152.382009753903
1547.4277970017 431.595028460239 178 121.461971583671 24.4656982665567
1545.37123148562 416.887554795328 195 97.6593549043854 43.3213894154991
1589.05951290375 448.706873722899 189 57.3060869575151 40.0534343512839
1727.91063756015 458.276541340086 223 75.1259667337567 29.2765413400857
1751.65250331496 457.446823551051 231 126.467175627352 63.4468235510508
1559.030515091 425.36347771168 198 65.1398625618206 132.611172867103
1588.51768029983 425.272002675266 206 18.9355540699387 157.874055666496
1664.6447306021 432.958780415609 218 49.5136169470951 158.73524556687
1704.06756868746 445.147251638924 234 20.8555375490909 110.749379887178
1583.90399174612 444.106222176019 198 37.9412797286244 118.754394195135
1690.84075827586 449.033902579524 221 18.6627678717997 148.339003848435
1764.59496421209 449.185524314919 252 108.841105348245 264.431022453613
1692.02896397219 440.213806924055 217 60.2992009334185 90.0913021113849
1579.70114705438 428.227122584667 185 43.1987934683111 31.2271225846671
1618.76834662495 435.643349245018 221 8.43965953982066 287.355504423977
1534.64280555359 413.296747300292 179 77.5600562233123 44.2084944418574
1578.76824803321 438.172545760446 189 72.2665910454064 54.172545760446
1669.48972398961 441.462094014782 215 24.4389467895724 162.821274953053
1640.71626812756 449.698291091815 217 62.5761898273185 152.382009753903
1797.93643366081 449.863226447241 255 147.899484331834 152.706062911093
1547.4277970017 431.595028460239 178 121.461971583671 24.4656982665567
1611.9636805721 422.498221496308 224 106.883038011118 184.64047244773
1466.80255292093 410.894400551331 178 47.0691486230797 184.831220100613
1545.37123148562 416.887554795328 195 97.6593549043854 43.3213894154991
1754.56914130345 444.085877171082 237 69.4608126981582 179.085728228424
1569.74956518569 428.432884714738 189 64.1331844454148 19.6380960206263
1727.91063756015 458.276541340086 223 75.1259667337567 29.2765413400857
1671.2876796675 436.57873827114 226 83.0701306354138 245.173176102916
1664.39850990695 444.132383221714 226 86.6733003442286 137.574330579319
1664.6447306021 432.958780415609 218 49.5136169470951 158.73524556687
1805.57906883106 443.376810336328 243 46.8180277264085 201.814071518895
1629.16419438324 438.879160552262 217 39.5333114095815 200.453551239164
1684.36569465261 443.643106873947 225 28.0408917257641 110.643106873947
1677.81988409263 445.498091870489 221 14.0591936558326 164.240032932907
1713.56010529979 435.306626077776 217 22.5445857028365 332.136713792455
1764.59496421209 449.185524314919 252 108.841105348245 264.431022453613
1692.02896397219 440.213806924055 217 60.2992009334185 90.0913021113849
1579.70114705438 428.227122584667 185 43.1987934683111 31.2271225846671
1618.76834662495 435.643349245018 221 8.43965953982066 287.355504423977
1720.46225932568 432.323579269348 219 63.2885432012091 131.429487263073
1639.34114083987 440.895525190785 195 59.8695883917834 24.5795885977315
1578.76824803321 438.172545760446 189 72.2665910454064 54.172545760446
1669.48972398961 441.462094014782 215 24.4389467895724 162.821274953053
1593.26307357548 429.02848786489 217 79.3534276556914 41.7489018532862
1797.93643366081 449.863226447241 255 147.899484331834 152.706062911093
1732.0996423885 449.895140024631 236 45.4541336681926 128.742559695287
1550.64828524143 434.496252419471 178 120.323357047149 24.4656982665567
1710.06327015534 435.705591654936 242 70.9845140136002 75.8804167479378
1740.45499684547 438.044178076557 237 64.4707090697163 119.236977924813
1569.74956518569 428.432884714738 189 64.1331844454148 19.6380960206263
1602.55466611432 422.738789471213 207 119.445995469543 14.0554709591142
1671.2876796675 436.57873827114 226 83.0701306354138 245.173176102916
1553.7454562856 432.95140204571 198 52.6682336410189 131.071315902638
1809.44553933234 458.71176164836 253 74.5929601363731 114.181777928317
1617.12292629703 427.56074188919 201 95.6204898119268 77.5074686770995
1581.76497012326 434.14140868396 201 68.2904149460635 89.2262019185972
1751.65250331496 457.446823551051 231 126.467175627352 63.4468235510508
1664.82997828803 441.534144519283 219 22.7656965234454 185.680458653734
1664.6447306021 432.958780415609 218 49.5136169470951 158.73524556687
1805.71332646092 444.46872631919 243 46.7705604861611 137.436579562075
1629.16419438324 438.879160552262 217 39.5333114095815 200.453551239164
1684.36569465261 443.643106873947 225 28.0408917257641 110.643106873947
1652.81715925673 446.07220196277 221 35.4878183117157 32.8689180641783
1764.59496421209 449.185524314919 252 108.841105348245 264.431022453613
1579.70114705438 428.227122584667 185 43.1987934683111 31.2271225846671
1618.76834662495 435.643349245018 221 8.43965953982066 287.355504423977
1810.49202366769 440.116189816049 238 107.663017797085 63.7856315229448
1639.34114083987 440.895525190785 195 59.8695883917834 24.5795885977315
1730.25176932526 448.232922123024 242 64.9102457511794 142.220960754055
1743.7589537729 436.845706386284 246 77.4847187932836 217.960605065177
1803.32223712606 443.494122353039 243 47.6159382277107 164.806083291292
1629.16419438324 438.879160552262 217 39.5333114095815 200.453551239164
1684.36569465261 443.643106873947 225 28.0408917257641 110.643106873947
1558.76824538907 429.423012261538 198 39.3618457264783 214.998169948294
1652.81715925673 446.07220196277 221 35.4878183117157 32.8689180641783
1548.30922437117 425.758207990717 205 96.4488874076148 96.7582079907175
1601.20174698976 434.589798161204 200 28.1528419916496 40.0431437850995
1764.59496421209 449.185524314919 252 108.841105348245 264.431022453613
1579.70114705438 428.227122584667 185 43.1987934683111 31.2271225846671
1618.76834662495 435.643349245018 221 8.43965953982066 287.355504423977
1558.76824538907 429.423012261538 198 39.3618457264783 214.998169948294
1758.46604270441 450.239686116855 229 42.571916471349 159.644266389735
1652.81715925673 446.07220196277 221 35.4878183117157 32.8689180641783
1548.30922437117 425.758207990717 205 96.4488874076148 96.7582079907175
1601.20174698976 434.589798161204 200 28.1528419916496 40.0431437850995
1764.59496421209 449.185524314919 252 108.841105348245 264.431022453613
1579.70114705438 428.227122584667 185 43.1987934683111 31.2271225846671
1618.76834662495 435.643349245018 221 8.43965953982066 287.355504423977
1810.49202366769 440.116189816049 238 107.663017797085 63.7856315229448
1692.57313337931 442.513515297165 223 25.5934083659987 105.786921403173
1628.2449251993 425.268905218319 193 98.703344066982 54.7210424384011
1669.48972398961 441.462094014782 215 24.4389467895724 162.821274953053
1593.26307357548 429.02848786489 217 79.3534276556914 41.7489018532862
1666.81930627085 450.946230229681 234 78.8795530830738 157.800799071389
1771.86410273851 433.135550354266 245 157.117445330081 142.489261402055
1650.68846810158 439.682246130821 215 16.6709369668733 108.316771907667
1710.06327015534 435.705591654936 242 70.9845140136002 75.8804167479378
1687.51571307218 418.397618219193 237 44.8707887987504 138.622617324311
1583.91419156646 428.112523287691 209 12.1953971086006 55.3022537770754
1775.58497104501 451.104615122992 254 91.6696856852139 108.284002674365
1765.25425190325 450.624634186565 243 55.883691331961 136.624634186565
1651.61085188451 434.382901120958 219 131.798622741071 125.956494249766
1732.42767144451 432.038197088615 225 29.4386857838801 164.842236013952
1652.48563180627 446.881187228253 217 77.0798890018464 71.3353504767655
1562.91798494969 415.449097752414 210 50.6466105243506 113.609422987912
1582.10971230253 436.993252479534 201 68.4122997124279 97.7817333053166
1725.64074862333 439.488644050421 236 1.2658424868102 188.81863230733
1679.01739682588 441.170094474095 220 28.0215516576945 109.276098669991
1542.21050204392 417.038866327779 189 17.7775453629226 36.4731671188119
1490.90373892883 389.98150037142 198 17.3133059475583 55.2405700449403
1821.82944564564 442.055238824351 255 107.063380028489 238.8614466055
1668.46223203366 434.631338674793 215 0.55677678211609 75.8566355131419
1637.20757628023 447.575346869007 206 12.5211996066855 153.575346869007
1559.11613216303 428.110756817958 187 38.0934141644665 45.6649011285708
1581.37883243314 436.57343908811 198 81.3949471328768 161.320645121008
1590.78525780598 425.535491699522 206 54.6082264353026 234.129929531299
1637.20757628023 447.575346869007 206 12.5211996066855 153.575346869007
1645.15600223373 431.509834222274 193 13.9272340906992 167.396497537381
1559.11613216303 428.110756817958 187 38.0934141644665 45.6649011285708
1730.25176932526 448.232922123024 242 64.9102457511794 142.220960754055
1559.11613216303 428.110756817958 187 38.0934141644665 45.6649011285708
1743.7589537729 436.845706386284 246 77.4847187932836 217.960605065177
1707.92294963163 444.251287061492 237 62.175951429102 186.545467371991
1544.47051139519 431.49168741764 197 14.9736080435535 107.49168741764
1643.8234158203 441.277786823288 215 64.0592188255348 165.473184950031
1803.32223712606 443.494122353039 243 47.6159382277107 164.806083291292
1588.06334868387 435.931185264528 198 72.667287925429 189.940495104987
1629.16419438324 438.879160552262 217 39.5333114095815 200.453551239164
1701.21952684732 444.801070764962 225 16.7767018457699 274.084212769712
1572.83065521887 420.793210372051 170 15.8525804031086 212.003258773413
1558.76824538907 429.423012261538 198 39.3618457264783 214.998169948294
1556.54495916526 420.263602447132 198 93.067821764505 136.484751425988
1658.98461784664 449.968979855031 227 84.8239262614762 98.577776566883
1652.81715925673 446.07220196277 221 35.4878183117157 32.8689180641783
1697.07127634815 440.73220780717 227 16.5806728072471 295.408463410581
1861.65445623777 446.538101087401 258 86.5722250636848 315.849584801233
1548.30922437117 425.758207990717 205 96.4488874076148 96.7582079907175
1601.20174698976 434.589798161204 200 28.1528419916496 40.0431437850995
1860.52234431252 452.522580742486 246 48.1056787444426 211.068495282781
1832.43824715372 449.20821273185 271 84.8548826352534 256.217200194777
1699.17112202297 445.075471040188 235 21.4907674156671 278.959299665741
1810.49202366769 440.116189816049 238 107.663017797085 63.7856315229448
1647.01372674363 414.818055163379 199 183.276049702423 33.6618439708074
1692.57313337931 442.513515297165 223 25.5934083659987 105.786921403173
1590.09527151952 421.142888230871 198 21.3529852825678 97.0257263008886
1658.06860317146 431.573158663783 225 39.094259609812 176.743064324066
1590.47356044117 422.947852699268 204 31.6227444725476 118.876784887403
1653.69915515366 444.810728254433 218 59.5433771909987 234.586609821803
1738.78875935235 433.403681652479 228 24.2850239639654 44.8038105596038
1562.73465009694 413.645205116132 217 90.1468552859944 82.1501075481682
1711.4854248424 441.239332150545 225 141.56459717811 115.546344119303
1634.94660526284 442.767831134182 234 67.6108515743253 146.767831134182
1771.86410273851 433.135550354266 245 157.117445330081 142.489261402055
1650.68846810158 439.682246130821 215 16.6709369668733 108.316771907667
1678.5241583577 436.56507841667 217 93.8619881036845 184.698953157427
1712.710985413 449.198432477217 231 83.7632161382934 124.182916138354
1721.33152004278 440.326091340641 242 74.9684419673599 90.7245677556865
1585.00707155708 441.807206171783 198 62.6165670543108 225.78852198751
1538.21335322343 427.913966314703 180 7.82488994558518 102.047183706898
1726.88284488677 442.088200681393 227 45.8315773391047 130.901311566234
1687.51571307218 418.397618219193 237 44.8707887987504 138.622617324311
1775.58497104501 451.104615122992 254 91.6696856852139 108.284002674365
1722.99588203104 438.632905998224 224 40.9431013826993 124.632905998224
1651.61085188451 434.382901120958 219 131.798622741071 125.956494249766
1732.42767144451 432.038197088615 225 29.4386857838801 164.842236013952
1828.3383979877 447.87404537388 236 43.85035952251 209.126711980928
1631.67934008624 439.31415995905 217 69.7237540185563 66.9159695561523
1708.03329489756 439.345313258367 235 98.1948459440511 248.78587443781
1652.98732743861 439.975997519094 203 93.4713208609514 42.9018441147776
1725.64074862333 439.488644050421 236 1.2658424868102 188.81863230733
1679.01739682588 441.170094474095 220 28.0215516576945 109.276098669991
1591.0632431251 415.068855739662 201 139.9998210838 120.08260905888
1602.372299179 429.866284706546 201 23.304844792152 41.6607968592411
1493.71414074027 389.560488530326 198 16.3196788581943 62.0688599013338
1834.70401599687 444.486671269974 246 22.7005929694175 212.038759270085
1618.93935355662 421.000914553856 212 7.37093977193065 194.43704567204
1740.45890141242 438.04887714699 232 61.301479593529 123.404914204157
1651.01799721923 441.887144448932 207 67.1393770459438 49.4234319999316
1743.7589537729 436.845706386284 246 77.4847187932836 217.960605065177
1685.83709409986 421.43631593423 227 54.3674223216927 160.091486394623
1603.02769986157 436.875789090886 199 5.72948448234654 139.929769368483
1860.38112003621 443.551502504481 249 67.7892997440584 160.507984784599
1588.06334868387 435.931185264528 198 72.667287925429 189.940495104987
1848.69372862123 443.580656579308 246 124.551001346216 213.417945006003
1621.67131376963 435.842858413623 207 42.1824447558322 168.335736574813
1599.7799535517 435.255159546221 206 8.27533470437781 173.010720070737
1698.59885701881 436.79160603485 225 108.231143858028 140.79160603485
1741.43153533038 435.93911325893 229 37.9510654205444 224.357467202557
