1598.39623650628 466.722844725319 290 77.7533314814989 197.676921532307
1678.47624513805 450.057405842162 340 98.5436765223416 115.753659280411
2068.79615990042 474.295879262478 540 194.860232697487 429.571861246782
1623.64924497461 470.576082920861 310 5.56683308920932 279.840877100229
1990.26797016173 466.518506248597 520 37.6409201836486 577.072025138015
1770.82459930979 474.836986231057 400 6.55964395919231 417.909677765146
1685.74801616255 465.312424201622 330 110.343317792227 178.536122541947
1767.56476354569 459.628827720918 380 5.85038082645163 427.258082995353
1908.24065352202 472.414166047713 430 3.7251592743312 539.815513190731
1581.53749133008 456.721091987553 290 14.3991716849157 218.003474054487
1905.62830906054 466.349607208175 430 3.46224526139851 671.155344692994
1623.24842262741 428.979597902075 360 52.0554361446312 195.391719574993
2009.81060641592 469.606872082411 520 14.9451336667441 666.072767321884
1850.79679202187 472.22088460508 460 117.785817036835 416.68447407906
1732.06219228297 438.124628407828 400 7.21840244469519 355.588445811481
1598.34063933185 463.496844158177 310 14.5147764253944 288.777894913675
1665.8005415822 430.890501996417 380 58.929411624833 545.892675664963
1990.26797016173 466.518506248597 520 37.6409201836486 577.072025138015
1765.04101328189 473.980620861608 400 4.51483750924002 429.88585362385
1942.13016979701 488.417998899661 467 1.56737655352746 504.231662378926
1641.08813631788 425.910478889328 360 43.1565138380964 326.30695207751
1652.92549450588 408.402650764504 360 9.07250101116358 405.762040083272
1908.24065352202 472.414166047713 430 3.7251592743312 539.815513190731
1634.17554910578 395.504621229366 380 40.5411168808422 336.755031089649
2031.78055597781 473.090179822455 500 8.9418513562997 607.607635999549
1639.97090057225 419.376772785054 360 16.0238177468377 283.176782353182
1595.40217387264 425.359752093978 360 84.4002798820299 329.322547455316
1674.06219443114 426.444172048148 360 63.4010834686665 195.630511263597
1745.34042341033 434.247557891375 360 3.35795887875179 576.436406354612
1623.24842262741 428.979597902075 360 52.0554361446312 195.391719574993
1776.87852090369 437.374290599898 399 6.56546542331733 587.661281301392
1814.64285146434 451.819842951589 385 1.6138887855861 506.525799233176
1620.17478307682 417.871587107577 360 64.6023251008992 239.02149671044
1700.43453479638 430.580484539378 390 15.0946278045452 290.723538790025
1732.06219228297 438.124628407828 400 7.21840244469519 355.588445811481
1598.34063933185 463.496844158177 310 14.5147764253944 288.777894913675
1625.60518647875 413.95341808484 360 35.6396089960905 259.111595220223
1981.10938870646 464.09079683568 520 40.8789677101848 605.415454820365
1690.37922256945 435.699586680934 400 30.9117667633883 331.638510337283
1920.0776946707 451.385402079303 470 110.270238805496 429.216785966089
1506.10343851325 393.153975292774 360 30.8496223094371 350.896832545566
1755.57615389889 458.564054953497 380 8.87205861875591 504.418584655181
1706.92007795062 440.918670388693 370 1.65672509489365 453.146450061431
1672.8993882603 438.283379607968 380 41.7557658537065 325.693680412433
1600.18522938693 401.336150243118 360 131.363391436567 190.817711767928
1639.07300841242 404.483291755114 360 156.334910445059 121.489816619529
1824.65400096936 451.886226372117 487 43.1014743564523 463.170816500572
1647.34906420868 416.704901291827 360 62.4348065311831 191.557082070341
1909.98663224533 451.462335782304 510 9.56468701368307 438.46295328699
1637.32848514451 441.556911145527 370 66.2440173179082 266.599456187157
1703.62079745494 428.307331934273 370 42.8140865111777 171.318616659805
1908.24065352202 472.414166047713 430 3.7251592743312 539.815513190731
1634.17554910578 395.504621229366 380 40.5411168808422 336.755031089649
1692.72600772839 449.539213833849 360 6.45484521549886 521.092637590909
1900.34029047193 426.392003943915 470 37.5293001737841 493.505483006812
1705.41253665044 418.130322378425 360 102.768929232898 191.993589004152
1596.43773854782 425.517638251035 360 84.7664072841198 325.012022022871
2027.14152090888 464.89758794682 500 8.00177238991172 774.26243286175
1674.06219443114 426.444172048148 360 63.4010834686665 195.630511263597
1745.34042341033 434.247557891375 360 3.35795887875179 576.436406354612
1550.3832603376 394.729023254056 360 51.0070712594074 303.565013405245
1783.92046970998 447.88700206963 400 1.92942949862444 644.684766328345
1641.12726241319 424.631471190557 360 72.0101452116075 271.630204555241
1700.43453479638 430.580484539378 390 15.0946278045452 290.723538790025
1667.51834849709 428.295116747658 360 58.510267743362 370.406870713336
1754.76314838261 440.260166069467 380 0.807597554040325 337.995058796397
1675.60650979659 465.226514397925 340 12.8028340545549 269.124944079751
1740.20264596546 433.128314973506 440 19.5169192048428 423.570054641567
1625.60518647875 413.95341808484 360 35.6396089960905 259.111595220223
2053.90915867476 467.320467221411 540 15.1403622034808 643.489630784693
1599.77231377313 388.006397541335 360 14.2261105599966 407.751722146344
1870.57286797856 435.314452511934 460 92.7676394777577 364.93298769661
1757.17980733932 459.083111771727 380 9.43903572995521 505.45669829164
1675.12669946875 425.636799923783 370 9.58393166578661 407.299874150309
1720.71401062387 454.477176520145 390 58.1158027699838 358.566500710988
1600.18522938693 401.336150243118 360 131.363391436567 190.817711767928
1638.39143815628 404.009311328141 360 156.575881920045 105.096068677872
1799.64264970577 446.158922877946 487 51.9443223990148 449.209762113225
1909.98663224533 451.462335782304 510 9.56468701368307 438.46295328699
1637.32848514451 441.556911145527 370 66.2440173179082 266.599456187157
1611.37611272817 403.454444371688 360 3.02535948974976 320.118145684426
1615.84659348449 405.906463549295 380 26.6280122151557 372.384645773818
1970.54104252043 493.840657552023 410 0.592345253738561 455.399477165671
1804.71426704202 428.893100805664 450 63.3915689907217 524.129428457971
1692.72600772839 449.539213833849 360 6.45484521549886 521.092637590909
1900.34029047193 426.392003943915 470 37.5293001737841 493.505483006812
1748.98357169443 438.789197387601 390 20.024860938406 309.274771592171
2082.63326793931 451.343465796399 500 184.047914361756 379.481457504428
2102.99251401547 465.896505345448 550 185.771814326437 509.915314778127
1596.43773854782 425.517638251035 360 84.7664072841198 325.012022022871
2027.14152090888 464.89758794682 500 8.00177238991172 774.26243286175
1622.30451202126 405.312177625842 350 53.1472944894072 249.905075368521
1802.10760572183 437.374325525976 440 39.3213359786997 386.118226068559
1933.55500100839 467.099589794102 420 1.74984449153773 499.408041946214
2042.17952666399 474.001597248962 520 86.5041836424969 422.041575016605
1724.41550058812 422.010831485223 380 81.2036655880457 142.935276978981
1745.34042341033 434.247557891375 360 3.35795887875179 576.436406354612
1926.53520325979 475.64162681609 440 0.574399171335016 530.151871430641
1555.44735804736 400.627367841574 360 49.2166423438281 302.336386777443
1802.19032894431 425.445289881445 400 87.3319960742219 274.096056559877
1596.25666602081 390.231777876351 360 110.785075865727 349.221205404756
2097.17604504636 464.965519460942 530 18.07421625284 674.991432333924
1896.60827615628 448.750172382938 460 61.0307710377007 373.778613834032
2113.08697276321 469.110868774545 520 1.59673877566118 442.109798980733
1808.69784050822 436.914228690905 440 5.99122521465013 368.606746106567
1740.20264596546 433.128314973506 440 19.5169192048428 423.570054641567
2019.19037150882 472.707060035014 500 7.73301113356725 487.982358341465
1859.25416113326 434.451612115593 460 16.1614270959093 265.127458634155
2053.90915867476 467.320467221411 540 15.1403622034808 643.489630784693
2028.01547738289 462.525765793255 520 100.075246919358 446.179699257305
1608.41182454355 420.714781809961 360 38.3907917232006 362.403181411313
1675.12669946875 425.636799923783 370 9.58393166578661 407.299874150309
1764.61550936196 428.827128780295 430 33.3492852484932 285.491145376173
1799.64264970577 446.158922877946 487 51.9443223990148 449.209762113225
1909.98663224533 451.462335782304 510 9.56468701368307 438.46295328699
2001.48307367325 444.176815703543 530 43.5957440676472 526.482758125185
1561.64836343441 414.020740127089 360 17.2847453351909 447.968141209244
1619.64158663984 407.285396266533 360 0.103073163416116 313.250321593964
1615.84659348449 405.906463549295 380 26.6280122151557 372.384645773818
1841.64746393155 465.627528520254 420 3.51799981132066 571.569591796984
1871.93851569258 431.711828764801 460 69.9460323965793 508.316525012888
1736.38797521012 449.217276375985 380 21.8916818586377 400.592162006577
1900.34029047193 426.392003943915 470 37.5293001737841 493.505483006812
1652.32208329237 418.881288932171 370 66.843462675015 223.92536240749
1748.98357169443 438.789197387601 390 20.024860938406 309.274771592171
2082.63326793931 451.343465796399 500 184.047914361756 379.481457504428
1687.37687879834 411.418720953625 380 125.704113920106 199.304482031189
2125.31529554966 472.08550992893 550 193.664109425325 532.583598712983
1734.51027693221 411.439068113051 420 126.315807055372 273.344116820578
1596.2530743025 425.963425338746 360 84.7011186140666 335.457809110582
1835.10355128077 431.252901182992 420 2.76474429081063 399.376633543407
1780.58196605058 432.345285935658 440 31.7108730882409 376.060146887924
1818.34005751943 429.254028800285 420 5.62881136862296 622.130349906148
1927.43160734948 463.339212143999 420 0.415102098504241 502.184066799338
1989.07679164966 451.250530314656 520 67.7295316284034 392.042124326593
1802.19032894431 425.445289881445 400 87.3319960742219 274.096056559877
1843.16567469783 456.924443268895 450 33.3738529600634 379.181775774502
1596.25666602081 390.231777876351 360 110.785075865727 349.221205404756
1788.35836229081 425.962636050881 420 2.16478434899955 235.258988654869
2097.17604504636 464.965519460942 530 18.07421625284 674.991432333924
1832.09060093906 419.309728651466 440 96.0059123407545 571.434024678861
2142.17782478133 469.705990564345 560 212.011472802113 391.931483446766
1883.02279648901 444.091658089463 460 56.2275786384998 355.144556660132
1875.90269210924 454.041695664185 450 37.8284835321291 371.578066654579
1666.93874308386 430.094765656722 360 58.3053462843067 374.006168531466
1877.71699756656 461.018154402416 420 60.747883814177 242.068624588563
1731.01068417761 425.918533349351 440 22.76676846114 426.360273017411
1930.62624083645 436.724286162016 460 130.903846955024 240.900639530158
1839.28400193706 474.349041113149 390 71.3395180849904 216.829954430275
1721.75621166478 441.191607538494 350 20.0443482779404 351.555709901821
1875.37739555987 443.743490800559 460 69.6293252948523 283.038493790735
2125.39772309085 471.668935636128 520 16.9919691028198 570.879789770695
1667.65206489113 424.509391114345 380 20.3307236723381 250.125629475831
1995.5592784855 452.94723498693 520 62.4642409330014 670.059563158407
1696.10949538834 393.102232067752 360 181.455082398837 368.661371654064
2028.01547738289 462.525765793255 520 100.075246919358 446.179699257305
1590.09839643877 415.495906582725 360 44.8655663230292 346.746555729606
1675.12669946875 425.636799923783 370 9.58393166578661 407.299874150309
1748.67882849888 444.582403128089 370 9.16051926588427 161.163555628403
1987.04277572479 471.165222827901 510 32.8830429973517 615.563081299803
1954.62949074225 466.63641149801 520 47.9233027710547 462.460431277241
1756.30024581648 430.232259865693 430 30.4093956283128 290.001620358714
1886.92765297624 461.3629819564 480 44.0408495880801 478.077265120857
1871.0561133021 442.023077687548 507 16.5717091664361 507.06747671107
1670.20207691548 407.631314092458 420 28.2481709640948 379.413683072365
1919.30519081302 453.545564173768 510 12.8592949907314 436.085958815941
2006.40796167748 443.068389878965 530 41.8545332154578 522.960828059665
2105.02909492475 464.975898969829 520 22.7281289707021 550.863035749476
1995.25690317381 472.616695883756 510 127.685725912181 399.994040033172
1802.19032894431 425.445289881445 400 87.3319960742219 274.096056559877
1991.71932246079 473.551773504898 520 44.5608141313186 485.173768919948
1596.25666602081 390.231777876351 360 110.785075865727 349.221205404756
1788.35836229081 425.962636050881 420 2.16478434899955 235.258988654869
2097.17604504636 464.965519460942 530 18.07421625284 674.991432333924
2142.17782478133 469.705990564345 560 212.011472802113 391.931483446766
1882.63451092385 439.657676957406 460 56.0902989604193 347.726134737293
1803.5664745722 464.941614704403 430 32.3329032590247 384.488316645117
1920.2861004492 425.15566358302 520 59.1854178946108 528.601771569559
1666.93874308386 430.094765656722 360 58.3053462843067 374.006168531466
1912.42926235184 460.891617778527 430 24.3950884483575 246.17770647576
1719.85887789651 458.894370077848 360 28.4484088380623 298.663609267837
1735.00140693325 428.946682509993 440 21.3558348999651 409.165163639331
1875.45599698793 453.221813139121 420 17.0306009573715 499.812042474434
1939.52324451782 465.705780102484 430 5.72500255077123 570.713551987578
2063.76878519475 454.006486570446 520 37.31585137267 535.933680635143
1997.1589565374 470.208607723469 510 127.013248496393 384.707656541241
1812.65534661433 426.209951840994 400 83.6320535943671 260.314937035761
1886.61525408671 466.45441964693 470 7.40091439251634 388.672169465079
1926.16381349398 438.544667912101 490 6.18640459016099 277.115752729285
2142.17782478133 469.705990564345 560 212.011472802113 391.931483446766
1811.2767722833 463.518245451629 430 35.0589051572657 383.064947392342
1920.2861004492 425.15566358302 520 59.1854178946108 528.601771569559
1965.54351249169 460.59458776838 490 68.7615487968448 409.830657531565
2048.11397123401 466.41049365808 530 194.044098233338 568.329458517556
1666.93874308386 430.094765656722 360 58.3053462843067 374.006168531466
2010.31778700364 473.634842912341 440 22.0473972826945 307.780819079092
1871.44998561113 457.889390641271 410 25.1471412782323 331.045594440829
1735.00140693325 428.946682509993 440 21.3558348999651 409.165163639331
1871.05667165105 453.24893724287 420 18.5859973465493 490.766903236923
1909.00474648293 436.598594088568 460 88.3004290307553 218.435927196717
