1850.16800948495 455.453579505689 440 6.79080679141298 650.36620265627
1873.8332765255 477.465637937444 403 4.07589716422404 494.294249120994
1677.22961714776 458.27397766562 340 19.5254126786561 291.152716756932
1845.05800732361 465.307943490439 430 21.577535091992 377.410215708698
1678.77517446783 473.098961533134 300 27.7280829824318 203.104330639947
1616.01315120181 463.22397613678 310 32.7016304337903 160.439925720441
1933.79650498769 457.852946087647 500 28.9155146070076 460.156756436214
1680.39267725282 457.978368715082 340 3.24632862021602 359.123704165888
1550.91593063559 392.442109826806 360 9.63067260681689 353.867919699297
1706.11267981282 424.224482127562 377 123.457110645635 178.867489439405
1873.8332765255 477.465637937444 403 4.07589716422404 494.294249120994
1677.22961714776 458.27397766562 340 19.5254126786561 291.152716756932
1845.05800732361 465.307943490439 430 21.577535091992 377.410215708698
1678.77517446783 473.098961533134 300 27.7280829824318 203.104330639947
1616.01315120181 463.22397613678 310 32.7016304337903 160.439925720441
1933.79650498769 457.852946087647 500 28.9155146070076 460.156756436214
1680.39267725282 457.978368715082 340 3.24632862021602 359.123704165888
1969.23329533721 469.183867107476 460 8.5076974838188 515.280520130539
1900.48239505344 457.379192427258 440 51.9019409828063 327.938007934713
1638.32618981773 418.322166343461 340 1.86217027632 297.771752584295
1595.67572093428 403.742913393888 360 32.9708965664227 289.303288678551
1658.68610177315 401.401497160351 370 89.8686637125668 423.56062949075
1553.06271599819 393.810981382678 360 10.3896758506409 357.974534366914
1680.7021602747 434.713477339542 380 26.5770944777104 452.90608465644
1706.11267981282 424.224482127562 377 123.457110645635 178.867489439405
1681.96834165576 428.567523639035 400 50.1328131303559 368.126244648101
1727.50452858424 422.199637075763 360 30.7182087515846 213.286355840536
1611.62247513113 397.03610034506 370 185.244439962401 379.531066072164
2064.25730621818 450.401788815153 530 155.096103500443 466.719644780434
1616.70437343721 421.278197995153 360 24.812583774366 249.231608601336
1665.10790636242 425.62086621188 360 22.9970854786214 317.987870519054
1826.66117489244 398.004427537562 480 173.720312521379 365.766201242644
2135.13452712535 461.13165978668 540 66.7372447366371 448.984432785684
2028.83420531712 445.252297109198 520 24.9630317417839 439.442366715168
1699.13414566285 427.591275973062 370 58.5716918243692 264.981803103499
1762.20178339558 439.572216208251 430 8.74893916275014 210.151733158103
1933.79650498769 457.852946087647 500 28.9155146070076 460.156756436214
1852.03304347819 425.934310608036 447 92.3024369178374 389.991332878825
1746.33778144514 467.138984950257 360 37.4355912888629 272.541392391371
2117.29270288173 464.191112050201 530 209.745541840655 461.714396253589
2061.6448106183 452.178564063569 550 155.147057804991 536.581662203174
1969.23329533721 469.183867107476 460 8.5076974838188 515.280520130539
1803.5751165413 456.700814899153 440 99.8964148474247 549.440540907768
1798.15993801046 422.579142146008 437 11.6761790009636 407.005765636068
1940.89530173786 430.335046327129 520 195.733196085201 462.100676844482
1553.06271599819 393.810981382678 360 10.3896758506409 357.974534366914
1685.7610967365 437.418021622318 380 28.3656986165744 513.351761228004
1979.67105417983 467.024233590844 490 22.9022182524859 541.243391099627
1706.11267981282 424.224482127562 377 123.457110645635 178.867489439405
1735.07842634116 422.879281427061 400 44.9813505797093 298.520245302076
1727.50452858424 422.199637075763 360 30.7182087515846 213.286355840536
1611.62247513113 397.03610034506 370 185.244439962401 379.531066072164
1945.85411098106 464.416330936987 420 0.905546034568894 640.894409341335
2062.89494908127 447.721925595164 530 154.614437515489 455.356247541086
1572.44308339418 397.887690921924 370 59.2901737025262 236.334377138519
1616.70437343721 421.278197995153 360 24.812583774366 249.231608601336
1665.10790636242 425.62086621188 360 22.9970854786214 317.987870519054
1833.0327448944 444.338469207979 460 170.121034047146 421.68127727561
2049.90014803175 447.626697095702 520 88.4883811754343 384.783458609
1699.13414566285 427.591275973062 370 58.5716918243692 264.981803103499
1762.20178339558 439.572216208251 430 8.74893916275014 210.151733158103
1845.80851128889 475.055335147891 430 127.839723660955 314.232935484653
2031.45500069729 456.173006154347 540 125.827203371702 503.96026154173
1710.39385178293 411.191361421828 400 2.25018106084214 324.946625174948
1805.61705138519 419.490035499302 460 16.4027658185492 391.262145161195
1656.36795312155 442.427609536017 360 97.0795083310483 240.95663465139
1656.36795312155 442.427609536017 360 97.0795083310483 240.95663465139
1813.17871988451 469.373329849021 430 177.140491906314 392.371758356859
2061.6448106183 452.178564063569 550 155.147057804991 536.581662203174
1998.84462415108 436.023320580999 520 1.96148821829802 522.681159638165
1683.39934056468 413.324616765091 340 28.8728336881014 310.421679330493
1803.5751165413 456.700814899153 440 99.8964148474247 549.440540907768
1997.93793712849 434.301645242188 500 212.970934123843 552.831039947041
1553.06271599819 393.810981382678 360 10.3896758506409 357.974534366914
1676.71875052401 432.808667008253 380 25.1687464542311 519.964003894719
1780.40752814066 438.345305514571 380 88.9620270984575 260.175769506071
1660.12229912219 438.105381270631 360 101.968154401252 235.503357938104
1883.59304348197 436.812218478072 480 65.4269811905868 556.878619322091
1727.50452858424 422.199637075763 360 30.7182087515846 213.286355840536
1611.62247513113 397.03610034506 370 185.244439962401 379.531066072164
1941.28336641746 464.218291909801 420 0.71045620342874 640.300292259778
1929.72846377332 404.060924336335 490 242.112641990561 405.557003953059
2062.89494908127 447.721925595164 530 154.614437515489 455.356247541086
1632.90961047784 420.663362802288 360 30.5420002754478 236.171843875888
1665.10790636242 425.62086621188 360 22.9970854786214 317.987870519054
2004.98570752961 469.069311476521 480 20.7226882868485 499.569230362801
1805.56961546506 437.607835234769 370 87.5833656069531 225.052975056702
1841.31314527129 461.372732985249 440 101.118036528195 343.531821462688
1875.55673152195 470.344064367481 430 75.9998538914799 227.281169136206
1973.20681183203 426.356898250856 470 214.115361152144 410.510372685682
1833.0327448944 444.338469207979 460 170.121034047146 421.68127727561
2049.90014803175 447.626697095702 520 88.4883811754343 384.783458609
2005.40205743111 469.025623450135 520 108.199400728783 708.09527421794
1620.06298452617 416.277178977793 360 30.6158147063473 201.692386738999
1798.27531248932 460.438438557544 430 124.642602291621 527.421852022896
1702.70021185918 418.65836098617 370 43.6295207325419 247.740430023913
1762.20178339558 439.572216208251 430 8.74893916275014 210.151733158103
1845.80851128889 475.055335147891 430 127.839723660955 314.232935484653
1865.5711062228 424.702741378933 430 28.4391097159998 349.502880287751
1611.82791422099 390.265874102022 360 173.733455951752 173.917771524808
2024.56398337935 455.063734078714 540 123.390860834308 499.523173239196
1710.39385178293 411.191361421828 400 2.25018106084214 324.946625174948
1805.37637955985 422.054403710659 460 16.4878561584204 393.826513372552
1873.78451732537 467.150501493293 430 46.7862456566798 456.688174371525
1883.21641849536 430.86462877044 480 128.65078823866 283.152265289592
1728.5546738479 463.998188881808 360 46.5314708518044 286.641842170795
1873.78451732537 467.150501493293 430 46.7862456566798 456.688174371525
1874.29500143568 466.787214202987 440 61.6568838481709 407.658383511192
1859.46964770021 473.624457176608 430 19.5953965624634 473.873056252237
1875.47119981454 473.190051594902 430 19.1659975834821 539.204582675137
1819.73445520762 467.848309860913 447 60.4760173284244 520.438752160136
1847.61193206531 465.759565874188 430 28.3826245028312 673.331273552599
1856.79711693116 466.53991051001 430 49.5111897262409 609.364886280778
1877.31695926844 469.829834420657 430 48.0351524827272 441.019305452376
2061.6448106183 452.178564063569 550 155.147057804991 536.581662203174
1824.23702661805 429.738425261731 440 164.927167934489 535.446332041371
1735.74194633888 407.733585241862 380 98.5958290170224 252.421792216831
1998.84462415108 436.023320580999 520 1.96148821829802 522.681159638165
1817.8291440461 466.833589465781 430 42.1222303328787 486.548593233949
1774.29469262942 431.885585857292 430 88.0481486463762 439.564048987715
1821.92150388474 466.984324293805 440 106.382842297837 590.80717547201
1902.39140036005 440.610395870003 520 56.975346334982 435.418060156296
1873.54530106482 472.863672669869 440 51.3998369271416 583.740250984972
1553.06271599819 393.810981382678 360 10.3896758506409 357.974534366914
1705.67700214568 430.455460512368 370 62.5407962521136 266.545465274501
1874.21911281119 467.926202073315 440 82.0972267925745 467.472505520932
1985.25032303877 474.343204800473 510 17.5525003080877 410.218692445405
1883.59304348197 436.812218478072 480 65.4269811905868 556.878619322091
2022.6785828084 457.655018523929 530 20.9613455094687 457.518369367707
1611.62247513113 397.03610034506 370 185.244439962401 379.531066072164
1562.82844720921 393.595961271022 370 54.2250108037484 249.306760829488
1929.72846377332 404.060924336335 490 242.112641990561 405.557003953059
2063.62739235032 447.721925595164 530 154.873395316679 464.981995981188
1719.14228502077 429.984309879841 380 97.5560467194792 268.971731065206
1738.60463933533 454.676295862987 360 2.96522134180134 517.656165486076
1632.90961047784 420.663362802288 360 30.5420002754478 236.171843875888
1690.06507373287 441.034620078932 360 14.1733943351983 461.928691890162
1878.60120312765 461.668362133936 430 67.3368962118857 462.416143583949
2058.56692384415 465.299489046557 510 1.77886758672914 622.164439488101
1840.78800310826 465.576861703454 440 101.303702320479 383.393862479846
1867.61726476248 467.049498598222 440 150.920959628103 576.546808966053
1875.55673152195 470.344064367481 430 75.9998538914799 227.281169136206
1923.07519694574 399.436929612134 500 240.106709804829 432.447118352766
1964.79830289535 423.356898250856 470 211.142504307746 395.229974064287
1836.17145840469 460.934999408533 430 48.7481549132669 518.035523150079
1840.58877407771 449.699145797219 460 167.449574309964 517.738949006134
2131.51448143763 469.940069093885 540 47.8424624591103 621.588252623795
1882.96290265853 469.276420225614 430 18.6563027079945 420.275369928932
1834.96628645191 461.398084428888 440 126.618014891944 541.988514307121
1869.25573678782 461.783750587397 440 51.3499678108812 360.933171747227
1762.20178339558 439.572216208251 430 8.74893916275014 210.151733158103
1665.76514926941 422.730074394224 360 76.4962944599552 191.461220556121
1686.21014400162 393.958476689447 410 184.266267548521 267.783241704914
1879.53238767365 429.474114751131 430 33.3751681099752 354.877622684919
2031.98836377747 453.009200915377 540 120.765945971499 493.359573749186
2077.00812354461 457.65582319694 550 149.71530642915 611.742440134458
1878.94494781468 461.187691014109 447 96.3110974632013 454.593288382469
1856.48589470796 443.678286074358 440 134.886002824496 572.148153776108
1681.73063134867 411.040746841447 370 117.691712562213 255.728953816416
1818.08782393893 466.503069061367 430 42.0307731796911 483.923166020338
1825.22387578927 448.894506301641 430 130.311357067341 574.859226193994
1786.34835921579 437.406457153689 430 83.7865339556839 474.14025168419
1824.26239820611 465.670227298536 440 107.210473422179 584.236690495664
1911.67621457765 444.752531493734 520 60.2580238826442 426.631263591892
1948.52908064724 468.690675158048 500 120.295019162582 638.155836402428
1553.06271599819 393.810981382678 360 10.3896758506409 357.974534366914
1674.88059164922 442.340031356136 370 120.385055937519 311.332147041784
2073.60281394631 471.953260651393 540 124.02318387261 654.558396061394
1930.11803280596 454.954214380648 495 38.1320168728794 398.161185079988
2077.00812354461 457.65582319694 550 149.71530642915 611.742440134458
1880.60723047615 459.20851152345 447 95.7233917921138 444.697390929175
1973.48098317251 460.365049940211 465 54.7128675079411 379.890300325253
1861.188697058 465.24318923743 430 54.2437049613704 329.588012272052
1881.75615982633 469.445630708923 430 16.2118760230016 601.198208791808
2008.6362093946 450.731767968146 540 46.9530533199852 519.395907481164
1826.83169987061 454.67227914636 430 129.742905411905 602.359727434962
1772.66194839445 427.152970377647 430 88.6254109066202 365.989647845613
1931.93644489369 464.890442083409 490 72.8150403466085 532.627106408459
1705.12953277828 386.133708879544 390 142.681952108998 209.962410654366
2034.49410914013 467.270807232718 445 14.9425946803366 256.803168872631
1824.26239820611 465.670227298536 440 107.210473422179 584.236690495664
1849.42509036379 424.821364153949 429 122.373083135337 485.701624324882
1966.57609560437 465.917196655927 520 79.6680629628063 506.874357250433
1550.91593063559 392.442109826806 360 9.63067260681689 353.867919699297
1842.15148370089 428.114710513514 420 120.025440768471 376.390280885942
2070.95901510091 459.280637597355 540 64.3664981882309 476.869819157583
1593.04423985655 391.036009421311 370 209.569580876452 292.826144668913
1884.28012268408 442.485474235274 490 21.9258683315794 426.278091262583
1860.89975249764 456.529538757726 440 77.3881217931836 464.338824334606
1985.25032303877 474.343204800473 510 17.5525003080877 410.218692445405
2033.76285763692 468.834631490736 460 141.543932716411 363.379327762644
1894.28516056284 443.365002086093 420 95.2645835192962 311.113974458959
1909.29397859219 462.166695512725 470 2.40728491698332 578.915381039853
1995.65373954109 466.452297027023 490 131.468594486311 620.144248803594
2076.13311262158 450.641607469421 510 29.6339318694533 363.460230069879
2014.89055794806 458.595874677443 530 23.7148281048671 508.147256188853
1907.12977659824 468.551233851055 450 57.6230447547239 703.76843015688
1792.74604415028 441.207981429828 420 85.7651041406753 463.341232244575
1599.4168027098 402.239079096984 380 60.8490852023262 313.555691495819
1927.10319160321 402.521933064184 490 241.184468113588 404.088856268388
