5931.94080879308 1901.65679991556 760 211.788439229194 3777.98623600077
5998.86337410324 1918.11631448627 769 437.9771125724 2566.23533908105
6086.11764033273 1905.68740312917 830 350.353809342992 4602.28498809846
5982.29756192263 1904.87405612316 750 342.485801011615 2862.80003287195
6011.22421414334 1911.80691020406 780 345.763934099767 2757.40879693805
6003.5383951348 1916.00142652465 760 220.607236904745 1437.93109295559
6120.18606691507 1908.89722567375 830 251.236310836388 3856.96886002568
6108.86521225391 1912.69106804653 800 192.766465580235 4433.25646081907
5885.59755672042 1908.43784505129 690 196.396183150756 2871.92543451822
6014.42643806111 1901.61842870931 739 266.503920081585 2674.42577732717
5885.9627522142 1903.822210971 700 279.574734814496 2522.01043206549
5991.56621012109 1910.17813049244 740 374.790955349507 1354.48966375506
5954.04874230337 1902.62190635485 760 391.195045802093 2451.2705443258
6056.42556718143 1906.70345648363 750 292.372031134713 1774.02747644746
6020.87623432514 1913.98020531651 790 263.744226785748 2465.90210429573
6038.84333966616 1906.81550883471 760 386.245086339746 2054.36268633797
6054.45226286257 1897.54453844029 775 290.922419155786 3101.860543595
6044.98703364379 1903.99012116333 760 377.329609534612 2359.66146245724
6053.43116682053 1905.44670741782 780 320.345287191833 1923.09493580498
5993.68031953291 1898.60293367351 769 273.705055662602 2461.13982601666
6226.4991274063 1912.23325804229 868 439.636383190318 1482.29926263025
5960.32063082861 1911.74248638527 740 240.018187388512 2691.77837359673
5936.55994969757 1907.8431625919 700 239.266933711208 1533.3897520073
6112.90016531966 1911.34782502004 800 244.107909069408 3077.54705021712
6088.94543065659 1911.83570686224 793 157.640042496411 2731.97904042641
5928.83139840775 1904.98941586707 710 346.440713609851 3268.07173791619
6166.88864956476 1904.28609046196 860 335.201658353046 3787.23383447036
5856.08423750041 1905.94236950962 670 279.827837307188 1447.27868731598
6060.8915164212 1908.64380226897 830 351.272000134555 4688.43804987582
6021.07680975196 1905.15903957169 800 284.351585866292 4570.8968575278
6091.43244708768 1916.52510844577 793 187.666995860084 3617.46667191922
6138.47270431386 1907.74484651307 786 236.841553350431 2861.30315410592
6029.83238684968 1913.59284905381 780 347.159785286798 2330.51483081118
6031.28476142417 1915.07416801951 737 314.214041863779 2196.85117749816
5959.44597472693 1907.03599775425 750 397.874479274434 1605.73444896429
5962.13687413418 1911.0814246546 760 217.925984158541 2264.75950131092
5805.3705925034 1912.83900859696 656 257.082045968097 3872.6685663656
5926.46434892321 1907.26578516492 703 349.03641354017 2145.31669594645
5995.54793789533 1903.81953591798 750 268.340056990742 2441.14159677299
5883.8349257956 1902.61806514905 690 281.566954641807 1620.84386076861
6020.90183668959 1909.10390880105 739 343.396768194825 2706.19846563961
6126.34984885926 1906.27784160459 830 360.312354897139 3374.58637568913
6096.15396258835 1902.81609397864 776 341.100308652229 1334.50988059802
5990.10596729969 1917.82309434357 720 263.485171238369 1937.17906812496
5827.29231168769 1907.14357025797 690 370.613848267332 1769.09996748072
6420.85319956617 1908.68766722815 965 431.38260229563 3837.95723180897
5956.42447369406 1917.15466840313 710 249.259689322572 1313.32320393556
5976.0414594838 1914.35604322486 753 325.813322409222 2826.65191499506
5979.13884075217 1909.2592616932 790 238.450163275442 2886.87629532588
6088.96408134682 1911.92875331922 850 256.588284500796 3710.09726044557
6056.66356897807 1918.56440562293 729 263.502034218493 1987.13373728849
6110.08927425669 1916.48010765078 786 265.485945203961 2313.98437652887
6013.23880386741 1907.57890252253 749 356.020901977456 2366.44582282939
6032.63244221884 1902.05516935822 770 343.423990969539 3060.5398669614
5933.51604887892 1917.80176823017 700 227.323236858669 1896.94043119783
6217.25363409353 1914.01397100257 840 172.701683917306 2848.59044096191
6050.50753921635 1914.46307539808 725 259.243022613144 2620.32690754619
5908.99497003198 1907.46929510942 740 371.125824352666 2824.56576073137
6087.98766062991 1906.82223733589 790 243.603369314267 2741.55394836552
6085.15876236809 1914.66163065631 783 328.227121067488 1911.39872363575
5958.18539614272 1909.27099276412 700 314.301221791102 2169.2993286629
6093.40047184155 1904.56360501013 740 304.900002582646 2811.52466381487
5956.28894831143 1910.29749951655 720 317.656678987938 1805.37641407862
5985.20997143493 1913.66283809052 760 343.1668359309 2569.50496960253
6414.5406627531 1917.12644483853 937 233.238024795137 5598.27932576789
6041.38679974668 1910.72745208281 748 311.866905023994 2296.83451722011
6002.80198602296 1914.88920831312 780 371.04012127426 2685.59387783763
6039.02899733263 1913.52158448136 760 315.694258581821 3097.74813947898
5978.35675637911 1909.12894356616 735 332.574598855408 2083.3528990237
5860.28381655195 1911.16530650763 676 411.972562678485 2159.15082899047
5951.39914268358 1916.21136728818 690 363.672396704838 936.304198846
6045.0614645414 1907.18349618169 820 289.829549497249 2087.74760567871
6018.18757359021 1906.08009149038 779 277.021373552095 3188.49469537763
6332.26512323924 1910.77035011531 933 248.177834941771 5326.57079924873
6091.05827165765 1913.92818549555 820 302.409761217584 3134.97496211545
5836.42243710693 1904.99871364607 660 324.33273840071 1293.40805602479
5972.34071329818 1909.67757435635 710 208.137626575581 1951.81971233235
6285.12663325483 1911.26257979833 908 424.806917384003 3600.99618050691
6097.84806038234 1912.34408280861 800 302.075938989293 3499.67978661132
5945.86981765491 1910.93860643221 710 359.960681155478 2580.18969324572
5794.22224970737 1916.26392138133 640 307.862342941962 1947.73422732457
5864.95592830894 1914.01033819497 690 340.72961779662 1179.43018406275
6032.3053099744 1909.14049427438 750 378.050780844609 2886.13325508525
5944.72463278572 1910.57712474911 716 238.005393576425 2581.56856555306
6067.83305903909 1909.249856694 790 290.765639646778 2508.5842546967
6120.08648232062 1912.38256001136 808 404.547486449375 2253.94689836543
6034.47001181455 1914.57010357681 719 320.111905072716 2575.14352011979
6144.70426893563 1909.41539496275 850 136.565196501437 3390.8425288405
5995.30426744494 1910.1549218993 769 436.718778345876 2597.38110635326
6392.47492595797 1903.36479709142 940 502.967393258475 5815.62555510038
5957.47514672689 1888.83883392273 723 333.924688632151 2289.4233358298
6351.04291387733 1909.70478898782 929 346.012220138982 4418.24308376813
6046.72095327087 1902.225492523 759 461.35500331534 2025.75339100429
6135.1987048418 1906.05452489437 820 288.427083506953 2971.38119514246
6011.22421414334 1911.80691020406 780 345.763934099767 2757.40879693805
6153.67846215088 1899.46739353453 833 311.795469689387 2925.3045340211
6657.26554863549 1917.3867787604 1029 10.5202147383157 3983.38370144413
6121.71900727856 1911.45292001989 830 251.778287099477 3523.18398855385
5885.59755672042 1908.43784505129 690 196.396183150756 2871.92543451822
6477.52533902925 1906.44452012344 929 102.773733464281 3957.30521430793
6247.15944439546 1906.73300407736 890 429.185420330102 3790.68536878858
5943.49298106934 1900.51957734878 690 408.458970488463 1537.43323514207
6349.85070760978 1907.63013123411 915 455.760998107374 3013.76480228489
6050.88636424029 1907.04429111499 780 395.763796968864 1829.04264567461
6356.89754183127 1902.31094691834 920 248.766486832575 3563.10897046362
6331.29476025376 1909.95148974751 930 393.746859406601 4555.44101887734
6411.10330836434 1903.12950228145 970 369.080810155831 5782.65284028302
6056.42556718143 1906.70345648363 750 292.372031134713 1774.02747644746
6038.84333966616 1906.81550883471 760 386.245086339746 2054.36268633797
6711.7564084688 1917.40093671493 1029 85.5894861558346 4372.73908138199
6053.43116682053 1905.44670741782 780 320.345287191833 1923.09493580498
6353.61159801575 1904.09900739436 920 252.421157213792 6548.04578052831
6363.76637995518 1918.99918011314 920 488.167685746401 1805.84825706182
6133.1744850093 1914.44115959369 841 219.578224282466 3797.13154379316
5982.52354420231 1906.30553438467 790 247.868102692831 3214.09698970548
6503.82895437634 1901.98763631091 992 115.904552041232 5038.85105127757
5937.68120806148 1907.61768559743 700 239.663358407496 1532.71332102388
6439.27398506967 1905.47746817854 940 128.717338495911 3635.99084407406
6714.11715905143 1911.15617316432 1048 177.099483423515 6641.61542150316
6530.06915598265 1899.89623625542 997 1.67925373624525 3944.61482709596
5973.21870764164 1908.06174416095 709 284.863384070817 2721.09505907137
5928.83139840775 1904.98941586707 710 346.440713609851 3268.07173791619
6086.20785420413 1913.31415295186 790 341.957976957533 2946.81693188824
6362.73847405074 1903.54030172488 930 404.445027847161 5075.50303511879
6542.80799568548 1909.94918864473 1016 184.092294529381 4986.58658012991
6476.41346024996 1907.11861639818 989 499.147337294381 4309.78873344503
6060.8915164212 1908.64380226897 830 351.272000134555 4688.43804987582
6024.77411840185 1901.83843590629 800 283.044389857054 4107.10584332906
6743.70369884305 1906.27518268636 1051 137.512759838251 4988.07889422789
6138.47270431386 1907.74484651307 786 236.841553350431 2861.30315410592
6394.82636737777 1904.18282979812 930 303.304111920187 4645.29747449075
6098.83101773584 1904.71242015173 850 371.554485182892 3023.04188397414
6437.56108385576 1908.6548450205 970 426.072811779541 4722.23982827855
5959.44597472693 1907.03599775425 750 397.874479274434 1605.73444896429
6204.50645013586 1910.17854221754 906 449.068479671371 2226.84567439935
6197.82185411782 1907.56805412859 890 134.598760373416 3030.72528462804
6231.13822597806 1907.29508511542 893 456.754895798111 2233.92423894176
6058.76189461407 1908.49164546517 790 245.990548260017 2528.77215809185
5895.52409150795 1904.21291144352 690 285.699698812614 1599.50738724297
6216.19347853642 1902.61216872631 829 412.442790324299 2185.7890446611
6098.63942362288 1915.98353601477 790 267.72536135239 2012.11831954765
6205.81732206976 1908.78877799726 856 379.872161220732 2063.83465361084
6113.54640006287 1907.73267304014 810 349.556282324953 2429.80760839173
6555.66854018161 1907.26352643538 1043 479.047023074204 5421.61791340127
5956.42447369406 1917.15466840313 710 249.259689322572 1313.32320393556
5976.0414594838 1914.35604322486 753 325.813322409222 2826.65191499506
6108.52392539156 1904.62387640531 800 324.817613811835 2868.77026252928
6344.22321562663 1913.60889894873 930 251.927841475745 4913.95976360354
6038.44359492953 1909.5671400696 830 259.41756019315 3509.17924071077
6084.67041778371 1905.93638546272 850 258.106323811599 3700.8909542063
6056.66356897807 1918.56440562293 729 263.502034218493 1987.13373728849
6000.70823310064 1901.88311287144 749 351.590676196795 2337.96687457393
6541.6461104864 1901.6936901205 989 163.460482695223 3784.5279770797
6094.99072734603 1916.88402377917 780 170.233316791666 3471.86815915996
6302.89229039662 1905.05129601919 870 142.423846615497 2717.97314173799
5908.99497003198 1907.46929510942 740 371.125824352666 2824.56576073137
5981.42669544722 1908.68718066769 728 324.963489833627 1075.71232481844
6124.69198740618 1913.69391283471 813 421.292094327531 3346.92878569752
6108.99897209271 1911.59864950778 810 260.980570666486 2588.55846146878
6387.51991419939 1911.19266905785 930 408.886928667665 4900.88103832424
6047.8233623602 1908.08815663351 800 350.018981430849 2691.6942970851
6401.941158561 1912.23703791494 930 195.830111756518 3608.74231172664
6414.91027814042 1912.5988635518 937 233.107346021734 5649.70722596788
5956.81246198429 1873.2801490096 738 341.768448897065 1700.91883976608
6418.53709542542 1913.32860077173 960 224.055563756357 4522.62144472869
6135.17876435767 1907.05329570253 809 283.3335263625 1876.74130492028
6070.95140623025 1911.54861438171 805 365.311751261075 2197.22368058195
6319.10221273519 1904.45842897217 916 249.755763041333 4165.18791274755
6144.70426893563 1909.41539496275 850 136.565196501437 3390.8425288405
6715.30094592998 1906.29382010608 1051 419.264842792417 4150.70759209978
6469.29996246116 1909.04607019211 989 384.36975774443 5699.33830635847
6436.29172665219 1906.56559067056 970 518.458971708865 5373.36597371464
6421.96948473659 1910.80301106709 923 243.062956659314 3928.51295641396
6642.58318508463 1903.32975576134 1029 242.937168759159 5151.35650774212
6046.72095327087 1902.225492523 759 461.35500331534 2025.75339100429
6740.34550783774 1906.86893905007 1009 140.246840661133 3914.71685095736
6218.43483656076 1904.22547277386 886 405.031351885049 2512.4877157122
6187.77988465194 1903.48954420125 880 340.183965583087 3550.52841153553
6691.72496818009 1897.79832138353 1071 536.824117380555 5070.68332399843
6145.0722910444 1907.08315269587 850 298.441492687007 3757.83838735484
6655.09512313049 1912.5960926785 1029 9.75285344199187 3934.03751056996
6197.3545266577 1904.41050060764 860 278.519481425254 3508.45094294575
6168.61719573229 1906.84738975412 870 96.3336301736217 3749.93352898671
6399.00873437483 1908.15184877433 930 245.202732286905 4485.6396469506
6199.06591483137 1900.66156657526 870 480.270392780347 2226.57644425348
6236.19610116832 1910.92974858495 890 425.309293159907 3599.1044752773
6074.01190118853 1913.05466583429 780 402.175472476218 2573.06075148877
6137.22658039168 1911.43182068526 850 139.208958639952 3407.10648521432
6482.22353551761 1900.38176152304 929 425.844076397114 3928.90764502778
6570.50411133125 1908.25018679273 1019 362.571700934703 3834.19470031149
7034.23488027107 1909.29185778179 1139 472.994338327726 5270.21722696008
6697.75298791477 1901.12659947123 1051 425.468982846681 3972.22689898239
6674.36464363176 1898.02503726316 1071 311.868444425635 5774.39459079261
6422.97713749334 1908.13645697894 923 243.419215708003 3941.66429168542
6642.58318508463 1903.32975576134 1029 242.937168759159 5151.35650774212
6622.73211631689 1900.24433647602 997 353.617200203419 6979.33754363245
6046.72095327087 1902.225492523 759 461.35500331534 2025.75339100429
6772.63163416802 1894.85445214736 1071 481.524649020012 5029.8445346078
6315.5504170389 1904.13507915692 940 439.366894642531 3417.49278458727
6958.87583978604 1911.02440749763 1139 242.863451612081 4082.05128444375
