6041.51293095398 1906.42250648846 760 274.167149719995 1821.75623486548
5939.23909761365 1907.55937102784 720 339.645566050936 1916.81817014269
6173.07446677465 1907.47267092255 860 375.763795646095 2427.19820126815
6124.47764642908 1904.01265524101 810 312.961526106987 2081.10042641823
6044.40923249694 1918.87874196986 758 259.740872858084 1459.91781066873
6117.27358777169 1915.84627678917 822 258.677422649861 2787.80273403536
5826.92014191512 1911.09409793045 680 312.676203290519 2264.92824543664
5745.57317718222 1913.98519620964 620 377.353604851048 1478.71421975391
5986.79099641034 1911.73300395106 760 292.1941864344 1675.14358216934
6157.13791615394 1909.32226264649 860 258.741956635793 3523.2621563284
6007.25076057042 1910.14763562993 780 196.69576917584 2312.62894845361
6200.06526033923 1906.42454855942 860 227.816779455049 2534.29828443979
6113.82854581067 1906.94338138035 810 310.049332620738 2410.62595029738
6204.17398133499 1912.38162524376 860 261.018596577946 2488.11859594288
5983.11070202817 1910.56100494347 750 214.967030371379 2113.95842905267
6292.69037271535 1909.14291059308 920 260.023452161914 2719.77798132079
5857.65425760455 1906.62228509975 710 299.023972051311 1825.72425452654
5914.20431493387 1903.5709719124 700 334.848609131519 2415.51548824792
6077.76267400822 1910.96736964762 800 286.908914647914 3257.62694197068
6252.28465661208 1902.75094507872 890 353.09793345425 3204.81932850968
5933.80222013097 1908.96224023267 700 296.372203816275 2172.47501612747
6048.33334145815 1912.89376110501 789 283.119928971272 1516.88733524455
5928.83540993703 1909.94663320226 710 286.264028431023 2408.91503930877
5910.28015174846 1911.58073165183 690 228.92073411874 1609.49024993689
6007.45607898676 1907.68420688842 786 263.950250547835 1784.54193130481
6308.48362988156 1912.75013670888 937 243.971036043286 3375.00150521138
6163.5445900195 1909.00561823511 866 458.296593272599 2755.03379632497
5897.67934918279 1909.10302282005 690 371.29448757347 1578.69674997829
6061.97245080534 1902.72653942548 800 281.356937884617 2313.10226723345
6021.64041208465 1906.36449696187 760 367.108271198875 1545.58568850671
6180.00684654181 1914.25537780665 876 280.756870012662 2669.06507558142
6249.99182136248 1909.05862267223 890 165.141903352087 3855.97769371652
5967.06923232799 1908.63083582174 760 235.421654972866 2930.06117525404
5761.58671706124 1911.51463101767 670 400.830998472077 2130.75850943511
5870.33552585981 1915.9183011397 690 316.935381028219 1383.3935235134
5994.69458313264 1909.38522120576 747 253.301606034779 2831.72743176257
5815.30296317933 1906.6310845644 650 335.175021056403 1653.38993874487
5964.89417139715 1900.01548562233 790 420.88288199147 2839.9586920115
6290.76204931114 1903.55080664204 904 427.726019311066 3481.02899073346
6072.78704479956 1901.4494991165 800 328.777341504369 2447.84632044537
5935.9979255723 1912.70614611156 720 205.444381278854 1850.63336729139
6151.7115622388 1914.72792884951 880 290.785945614724 3112.06397037449
5914.23718280814 1914.61601785434 700 290.148239389576 994.797860178728
5968.81224654024 1912.76749341096 750 279.793163293652 1775.11140001693
5920.58640772873 1904.12535114975 719 312.515471012036 2410.07452566876
6232.68818749259 1902.95620503509 880 401.870007547263 2855.23335032518
6394.57415461686 1915.27725575921 929 101.947437990696 3847.54349816096
5944.13784007836 1913.67496388558 720 257.369719862613 2508.54829065828
5855.78416041594 1903.19892691548 700 295.107216946337 2998.61839925483
6098.8337666241 1909.10034421588 800 317.994498845834 2511.91669941981
5982.03901794493 1914.51871256737 719 251.581122443356 1655.86688874571
6002.69679891082 1912.20584291062 750 314.799230384228 1784.44064553141
6213.08836445906 1904.991156426 860 291.947931369186 3713.18340724924
6125.22290680278 1915.38279791414 803 355.93971574229 1923.66296664775
5964.39173179332 1906.12663930722 750 273.647324763539 2367.41304395838
6078.41898843935 1910.75424538327 770 340.478376862682 1465.90171735269
6008.73344135502 1904.12625597186 796 210.020428703373 1890.64585790417
5900.65197910184 1905.77169929778 720 393.902511470699 2172.89389838537
6229.43325341591 1904.91188288409 880 242.667335221949 3676.36254566009
5957.02520960514 1909.57865299053 776 224.597076152597 1888.43566607288
5955.77017212993 1903.36542425133 710 310.098793660625 1474.06729362446
6008.29296965607 1915.45756910104 780 266.335705360609 2545.78580231876
5985.19745788769 1912.80097645774 735 184.359536939438 1727.90137242978
6236.4236063657 1910.02026574881 890 410.098753415775 3204.900377292
5952.04750147555 1902.98462329257 726 385.623155912465 2684.15025978978
6115.0231869588 1910.75720760228 840 214.260854439896 2841.72662533149
5961.72941162219 1909.04091817849 710 368.45469281601 2113.98790031425
5959.09877344147 1908.88536759037 713 406.221371600255 2054.53601334255
6228.66806121933 1908.48706347729 890 340.336480592234 3329.23412251149
5995.3219916945 1910.2042194533 760 264.992581819563 2604.07266886466
5982.13243470234 1898.42637050693 720 388.17750128353 2320.72608794867
6595.21710939592 1907.43956271596 993 121.685567831526 3188.8445952315
6450.97085766747 1913.96921608584 970 201.659511285851 2923.53870209672
6034.34438624327 1894.51277472297 730 378.257725994999 2354.16357518515
6041.24473117056 1915.5347382512 758 258.622052684607 1435.65732501026
6309.6249585288 1899.55835493954 883 266.295896833563 2502.89680520808
5989.64297058342 1907.31283499583 790 463.645307849441 2264.14395595127
6529.87314049063 1909.86986124347 960 162.933134262701 2346.14560514466
6021.4978825977 1904.55794321614 770 279.923449145924 1610.4881322621
6031.7240365044 1915.03716451228 830 441.785533921183 3262.69465075258
6175.15418070457 1911.29561498538 860 252.372245218093 3386.59403975663
6256.17173313515 1913.29914733011 890 108.688915335805 3306.56729219201
6200.06526033923 1906.42454855942 860 227.816779455049 2534.29828443979
6585.54649707777 1911.1245063418 992 147.471355998392 2980.40053369282
6506.06869211409 1904.27787835102 950 171.371498968361 2548.73944335535
6250.85118738023 1905.00209145414 920 120.30647397607 2438.38883386064
5950.78858020192 1913.65067648353 702 285.731125511528 1997.99485079203
6419.59474299134 1908.58419866783 992 304.890922554095 3741.69956328962
5857.65425760455 1906.62228509975 710 299.023972051311 1825.72425452654
5914.20431493387 1903.5709719124 700 334.848609131519 2415.51548824792
6610.40427367805 1916.2123211223 997 119.295328107708 3917.05863172647
6300.842878354 1905.25738266475 890 257.373058003732 2809.91297261495
5933.80222013097 1908.96224023267 700 296.372203816275 2172.47501612747
6182.08270003548 1913.09565843727 880 279.286337401036 3285.18707149817
6366.54916548731 1902.90818501176 920 170.61364544533 1946.78770496528
6168.31332961589 1908.86927436637 885 367.393193439845 2496.01561940905
5928.83540993703 1909.94663320226 710 286.264028431023 2408.91503930877
6555.69230199184 1910.23111855264 992 599.529364272523 2466.7327115782
6229.16896265686 1907.23192421698 880 505.950283093157 2173.14809344291
6305.66281350319 1910.23672523154 900 368.709614763918 1979.4220868382
6074.41696618046 1918.36397593288 816 240.276001843366 1837.94077652714
6482.42252118878 1912.39713022399 956 105.722421036997 2911.44150886403
6187.68737986184 1904.29041067123 860 395.076275263317 1744.84066599143
6247.99296130695 1908.69372664836 870 250.269676731756 2618.49247467677
5898.98571386222 1893.93729569894 693 391.394341941654 1714.29719908866
6234.01711575828 1912.9896931435 907 363.629234289509 2598.24246843789
6020.4732256067 1917.55233004602 743 353.55585797659 1840.91887272998
6115.56147542609 1917.53794419481 810 495.92100498505 1887.15415208183
6351.04516037311 1911.37040743965 970 524.58805565929 2016.73401654572
6751.537085593 1918.71395136243 1098 141.89427169968 4272.80464301324
6520.73490637744 1912.32319634253 989 75.6218789396627 3577.59744742242
5897.67934918279 1909.10302282005 690 371.29448757347 1578.69674997829
6091.21091196251 1900.56214604321 830 400.499477636865 2111.01753724173
6529.63270051293 1901.16985957684 981 134.533740091823 3132.02310150839
6127.4671158237 1905.00746861786 810 404.523661121127 1901.46931387066
6595.28731758547 1916.20135094034 1005 427.58068859732 3211.92729627651
6249.99182136248 1909.05862267223 890 165.141903352087 3855.97769371652
6256.62819643287 1915.41109239615 894 462.39168702031 3009.92778486619
6145.1123576184 1902.25983833083 860 172.473904354619 3245.84821471084
5761.58671706124 1911.51463101767 670 400.830998472077 2130.75850943511
6263.74086528062 1907.01964927633 893 393.463901964199 2197.50752976984
6266.57395295802 1905.03254212774 880 325.46614553594 3178.33233943109
6342.29865248646 1903.62148527044 909 164.135373546148 2485.76395329883
6127.11819842994 1905.58339202398 800 397.820517111061 1635.67247302997
6017.76963895751 1914.53929883283 760 369.061211603025 1659.12775387955
6292.49546075875 1911.04475649416 890 196.553421140894 2441.94427756106
6099.61421678895 1911.21397351296 860 385.837276852508 2938.78284962155
6500.91872275616 1907.58630419436 973 192.861481486036 3117.05346274633
5950.15727756905 1916.70136614276 710 214.374564524154 2744.48706187441
6708.38037677036 1913.87005653881 1029 127.673185510771 3472.67298216771
5986.45415370764 1910.90879935225 740 223.283351812653 1928.64445379069
6142.81974434998 1902.13827590658 880 293.929677977855 2992.95433188035
5914.23718280814 1914.61601785434 700 290.148239389576 994.797860178728
6083.9408609176 1904.7615236937 850 320.497275261073 2360.7838939825
6600.78645531994 1909.66575585083 1012 170.849898779659 2664.71392611266
6231.09841530268 1905.79389042499 909 422.298044109729 3435.81286502381
6049.01014685733 1907.60910090232 800 343.996623418064 2395.3475673987
6232.68818749259 1902.95620503509 880 401.870007547263 2855.23335032518
6421.9892153114 1906.60100990704 959 111.640125652568 4226.84570451698
6292.71174859279 1910.96957131503 883 265.093806705398 2464.01479039634
6918.98198042095 1909.92340444672 1136 315.788572649757 3681.05564034692
6312.94069831046 1908.8720936972 900 393.692730493071 3200.46090404272
6490.6250878522 1910.09513707151 989 71.7687930191335 2112.52449413054
6217.22875030659 1897.43753450105 860 238.950731577663 2636.15420162151
5964.39173179332 1906.12663930722 750 273.647324763539 2367.41304395838
5969.74997972746 1916.32949536551 720 327.672192532976 1972.79873615261
6306.13124327699 1911.96466223659 920 241.760471098242 3126.35847171809
6282.98526743878 1912.54537496669 860 268.153275321385 1865.97357207136
6008.73344135502 1904.12625597186 796 210.020428703373 1890.64585790417
6627.64074027811 1905.70959165119 1071 334.815091881915 4464.39844464306
6661.13842571937 1904.69601985977 1071 187.435116892135 3341.90773291211
5995.3219916945 1910.2042194533 760 264.992581819563 2604.07266886466
5982.13243470234 1898.42637050693 720 388.17750128353 2320.72608794867
6666.6656326942 1914.63872135314 1009 96.4247001665363 3294.84603582697
6303.28757563759 1908.25022702977 880 364.422417780385 2184.4351618298
6448.56191860937 1905.99153161473 992 473.163318308162 2746.32214850536
6098.10562952842 1909.81089541078 858 278.725416091207 2084.53332193928
6081.90198243102 1910.25577753887 860 409.849807625261 2276.37970138376
6309.6249585288 1899.55835493954 883 266.295896833563 2502.89680520808
5989.64297058342 1907.31283499583 790 463.645307849441 2264.14395595127
6585.99197729634 1910.71038762299 992 80.2225995641893 3556.31920856417
6715.68879314781 1881.59610968068 1071 465.189779292682 2502.7062132442
6529.79247561875 1905.78329899094 940 162.961653601656 1789.60828144742
6800.61735972394 1912.87018335595 1127 358.942788500464 3107.91443405893
6021.4978825977 1904.55794321614 770 279.923449145924 1610.4881322621
6251.8738819643 1901.47174663762 870 516.719530517447 2298.21410608502
6036.75142941418 1911.3462473565 830 443.562985730279 3260.11642918773
6284.90325826545 1910.22898835624 890 504.281505403571 2613.33020219737
6390.92395408412 1907.24370125714 940 282.063989986734 2862.12609779842
6874.52423873277 1911.14743181453 1099 188.238118644861 2384.62725528856
6734.09147142643 1908.20803191655 1071 309.394691461456 3176.48544538093
6462.17545264873 1916.91047469948 940 35.8556018269524 3298.06058062684
6663.59920574417 1897.79744485666 993 115.676051752548 2802.25814151131
6614.70807054487 1915.22042168512 992 115.872877383673 3022.63069953642
6485.14005307695 1904.42586303556 970 203.140096821396 2421.82983049347
5950.78858020192 1913.65067648353 702 285.731125511528 1997.99485079203
6740.48396099594 1905.51970539138 1110 191.439451523746 4028.26824049501
5971.85716098732 1904.59494941781 790 339.400795757887 1890.4611629243
6342.11558408108 1916.97583232218 930 437.843738475601 2692.31415853705
6306.08216620576 1906.66922802721 900 334.635416692409 3016.70897382032
6596.19503484211 1899.30259979547 1071 323.697356105418 4653.30120695699
6200.35088704624 1906.09201181256 840 381.486035324015 2195.21854164823
6675.5518901705 1907.92834115791 1071 182.339187665242 3357.90800862748
6280.35510139718 1910.96716424749 880 164.218159452837 3141.03152859081
6658.23096648174 1913.13837314439 1009 99.4068050044724 3280.4026493698
6303.28757563759 1908.25022702977 880 364.422417780385 2184.4351618298
6913.20179538415 1910.01803546736 1139 365.082826552693 4066.27704658747
6593.82505666584 1896.47273964048 977 414.821960079428 3324.297664743
6448.56191860937 1905.99153161473 992 473.163318308162 2746.32214850536
6521.12941183339 1909.88680609977 989 287.689323011289 2738.14035016637
6384.14560872657 1900.87490123525 938 177.595011600472 2429.44226022776
6166.09712406575 1906.82730182898 890 439.617285421702 2216.28396302428
6240.37725410695 1892.9630695856 870 208.03433794738 2530.23549241409
5980.62107776419 1902.016194798 790 466.835028645247 1947.25574602218
6585.99197729634 1910.71038762299 992 80.2225995641893 3556.31920856417
6982.32681219024 1908.75795066265 1162 370.919003599154 2731.3006503471
6529.79247561875 1905.78329899094 940 162.961653601656 1789.60828144742
6823.36266646056 1908.9226444703 1119 366.98446881728 2989.41440343875
6460.72334131957 1906.34447865988 989 435.213099311928 3081.36788742235
5997.16333083015 1906.62837611131 800 429.566479248756 2935.12378238395
