20460.4328227723 3585.50377781557 610 441.991310234428 8140.36458857356
20742.3645373613 3558.84612860054 630 393.591907547326 8209.68817718834
20381.1644576716 3575.54694193772 610 332.229666553239 7435.3186134291
20803.8089436687 3544.98792019771 630 924.788241645471 8869.51324142728
21404.2558377753 3557.64191648808 640 608.105668647118 7673.09344837577
20461.4140513817 3575.25313185819 610 717.066034707226 7549.95819646352
20367.9862922383 3519.23187548487 610 767.416302604541 8848.21577149606
20074.779257976 3474.17177092104 570 765.962931485895 6822.54057900369
20187.1100391879 3503.84892044678 610 799.214502941799 8334.50180528721
20497.2779945599 3548.99627994659 610 1030.00917978235 7269.77883130452
20407.320941679 3540.17017516457 610 733.968803192842 7055.37207712713
21301.9480251445 3618.64684582713 660 512.992058252445 9866.85525562057
20401.4044483743 3543.75722683367 610 799.644514557538 7501.09324496553
19768.9387294929 3481.4308708909 570 53.4189096557014 8088.52762222064
20617.265827178 3508.67846237921 630 201.437462891552 7543.48962960614
20397.5351878297 3506.96526435795 610 661.659372375657 7385.55119892433
20307.8313661116 3552.03686748302 610 762.103697726638 8752.20434580254
20383.1777500147 3590.11729446028 610 472.903410263898 7796.29729410286
20259.1968228891 3507.1566545384 610 257.048324872939 8246.11510462903
20450.269679534 3529.47561010575 610 677.218427100736 6682.54289611963
20308.8911223624 3535.08222510985 610 154.940880877255 7327.14183965317
20288.7432913669 3484.03113403474 610 769.004054482755 8516.92974342384
20441.7971112469 3586.72966514717 610 663.07584329932 8530.16926266727
20288.9279433904 3455.53951666725 610 146.846264258897 7629.24896836581
20423.0721984249 3540.31835956638 610 716.643440907222 8304.74997446581
20477.4092963406 3577.01104421326 610 415.632263373074 7037.53850527943
20709.1391352522 3574.75337283974 630 171.740642857681 8619.43815704351
20459.3622274388 3516.20589725993 610 822.660017219258 7398.43825848103
20376.4008486729 3511.72350782778 610 343.148166805443 8020.18661383958
20410.1853884768 3530.25296570498 610 933.162959603421 7583.37548870315
20414.716590841 3601.62012167483 610 218.661212367449 8729.78500780733
20464.6772688733 3585.55185903204 610 114.638732056688 6574.85240584822
20204.6032898201 3513.70810892229 610 507.805160443384 7887.01622272558
20158.6238863567 3497.67939129939 610 333.495179601752 7451.82932757164
20250.7011686065 3492.78109793947 610 290.194295102353 7857.56087538845
20391.4040599147 3543.3054296427 610 869.685311052909 6661.03954412008
20467.8134238415 3572.19408713709 610 795.955553137103 7667.61912157821
20383.1194256868 3532.09060067572 610 448.429591309517 7188.53055116571
20348.6139256441 3559.57363613104 610 56.9266714207002 8362.98352570967
20859.0776953451 3560.46597927933 630 506.803099099436 7894.83927662455
20858.1901815475 3573.04185087751 630 114.753524415092 6938.35061789658
20362.6980066857 3549.19468125393 610 255.898521944656 7862.78010914354
20347.0437332715 3574.16969739356 610 547.034756266371 8199.64322764128
20304.7443467435 3551.66672089944 610 610.272248256161 7210.01769787701
20919.5749909967 3565.29599221682 630 176.23843387402 7641.92227075957
20406.5799821198 3503.6757241435 610 648.700520492136 8248.09313298847
20347.5875013994 3574.9600672502 610 250.013031752628 6999.99234633637
20376.8473173179 3540.66040741998 610 607.761097942079 8898.98293464159
20198.9644881405 3520.8898677204 610 323.052813826926 7482.56142891567
21502.672704383 3626.54813401131 640 158.771613279628 7850.82793340137
20360.9357317749 3542.95450948221 610 572.482454190351 7335.44092181188
20060.3826347165 3539.87737395682 570 776.976562061696 7272.09333880037
19822.4781304614 3485.398969878 570 567.366128252834 6628.73801412889
20315.2427845503 3509.34844740049 610 623.506408224367 7328.39496225038
21422.4824301755 3644.0425058559 650 527.851007800816 7514.12658246773
19759.1820407586 3464.44931509478 570 32.9859780577257 7088.74610575034
20383.2602010435 3579.48732044651 610 857.994354381693 8692.95796824336
20301.2342119026 3492.32575765242 610 239.278799616021 7889.40946074389
20247.3309911949 3512.6430016767 610 593.861864441421 7864.05536481256
20407.5085272765 3550.75596820313 610 535.214954802997 7581.64645091016
20371.5609726575 3526.48012852145 610 517.629083550229 7709.41178356682
20821.9422013026 3571.37992456187 630 762.506864657008 8594.09987687885
21051.0085992235 3637.45745058849 630 176.578256850936 7600.60814753492
20040.6077199532 3463.26794805669 610 820.232066745831 6579.47943002933
20197.8153077441 3563.66485516119 570 343.613231958182 6624.16147548995
20327.9273794101 3495.89884295642 610 270.695951729533 7300.38941247058
20907.2443632612 3587.95651604353 640 211.578062588086 7019.16250805747
20970.8597948613 3556.73065231081 630 495.902179292378 7621.89322486562
20451.3651346022 3580.78512964302 610 503.400591986079 8366.60407165324
20902.9638462658 3556.93035643825 630 740.245817211263 8407.27477061545
20816.0093947226 3565.33253835572 630 385.262432401612 7358.6553764751
20273.7269028683 3442.20155353435 610 986.025670903084 7875.62202974528
20323.743677876 3522.06254818904 610 559.929728049105 8382.50383206882
19946.8920523 3509.78810312875 570 914.367890491793 7595.01090049986
20874.6382092512 3567.29233630991 630 404.248528708641 7532.84893887054
20002.5345709477 3474.45488317063 570 566.869047599611 5554.77059029945
21071.6702984975 3609.62508602451 630 1203.53977967191 7271.29881028728
20397.5885467972 3561.89980310755 610 452.650047106874 7842.32362032724
20392.8650560481 3550.27281412832 610 560.825681378508 7962.79939396595
20959.6658688391 3572.88163615022 630 1218.89212240946 7690.76562245119
20405.5802272657 3554.93609189577 610 436.367983723005 7111.81732100728
20271.1304671454 3501.89317199393 570 302.062146749052 7556.65293635934
20426.9136055156 3565.7276983265 610 872.515559763759 7784.37769971479
20383.0544193411 3534.17706162299 610 556.469256814072 6035.43644309775
20399.9992312401 3538.76451870341 610 165.456321661423 6775.41363287109
20488.0853842471 3582.21271819018 610 311.465822189157 6461.51817765735
20404.3939506173 3527.43742926471 610 564.461422856765 7494.54841712631
21443.4473841005 3632.85361408261 650 426.727807803979 7246.5297587878
20467.9574984637 3530.15755241333 610 945.979821230679 7387.06969809841
20767.7421690457 3569.64055854902 630 736.719801475528 8068.02899526806
20702.915237664 3521.99739032686 630 190.324911377195 7482.98180556205
20432.2006905469 3522.80570831629 610 848.919021317437 8657.668978697
20675.3967393817 3592.63806451343 610 123.1601304083 7126.04077798863
20948.7456283071 3636.72982472267 640 94.7479293682814 8102.63946393659
20739.715595071 3563.46722870358 630 90.290174319141 7522.10926696865
20478.7682991443 3570.29566026927 610 536.670946308355 6865.47704824905
20067.3794030344 3516.28330094738 610 730.850718266741 6917.76843089361
20673.3436338552 3543.02457027114 630 911.24534577848 7717.73215974254
20991.800732756 3579.34360886823 630 579.053906875989 7556.90792821555
20454.516539642 3527.36629654296 610 1009.22172003691 7136.56920364138
20373.291221384 3533.71666602264 610 865.144462731915 7626.96655468784
20219.6112032991 3487.61833605501 610 578.614337039106 7658.55324612859
20459.635553947 3564.0224842334 610 758.540189704853 8627.1455383783
20330.9118529151 3537.86319039465 610 542.750500522145 8538.09871058865
20954.423017277 3648.08790325004 640 103.189249916094 8344.91681108727
20416.647533143 3521.36609919102 610 1029.36203579554 7811.61963846725
20323.1463008714 3565.27355787247 610 773.423651030816 8728.40145617723
20371.4465458767 3549.74699775237 610 459.116727207702 8198.77944961196
20377.5685857939 3518.73241948527 610 439.576375902583 8217.49857690951
20758.7131057136 3522.77614435413 630 933.466939706358 9028.35025168953
21395.5266913993 3548.06880623249 640 609.785593650432 7632.80331150785
20989.5614290683 3633.78097523157 630 660.891157058601 7680.7086805117
20848.4780533667 3573.39015469476 630 642.575532794006 6763.02448569006
20328.9913645805 3503.42308560815 610 774.920879931307 8788.96439704751
20572.7920811485 3508.03760652368 630 724.989959359276 8384.94553038223
20825.4031295961 3530.32862462809 630 962.53202854873 7806.98176791201
20944.1928523176 3592.17814077581 630 944.000375305249 7753.50561553121
21301.9480251445 3618.64684582713 660 512.992058252445 9866.85525562057
20401.4044483743 3543.75722683367 610 799.644514557538 7501.09324496553
19768.9387294929 3481.4308708909 570 53.4189096557014 8088.52762222064
20610.3205878276 3497.21061388269 630 202.774074827729 7546.47878027858
20398.8283129627 3506.34614152261 610 662.157096471414 7376.92350080404
20762.2146618868 3543.08081766702 630 936.995909814018 8374.65641124699
20279.4064610481 3550.95651253663 610 432.961822517891 8104.35106012642
20717.2872869733 3530.19894254131 630 168.888773955525 7824.68946237453
20450.269679534 3529.47561010575 610 677.218427100736 6682.54289611963
20308.8911223624 3535.08222510985 610 154.940880877255 7327.14183965317
20914.3676561383 3552.02357164559 630 530.126313198711 8207.69326978452
20210.2039704529 3438.65307340128 610 784.118953839984 8625.52599623158
20391.9763374819 3565.93964942995 610 672.663855680791 8176.7701691108
20577.0242339381 3514.73918815645 630 257.734578192393 7777.79681665154
20917.980253214 3613.47425131831 630 997.880922601739 7886.26731144485
20425.0602246662 3565.97203065714 610 959.330165289727 8101.25630266727
20468.4027169131 3572.61213721689 610 417.365580392062 7123.67735159762
20589.4056314322 3505.50424631812 630 194.783366411514 8683.93745143399
20376.4008486729 3511.72350782778 610 343.148166805443 8020.18661383958
20370.5943111128 3575.84777223817 610 227.152549060231 8776.53750279602
20453.2454275796 3551.37165549805 610 1010.53632176629 8522.47140002632
20125.2178899895 3470.80575191127 610 523.082887764026 7629.60208065945
20709.955820988 3550.76585633087 630 483.02211688411 7847.55136971944
20250.7011686065 3492.78109793947 610 290.194295102353 7857.56087538845
20391.4040599147 3543.3054296427 610 869.685311052909 6661.03954412008
20466.4240038578 3570.86807162335 610 796.222947137634 7842.95020152588
20209.8237980435 3513.21973655157 610 110.347016441441 8322.50332877419
20401.0116489454 3503.01843895706 610 685.806046629603 6542.93579221555
20850.2682492941 3555.51588551972 630 508.49847778242 7096.97015947916
20371.4465458767 3549.74699775237 610 459.116727207702 8198.77944961196
21355.5620158743 3619.70298737911 650 226.73790833786 8595.8863776716
20758.7131057136 3522.77614435413 630 933.466939706358 9028.35025168953
21372.9890447722 3538.34170793692 640 601.110849419054 7614.50262963896
20963.5190861939 3619.56482324932 630 665.903008281541 7628.01388612017
20709.500964033 3523.26292630774 630 669.321686106688 6430.38223765191
20539.0335840333 3492.68694413014 630 731.486785158247 8741.91832913446
20825.4031295961 3530.32862462809 630 962.53202854873 7806.98176791201
20944.1928523176 3592.17814077581 630 944.000375305249 7753.50561553121
21834.2907992612 3635.05357991492 670 717.890887544057 10285.4676772902
20303.267804963 3507.59139187279 610 818.530920387832 7425.28102537446
19768.9387294929 3481.4308708909 570 53.4189096557014 8088.52762222064
20581.7170889502 3487.56464563857 630 208.278820753269 7627.80362779747
20398.8283129627 3506.34614152261 610 662.157096471414 7376.92350080404
20694.3117922004 3522.06414836189 630 910.860083085911 8399.55990827866
20276.8778982205 3550.49205040635 610 433.448444660966 8102.02874947501
20717.2872869733 3530.19894254131 630 168.888773955525 7824.68946237453
20883.1897927347 3552.61687873348 630 593.902912469399 7572.15085129404
20308.8911223624 3535.08222510985 610 154.940880877255 7327.14183965317
22303.405685651 3569.62973781943 660 961.331136263596 7414.93497707628
20391.9763374819 3565.93964942995 610 672.663855680791 8176.7701691108
21179.742874139 3556.68061563273 640 489.721090969431 8382.11941873854
20371.4465458767 3549.74699775237 610 459.116727207702 8198.77944961196
21240.0338701216 3526.95907529101 630 273.594854544818 8119.50186514119
21255.9372128345 3580.32871748963 650 188.392303769191 8041.87190846058
21288.5028297421 3544.54999462859 630 58.5615510334303 8756.44433922115
21320.8300821977 3513.93373318772 640 611.14884644673 7455.94998750674
20963.5190861939 3619.56482324932 630 665.903008281541 7628.01388612017
20709.500964033 3523.26292630774 630 669.321686106688 6430.38223765191
20920.8183105703 3517.61097965588 630 1045.31778005013 8069.11828016985
20532.615462787 3489.31272186817 630 729.016449138747 8983.88535298127
20940.3375592275 3589.89759945601 630 942.51647230299 7717.18436970935
20989.6260591792 3542.1675109547 630 1041.06407992741 6999.5391030228
21831.8481239227 3630.67483359958 670 718.360980632125 10294.0733188013
20892.4322812558 3593.97420694094 630 415.434683094469 8098.1728709376
20877.7030488595 3566.52881367721 630 821.424607776923 7640.93681540771
20948.0839849986 3500.14310882302 630 1240.15677111971 7746.33184947529
20272.9163729589 3495.26537664232 610 824.372056200452 7345.39380472426
20748.6581361014 3537.73028622245 630 662.048691662922 7787.50146518378
20681.2501276096 3525.94219980914 630 122.15550077343 8509.57824049745
21118.7392571834 3573.65840703705 640 104.928856289876 6805.54882809015
20887.1519266739 3560.68708146334 630 568.179173195491 7665.00050841529
20694.3117922004 3522.06414836189 630 910.860083085911 8399.55990827866
20257.3938342255 3489.93157925295 610 481.066181798916 8153.99200170136
21225.2215876416 3522.02164779769 630 276.445479637192 7713.95673763356
21186.9673202766 3547.51917166774 650 161.845779746329 8161.46372040321
21320.8300821977 3513.93373318772 640 611.14884644673 7455.94998750674
20752.5206445678 3524.37092582259 630 695.533875121564 7901.73407968779
20968.4335595214 3618.93438220277 630 664.957217448703 7619.86563887132
21220.2042951345 3590.2672655298 640 571.036784210842 7197.80691869515
21081.1321927677 3584.09284347175 630 1222.71765270485 7830.67571923203
20257.3938342255 3489.93157925295 610 481.066181798916 8153.99200170136
20257.3938342255 3489.93157925295 610 481.066181798916 8153.99200170136
20257.3938342255 3489.93157925295 610 481.066181798916 8153.99200170136
