52899.8097210355 10018.3313455433 1420 997.456690026134 28493.103852307
53462.5210034353 10070.9995056303 1470 553.190761940742 27880.7555968996
52735.2112939968 10014.9673916662 1420 1529.36358275144 29638.2399166848
52239.8451566969 9977.9264932571 1420 619.043380802617 32043.386760882
54251.5659085512 10071.2080446198 1480 2338.89937811582 27068.6914544666
52913.7991451697 9967.48591544332 1450 1028.61964510016 21672.2460409204
54026.4633384361 10075.8338734559 1470 1592.95172527031 25684.2444450274
53132.0973016348 9915.17266008501 1450 1548.67581522703 27511.504665263
53399.2712102082 10027.1613200711 1470 1185.72978461928 31891.567257288
53416.7357893568 10000.7102383119 1450 2018.17959408249 26882.2839635054
53117.0138608725 9988.35896698363 1450 1147.12336721058 29067.2054445659
53517.1077393985 9996.49561909325 1470 1874.8367277368 33833.2169961947
52661.6222773761 9965.77730865395 1420 1473.56467770555 35462.1630842402
53029.3326358249 9977.74433626511 1450 2321.08311181842 34816.0224218828
52734.3380544613 10007.2106725833 1420 1308.62891800626 33968.2942541849
53038.4792891077 10017.6273212946 1420 924.798867505955 28737.9776946559
53236.2007882901 10028.3382245667 1450 1217.4628390488 30457.0280441907
52866.0436811215 10001.3727940466 1450 1116.94244430988 30866.0797863059
54229.5927695741 10098.7218059945 1480 901.532780238249 27297.5109798067
53164.7060867299 9999.81829089577 1450 1385.60774601483 33571.3731646805
53850.5558877901 10053.6024156127 1470 1253.41571036578 25691.8851877336
53224.7400059838 10005.6322840215 1450 852.386269048636 30165.830463314
52739.6291787895 10059.7177802606 1420 1360.66297019314 28112.7423533878
52755.8971962002 10009.8433123587 1410 752.47736238135 24254.1877301176
54618.1032985839 9973.34254772912 1500 1416.57902141127 27434.5180269117
52764.9135880538 9923.57400728942 1420 1025.80426528303 29572.6208157825
53717.7685016451 10083.7125631965 1480 937.587896688679 31930.2338771902
52611.8098353499 9926.5448814559 1410 2136.09386247343 29527.7927356212
53599.7471520809 10015.7359585792 1470 1005.96718510626 25872.6107924062
53381.267506214 9981.82298627203 1450 2283.1729042094 27860.8234853555
52596.5898965881 10015.9957590562 1460 1208.42425020874 35252.7490047996
53114.5823466283 10026.8176380324 1450 408.642255040606 29554.9137232362
53987.4265187407 10066.8173673917 1480 893.517801367819 32303.386086376
53948.9618875645 10157.7650358247 1480 566.721972542391 31961.1596919978
54180.449683831 10071.6741025982 1490 1387.70740225724 27652.8363580634
53094.3954269757 9988.24366008965 1450 1896.68294639102 35641.2727989536
52880.524044356 10010.1811796838 1450 1162.95721653218 28896.9066759722
52682.56876191 9968.45127252389 1410 1731.75264143939 30222.2566763941
52527.7228095813 9941.61519725971 1410 1249.17752713534 32917.3317463395
53511.3461589918 9980.25181563874 1470 831.843625330251 27624.1805969273
53499.1953895563 10068.063902774 1470 2396.78743081875 31212.758408552
52682.8546671321 10022.5263699005 1410 1642.9603877138 36234.220213517
54314.2032755878 10090.250250532 1500 620.177902630582 33487.1376695386
52742.1237953337 9950.45394522768 1420 1952.18630438692 32947.5720558575
54859.0505066508 10111.3133116273 1510 639.462782544249 32851.8498091671
53660.5159552944 10049.6160644164 1470 1167.35384414988 27241.7196165907
53322.1831141985 10036.0300909998 1470 1378.31571939262 34482.8169094843
53590.4148529683 10035.6620217447 1480 1447.66970675927 37450.4841935352
52622.1110816119 10055.6923458074 1410 1775.30274327948 33005.194698214
52249.5383734475 9901.5421357483 1410 1927.54112193862 31113.2240189359
53498.9859824706 10060.6179848074 1450 1497.26898352167 27698.5582702729
53571.3507212141 10012.7986658117 1480 886.876634946684 27967.621227386
53980.1754819651 10145.4327383627 1480 598.507448329935 29498.4818852105
52616.943430484 9951.20815694381 1410 1871.01081259761 30617.2844182772
53347.9203479213 9943.11148257747 1450 2258.21251060144 33641.5482444647
53514.6533508001 10029.9121244103 1470 2068.74262401416 37591.3963464518
53110.6902562316 10041.3232930131 1450 722.302448358633 27588.8110961353
52741.9920836251 10013.927870917 1420 1820.58631732595 35097.5618088926
52945.6493976997 9948.80531551088 1450 1024.25882217618 30460.5122631782
54113.2691310327 10054.7878197122 1480 1126.42324428721 26528.6120608944
52310.3456576678 9945.28088113684 1400 1223.85178143655 31092.5046102469
54071.354508407 10059.5792569751 1480 2026.70533543775 29945.7784544127
53370.1750259844 10015.2318074433 1470 1776.9868169632 42539.9635050478
53198.8237671125 9976.14467928227 1450 1672.70164489273 29500.3057782974
53807.6716794326 10035.1901907991 1450 1422.5070175954 25101.2100209808
52862.8731109876 9984.91001826772 1450 303.485625046343 33491.0926041981
55050.4705811778 10047.6258330821 1530 993.131994386311 28991.7506857014
54717.1595227826 10066.3602005928 1540 1311.7019004471 32658.8519541762
53248.3068830128 10005.8568321847 1450 930.388379932998 28432.9213366655
54707.47848123 10065.0078680758 1530 1887.37560433987 34034.6332074556
53450.6221905235 10060.7630420432 1470 555.480689553296 28041.456292145
52802.4626957839 10011.3431291853 1470 510.767584921709 32655.3403879892
55744.3989822043 10082.1854272495 1600 733.98593128814 33401.7932269325
52766.7191176122 9913.43054262233 1450 1056.92520960108 20922.2857249768
52841.5257769904 9998.69200009593 1420 1153.35675235673 29044.2322438845
53866.0661929826 10012.3959128732 1470 1623.82017030526 25720.9960813537
54812.3154080537 9969.0035537739 1530 2195.39206591918 28692.1598699756
53930.2771360583 10070.6198963361 1470 1919.34851582978 26488.3500917093
55516.0308395977 10105.0194983766 1590 862.578563338458 31486.7871442965
53194.2986239576 10075.0178736973 1470 1110.03522912248 31653.5474735964
55085.4535232521 10005.5892288077 1530 1904.77614651617 29639.6102410406
55863.6347574918 10167.6373073113 1600 1423.24739255116 34008.4252339245
53556.0506366613 10010.8544551602 1480 2219.7161852951 36099.9137607097
53745.0701585158 10090.0239121876 1480 1795.87687406487 32101.8642739082
53480.5551417726 9995.65740184939 1470 1165.01937259522 34409.0136091648
52863.4036395586 10095.8832556834 1410 2175.07826683626 28776.7711336323
53127.8511130709 9989.44534146947 1450 1175.7590296125 30474.2793896654
53736.6593861847 10003.5641283107 1500 949.392373750217 32437.112204156
56152.592122546 10147.5109030994 1600 531.451382208316 27284.0144594738
53189.3531153283 9983.27375750525 1450 859.196479330542 30920.016645441
55102.1046349304 9955.3334883517 1530 2933.86430637707 28257.3430915613
52755.8971962002 10009.8433123587 1410 752.47736238135 24254.1877301176
55308.3669417755 10010.6564640209 1560 1099.73983032712 31975.587721792
54488.2830655625 9926.93721819861 1500 1441.562936905 28031.3136489023
55721.7737947116 9991.40621028765 1580 456.756253193036 30709.7738316413
53662.7751227277 9975.23535077689 1450 1249.98758857388 27696.3516727754
56313.4623884067 9989.02766337427 1590 2548.08741549205 32010.2959741245
54365.811199149 9989.21822474783 1530 858.538090509161 23415.0696591573
55320.2008820894 10001.0209046497 1560 1846.01711111916 26830.346440211
55160.9143268226 10111.6256842777 1560 1335.7155539047 33560.0293164713
53685.1579617312 10088.3130621941 1510 1421.21450874633 38708.5636413051
54265.4706972827 10096.4618588412 1480 1247.95765202704 27961.7041962471
53818.0935848032 9998.34359721382 1480 679.423856866067 30104.5554127723
54291.0119657403 10029.6067784173 1500 835.09275485208 31391.7963641367
55244.3972093309 10156.5311673839 1530 317.415328629201 32638.6473599655
54343.8066570034 10059.4967803857 1490 817.771025635834 39234.3557315331
54104.5679149528 10034.0632269034 1500 927.389863802514 29517.3100032922
52682.56876191 9968.45127252389 1410 1731.75264143939 30222.2566763941
53141.8537705923 9997.02355748695 1450 1527.2648444676 26599.1027216924
53975.0902259391 10010.5283664796 1480 742.596038034562 28033.7560491313
53759.3822752596 10009.9392839908 1480 1283.38964682586 30495.0476224302
53867.9447501042 9998.72555622412 1500 2325.82158329346 31968.1273899435
54314.2032755878 10090.250250532 1500 620.177902630582 33487.1376695386
52757.2384162955 10127.9341552414 1410 878.635478314806 37969.8344687156
54765.9423956707 10043.4499500742 1530 1828.88839317387 24182.8470537412
54793.8559744947 10082.5044930931 1540 894.395604409832 32221.9608402557
53155.8820730805 10005.5971753391 1420 2345.94548579948 37408.9638791954
54778.7433789677 10084.2688278412 1530 1560.23868277094 36789.2936716817
55976.8124397581 10105.385392067 1590 424.349398221116 34073.2635082473
53826.8928960072 10022.4167684535 1480 1256.19109699293 31657.7540986877
53322.1831141985 10036.0300909998 1470 1378.31571939262 34482.8169094843
53145.893010619 10071.6987652649 1430 1200.9106310452 30484.4147476078
53590.4148529683 10035.6620217447 1480 1447.66970675927 37450.4841935352
52616.2538966047 10052.1332864961 1410 1776.42995905969 32826.8941539134
53841.9150423858 10061.5352541087 1500 1224.94473320399 30762.5130668605
53498.9859824706 10060.6179848074 1450 1497.26898352167 27698.5582702729
53537.6090114031 9988.57101279853 1480 893.370230027457 27839.206531082
53941.9610307277 10116.5134600039 1480 605.861822899549 30437.624094686
55064.341604901 10077.3735275676 1540 1400.00881432632 30495.1773818338
53687.1526562647 9984.558419584 1470 2348.61900621032 37306.0258944838
53307.0493064402 9968.40697307982 1470 684.513131526719 27867.4779714514
54106.2785566868 10046.7250169259 1500 912.13228816993 30382.5089595782
53555.2011276188 10007.1487660769 1450 1702.99687522213 29578.2039773178
55409.2627555794 10078.5854389802 1550 807.683926023421 40029.5149368829
54082.7334247848 10044.2487248485 1500 1225.48367705484 35047.0596357758
54122.8089356032 10010.7145672817 1500 1632.14235352332 42725.7507371693
53720.1588040543 10051.8435380726 1470 1572.37067025396 29756.7110393604
55900.2641866035 10082.9078973885 1590 608.065752464644 34180.7184284527
53894.1739347057 10014.8439659341 1470 1405.85965080625 25641.3328628675
55738.2356593213 10063.5740208085 1540 798.689494666461 29189.2481827212
53643.6952280989 10039.5376690353 1470 1315.76728435371 30464.0551012298
53398.8356036062 10035.0598116984 1470 200.339595250042 34743.3375021686
55338.2365966388 10082.6008219747 1580 1102.00731631578 34423.3374396587
53515.7176163355 10035.8140765388 1450 1337.34167863664 29532.3960504882
53553.6770279327 10073.9645455569 1470 1535.6142109801 29487.1003135859
53668.2302456656 10005.4902029359 1470 1512.67123191309 29754.4615500725
53220.2293171719 10102.1904048331 1440 1241.61357542435 31298.0569279796
53224.0085281292 10034.9166780126 1420 1436.10281946664 29853.5838143415
53695.2346154208 10006.318368638 1480 844.377097728304 30062.6142315494
54596.9141245493 10010.7696354537 1530 1908.65372470399 33903.4275777985
53668.2302456656 10005.4902029359 1470 1512.67123191309 29754.4615500725
53423.6714599023 10044.0168481451 1470 560.667360079637 28194.6308671903
54704.616580951 10040.4754105779 1490 692.741072797817 34033.9378146669
52800.898517134 10010.3326191389 1470 511.068611243233 31753.7490627558
55997.5373051122 10007.1677384139 1610 685.269438330447 32630.4995097312
57163.1802998247 10080.8745358657 1620 1778.55892725644 29258.7854968407
53250.4832659301 10016.8303352159 1430 1198.23581540335 34069.83179824
56953.3036136504 10055.3757109371 1610 1705.6080371227 29680.6637299197
54319.6271696432 9987.58217630188 1500 1485.33741958424 23530.9285001195
56281.1853879622 10001.118502152 1590 1586.40359726248 32185.0915846043
54169.3873435298 9940.16212149422 1530 897.809674727378 28172.1352723697
54280.240973933 9994.024014687 1480 1783.23611782078 25596.6093249401
55246.1180226495 9996.80510514904 1540 2111.90671381517 29613.3989773674
55348.9273357571 10027.2682425132 1590 894.737647646765 27787.7362542596
53841.8564986942 10032.2881665828 1500 985.412658024136 31258.8255981452
54823.5313662813 10005.911019553 1530 1508.34819132512 27706.8461580422
55323.7204204898 9997.06000400328 1550 1349.31946649187 35539.5156477591
55412.6503946959 9972.19923679361 1540 1841.80707924747 32072.519891912
55760.2883260033 10116.3655727757 1610 1443.1364225644 33586.4715948044
53758.0627463231 9987.8248484312 1470 2274.73076811467 36309.1702166143
54983.0839191065 10092.9908769421 1540 1195.80384648077 35080.5946363803
53011.6321397603 10048.5179042429 1410 1802.51769441501 31624.7522659762
54038.0048821689 10058.5853012183 1500 1739.50156021285 32370.1421793602
55317.2741723043 9977.79170385405 1540 1871.97285706399 33798.6848603057
53191.7558906134 10081.6779345143 1420 2111.88684665775 28234.6508862306
54148.0530500807 9971.03960113301 1470 1898.67853503856 35261.7175427514
55361.3090405284 10012.9177576417 1540 477.770073417811 35457.7427184613
54634.3799162149 9996.96824042296 1530 1343.99613940177 28019.3837986036
53515.5367989776 10123.8851413207 1440 866.291763988063 42975.1415039669
56338.5185328778 10010.4093569157 1610 872.135278646697 31137.6986827875
54822.7185344813 10049.7979290041 1530 1828.11380427387 30809.9538743825
53736.6593861847 10003.5641283107 1500 949.392373750217 32437.112204156
56097.319960261 10116.1929818491 1600 542.088514799633 25646.4579437084
56229.3247548864 10052.2508730691 1600 1174.65543657075 37319.679354839
53930.1358235965 10111.8150420453 1480 716.632780653996 32373.1178782403
55933.8073004046 10068.8902963004 1580 1643.90561488149 27680.3506139642
55746.5787193427 10008.680183854 1590 1628.1111043418 33328.3883112912
55209.5627166325 9952.51207361499 1540 2975.22494130862 29325.9819104417
54225.4833544219 10045.5450132549 1480 1318.12133841244 25461.1134130639
55308.3669417755 10010.6564640209 1560 1099.73983032712 31975.587721792
56732.129305901 10012.3749999931 1600 2305.21975749138 30759.296226856
55721.7737947116 9991.40621028765 1580 456.756253193036 30709.7738316413
55773.8400191756 10032.4563119375 1550 699.134718863933 29110.3498887119
56298.5481279956 10049.1669580279 1600 1723.78748361217 29530.6458535482
54907.9587327897 10072.9723526391 1530 872.194795129417 35345.0912344285
57735.5640104375 10071.6603543875 1610 2858.1224066827 28402.3474342924
55459.1571775566 10054.4137576657 1580 875.441759489768 29088.2174096494
57010.1584952306 10068.6236821061 1600 2816.24587203748 33156.3701350804
54995.2067700743 10067.9222496723 1540 876.659610092905 28972.0101823641
54365.811199149 9989.21822474783 1530 858.538090509161 23415.0696591573
