2545.33809375336 664.737183230281 250 45.4160595666674 316.825312069029
2590.75367534214 665.148254102799 267 40.8862087586412 391.053558033182
2538.06710515857 666.105228061585 239 50.0174748501535 288.4568585981
2539.47817046483 667.455736574811 248 76.0360640023518 252.455736574811
2512.96881967203 663.607569752098 249 67.7308955301231 372.988333973939
2724.71588672095 682.323286033644 315 5.45233808611819 601.727553026661
2719.75912602069 673.495384329526 289 8.67036862513335 477.218070572489
2765.06249076909 679.038753197622 318 23.1244287075568 522.034886207272
2535.77043729989 668.579914601481 260 54.0865073691345 293.070792254397
2529.95593422285 664.387956105977 236 18.4480746703875 311.34239821619
2722.58220691761 684.50042448439 298 12.3656765193404 658.030893993524
2576.50207050839 663.44213868407 259 51.5576538221551 176.808567546393
2541.81840952259 674.756825344194 252 38.7005947674277 331.68286230008
2570.20452224471 669.469021218208 256 46.9986831558947 354.472536522703
2696.79215996784 677.196598232858 318 32.8158789131728 492.545653737951
2584.55754729646 674.7739554155 266 37.8682722131407 353.88231281615
2755.32552001107 671.954336496978 315 28.7163477209881 323.121694850116
2538.06710515857 666.105228061585 239 50.0174748501535 288.4568585981
2724.71588672095 682.323286033644 315 5.45233808611819 601.727553026661
2719.75912602069 673.495384329526 289 8.67036862513335 477.218070572489
2765.06249076909 679.038753197622 318 23.1244287075568 522.034886207272
2535.77043729989 668.579914601481 260 54.0865073691345 293.070792254397
2529.95593422285 664.387956105977 236 18.4480746703875 311.34239821619
2569.81939625111 677.958871270217 257 73.6515527263428 367.575466927312
2518.97510019651 657.000432345716 245 78.2748728620206 313.161426387543
2722.58220691761 684.50042448439 298 12.3656765193404 658.030893993524
2551.30084561027 669.771418639752 256 122.258850617004 364.897902455129
2576.50207050839 663.44213868407 259 51.5576538221551 176.808567546393
2544.50725114339 672.392322801535 239 64.1823174497851 408.259265787315
2511.12359641675 665.924932601667 238 80.3183760708314 371.095893470171
2575.51283210655 676.259550261877 259 87.8828088197221 396.226202157397
2541.81840952259 674.756825344194 252 38.7005947674277 331.68286230008
2570.20452224471 669.469021218208 256 46.9986831558947 354.472536522703
2696.79215996784 677.196598232858 318 32.8158789131728 492.545653737951
2584.55754729646 674.7739554155 266 37.8682722131407 353.88231281615
2869.74672662556 673.188689696748 335 59.6269505546593 341.297711154603
2538.06710515857 666.105228061585 239 50.0174748501535 288.4568585981
2544.93654141198 671.698850253271 248 85.3992094972006 386.64398132969
2695.08418265383 661.267036391293 312 69.9153633845963 304.206344968222
2718.75326797118 660.152533827546 313 23.2447756833068 653.098904618705
2711.25435204258 673.680068852579 289 10.3071131403531 457.204389554097
2758.15529403219 657.33401921603 330 48.7428915698001 498.622559782686
2848.73029643261 668.781406907362 345 104.688669079315 262.144293239507
2645.57392944621 668.410696576554 288 17.670800555283 458.532253827641
2590.03685384599 655.1750418349 267 69.6596404317275 313.043367586315
2803.96907390822 662.096117766371 332 47.2840674677795 429.921925587612
2584.87167082638 648.526212928052 284 54.0697927647135 368.8130645011
2736.38610256766 672.001713427007 318 74.6818371847489 218.768874697212
2549.93417094165 666.327025644319 254 37.1387157541039 234.461759701753
2722.46591251749 656.162358366348 303 17.1867089164123 488.731841435811
2496.18148792898 654.404443887383 253 37.1520744599847 442.988351085082
2877.51564620471 673.600310040417 342 58.1318212845479 342.944192529279
2622.59608545023 661.917856249312 284 10.9116640898445 391.247268687681
2828.13977978741 651.513553883887 363 97.5781280715146 544.629061774499
2538.06710515857 666.105228061585 239 50.0174748501535 288.4568585981
2544.93654141198 671.698850253271 248 85.3992094972006 386.64398132969
2860.11778019377 665.394293140989 342 61.4800421594611 292.863894234691
2828.13977978741 651.513553883887 363 97.5781280715146 544.629061774499
2817.87014970877 654.317128446933 330 89.7661663671804 256.926069927548
2713.9076661431 673.756665453139 270 16.1769431105285 310.133924781626
2584.78047926647 647.256431762187 283 72.9514827491433 299.774144412787
2634.71132077152 654.95852296375 276 72.2481316186127 187.995311970798
2806.05396406929 673.431421335441 344 25.077090024823 444.386045884426
2721.149023268 659.140713131795 294 100.073141692085 200.789045960815
2837.79665930247 676.73653552685 332 67.3833160074772 304.442760130537
2788.51876804571 671.814031953312 350 106.486509300646 476.176580460552
2835.38805072078 658.491246372806 358 51.9615648473154 389.346231564001
2921.0060309695 671.974942785883 377 78.1033867276181 607.031762737456
2565.88441098319 659.399112701549 248 102.173737438474 368.298067003237
2692.58078439516 662.8879154049 270 7.96822249842763 291.327175841162
2584.78047926647 647.256431762187 283 72.9514827491433 299.774144412787
2806.05396406929 673.431421335441 344 25.077090024823 444.386045884426
2721.149023268 659.140713131795 294 100.073141692085 200.789045960815
2572.90197726541 658.716459523419 255 80.0172588578742 360.679199869985
2714.21030872759 657.248849340403 313 24.1190685973752 731.780738515817
2606.35650810779 661.435949290874 253 48.5593842840466 153.029868258239
2790.54358351448 680.129253686703 339 23.2426470602688 364.856410599749
2732.04151274318 667.544379112371 310 9.20200786837042 491.042285441231
2610.62410476621 648.101728082535 279 33.4767761827216 195.101728082535
2907.98985235234 670.973323950281 360 23.0059338705299 421.348461723839
2802.20906729773 670.315478921151 350 34.1761309701335 557.214731417687
2894.86863832574 662.70512635211 356 98.7126409677794 277.206269944461
2683.90583924969 685.606965380623 286 10.2938210740861 484.626792455718
2796.22386034414 677.322284843244 326 29.978932530026 413.681472620008
2985.27482001735 672.31496898321 357 13.101132354978 398.871446199051
2772.13116613988 664.284108092292 341 36.3176978184312 536.604935206581
2808.46081302698 646.145805891135 356 54.288470556899 437.692769823221
2731.15565732081 667.944507750685 309 15.665599118121 594.61063285563
2803.96907390822 662.096117766371 332 47.2840674677795 429.921925587612
3008.57502911079 676.704370440624 392 114.271784982256 532.487565314845
2784.58155209562 657.425639500273 346 45.3055593660546 679.132311817577
2709.18492378149 667.97372516777 323 48.9801824420712 576.874981024273
2605.57016941785 633.50491401385 294 45.5350583402099 426.960126422628
2773.1129808864 659.054993162582 312 23.4759724048508 570.080155998238
2736.38610256766 672.001713427007 318 74.6818371847489 218.768874697212
2593.86676354876 635.0344720994 294 53.5659142918629 487.601300861106
2817.16001306694 676.371437714385 317 18.2524138497941 465.379640141211
3004.50815799761 674.734431838157 391 119.01391757627 483.122010056493
2605.59538780049 630.429183218228 311 20.3639421977329 208.393061575415
2923.62660490891 667.670612929847 366 57.2663447367849 225.205036425831
2818.82433959394 665.662744577095 326 63.5095935347088 246.173276975278
2643.13188280321 624.342240999426 310 140.921264279165 451.908558236175
2576.5182943592 659.968806762013 266 32.0225988170062 365.21070920282
2900.58245749286 665.286401712115 374 58.4682176307745 551.675912831191
2758.48031950301 672.96647528006 323 22.5301312695652 572.194610918598
2804.25636080798 665.442429835932 339 50.8939217684521 377.861568690756
2717.73770601898 663.84026211244 323 88.6015688358048 338.552325630315
3028.2580243929 667.110823338317 392 35.3713385902726 554.417135899616
2722.46591251749 656.162358366348 303 17.1867089164123 488.731841435811
2883.59988463449 661.998848305769 364 33.0328947730801 496.579359996736
2512.55855611556 603.352789806137 284 17.042502042984 411.068333963143
2890.1647573142 673.01592790458 359 86.9247295452423 507.762660804951
2815.80220794266 652.282655634839 358 44.422970447147 374.349037447965
2921.0060309695 671.974942785883 377 78.1033867276181 607.031762737456
2565.88441098319 659.399112701549 248 102.173737438474 368.298067003237
2884.71435926633 663.500554617572 341 75.3468473833118 361.819202076417
2584.78047926647 647.256431762187 283 72.9514827491433 299.774144412787
2890.19551991704 652.974475308408 361 105.861017494883 451.039448569033
2714.3562339533 643.953964297913 340 124.176679792241 553.860840800037
2733.5937671009 653.069384292885 323 39.0220614332335 373.110223323373
2802.70803870199 673.007369137903 323 84.3771018535346 224.581548562608
2809.14030816547 664.75340404122 329 44.3975267427639 440.041217192688
2714.21030872759 657.248849340403 313 24.1190685973752 731.780738515817
2622.96860983864 648.425971709701 270 45.3623838153413 153.029868258239
3008.42707895218 672.375460147295 371 93.8559549076676 590.398389475626
2790.54358351448 680.129253686703 339 23.2426470602688 364.856410599749
2732.04151274318 667.544379112371 310 9.20200786837042 491.042285441231
2847.34197370919 667.799012911896 357 34.6776235573305 445.005324166477
2802.20906729773 670.315478921151 350 34.1761309701335 557.214731417687
3036.90385627903 674.333003867372 391 113.811688800616 239.057348332131
2683.90583924969 685.606965380623 286 10.2938210740861 484.626792455718
2786.37889097801 675.812735992345 339 75.2045886256269 409.436189961348
2985.27482001735 672.31496898321 357 13.101132354978 398.871446199051
3006.09037949429 685.627545951385 381 69.5275511746134 638.677058422864
2952.75867800592 673.849658608376 357 49.5640333612676 370.919583346223
2733.6433693928 667.025932188608 309 15.1868387066434 672.435596595414
2800.64762775484 662.096117766371 332 47.9232800780308 447.561245812614
3044.56901672189 672.555835124722 408 128.125877273239 542.441114888389
2773.98741022357 663.006666676624 325 36.7841027645783 447.75035792837
2784.58155209562 657.425639500273 346 45.3055593660546 679.132311817577
2709.18492378149 667.97372516777 323 48.9801824420712 576.874981024273
2736.38610256766 672.001713427007 318 74.6818371847489 218.768874697212
2706.51842447278 666.994035272423 323 31.886092038816 531.786869656422
2817.16001306694 676.371437714385 317 18.2524138497941 465.379640141211
2992.9836584162 671.262143265561 391 114.578135619199 440.396461881716
2605.59538780049 630.429183218228 311 20.3639421977329 208.393061575415
2923.62660490891 667.670612929847 366 57.2663447367849 225.205036425831
2818.82433959394 665.662744577095 326 63.5095935347088 246.173276975278
2643.13188280321 624.342240999426 310 140.921264279165 451.908558236175
2576.5182943592 659.968806762013 266 32.0225988170062 365.21070920282
2750.562358828 670.327155055058 323 24.0539435119478 564.276650243592
2819.41956841419 660.193135087337 339 101.647717089697 308.756746215203
2512.55855611556 603.352789806137 284 17.042502042984 411.068333963143
2815.80220794266 652.282655634839 358 44.422970447147 374.349037447965
2921.0060309695 671.974942785883 377 78.1033867276181 607.031762737456
3008.01514063444 668.100171574599 373 33.2072985150578 675.184016605088
2565.88441098319 659.399112701549 248 102.173737438474 368.298067003237
2878.72616763315 661.53032774635 341 76.4992754004353 371.957703369878
2714.3562339533 643.953964297913 340 124.176679792241 553.860840800037
2725.63370814978 648.853470891 326 40.5539754926319 352.629898697372
2783.02142968954 655.15326669729 339 62.356668602528 621.913427437477
2809.14030816547 664.75340404122 329 44.3975267427639 440.041217192688
2755.05857130046 644.20842239886 337 96.6632476899439 291.655899040165
2714.21030872759 657.248849340403 313 24.1190685973752 731.780738515817
3008.42707895218 672.375460147295 371 93.8559549076676 590.398389475626
2815.42985070818 657.490915945501 342 40.3041414534034 408.528518084309
2733.61793049857 635.242470614345 318 104.579070112359 412.869334382449
2712.59902710932 663.796973567452 323 38.2430839343975 287.38930615878
2732.04151274318 667.544379112371 310 9.20200786837042 491.042285441231
2776.78122178737 644.963949302088 329 122.863097957194 350.207199630779
2847.34197370919 667.799012911896 357 34.6776235573305 445.005324166477
2802.20906729773 670.315478921151 350 34.1761309701335 557.214731417687
3036.90385627903 674.333003867372 391 113.811688800616 239.057348332131
2728.50289349253 655.792118836101 323 69.5457517379725 361.31413682384
2619.56808711627 631.377389099446 289 3.55011267987605 568.878318057969
2786.37889097801 675.812735992345 339 75.2045886256269 409.436189961348
2512.55855611556 603.352789806137 284 17.042502042984 411.068333963143
2612.37885320243 643.732335746957 276 85.9572783872409 386.509655235039
2695.44700869267 663.836001154455 294 113.799963442237 300.331764719181
2869.90178596374 675.69371590675 324 36.097646036455 417.838343551595
2815.80220794266 652.282655634839 358 44.422970447147 374.349037447965
2905.40851163 667.389326786696 352 63.9578041588294 553.140377023808
2852.73129311949 660.844389198068 350 91.2428661531369 573.64010197401
2766.77499168059 673.467203635212 322 40.1147591937991 410.578640740898
2710.64843420369 667.623264627535 293 29.6044046434152 334.975762050133
3008.01514063444 668.100171574599 373 33.2072985150578 675.184016605088
3107.07231445194 662.933625408696 408 95.084476778907 657.278014209518
3122.11057358893 684.571895555695 380 106.824545463466 430.167824025145
2755.51200092142 660.209278037565 323 120.694759802707 294.747554801105
2960.27005564638 676.259991528281 373 70.5650883273651 689.170919005407
2714.3562339533 643.953964297913 340 124.176679792241 553.860840800037
3060.74302928682 664.630779193917 392 54.2063763510506 907.933852738239
2714.51892561117 638.853470891 326 42.6930163895151 363.206422922168
2783.02142968954 655.15326669729 339 62.356668602528 621.913427437477
2686.07943868886 656.011195716818 284 58.2362462515309 331.990458261167
2645.44522699322 650.129349430616 294 67.3379284231722 679.856855248265
2809.14030816547 664.75340404122 329 44.3975267427639 440.041217192688
2714.21030872759 657.248849340403 313 24.1190685973752 731.780738515817
2743.00306061177 663.096364683026 311 65.6148225704116 260.509117803051
2785.95062576261 665.083546975663 304 39.541149487287 199.924396809986
