2544.96877094965 674.156618452841 272 36.6526001260028 405.861424774948
2638.22227184761 678.932774838292 286 32.458216688427 329.053613189942
2528.03645467875 676.027432536422 247 29.4266342371511 395.271026175287
2708.29274477514 670.736702940318 313 10.7723338269425 278.735643181002
2599.98546120999 681.05678070333 262 19.6254956165118 310.065611594014
2581.38103181591 666.061075337654 271 84.0406377006977 245.81937456033
2491.69138674746 670.279491428571 238 28.3261680712365 174.110098378473
2583.09291694829 674.316991474096 285 63.5648871463298 321.379358225695
2671.17520345189 670.225516026916 265 51.539586647629 117.962284318002
2590.87121163828 670.174150757079 283 51.1630042297858 307.828911327801
2680.6362922774 667.537686375322 294 32.7969880182739 203.179578356959
2689.55637464767 670.630908642268 292 2.68466711347851 195.284061725912
2609.21798477724 669.545079484691 283 60.7518197655265 170.234002633636
2544.96877094965 674.156618452841 272 36.6526001260028 405.861424774948
2664.25210861363 672.10583452327 283 31.5566738482367 200.260590790932
2620.80927128339 652.13486090954 273 29.8897846481134 362.027594402759
2595.10249197706 647.470752193546 272 44.0207952853708 270.249118390493
2535.42866693459 649.958836590116 262 56.4305530034254 210.895796478023
2528.03645467875 676.027432536422 247 29.4266342371511 395.271026175287
2708.29274477514 670.736702940318 313 10.7723338269425 278.735643181002
2595.08276522673 678.124150757412 262 17.7384470527174 307.132981648096
2880.19922332692 680.184878242844 347 41.4767560247296 234.691967015587
2447.3439099003 650.442911408631 238 36.8608439697662 144.224657339151
2523.55787261764 651.504483866765 247 58.9295331575016 207.117375788724
2595.87385547757 654.366768205026 281 85.8947052947004 268.76845351765
2591.89683212185 654.400621703809 282 69.2877569448618 297.2510583311
2579.24703830209 654.235098480857 272 113.965460839665 179.861125478158
2671.17520345189 670.225516026916 265 51.539586647629 117.962284318002
2553.55158676962 632.636813711427 284 88.8922071244249 229.193408466923
2547.3554311757 649.361800031756 267 56.0789313096768 354.048505635159
2623.56883588232 646.941130873602 266 67.2921718393683 297.924747408943
2680.6362922774 667.537686375322 294 32.7969880182739 203.179578356959
2734.60336379194 661.088055027164 297 43.5698818109914 159.777101321211
2709.22948181038 658.288406682132 301 10.2568495909359 188.335292255239
2605.79230640521 658.650392170908 283 11.8958503652509 137.888733845103
2573.84515285913 661.073788026768 284 31.0953378364476 423.721664245497
2664.25210861363 672.10583452327 283 31.5566738482367 200.260590790932
2621.43688547463 651.021680329458 273 29.7690002406928 360.914413822677
2595.10249197706 647.470752193546 272 44.0207952853708 270.249118390493
2596.57434010369 668.368158014781 271 62.5764789301936 426.938015276807
2787.13346037302 673.792977562608 342 4.40056896423691 321.116028083676
2595.08276522673 678.124150757412 262 17.7384470527174 307.132981648096
2880.19922332692 680.184878242844 347 41.4767560247296 234.691967015587
2748.89774774529 658.925777734673 340 104.291842441818 236.213215188454
2754.05708539563 663.60433201434 307 2.57527038743375 259.012963969345
2616.47245983617 662.437788376437 287 87.7946947842102 196.470018844337
2676.24964223238 677.823244895053 280 27.1114476493471 137.352298362122
2447.3439099003 650.442911408631 238 36.8608439697662 144.224657339151
2467.46820261695 659.17881759041 254 56.1893803183528 272.459957610548
2635.78966949853 672.672405564456 285 39.2227931515667 393.335802801157
2496.49689525992 641.569156119502 256 40.199778278351 268.123954878508
2502.89291545564 622.715043242435 254 62.9065060175921 134.30677927361
2556.6799182421 647.723673581074 273 76.0652551810286 339.03632298587
2604.90841410399 653.333319154679 281 61.1335456803627 441.669361532934
2579.24703830209 654.235098480857 272 113.965460839665 179.861125478158
2671.17520345189 670.225516026916 265 51.539586647629 117.962284318002
2563.45264759573 650.167536710107 256 64.627490292659 141.252077612659
2604.47704630125 656.527887550809 275 79.091597868027 244.684969349882
2730.75392620272 661.786335921166 321 13.4590985630056 343.505199593256
2547.3554311757 649.361800031756 267 56.0789313096768 354.048505635159
2623.56883588232 646.941130873602 266 67.2921718393683 297.924747408943
2694.54060475628 651.733016705716 323 30.1211018340808 197.670999521149
2734.60336379194 661.088055027164 297 43.5698818109914 159.777101321211
2656.28534942938 656.248269135124 294 33.3963740686314 227.688273484809
2709.22948181038 658.288406682132 301 10.2568495909359 188.335292255239
2596.57434010369 668.368158014781 271 62.5764789301936 426.938015276807
2605.79230640521 658.650392170908 283 11.8958503652509 137.888733845103
2710.62336786402 646.542471650858 323 18.3509697824381 286.181271814274
2691.9207944296 662.918198232759 294 8.37167002129893 404.257901147301
2658.9073499937 669.184942015501 283 29.4994752962559 199.90239472402
2621.43688547463 651.021680329458 273 29.7690002406928 360.914413822677
2770.07004930497 658.887599503896 310 10.3482731777968 302.364066415234
2596.57434010369 668.368158014781 271 62.5764789301936 426.938015276807
2787.13346037302 673.792977562608 342 4.40056896423691 321.116028083676
2595.08276522673 678.124150757412 262 17.7384470527174 307.132981648096
2880.19922332692 680.184878242844 347 41.4767560247296 234.691967015587
2748.89774774529 658.925777734673 340 104.291842441818 236.213215188454
2754.05708539563 663.60433201434 307 2.57527038743375 259.012963969345
2676.24964223238 677.823244895053 280 27.1114476493471 137.352298362122
2447.3439099003 650.442911408631 238 36.8608439697662 144.224657339151
2496.49689525992 641.569156119502 256 40.199778278351 268.123954878508
2607.64420877567 654.557223473188 270 78.9685856904724 234.460998714453
2502.89291545564 622.715043242435 254 62.9065060175921 134.30677927361
2814.551416735 670.108280173934 350 80.7310062786592 267.237512969179
2613.63630613765 638.084580759144 292 82.4763200713462 250.822883096305
2556.6799182421 647.723673581074 273 76.0652551810286 339.03632298587
2579.24703830209 654.235098480857 272 113.965460839665 179.861125478158
2857.17290129573 671.984610750376 367 103.295637887359 229.456531649553
2614.32926552069 650.003953411304 286 76.5647681687447 399.364622317199
2721.3826005837 654.713575176429 321 9.85207365046864 319.450710110067
2607.54414348547 654.462340446608 273 41.0256338335389 285.090252520619
2708.34058530369 673.469167925177 294 28.1118834664666 209.870933188951
2691.9207944296 662.918198232759 294 8.37167002129893 404.257901147301
2658.9073499937 669.184942015501 283 29.4994752962559 199.90239472402
2782.43345395916 651.765373095817 330 9.96719997364629 310.757583052166
2783.83542739461 660.630471283971 339 15.6465696748304 304.10693819531
2657.8090337759 665.216629075289 294 65.7983197337373 145.121976729659
2880.19922332692 680.184878242844 347 41.4767560247296 234.691967015587
2748.89774774529 658.925777734673 340 104.291842441818 236.213215188454
2754.05708539563 663.60433201434 307 2.57527038743375 259.012963969345
2724.37723177043 678.732632903722 279 17.8492887242657 155.539748544755
2670.28338404145 669.449160944584 276 28.1394764243847 283.207748851657
2744.17296914448 653.076378092615 336 26.5263082486474 381.046115306746
2675.01364464152 662.624281510887 293 58.1149552438304 163.308687649254
2447.3439099003 650.442911408631 238 36.8608439697662 144.224657339151
2502.89291545564 622.715043242435 254 62.9065060175921 134.30677927361
2814.551416735 670.108280173934 350 80.7310062786592 267.237512969179
2791.20500184801 666.888401416911 328 10.851387731411 213.63701321198
2675.30098814661 661.751098143765 279 16.8617613776733 229.185753315098
2556.6799182421 647.723673581074 273 76.0652551810286 339.03632298587
2571.2858667962 650.8322869252 272 115.497589010328 176.458313922501
2902.04865239662 666.536225312446 370 120.568322539483 213.202793477566
2614.32926552069 650.003953411304 286 76.5647681687447 399.364622317199
2682.82776591007 663.144490188124 294 7.50020761794282 394.072004742826
2798.83321038131 681.655630891803 323 124.16902798818 219.68291459177
2721.3826005837 654.713575176429 321 9.85207365046864 319.450710110067
2607.54414348547 654.462340446608 273 41.0256338335389 285.090252520619
2697.79213792804 638.626787917454 349 30.4518229036493 241.738132512411
2708.34058530369 673.469167925177 294 28.1118834664666 209.870933188951
2641.81435655589 660.92571759417 276 37.9003026444719 381.82367881102
2560.28600044762 642.291301870511 267 68.4894509126326 241.85620167807
2637.83318757343 624.782212253879 323 41.0344493592705 188.945466689502
2709.31115438821 659.24571525327 303 82.3057273460849 175.830442862032
2691.9207944296 662.918198232759 294 8.37167002129893 404.257901147301
2788.05533789901 649.844999829729 330 8.88526790497176 306.916836519991
2926.74401300474 672.568282616285 390 76.7173353609709 510.010089955127
3030.33781798813 664.983465805226 380 71.1066208261734 308.459932716565
2834.41975666415 667.621547686915 357 56.6144477990096 265.796591730588
2556.71404816363 642.909941106079 266 59.7218215117113 306.997152666684
2657.8090337759 665.216629075289 294 65.7983197337373 145.121976729659
2844.8680963407 669.263292785558 337 27.8777989072197 223.770381558302
2735.5160159755 652.934610610528 340 99.1412114821442 230.222048064309
2821.80550832451 673.577472942722 324 10.4629196842866 267.53232939718
2757.43121401986 632.200262289424 327 154.300100688981 269.386356724459
2660.49813929177 666.37188405922 276 30.022647654489 280.130471966293
2744.17296914448 653.076378092615 336 26.5263082486474 381.046115306746
2867.61781725826 666.58320499319 346 132.248335848711 234.046074441488
2535.72387091978 653.496155504227 267 19.8521125412447 156.223793938672
2502.89291545564 622.715043242435 254 62.9065060175921 134.30677927361
2805.33052242105 665.853802632043 350 82.5055682167696 250.100224539088
2893.03501560664 669.516700973841 375 74.7351890836888 258.792478331688
2556.6799182421 647.723673581074 273 76.0652551810286 339.03632298587
2902.04865239662 666.536225312446 370 120.568322539483 213.202793477566
2614.32926552069 650.003953411304 286 76.5647681687447 399.364622317199
2682.82776591007 663.144490188124 294 7.50020761794282 394.072004742826
2604.59350704529 657.170268241138 263 50.7500082177755 282.441367240931
2798.83321038131 681.655630891803 323 124.16902798818 219.68291459177
2721.3826005837 654.713575176429 321 9.85207365046864 319.450710110067
2469.61531695642 637.823713645222 273 67.5700488753898 287.548868408201
2554.6500456389 640.97862605136 270 23.364121714124 314.267953763348
2697.79213792804 638.626787917454 349 30.4518229036493 241.738132512411
2708.34058530369 673.469167925177 294 28.1118834664666 209.870933188951
2641.81435655589 660.92571759417 276 37.9003026444719 381.82367881102
2628.44425536028 635.559040342393 284 39.3590703895489 332.408236834877
2637.83318757343 624.782212253879 323 41.0344493592705 188.945466689502
2828.06239031778 666.762611135102 336 59.4520413359057 189.384826160676
2691.9207944296 662.918198232759 294 8.37167002129893 404.257901147301
2930.51908697614 663.977441989151 386 114.928683210392 525.959705427588
2762.13931210219 636.111011215311 374 13.360956443664 400.282936692875
2841.43406539762 673.453469641531 356 20.148053256685 346.303861845665
2559.79245041904 656.807368456636 256 49.4141494411161 276.32394135674
2587.20462979718 628.010767594881 294 133.869938097586 327.445935594928
3030.33781798813 664.983465805226 380 71.1066208261734 308.459932716565
2831.99493571905 667.535377428401 357 55.6811337820817 223.334534955166
2773.19427140807 676.724839839455 323 30.4020858171764 306.075912397993
2556.71404816363 642.909941106079 266 59.7218215117113 306.997152666684
2688.59758049244 657.578962297069 303 59.8730611554882 132.312630632703
2844.8680963407 669.263292785558 337 27.8777989072197 223.770381558302
2821.80550832451 673.577472942722 324 10.4629196842866 267.53232939718
2717.61020385036 621.179643831697 317 161.963657669237 269.386356724459
2953.13949221014 672.961739215981 365 115.789681830373 300.941235307555
2600.28414507361 659.553834692137 276 7.42748198735579 206.379365238094
2828.06239031778 666.762611135102 336 59.4520413359057 189.384826160676
3010.80386014951 664.373128926847 371 113.622114763712 294.025308633307
2691.9207944296 662.918198232759 294 8.37167002129893 404.257901147301
3012.14419623838 670.253622137534 413 146.34620241385 534.692405611853
2764.28773034329 640.241061827888 374 14.1878830102184 413.839148348648
2613.87970376324 658.781901988926 271 36.2055254238227 320.359992699682
2559.79245041904 656.807368456636 256 49.4141494411161 276.32394135674
2587.20462979718 628.010767594881 294 133.869938097586 327.445935594928
2745.58906725757 665.200560001902 313 0.718687984454033 350.219490955461
3030.33781798813 664.983465805226 380 71.1066208261734 308.459932716565
2828.06239031778 666.762611135102 336 59.4520413359057 189.384826160676
3010.80386014951 664.373128926847 371 113.622114763712 294.025308633307
2796.34562242981 663.793177560827 327 11.7248974973691 414.618737790593
3108.65873295696 673.521189597273 422 127.771971162122 587.821587312306
2670.85977215171 631.24153744322 320 12.5899210417748 230.504787493591
2764.28773034329 640.241061827888 374 14.1878830102184 413.839148348648
2988.06276903386 672.85724845002 355 23.3557598093614 515.559213371368
2559.79245041904 656.807368456636 256 49.4141494411161 276.32394135674
2760.68237247245 633.265924275933 326 129.770822451425 265.883162170676
2745.58906725757 665.200560001902 313 0.718687984454033 350.219490955461
3030.33781798813 664.983465805226 380 71.1066208261734 308.459932716565
2788.04814849766 644.309704548037 313 152.285097894526 221.048721942299
2915.32135981631 671.190086692274 366 57.8837491571715 328.919680252417
2831.99493571905 667.535377428401 357 55.6811337820817 223.334534955166
2839.24152686229 667.694627964312 332 17.6912855786004 290.743240288993
3041.37637570552 676.775264205406 371 47.9669820935006 309.664201784531
2767.48057211254 652.147355049742 309 19.159785065689 284.221300566421
3121.35802128614 669.412856512933 388 121.123872781038 337.260275546389
