2889.53128682912 703.598329575312 510 12.4114418094619 383.366400034787
3245.76326882008 701.727146840967 660 97.4633545807328 1014.13757098748
3025.58978168989 713.781913710488 566 1.38211648558626 403.654861519756
2695.97879395294 704.219529951381 450 27.1540486087811 433.016755614968
2812.64031259262 706.828464789704 520 0.975383600478834 437.597946509374
3066.91212639607 689.475257103886 607 14.822658254827 582.328422190973
2658.95731747798 695.743304282355 430 75.2298716086874 604.222054596577
2761.27071711634 706.047580051187 490 22.5603053550792 690.109512320689
2870.07872904362 699.162929247559 560 7.01851762457531 695.236314888201
2949.96863392127 704.087456946969 590 13.5665965197278 577.886762320901
2989.17180218774 684.6137190622 610 101.034786648908 602.35557526513
2764.00817101663 709.248569039087 470 64.0704491757868 385.040802836416
3001.22301666982 698.139833086508 590 15.2144299260891 707.718389153044
2717.24201520157 702.832795889705 470 51.8507554300554 410.630387124167
2908.98797573262 700.740455562014 560 6.67290451984985 459.037443741462
2998.66818159833 713.170938512313 607 48.472302001129 814.615163733896
2971.25850408643 702.935885346199 570 3.85186503715137 920.524046231508
2767.73911727637 696.823468033158 477 1.83577139620679 439.145791666255
2936.85004829415 705.903413606312 568 63.7352924231331 421.582088967347
2663.63125681176 698.761113447368 430 51.1812106706947 490.175705573682
3048.27402111947 708.450138286674 580 6.74458408012045 604.362480101398
2662.51715589648 699.140870088801 430 42.9728648570083 398.866647795065
2840.03118352186 689.736688761566 490 6.64115683677796 369.504759221042
2870.96645541606 671.524165361154 550 50.3379160167923 365.533724199547
3245.76326882008 701.727146840967 660 97.4633545807328 1014.13757098748
2976.22679691117 684.924976704273 566 10.8820273355845 368.668489921807
3252.69213802671 704.415284231059 648 20.3208515224985 575.646330870553
2832.50947540446 675.12184659018 540 9.31450974998757 583.746470270071
2904.72854660145 626.616834748805 560 163.955318153599 472.319842292656
2812.64031259262 706.828464789704 520 0.975383600478834 437.597946509374
2649.07541271639 677.84509782016 430 84.7694789856541 466.319059445351
3146.39824880922 709.235612680832 610 0.401037639795793 535.424066584409
2836.07824645178 642.67620715336 578 21.6781612577306 669.141109129182
2932.38742330083 705.501200164618 570 4.97279617617479 680.315101798529
2873.92019135765 702.245467038504 550 1.06893307545888 587.898297213373
2981.84524953378 624.223659625743 600 222.700554632226 497.454015967633
2954.07821257634 701.565651798577 570 36.2639250735832 469.030610845091
2764.00817101663 709.248569039087 470 64.0704491757868 385.040802836416
2671.24805257128 685.727363249176 450 23.6460581510127 456.887507384778
3001.84559896029 709.235774100961 600 24.554757408074 751.01412216626
3001.22301666982 698.139833086508 590 15.2144299260891 707.718389153044
2835.95032236179 669.679257137466 540 80.8841654008132 353.341456287228
2728.38586355537 630.803169906343 520 100.747425422037 381.459008842942
2679.64660587263 687.126886267439 470 37.3802756324825 382.5493846397
2896.53429776072 690.740455562014 560 1.87948163353125 449.037443741462
2857.00353058599 666.106851738723 550 2.41500352393945 419.427725001614
2998.66818159833 713.170938512313 607 48.472302001129 814.615163733896
3008.87033164416 697.792730504096 570 5.55129012933958 691.264142111474
2975.04754959352 703.518048952152 590 3.12266288931992 778.63720224158
2767.73911727637 696.823468033158 477 1.83577139620679 439.145791666255
2914.5879996768 710.469141045243 580 33.3505750895141 523.780295895641
2911.05452855345 692.463107097401 568 68.6996425118601 395.078743077372
2659.34074999968 712.433023029805 410 49.529793828749 491.519524738557
2850.45286931582 699.932381644024 520 6.06608307204152 564.741720741161
3033.30692815482 702.683889179851 580 12.5054208482037 572.606035858647
2840.03118352186 689.736688761566 490 6.64115683677796 369.504759221042
2871.40207800226 668.168878995453 550 50.2540804109914 351.982145323181
3238.033956231 700.706628799688 660 94.4883407780955 1021.9743585005
3055.36044882694 688.656507678691 576 4.34725107625698 380.402633068282
3108.56420252679 662.65015526311 638 48.0582856420392 516.736584001011
2832.50947540446 675.12184659018 540 9.31450974998757 583.746470270071
2904.72854660145 626.616834748805 560 163.955318153599 472.319842292656
2799.5611327472 689.987370991127 500 20.8887808589391 661.20658991955
2945.87220064264 656.476510627616 570 50.1615517428054 428.81535959024
3062.8265229531 689.094358122293 610 34.2428738735323 601.200661228503
2812.64031259262 706.828464789704 520 0.975383600478834 437.597946509374
3076.54865380176 689.400616657969 620 5.30205647862803 556.010568246114
2932.38742330083 705.501200164618 570 4.97279617617479 680.315101798529
2873.92019135765 702.245467038504 550 1.06893307545888 587.898297213373
2882.33387465532 687.12596308124 540 15.8294978949051 566.263043509531
2943.55447026892 690.032895528624 568 6.06741493544409 853.335067616347
2981.84524953378 624.223659625743 600 222.700554632226 497.454015967633
2736.99418513187 693.815458681646 450 77.5265483540691 384.921258901973
2898.38695673217 682.259326181062 560 46.9817122579617 389.202681188511
2870.97184375939 625.183270616288 543 103.935075056964 459.268753551597
2785.89704410909 659.898900800828 520 31.1649564437294 587.395968120771
3001.84559896029 709.235774100961 600 24.554757408074 751.01412216626
3002.63281885851 692.538648507732 590 15.0886524973809 699.9636734331
2835.95032236179 669.679257137466 540 80.8841654008132 353.341456287228
2780.83231777152 635.046514674563 567 66.7197634964316 438.40904462191
2899.42254949402 674.766340660771 550 8.43021822709913 564.462786677293
3012.94964710591 636.388510387347 580 209.365139057153 497.118459295246
2935.99202939194 686.075145568541 570 22.6923975824107 517.259419545826
2896.53429776072 690.740455562014 560 1.87948163353125 449.037443741462
2940.58964391206 679.035716106709 580 11.6490304409691 473.788760923969
2992.74022803864 708.305172833674 600 49.613137195607 801.67977048767
2815.64243607285 663.588774245741 550 48.5065767844782 419.111349084454
2926.23260309849 687.768944526993 560 10.3523481443474 681.24035613437
2895.7645759523 686.063760873875 540 150.711246228321 409.237945111089
2980.41323183932 702.029339263914 590 2.09003685965447 779.71833111955
2749.59853645505 687.392135011307 477 1.65538501060926 409.855184608537
2996.00555633742 701.043046715097 600 33.1355134427384 804.873852570898
2952.61298368842 704.039718748676 580 26.032663504502 557.312360688384
2903.4382497616 685.2057446895 568 65.7681354380608 380.564018261569
2850.45286931582 699.932381644024 520 6.06608307204152 564.741720741161
2915.22290762978 704.012953749155 540 6.12686723259041 715.572335777466
3033.30692815482 702.683889179851 580 12.5054208482037 572.606035858647
2675.61078682334 623.091269092018 490 139.636122114082 500.409529036849
2992.91675551892 690.839351823812 550 52.2045272616983 373.658670662821
3238.033956231 700.706628799688 660 94.4883407780955 1021.9743585005
3005.21743138968 700.427260926633 590 0.097473056422159 693.852817491597
3014.7230073564 673.191113088943 576 3.47342818114071 405.231401010526
3099.11256483819 654.231729767595 638 49.8772541633054 468.692410065394
2550.47989799566 634.209700123131 433 143.343420829623 418.450270097801
2892.897708373 667.419183062309 540 70.8474863359287 411.84394009839
2827.53318343124 691.58016275674 510 15.5055571948669 719.793910824241
2945.87220064264 656.476510627616 570 50.1615517428054 428.81535959024
3062.8265229531 689.094358122293 610 34.2428738735323 601.200661228503
2807.97824851972 704.422821274822 520 0.0781689513236392 432.786659479609
2996.16024633676 658.790407728382 610 58.2276717531168 404.812951930175
3076.54865380176 689.400616657969 620 5.30205647862803 556.010568246114
2704.57046323729 625.609534377374 570 38.8705982300397 513.009436282984
2882.33387465532 687.12596308124 540 15.8294978949051 566.263043509531
2943.55447026892 690.032895528624 568 6.06741493544409 853.335067616347
2981.84524953378 624.223659625743 600 222.700554632226 497.454015967633
2736.99418513187 693.815458681646 450 77.5265483540691 384.921258901973
2899.21716925571 681.557160616799 560 47.3012612072606 401.04914248356
2910.77938306962 663.081458846169 577 9.37653663443599 698.645744555581
2785.89704410909 659.898900800828 520 31.1649564437294 587.395968120771
3002.63281885851 692.538648507732 590 15.0886524973809 699.9636734331
2776.35397422833 633.668604917296 567 64.9960482629743 432.897405592839
2816.16778831004 687.788730131779 520 6.32595724338209 779.906635797355
2965.01552997049 696.386370716072 610 55.2080248876959 583.146195291161
2767.22446628928 612.746143617886 570 95.2541669792732 523.338674357596
2842.31661567534 667.630846238026 560 41.2976577272029 794.144383726653
2899.42254949402 674.766340660771 550 8.43021822709913 564.462786677293
3004.06962121199 644.319315549607 614 35.2030525813169 407.801834281731
2788.35533072266 626.723733360069 560 72.6428090909902 588.422722743847
3086.46678549406 688.149297944787 620 80.6101582102756 573.983906133627
2833.97518939745 663.379604539569 560 22.1995304023358 421.676592719017
2940.58964391206 679.035716106709 580 11.6490304409691 473.788760923969
2992.74022803864 708.305172833674 600 49.613137195607 801.67977048767
2842.48465008215 665.284941136672 568 94.1771471480285 676.105467153495
2812.0026851248 671.858603296031 547 18.5193504003684 580.641315339655
2829.57999548548 667.646398503985 540 163.448474677897 390.820582741198
2841.43152571979 645.749103360642 540 40.9381241533211 530.753352021371
2992.91675551892 690.839351823812 550 52.2045272616983 373.658670662821
3238.033956231 700.706628799688 660 94.4883407780955 1021.9743585005
3005.21743138968 700.427260926633 590 0.097473056422159 693.852817491597
3014.7230073564 673.191113088943 576 3.47342818114071 405.231401010526
3099.11256483819 654.231729767595 638 49.8772541633054 468.692410065394
2550.47989799566 634.209700123131 433 143.343420829623 418.450270097801
2862.79937293347 676.022480282401 560 32.7976771428631 585.455419572038
2892.897708373 667.419183062309 540 70.8474863359287 411.84394009839
2790.368010586 697.233015772951 443 124.881344992182 277.91307339859
3002.76084285115 667.24319389547 590 32.291506838316 485.262713118635
3118.51118298269 697.385517305944 630 16.1140313001949 770.287205544519
2786.79634977886 694.757842994004 520 3.99828936200439 413.456702917973
3147.52469600921 661.526472515485 634 112.228160593336 663.155956201825
2751.33107723792 617.598799186745 530 23.8431956799705 592.002503593157
2994.06594244364 654.138867774457 610 57.8246227809637 413.979812197808
3100.67027392239 673.12266076416 620 0.659848521983425 523.394375056762
3009.8496613674 665.639786081543 590 79.2988816917218 542.08553556017
2776.91512199079 657.469805644522 540 90.2919154787956 383.082007852452
2846.70298338209 654.843704187278 580 84.1968181006397 697.242507645634
2923.39727496112 697.946146608756 580 29.287781628813 697.101569794425
3020.99120536235 704.09410328017 560 2.40058823632277 737.919568426199
3047.73117818694 690.383047825763 610 19.9225563371771 800.755021602267
2943.55447026892 690.032895528624 568 6.06741493544409 853.335067616347
2956.94026234154 672.406013552685 590 71.9430084833254 793.15476256224
2981.84524953378 624.223659625743 600 222.700554632226 497.454015967633
2693.96230305363 676.814117858238 430 85.8080379212721 350.918577255157
2705.47616030286 615.84076032709 540 113.887676056835 306.623707136979
2978.27657157515 691.29111456096 590 10.4670148338356 672.045684498617
3278.3224811889 704.85300621736 630 22.4247485173879 969.36023062138
3014.7230073564 673.191113088943 576 3.47342818114071 405.231401010526
3161.64755551526 660.341807673571 648 37.8423895962456 526.434822255396
2825.20884332028 620.898202582658 560 181.021619010796 385.636878828872
2816.3794685305 672.645941120283 540 18.0374340728784 625.555906618885
2875.78284847299 669.457581878839 573 29.6973438297826 581.328243928092
2892.897708373 667.419183062309 540 70.8474863359287 411.84394009839
2790.368010586 697.233015772951 443 124.881344992182 277.91307339859
2892.95666921642 697.887658936198 550 13.2931387227309 612.771226363374
2705.47616030286 615.84076032709 540 113.887676056835 306.623707136979
2839.1903581625 653.682866344902 560 16.3001394176174 520.678766847349
3278.3224811889 704.85300621736 630 22.4247485173879 969.36023062138
3220.78349591733 690.75676812154 606 60.2230016928237 516.924299378665
3161.64755551526 660.341807673571 648 37.8423895962456 526.434822255396
2825.20884332028 620.898202582658 560 181.021619010796 385.636878828872
3081.51672789771 635.415730154289 620 47.6663042315202 649.621284820828
2765.2000078094 700.65963658499 470 54.424087078768 427.789138202133
2790.368010586 697.233015772951 443 124.881344992182 277.91307339859
3303.28580742384 698.632505547388 650 45.529240660738 863.277127801371
3075.23141442795 680.000854461032 595 22.7199202762586 564.459088451511
3264.23958123024 649.199615389488 670 98.8077793993071 710.255016399088
2775.37797393182 705.587466412546 450 37.487362558344 402.264354913008
3095.56525784969 678.177395927137 630 20.5299766509772 643.999363855529
3095.00300586602 693.859629342004 620 47.1101266646772 667.95173030014
2904.00345949621 699.339384928324 600 18.5582294200784 647.424462515229
3319.35923803361 689.700501616884 661 79.15858756205 798.050167070149
2964.45885096964 672.195153290159 573 6.49166573111074 705.379972918044
3426.43286043163 708.826120985493 650 109.547345573169 649.068496566994
3176.18181580101 692.450896349776 630 5.55067390228691 701.605292450738
2994.65635989211 643.773994056893 620 82.2228339239346 478.27526848555
3122.8835019689 693.257189231051 590 99.7605275439786 506.328909874606
2921.61464704744 652.734432111645 590 98.6135744948502 705.805419343101
3005.78143373411 689.727710937745 610 13.4329428806324 680.664698452404
3122.93210703821 698.802427919853 620 5.45013083198054 857.755537169403
2943.55447026892 690.032895528624 568 6.06741493544409 853.335067616347
3459.81566381248 700.595741710699 660 199.429300350766 719.060864386811
