2722.48828393733 706.967715111192 440 21.9326114874138 272.203410965895
2767.91064118715 705.388021497207 460 35.1281887742206 240.870607082845
2856.18994090208 690.420148229964 540 4.48773659089595 281.604798321725
2748.18838299934 701.399015821782 480 0.938452599207797 351.360553628794
2962.53059013541 700.921025942278 600 5.04061277723526 209.8385539414
2728.73379933545 702.045078599207 480 31.3015506883315 413.6864111515
2801.70206390706 695.999938609876 490 23.8883496368571 293.006627916692
2729.88176518566 703.130774271638 440 7.81656595846744 374.113718560749
2913.2190409643 707.205166136954 530 1.07334879877229 317.89022867138
2703.15065006466 704.487923756931 470 12.4286614534294 316.425825403675
2834.13468415193 703.314480175496 520 2.65485399479325 279.217361950812
2719.79503614019 688.769146811595 440 72.8898874238887 215.880711819999
2722.28922624883 708.659532866348 436 74.7559555542757 223.413248660579
2812.20629696581 703.023807331765 433 37.5376592136087 201.36080446827
2834.92670558732 696.105633802584 530 12.5282337149427 226.334364643295
2693.97437227757 703.967474878181 440 109.624886865265 270.108683428207
2687.04064158136 691.405868655697 440 34.3478488554927 307.002110945077
2659.33288580625 697.97273010092 410 55.9981793609513 201.417617334563
2812.60730816999 693.066481479732 540 6.91302565723022 307.573141729685
2816.43335539089 651.195520463138 560 41.099681447516 354.74024283068
2722.48828393733 706.967715111192 440 21.9326114874138 272.203410965895
2618.14400477997 642.06681935378 460 16.9606883897312 310.705220949052
2640.1402550566 613.111995008923 530 130.268953737364 163.711093774269
3100.47406849034 675.098624773961 590 46.9788197284525 151.429030821154
2925.95503803738 677.893127588201 580 1.99835550595069 189.66022364279
2647.10797196164 667.83270903832 405 9.74156993167776 314.950977916246
2741.08902018174 651.792708063635 540 27.0311469199062 263.730609710379
2618.60624181842 639.459943364094 480 155.899298742977 265.809002561174
2857.61788854988 674.850304776498 540 31.0507522071293 258.700609552996
2722.28922624883 708.659532866348 436 74.7559555542757 223.413248660579
2834.92670558732 696.105633802584 530 12.5282337149427 226.334364643295
2693.97437227757 703.967474878181 440 109.624886865265 270.108683428207
2709.33155218999 628.867230433454 530 76.3655139589509 283.41494335438
2886.7502148635 692.225915091214 560 12.5404487425971 340.625062730844
2895.44393481124 664.173897142429 560 7.74843284637954 271.040116940439
2753.92906524801 681.687953027801 440 18.2224678530128 303.517170069148
2463.25595159596 634.634382071496 390 51.3108302372197 162.852031619573
3096.3980534183 714.809898596904 580 9.3701490302091 251.398700534626
2661.30529779618 704.172341773838 440 53.0423226788577 339.387304505027
2918.08813591751 678.272350634675 550 14.266451893186 188.557118132879
3105.82825909324 699.134346994102 610 14.390399372929 228.146506494693
2722.48828393733 706.967715111192 440 21.9326114874138 272.203410965895
2685.6138284679 693.168446422634 450 62.3986804968034 328.383409153823
2617.97314221009 647.147624508061 440 13.7206387893351 243.037157197412
2640.1402550566 613.111995008923 530 130.268953737364 163.711093774269
3026.9894425699 691.420063020897 620 14.6498205732627 206.96652178476
2636.97439817516 699.61979400394 430 73.8218749420984 328.657036106422
2641.85978190179 701.164928006396 430 20.8803742108798 257.343222144764
3100.47406849034 675.098624773961 590 46.9788197284525 151.429030821154
2925.95503803738 677.893127588201 580 1.99835550595069 189.66022364279
3026.9894425699 691.420063020897 620 14.6498205732627 206.96652178476
2636.97439817516 699.61979400394 430 73.8218749420984 328.657036106422
2641.85978190179 701.164928006396 430 20.8803742108798 257.343222144764
3100.47406849034 675.098624773961 590 46.9788197284525 151.429030821154
2925.95503803738 677.893127588201 580 1.99835550595069 189.66022364279
2785.51490132981 651.398612012898 550 32.2653585962211 220.81396702114
2647.10797196164 667.83270903832 405 9.74156993167776 314.950977916246
2740.19904794839 707.87729431908 420 45.6348631968792 265.740914711175
2874.92623856186 695.94840939275 550 77.7704875215543 199.467672091797
2895.44393481124 664.173897142429 560 7.74843284637954 271.040116940439
2753.92906524801 681.687953027801 440 18.2224678530128 303.517170069148
2719.06803527389 705.97789544013 440 68.1856338669796 334.794483261334
3047.35454119647 695.394690351961 610 21.0289776198642 303.525672788964
2463.25595159596 634.634382071496 390 51.3108302372197 162.852031619573
3096.3980534183 714.809898596904 580 9.3701490302091 251.398700534626
2655.20173179553 708.971903372459 430 65.8364337862782 374.965596841022
2661.30529779618 704.172341773838 440 53.0423226788577 339.387304505027
2971.55077705335 701.032875396754 550 25.318996726428 222.569187006793
2710.3813492063 699.876405518613 410 56.0171883146116 309.150485770183
2652.15970692944 692.127234084016 430 39.4834501058773 348.296087624508
3375.59259009007 701.469655396732 669 0.178364477388861 425.203341763442
2754.78147327081 630.089721593261 560 136.314988041993 185.329227768235
2785.59511498036 632.407597844994 570 147.897776578461 465.944036243724
3096.35083738273 672.24089020228 630 18.1305807926221 216.649897559761
2781.33728416301 706.415180555621 450 10.6071161134692 284.59123839027
2764.68146364284 640.752083814806 560 35.7496442823758 209.70831744342
2832.35250342163 698.913852946934 540 17.9099778656542 348.51512051194
2804.68696664698 626.879113280172 570 146.265974909756 207.679312998706
2977.72300929806 643.105975396183 580 93.0298735739169 177.745189292203
3065.37162537463 701.576378187284 620 17.3812947201009 304.826292265732
2795.09151654993 624.396592550143 540 122.084474210195 266.102424016687
2705.7501826287 708.579550908325 440 8.58466085810971 287.00171375248
2786.11721337121 648.404794136941 545 67.537689240431 289.760191481571
2921.89839117883 627.320674126678 573 68.5239922148584 236.496459939644
3026.87860697725 706.582136647221 580 0.747712979925992 406.395316453396
3011.44917885191 649.704176049425 580 64.1116677275606 128.889044334694
3048.55242894484 689.341575706067 610 2.29908273734806 276.084180251835
2821.2694532047 618.554634904788 580 114.398441574867 216.429140735115
3049.72202730765 711.683845872908 570 6.91866929511529 357.69646145096
2785.51490132981 651.398612012898 550 32.2653585962211 220.81396702114
2902.46236535445 651.00682267081 610 12.6628937067818 226.161845010881
2741.08902018174 651.792708063635 540 27.0311469199062 263.730609710379
2965.87765540831 624.626447367294 620 101.005074968122 312.312962580534
3131.25691518384 718.932603388024 550 3.94991287788783 226.885222840478
2831.56071003614 665.821901923616 540 49.2306338751898 280.480392802034
3100.40807400505 688.058535218904 570 3.38717814069094 287.967059282943
2749.53341910092 648.71516042937 526 118.441758364164 298.906737345593
2894.6514566433 645.71731137895 563 157.896034356963 163.546545677773
3094.95072085011 706.642778920709 640 15.9298076378016 380.181414560682
2772.70388242102 635.703726958142 560 166.666980960214 146.935972409762
2796.06727419474 642.889114430809 530 41.3869520639132 276.104471116193
2898.79364721666 690.25229315822 560 10.2226891055743 328.73057499887
2836.18719743397 653.757971535505 580 115.098085049745 261.507878920176
3025.49458155806 704.765113223561 570 9.27028784583326 243.075268713771
2849.6593213519 681.176784719041 550 23.0047267093016 300.299799183082
3265.37467831904 698.763930885716 710 17.726885917233 498.872495996089
2723.5768415884 645.478006435979 460 141.699510351696 202.161517721799
2783.64533724584 645.631804185796 520 24.414956816284 270.44744823536
2809.36142595214 645.339595990803 550 129.784387213886 305.849731438234
2818.739606894 667.736451493172 530 12.9245056786889 304.603530419684
2767.51617433158 623.228049239363 550 177.103895240641 310.345284036234
2900.55306712196 696.886857917924 570 5.27161536309815 328.63786929597
2827.73728294459 649.149912671959 550 49.6718782132639 216.542594272711
2795.32560680954 659.728474720165 570 110.461850265247 332.979385659672
2820.14817052065 696.254646557529 540 48.7327527688326 206.214027312674
2833.65383930828 662.890959545497 550 91.9393433751527 429.908266921246
2877.43726208199 657.459063061238 550 60.8151081570334 151.459063061238
3110.76394892352 680.27630971501 610 13.8190716123193 197.66099794742
2915.58276444292 642.043372767489 600 165.120169963898 216.816568129099
2826.96530048356 704.586118380622 520 16.3988682014148 312.384734757775
3063.04473063351 718.12448164489 580 6.21246076290246 441.022351446404
3063.04473063351 718.12448164489 580 6.21246076290246 441.022351446404
2795.24937205356 678.15856727387 540 49.8758615614766 242.818535955852
2754.78147327081 630.089721593261 560 136.314988041993 185.329227768235
3115.06611879343 688.697132740858 610 15.4698201583492 275.932247923082
2786.07146829264 629.349434534613 570 147.806102340771 465.944036243724
3075.27038225136 654.009590486714 630 22.1875162742002 175.872596254547
2714.72052091318 626.217245037455 540 144.957268043802 314.800709463172
2802.23438402009 684.204125242711 540 6.3175083030136 345.915325215995
3092.90763377414 655.745512017172 610 90.7978816591286 269.356633548503
2977.72300929806 643.105975396183 580 93.0298735739169 177.745189292203
3065.37162537463 701.576378187284 620 17.3812947201009 304.826292265732
3185.61313312356 704.79225424322 660 46.9285540591445 358.507212728854
2704.60815598776 708.05406914417 440 8.80444398763259 303.58819625013
2885.5145603069 687.579549501136 520 66.8167779824006 200.389222933851
2921.89839117883 627.320674126678 573 68.5239922148584 236.496459939644
3266.78819274197 681.194380181788 650 196.453134076294 254.106985979033
3056.38368159753 707.106801853368 590 12.1042214962429 408.493977277987
3295.03556163369 659.65712311721 730 9.5354429150355 261.0117142543
2826.98844603686 619.855279745265 588 120.809326136401 266.256343961405
3090.15076137072 658.994170867951 614 46.9816351439515 150.607598476452
3049.72202730765 711.683845872908 570 6.91866929511529 357.69646145096
2942.82577885658 673.250416494316 610 52.0434037371303 217.781538624176
2902.46236535445 651.00682267081 610 12.6628937067818 226.161845010881
3010.1432599246 699.889192058529 600 53.2171706053911 283.977173980555
2938.06263925657 701.728951384488 550 2.39222296512905 299.944017933834
2741.08902018174 651.792708063635 540 27.0311469199062 263.730609710379
2790.65795384264 666.150527050811 540 33.6216230540572 304.188840315671
2965.87765540831 624.626447367294 620 101.005074968122 312.312962580534
3049.65550208252 707.778057601977 540 11.7542863955464 202.880565819841
2749.53341910092 648.71516042937 526 118.441758364164 298.906737345593
2894.6514566433 645.71731137895 563 157.896034356963 163.546545677773
3094.95072085011 706.642778920709 640 15.9298076378016 380.181414560682
2772.70388242102 635.703726958142 560 166.666980960214 146.935972409762
2924.84366587602 677.303905324281 560 61.6775256031761 142.987169543626
2694.13856178056 623.320971897859 520 80.6193317642331 266.518182610862
2812.66123465333 694.957481339292 450 148.915432245158 191.454929364114
2850.52946210961 676.764367359279 550 19.5111358601669 274.393706995968
3126.20091502738 679.12790176204 620 59.2849190759981 382.65370744623
3025.49458155806 704.765113223561 570 9.27028784583326 243.075268713771
2849.6593213519 681.176784719041 550 23.0047267093016 300.299799183082
3265.37467831904 698.763930885716 710 17.726885917233 498.872495996089
2723.5768415884 645.478006435979 460 141.699510351696 202.161517721799
2809.36142595214 645.339595990803 550 129.784387213886 305.849731438234
3139.45884470183 674.342302256774 630 10.0551204416206 289.879960168406
2850.21873915716 695.189513675105 570 3.13921228937076 268.250651893449
3050.19561478503 671.02146010399 650 143.654109369089 303.959534069207
3106.73566579382 680.417022851578 610 17.0730165856147 254.554216767302
3175.3553350186 670.894875706641 650 2.92615813353475 170.572812618566
3096.20268667011 708.384954872439 600 7.93598835050848 425.918771147826
2990.66687697935 657.230419583256 600 76.2937848946888 251.297286839778
2691.91720330926 616.319148110423 540 149.345768562817 314.800709463172
2791.52538049843 684.189899931921 540 2.19561092568828 345.886874594416
2934.67648289465 681.096376796344 560 30.8601202718091 254.729600798642
2957.66355145504 698.65001243348 570 27.9915945389219 309.758123131105
2964.55628401498 684.15510901661 580 14.4109744842828 366.959019077976
3030.95984828296 642.08858596987 640 113.520742453075 226.307856206129
3105.36641455136 691.289042219643 590 45.0819784097045 283.143700765062
3065.37162537463 701.576378187284 620 17.3812947201009 304.826292265732
3185.61313312356 704.79225424322 660 46.9285540591445 358.507212728854
2695.16976629168 703.138085270715 440 10.6208629315476 291.046800245499
3004.86933959325 704.125858384047 580 20.9645702625712 359.725426490757
2908.761735732 701.508664163548 557 154.352981959048 189.247941369038
2782.92716962191 702.504225709754 490 27.0723083005246 300.817443010874
2885.5145603069 687.579549501136 520 66.8167779824006 200.389222933851
2921.89839117883 627.320674126678 573 68.5239922148584 236.496459939644
3266.75240900456 681.031040378943 650 196.46002065977 205.828810281222
3027.87789745591 702.901219677696 590 21.3585527603855 375.678473247018
3279.81640599827 651.238697621695 730 12.4643707826858 235.18461360842
2867.66477641644 683.730289509865 520 16.6895424386931 403.861271333338
2821.4276784818 619.591131883637 588 118.668985706525 258.605635433335
3108.11940977579 711.44987251028 610 9.16458806850612 390.825168721484
3144.52999964059 702.038835557944 600 9.88596232055637 372.457668281044
2832.87184044576 682.149791721135 540 82.5270679920453 373.535865451741
3095.70748017442 657.591046630518 614 49.1204172087014 149.204474239019
3049.72202730765 711.683845872908 570 6.91866929511529 357.69646145096
3137.57608609366 705.091897563334 610 36.5941397299302 365.503039639255
3089.18904447502 684.536240595986 598 104.27793611239 294.976452797026
3249.14385836602 698.959236814504 700 101.122679965303 289.212817860758
2843.93031389718 630.858299470198 590 35.1918908168329 215.200522699571
