9948.29579654441 2861.82179024027 1061 271.152154961549 580.394129889311
9502.11186104492 2866.72334108178 923 178.207578449161 1824.41846651162
9691.33223691801 2867.89223943112 1015 237.816741406165 1784.56799481958
9665.15339462951 2841.47869311722 1011 155.744026663653 1357.15999904171
9542.75665267519 2876.06565014487 916 304.032886566733 976.981996088133
9804.5261297605 2855.64672698567 1034 309.331377477293 374.34057019805
9547.45054299184 2864.4650277167 942 236.581558706704 1349.61901767575
10009.7894465834 2863.76124696149 1121 267.131339331899 1835.58688335434
9572.66838410812 2868.95560512674 932 196.111277855587 1010.7346048221
9780.75687450526 2848.65909068925 1020 156.462948644289 1543.83705509234
9687.177522753 2861.82105246184 1022 278.052929711312 1372.04739933546
9779.67987805717 2864.61409440699 1016 155.378636067012 860.269827076058
9641.42751784684 2867.48778684556 956 225.413992218636 687.70818386488
9651.40055806964 2869.58687769104 1008 242.102605230487 1517.78481810106
9482.63333741252 2858.05493325842 903 270.591965624404 1230.53480680387
9600.39247215906 2858.9879045287 963 262.921783203995 956.986578539613
9928.02595856871 2859.04390244719 1065 205.302203320354 1308.1855725225
9761.00280343797 2858.79961635265 1005 134.182531003354 1762.76872810609
9707.92444735527 2861.42475553038 1013 160.573319596309 1651.030373977
9873.88439854033 2862.11226055908 1071 200.671861649571 797.507270732263
10183.8797891199 2867.66407608688 1166 321.838572729191 1230.0819586438
10144.5630652053 2866.18179534767 1165 251.337949302515 1255.99207553085
10037.6461614126 2869.20179920498 1124 163.735789241037 1644.78800757136
10199.2913841388 2863.31013757005 1173 126.453418587704 1449.73219327342
9729.69100046156 2858.46151827911 1015 220.977352700096 1494.12135592968
9551.46001457438 2848.55624813375 946 195.534876024907 1406.71785519074
9764.120331634 2859.43368170318 1019 104.967379084951 1131.14746953385
9760.23959007856 2861.36874770175 1022 257.767532223032 796.470194564007
9982.73232454882 2858.31286147766 1106 261.342137272014 1240.43073809175
9789.36763338091 2859.41416307948 1022 204.333295923763 1565.9288432265
9734.33141862888 2866.64483508335 1009 135.494341559689 1395.46777104175
9798.36783258626 2868.19305303697 1033 271.729120146634 1496.53541359359
9817.4200484422 2853.15396920594 1053 215.716739314156 641.315818190333
9656.59701688966 2865.60794509431 969 226.001617816368 882.713462650527
10046.4027248847 2869.74058611736 1110 234.506965431418 1299.67373683708
9676.04472523158 2858.04784148645 975 298.942223572418 1033.15667717991
9794.1092268169 2855.68992969377 1021 90.0216667082948 1294.92970610868
9756.24721434334 2857.77207341649 1018 254.657529946267 1512.25833492656
10063.1380728025 2858.75112968607 1142 252.876626619805 516.018829337102
9867.86980765195 2857.17210141361 1049 180.304104262847 1201.53517756281
9761.6351847131 2874.19880772316 1006 213.382934123015 653.539406516403
9819.25921700987 2859.62276662475 1048 95.3491479242466 1681.35406595453
9838.90307729576 2866.62726966946 1049 115.925610490294 1417.29381173748
9799.12456027692 2842.80819827953 1042 224.108703859062 843.975868935137
9874.45578597712 2859.52524830218 1052 263.603126964745 1060.04141443428
10062.6061626639 2865.01463755807 1121 209.638312209112 1823.37853435366
9962.20017954383 2861.07683616772 1088 233.436599320114 1335.23417072412
10157.3315949847 2855.20375288771 1156 352.57285304016 761.843828153563
9907.92384795538 2863.83351335571 1048 131.495137290146 2626.26569672133
9865.76124397535 2873.10067001457 1036 218.39633185173 1212.16350556962
9839.92830323615 2870.88218925588 1011 242.50774935975 783.648611737404
9535.29911598226 2851.57123456688 942 258.832820710574 2074.75608126128
9647.00257658795 2864.80986534507 970 204.110483442786 1158.49525796229
9804.87762903739 2860.55378549991 1044 181.018307323718 2090.20735761326
9662.33919545612 2849.1858928853 963 122.368191820654 139.922444204894
9537.89624712269 2862.24949494772 929 264.166923139607 1104.92760178732
9610.69304138245 2871.24036937683 956 284.776457290837 2466.71159294962
9611.83971365387 2865.68200622339 987 222.434493475983 961.894236145775
9829.03368810685 2867.21806275327 1048 176.132504306724 1637.32645937788
9582.05728386572 2855.16045819346 952 263.130498191123 1711.84610605085
9878.59808372134 2862.0129190855 1048 139.186382589263 1692.23134781608
9753.52190607134 2862.87186089264 1026 224.056745985283 787.720980680572
10181.7990063124 2865.78304789453 1162 150.701763082375 1265.97245659595
9648.29366590528 2852.78127733744 975 247.339581543579 825.901493244153
9787.51769263161 2852.20634012479 1029 282.892437236121 1738.62004537963
9761.55644736959 2864.52087295501 1013 195.351283236638 2054.79945960793
9748.20639701278 2851.72906599388 1049 288.271088839909 1069.68211300275
9657.80312168687 2865.07787546053 986 195.921626350475 637.282498589203
9616.21337148753 2861.04006480522 1007 205.179186208203 1912.10873252699
9840.13470804496 2864.04884025716 1030 118.5050239415 1196.4395503899
9878.5554178765 2860.51895062439 1049 241.197589166299 1621.77072184147
9654.03198404222 2853.57925524934 1005 231.295914171034 1333.97442469316
9764.19801806976 2856.99953227275 1031 214.243012391518 824.612634566957
9619.58740011307 2870.75594521425 944 286.62752964439 1709.23219823599
9725.67495877946 2868.55377814403 989 218.092830881243 1184.39976349192
9996.56246998819 2866.48469009194 1110 242.980501304866 1040.35483245591
9688.22979821027 2855.80913237062 986 259.722175151273 1290.19498756044
10071.7979938913 2874.33791809241 1130 237.94671738921 2192.4193969945
9690.33265315538 2865.59142621438 992 210.83259303159 1585.01253571656
9726.69717947672 2868.91250382077 990 194.389560533325 2359.10986521487
9773.99020478856 2865.13606843366 1032 171.328356580667 1251.31758524784
9983.66660997633 2865.44165574078 1094 339.420553822209 1114.94912316585
9625.6568005944 2869.48563137994 943 154.43134374719 1523.78491688696
9976.1928215012 2846.59818994354 1094 288.430756892716 1203.85972076259
9691.33223691801 2867.89223943112 1015 237.816741406165 1784.56799481958
9810.18478746079 2862.16080613082 1048 127.832722099624 1381.41202817634
9924.59317527398 2868.20330275062 1003 451.001832639292 712.847004448464
11248.7130166484 2866.24139131189 1466 849.018042075538 1325.68005195955
9547.45054299184 2864.4650277167 942 236.581558706704 1349.61901767575
9875.68220511707 2859.79973906652 1038 180.419602095411 2122.67540932332
10814.0631759991 2865.23123628222 1355 576.696442118765 1734.31518178709
10432.9029555676 2862.83918416624 1224 92.9221412377668 1381.56656737388
9572.66838410812 2868.95560512674 932 196.111277855587 1010.7346048221
9794.10092198936 2874.80407636294 1027 205.364573358451 1754.80681876892
10460.7284829002 2853.39091546209 1251 426.306762575096 1469.41434556131
10446.9666855923 2858.54133829978 1288 131.831437147112 2400.67730540641
10473.6762045573 2861.42370952474 1239 311.809177988202 1254.08252589117
9979.13425333093 2847.55195733429 1094 159.622696925523 1546.0970424446
9907.35241437756 2867.29623531277 1071 130.808044996111 862.951967981847
10103.6451773609 2863.51237180055 1153 216.217293407671 1381.41200502009
10303.2297473485 2863.94599251442 1194 159.129808656388 1620.56538218882
10504.8596136328 2868.08364106918 1274 59.2464079089811 975.090193478989
9816.091681863 2846.65266936004 1071 210.40778367874 1668.48281642656
10986.7502673145 2870.49043962046 1466 105.086754452808 2289.66066706689
9694.82216172428 2862.07172244408 989 279.298622549262 1791.3856939071
9748.59473738281 2875.6407044624 975 332.27190892447 893.336419395337
10127.5695870605 2862.06413484253 1108 130.621333335445 1406.11212009505
10253.1984336491 2858.63515084849 1139 39.4594378045624 2012.0616112622
9934.76224714744 2843.76960726024 1088 321.040005763385 1521.45250316378
10794.9585324942 2861.84663153251 1420 96.3052979595785 2832.92901309265
10019.0394688811 2858.47029511343 1118 100.699205787356 1622.04610533827
9873.88439854033 2862.11226055908 1071 200.671861649571 797.507270732263
10501.415705934 2865.40505071295 1251 152.064941857318 1626.74831365693
10388.9468803711 2868.40761384578 1201 400.768932953037 1325.05810163803
9911.29734227006 2846.26164621381 1091 194.689300366239 1657.18120111616
10414.3055634991 2859.54357961175 1224 199.425981301921 1635.43381004424
10505.0572308822 2854.08446155859 1309 73.7824869808872 2053.1844518746
10185.5910423515 2863.21725378819 1176 129.09005059399 1384.999617373
10077.7900472957 2862.90008170013 1127 172.752555460682 1020.21544203888
9798.47406092813 2869.06285195138 1018 207.740046541407 1529.33863864869
10465.5848529369 2861.41841697766 1274 37.1782474065309 2202.8037308494
10417.1820764803 2858.82931489796 1224 259.347352688325 725.368656899399
11061.8625295066 2855.64754965318 1413 95.454990974041 2428.98817000853
10512.9649514027 2867.75437324278 1251 71.3428769210034 2509.90772455195
10614.5547638929 2849.05133058882 1305 9.05780387280828 1255.57092615561
9690.90680923506 2866.68671899679 975 235.904473167657 1320.74631722426
9760.23959007856 2861.36874770175 1022 257.767532223032 796.470194564007
10065.2467269305 2868.31486206672 1125 245.462233129648 1280.438740448
10671.250021332 2846.47868601454 1296 625.757035037389 2433.45500424878
10687.6537591906 2877.89586203553 1325 53.5462599651843 1844.04921456863
9817.83641508905 2876.9853151719 1029 372.512626843435 1216.5044874113
10345.6221821832 2860.5220563894 1203 97.2820580941048 2381.14500207908
9734.33141862888 2866.64483508335 1009 135.494341559689 1395.46777104175
9986.79730609419 2873.25356855032 1088 185.607041518176 2010.10500527082
10270.8695797448 2855.96541910604 1171 148.673167769599 1984.5561406525
9958.12098771106 2865.75169323053 1092 188.638830926786 857.806651083925
9656.59701688966 2865.60794509431 969 226.001617816368 882.713462650527
9882.16977898119 2861.98134664545 1046 375.452741375665 1333.29245276879
10086.2118156614 2864.21509394058 1127 226.845702339372 1288.62275248352
9863.55880953321 2865.70233207155 1037 76.6560882828378 1355.00412037531
9756.24721434334 2857.77207341649 1018 254.657529946267 1512.25833492656
11015.6293204477 2866.47688091963 1466 69.5696005435629 1355.86364352382
9859.0525217344 2869.26444835624 1071 87.690922859362 1299.39661662569
10550.0319850782 2851.38408112615 1312 20.9312116219482 1408.84726906146
9941.69965312591 2862.81110569108 1077 196.670114447027 877.18919498108
10065.8339773835 2853.88394046559 1080 258.254420915788 1335.61938115278
10184.5600877074 2856.22468070093 1148 163.96329996484 2482.10790560194
10732.5730771871 2855.42700291483 1376 11.3417381239485 3562.81669836885
10687.8948976197 2851.81581282485 1356 63.8340744308607 2841.72983254472
9962.20017954383 2861.07683616772 1088 233.436599320114 1335.23417072412
10098.523909235 2871.63402145321 1107 119.97304469137 1632.56448836621
10265.1485537233 2859.67913721703 1178 62.7472106113795 2676.76506082942
10943.6842195139 2864.78839281037 1452 10.9499584874496 2637.67286117237
10645.6213664126 2853.79950131005 1309 53.5204192553581 1264.43621983292
9658.26712583451 2869.69379287465 980 243.912387474988 2254.12662439804
9893.36914908803 2869.57589812752 1048 189.92221070979 2003.24222422969
10151.623294675 2874.35523018845 1162 106.996180967371 1027.42554911382
9962.37501577758 2864.6648489989 1102 150.707921113348 2266.85969467493
10363.3496080831 2862.7052400704 1162 351.893854740748 336.561076733496
9739.14293553674 2865.62239517629 992 260.633570570435 1377.79963440628
10372.9837282995 2873.75878652352 1194 75.9522595600706 2188.01881982453
10847.5127216449 2862.62508748104 1356 568.145267091507 1939.77083955035
10017.5271646751 2862.0498685784 1110 179.324280554703 2130.3453864198
11090.9791692943 2853.1307399514 1443 605.832079999922 2581.50598733459
10117.4658602937 2854.26766409194 1148 154.01569933855 757.112395337676
10181.7990063124 2865.78304789453 1162 150.701763082375 1265.97245659595
9648.29366590528 2852.78127733744 975 247.339581543579 825.901493244153
10859.450889607 2858.92084618863 1443 15.9386006858739 2949.18421212843
10269.5251119417 2865.58226209717 1177 180.224460439178 2569.70002775047
9992.3090672207 2851.03279891478 1092 334.775230631876 1054.00759627805
10221.7815108804 2871.65930306353 1145 186.959986218797 2648.60151832443
10100.8397361633 2868.92802470281 1143 110.659190140866 297.895234224908
10575.0762943828 2855.06148326861 1366 20.6459306583525 2483.16301745275
9910.32258246459 2874.43038848659 1046 104.997361211493 1217.20264684876
10431.6318153496 2857.73454530388 1270 198.282949788133 1907.21814112382
9878.5554178765 2860.51895062439 1049 241.197589166299 1621.77072184147
10462.9074181286 2866.88398886316 1274 94.3093993580541 1725.20905010075
10888.2359627687 2860.54180924483 1370 73.9612429706451 2317.94072732242
10333.6147168863 2858.30725269015 1224 104.658717610594 1343.98758206041
10680.0966604967 2862.54610426812 1452 34.4142887456131 2400.63495637654
10379.2767946033 2869.0471364976 1224 169.327095191776 1191.99505966238
10255.4708577165 2859.53049692368 1139 478.053360752173 1211.05464082002
11482.5630740752 2866.00673246439 1561 500.016393566612 1568.75935709094
10521.2346671589 2865.51390013906 1296 17.9226970332307 2527.54274913777
10971.2703728537 2863.24415509473 1466 75.1888927028843 3814.88180653477
11447.9563421034 2866.62355780578 1590 53.5589097839449 2801.52555006113
9797.47023225142 2872.53945624745 1005 202.50140710835 1452.69144490238
9976.1928215012 2846.59818994354 1094 288.430756892716 1203.85972076259
9810.18478746079 2862.16080613082 1048 127.832722099624 1381.41202817634
10736.4435334192 2861.07876318465 1325 294.761158367007 1630.35849997305
11580.1924884639 2770.49909414967 1724 785.22478798103 2320.37097686128
9549.04354493998 2864.25706049754 942 237.194705442422 1349.41105045659
10264.7124551356 2864.23146340221 1171 105.550695571702 2485.20647435372
11678.2321418679 2791.8829004988 1704 410.38704709553 2365.37380541161
10427.720164154 2857.55114504509 1224 93.9195699103701 1376.04445725868
10358.5244906317 2870.6756684093 1194 197.462486740237 1734.01617217408
9794.10092198936 2874.80407636294 1027 205.364573358451 1754.80681876892
11293.8061186975 2866.45822971757 1527 307.950041927051 1936.328928688
10446.9666855923 2858.54133829978 1288 131.831437147112 2400.67730540641
10492.397470281 2873.52136290083 1226 60.845144768428 1747.97858810416
